**********************************************
*******  Acceleration Time Series ************
*** Site #   1
*** trial   21
Input Parameters file =  aqv_0604__parameters.out                                                                                                
  4096 samples
dt:  0.010 sec
data format: (1x,f8.3,1p,2x,e11.4)
maximum absolute acceleration: 365.42
fault Dis.(km)=    6.43
Hypo  Dis.(km)=   12.05
  time(s) acc(cm/s**2)
    0.000   0.0000E+00
    0.010   0.0000E+00
    0.020   0.0000E+00
    0.030   0.0000E+00
    0.040   0.0000E+00
    0.050   0.0000E+00
    0.060   0.0000E+00
    0.070   0.0000E+00
    0.080   0.0000E+00
    0.090   0.0000E+00
    0.100   0.0000E+00
    0.110   0.0000E+00
    0.120   0.0000E+00
    0.130   0.0000E+00
    0.140   0.0000E+00
    0.150   0.0000E+00
    0.160   0.0000E+00
    0.170   0.0000E+00
    0.180   0.0000E+00
    0.190   0.0000E+00
    0.200   0.0000E+00
    0.210   0.0000E+00
    0.220   0.0000E+00
    0.230   0.0000E+00
    0.240   0.0000E+00
    0.250   0.0000E+00
    0.260   0.0000E+00
    0.270   0.0000E+00
    0.280   0.0000E+00
    0.290   0.0000E+00
    0.300   0.0000E+00
    0.310   0.0000E+00
    0.320   0.0000E+00
    0.330   0.0000E+00
    0.340   0.0000E+00
    0.350   0.0000E+00
    0.360   0.0000E+00
    0.370   0.0000E+00
    0.380   0.0000E+00
    0.390   9.9003E-02
    0.400   1.3570E-01
    0.410   1.7375E-01
    0.420   2.1269E-01
    0.430   2.5024E-01
    0.440   2.8333E-01
    0.450   3.0827E-01
    0.460   3.2102E-01
    0.470   3.1990E-01
    0.480   3.0774E-01
    0.490   2.8876E-01
    0.500   3.6191E-01
    0.510   3.1459E-01
    0.520   2.2986E-01
    0.530   1.0377E-01
    0.540  -5.4457E-02
    0.550  -2.2551E-01
    0.560  -3.8392E-01
    0.570  -5.0620E-01
    0.580  -5.8025E-01
    0.590  -6.0749E-01
    0.600  -5.9653E-01
    0.610  -5.5781E-01
    0.620  -5.0352E-01
    0.630  -4.4599E-01
    0.640  -3.9060E-01
    0.650  -3.3198E-01
    0.660  -2.6114E-01
    0.670  -1.7594E-01
    0.680  -8.1709E-02
    0.690   1.6989E-02
    0.700   1.2079E-01
    0.710   2.3148E-01
    0.720   3.4831E-01
    0.730   4.6983E-01
    0.740   5.9523E-01
    0.750   7.1979E-01
    0.760   7.6526E-01
    0.770   1.2895E+00
    0.780   1.2812E+00
    0.790   1.2754E+00
    0.800   1.2835E+00
    0.810   1.2731E+00
    0.820   1.4038E+00
    0.830   1.4414E+00
    0.840   8.6219E-01
    0.850   7.4350E-01
    0.860   5.9480E-01
    0.870   4.1889E-01
    0.880   2.2102E-01
    0.890   1.9264E-03
    0.900  -2.3946E-01
    0.910  -4.9601E-01
    0.920  -6.7305E-01
    0.930  -9.9880E-01
    0.940  -1.3144E+00
    0.950  -1.4831E+00
    0.960  -1.5295E+00
    0.970  -1.4433E+00
    0.980  -1.2698E+00
    0.990  -1.0721E+00
    1.000  -9.0908E-01
    1.010  -8.2363E-01
    1.020  -8.1135E-01
    1.030  -8.7404E-01
    1.040  -3.8315E-01
    1.050  -5.1927E-01
    1.060  -7.1214E-01
    1.070  -8.9310E-01
    1.080  -1.0704E+00
    1.090  -5.0775E-01
    1.100  -4.8593E-01
    1.110  -4.6491E-01
    1.120  -4.5662E-01
    1.130  -4.6529E-01
    1.140  -4.8976E-01
    1.150  -2.3167E-01
    1.160  -3.5725E-01
    1.170  -4.9068E-01
    1.180  -6.5018E-01
    1.190  -7.8800E-01
    1.200  -8.5455E-01
    1.210  -8.4822E-01
    1.220  -6.5923E-01
    1.230  -4.4349E-01
    1.240  -2.3674E-01
    1.250  -7.6683E-02
    1.260   2.5469E-03
    1.270  -1.1693E-02
    1.280  -1.0341E-01
    1.290  -2.4403E-01
    1.300  -1.1679E-01
    1.310  -3.9379E-01
    1.320  -6.7142E-01
    1.330  -9.1469E-01
    1.340  -1.0987E+00
    1.350  -1.2281E+00
    1.360  -1.3343E+00
    1.370  -1.4525E+00
    1.380  -1.6007E+00
    1.390  -1.7728E+00
    1.400  -1.6782E+00
    1.410  -1.6559E+00
    1.420  -1.8073E+00
    1.430  -1.8973E+00
    1.440  -1.8867E+00
    1.450  -1.7335E+00
    1.460  -1.4029E+00
    1.470  -1.0939E+00
    1.480  -4.6261E-01
    1.490   1.5488E-01
    1.500   6.4906E-01
    1.510   9.5886E-01
    1.520   1.0560E+00
    1.530   9.3128E-01
    1.540   6.1706E-01
    1.550   2.1184E-01
    1.560  -1.4324E-01
    1.570  -3.2731E-01
    1.580  -2.9060E-01
    1.590   7.4712E-02
    1.600   4.0264E-01
    1.610   1.4226E+00
    1.620   1.6379E+00
    1.630   1.9667E+00
    1.640   1.8765E+00
    1.650   1.8955E+00
    1.660   1.6579E+00
    1.670   1.4427E+00
    1.680   1.3312E+00
    1.690   1.3699E+00
    1.700   1.5219E+00
    1.710   1.6743E+00
    1.720   1.6963E+00
    1.730   1.4893E+00
    1.740   1.0049E+00
    1.750   2.4713E-01
    1.760  -7.2456E-01
    1.770  -1.8034E+00
    1.780  -2.8542E+00
    1.790  -3.7298E+00
    1.800  -4.2867E+00
    1.810  -4.4229E+00
    1.820  -4.1269E+00
    1.830  -3.4897E+00
    1.840  -2.6582E+00
    1.850  -1.7759E+00
    1.860  -9.6110E-01
    1.870  -3.6657E-01
    1.880   3.6191E-02
    1.890   2.0175E-01
    1.900  -7.6163E-02
    1.910  -2.0791E-01
    1.920  -3.0029E-01
    1.930  -2.3158E-01
    1.940  -1.7568E-02
    1.950   2.7742E-01
    1.960   5.3948E-01
    1.970   6.8145E-01
    1.980   7.5190E-01
    1.990   6.9039E-01
    2.000   5.4959E-01
    2.010   2.9927E-01
    2.020  -2.0954E-02
    2.030  -3.1376E-01
    2.040  -4.7675E-01
    2.050  -3.7041E-01
    2.060   5.7560E-01
    2.070   1.2685E+00
    2.080   1.9702E+00
    2.090   2.6310E+00
    2.100   2.8206E+00
    2.110   2.5717E+00
    2.120   1.9154E+00
    2.130   9.8016E-01
    2.140  -3.9241E-02
    2.150  -8.5263E-01
    2.160  -1.3692E+00
    2.170  -1.4723E+00
    2.180  -1.2330E+00
    2.190  -8.0888E-01
    2.200  -3.5554E-01
    2.210   1.6985E-02
    2.220  -1.1968E-01
    2.230  -1.4630E-01
    2.240  -2.8920E-01
    2.250  -4.8106E-01
    2.260  -5.5300E-01
    2.270  -4.7794E-01
    2.280  -2.1892E-01
    2.290   2.3604E-01
    2.300   8.5297E-01
    2.310   1.5317E+00
    2.320   2.1401E+00
    2.330   2.5865E+00
    2.340   2.8550E+00
    2.350   2.9672E+00
    2.360   2.4208E+00
    2.370   2.8717E+00
    2.380   2.8559E+00
    2.390   2.5233E+00
    2.400   2.1248E+00
    2.410   1.8269E+00
    2.420   1.5885E+00
    2.430   1.4953E+00
    2.440   1.5087E+00
    2.450   1.5564E+00
    2.460   1.5726E+00
    2.470   1.5194E+00
    2.480   1.4543E+00
    2.490   1.2362E+00
    2.500   1.0439E+00
    2.510   9.7551E-01
    2.520   1.2239E+00
    2.530   1.6922E+00
    2.540   2.2270E+00
    2.550   2.6146E+00
    2.560   2.6438E+00
    2.570   2.2620E+00
    2.580   1.5844E+00
    2.590   6.2949E-01
    2.600  -3.1430E-01
    2.610  -1.1682E+00
    2.620  -1.5322E+00
    2.630  -1.2144E+00
    2.640  -5.2311E-01
    2.650   5.6206E-01
    2.660   1.8202E+00
    2.670   3.2628E+00
    2.680   4.6275E+00
    2.690   5.7891E+00
    2.700   6.5246E+00
    2.710   6.7136E+00
    2.720   6.3997E+00
    2.730   5.7616E+00
    2.740   5.0047E+00
    2.750   4.6861E+00
    2.760   4.0170E+00
    2.770   3.4671E+00
    2.780   3.0366E+00
    2.790   2.7275E+00
    2.800   2.3165E+00
    2.810   1.8740E+00
    2.820   1.3267E+00
    2.830   6.4027E-01
    2.840  -3.9154E-01
    2.850  -1.3346E+00
    2.860  -2.2632E+00
    2.870  -3.0052E+00
    2.880  -3.4842E+00
    2.890  -3.7305E+00
    2.900  -3.7537E+00
    2.910  -3.6261E+00
    2.920  -3.4512E+00
    2.930  -2.6746E+00
    2.940  -2.7586E+00
    2.950  -2.7633E+00
    2.960  -3.4676E+00
    2.970  -3.3104E+00
    2.980  -3.0441E+00
    2.990  -2.7002E+00
    3.000  -2.2693E+00
    3.010  -2.1140E+00
    3.020  -1.4068E+00
    3.030  -5.9932E-01
    3.040   2.4065E-01
    3.050   1.0413E+00
    3.060   1.6456E+00
    3.070   2.2109E+00
    3.080   2.6868E+00
    3.090   3.1682E+00
    3.100   3.7454E+00
    3.110   4.4663E+00
    3.120   5.3269E+00
    3.130   6.3726E+00
    3.140   7.5878E+00
    3.150   8.8961E+00
    3.160   1.0062E+01
    3.170   1.0691E+01
    3.180   1.0395E+01
    3.190   9.1962E+00
    3.200   7.3779E+00
    3.210   4.7398E+00
    3.220   2.0071E+00
    3.230  -5.6667E-01
    3.240  -2.7778E+00
    3.250  -4.4922E+00
    3.260  -5.5319E+00
    3.270  -5.9678E+00
    3.280  -5.8159E+00
    3.290  -5.5670E+00
    3.300  -4.7878E+00
    3.310  -4.8021E+00
    3.320  -4.8014E+00
    3.330  -5.4235E+00
    3.340  -6.5064E+00
    3.350  -7.7334E+00
    3.360  -8.7560E+00
    3.370  -9.2591E+00
    3.380  -9.0234E+00
    3.390  -7.9533E+00
    3.400  -6.5484E+00
    3.410  -5.2795E+00
    3.420  -4.7609E+00
    3.430  -5.2299E+00
    3.440  -5.1721E+00
    3.450  -5.0215E+00
    3.460  -4.6567E+00
    3.470  -3.8590E+00
    3.480  -2.6782E+00
    3.490  -1.0794E+00
    3.500   8.9923E-01
    3.510   2.9034E+00
    3.520   4.6926E+00
    3.530   5.6482E+00
    3.540   5.4924E+00
    3.550   4.3758E+00
    3.560   2.7592E+00
    3.570   1.0766E+00
    3.580  -4.7762E-01
    3.590  -1.8716E+00
    3.600  -3.2543E+00
    3.610  -4.2796E+00
    3.620  -5.2911E+00
    3.630  -6.4358E+00
    3.640  -7.8054E+00
    3.650  -9.1224E+00
    3.660  -1.0460E+01
    3.670  -1.1828E+01
    3.680  -1.3340E+01
    3.690  -1.4982E+01
    3.700  -1.6632E+01
    3.710  -1.8125E+01
    3.720  -1.9189E+01
    3.730  -1.9382E+01
    3.740  -1.8275E+01
    3.750  -1.6056E+01
    3.760  -1.2162E+01
    3.770  -7.7496E+00
    3.780  -3.7181E+00
    3.790  -4.4911E-01
    3.800   1.5683E+00
    3.810   2.2944E+00
    3.820   2.0383E+00
    3.830   1.3814E+00
    3.840   8.6085E-01
    3.850   8.5302E-01
    3.860   1.5556E+00
    3.870   2.9777E+00
    3.880   4.9140E+00
    3.890   6.9365E+00
    3.900   8.5515E+00
    3.910   9.2380E+00
    3.920   8.9979E+00
    3.930   8.1686E+00
    3.940   7.2134E+00
    3.950   6.5355E+00
    3.960   6.5697E+00
    3.970   7.4053E+00
    3.980   9.3400E+00
    3.990   1.0998E+01
    4.000   1.2038E+01
    4.010   1.1911E+01
    4.020   1.0555E+01
    4.030   8.0904E+00
    4.040   4.8690E+00
    4.050   1.4898E+00
    4.060  -1.3319E+00
    4.070  -3.1312E+00
    4.080  -3.8337E+00
    4.090  -4.0459E+00
    4.100  -3.6062E+00
    4.110  -2.7085E+00
    4.120  -1.4290E+00
    4.130  -1.0525E-01
    4.140   1.0764E+00
    4.150   1.9902E+00
    4.160   2.8106E+00
    4.170   3.9573E+00
    4.180   5.7897E+00
    4.190   8.0307E+00
    4.200   1.0227E+01
    4.210   1.2066E+01
    4.220   1.3613E+01
    4.230   1.4974E+01
    4.240   1.6008E+01
    4.250   1.6517E+01
    4.260   1.6330E+01
    4.270   1.5520E+01
    4.280   1.4060E+01
    4.290   1.1769E+01
    4.300   8.8696E+00
    4.310   5.7624E+00
    4.320   2.8454E+00
    4.330   1.4197E-02
    4.340  -2.3762E+00
    4.350  -3.7307E+00
    4.360  -4.0894E+00
    4.370  -3.9211E+00
    4.380  -3.7857E+00
    4.390  -4.0979E+00
    4.400  -5.0951E+00
    4.410  -6.8732E+00
    4.420  -9.1444E+00
    4.430  -1.1391E+01
    4.440  -1.2858E+01
    4.450  -1.2824E+01
    4.460  -1.1745E+01
    4.470  -9.6751E+00
    4.480  -7.0962E+00
    4.490  -4.6322E+00
    4.500  -2.5874E+00
    4.510  -1.0897E+00
    4.520  -2.2345E-01
    4.530   1.1212E-01
    4.540   3.4040E-01
    4.550   1.0067E+00
    4.560   2.0494E+00
    4.570   3.8955E+00
    4.580   6.1612E+00
    4.590   8.4420E+00
    4.600   1.0865E+01
    4.610   1.2211E+01
    4.620   1.2027E+01
    4.630   1.0316E+01
    4.640   8.0257E+00
    4.650   6.4734E+00
    4.660   6.4667E+00
    4.670   7.5829E+00
    4.680   9.2750E+00
    4.690   1.0296E+01
    4.700   1.0116E+01
    4.710   8.6742E+00
    4.720   6.0751E+00
    4.730   2.5991E+00
    4.740  -1.1745E+00
    4.750  -4.7363E+00
    4.760  -8.1098E+00
    4.770  -1.1700E+01
    4.780  -1.5531E+01
    4.790  -1.9044E+01
    4.800  -2.1704E+01
    4.810  -2.3429E+01
    4.820  -2.4209E+01
    4.830  -2.3850E+01
    4.840  -2.2251E+01
    4.850  -1.9917E+01
    4.860  -1.7146E+01
    4.870  -1.4426E+01
    4.880  -1.1877E+01
    4.890  -9.7373E+00
    4.900  -8.0713E+00
    4.910  -6.4033E+00
    4.920  -4.0778E+00
    4.930  -7.3620E-01
    4.940   3.9721E+00
    4.950   1.0093E+01
    4.960   1.7369E+01
    4.970   2.3949E+01
    4.980   2.7471E+01
    4.990   2.6951E+01
    5.000   2.3141E+01
    5.010   1.7368E+01
    5.020   1.0613E+01
    5.030   3.7224E+00
    5.040  -2.4324E+00
    5.050  -7.3752E+00
    5.060  -1.1373E+01
    5.070  -1.4382E+01
    5.080  -1.7981E+01
    5.090  -2.0590E+01
    5.100  -2.3347E+01
    5.110  -2.6525E+01
    5.120  -2.9729E+01
    5.130  -3.2390E+01
    5.140  -3.4209E+01
    5.150  -3.4805E+01
    5.160  -3.3482E+01
    5.170  -2.9999E+01
    5.180  -2.5314E+01
    5.190  -2.1040E+01
    5.200  -1.8235E+01
    5.210  -1.7064E+01
    5.220  -1.7297E+01
    5.230  -1.8559E+01
    5.240  -2.0192E+01
    5.250  -2.1077E+01
    5.260  -2.0601E+01
    5.270  -1.8388E+01
    5.280  -1.4707E+01
    5.290  -1.0200E+01
    5.300  -5.4428E+00
    5.310  -5.4015E-01
    5.320   4.5263E+00
    5.330   8.9663E+00
    5.340   1.1275E+01
    5.350   1.0792E+01
    5.360   8.7448E+00
    5.370   6.9971E+00
    5.380   6.0756E+00
    5.390   4.7952E+00
    5.400   2.3507E+00
    5.410  -1.6989E-01
    5.420  -2.1986E+00
    5.430  -3.5682E+00
    5.440  -4.0905E+00
    5.450  -4.6075E+00
    5.460  -6.9629E+00
    5.470  -1.1634E+01
    5.480  -1.7775E+01
    5.490  -2.4551E+01
    5.500  -3.2977E+01
    5.510  -4.2077E+01
    5.520  -4.9226E+01
    5.530  -5.4306E+01
    5.540  -5.5983E+01
    5.550  -5.2296E+01
    5.560  -4.3575E+01
    5.570  -3.0086E+01
    5.580  -1.4254E+01
    5.590  -2.1447E-02
    5.600   8.4704E+00
    5.610   1.2640E+01
    5.620   1.5603E+01
    5.630   1.5820E+01
    5.640   1.4311E+01
    5.650   1.3981E+01
    5.660   1.5426E+01
    5.670   1.6377E+01
    5.680   1.5459E+01
    5.690   1.1537E+01
    5.700   3.2802E+00
    5.710  -1.0423E+01
    5.720  -2.8186E+01
    5.730  -4.4225E+01
    5.740  -5.2520E+01
    5.750  -5.2661E+01
    5.760  -4.5324E+01
    5.770  -3.2395E+01
    5.780  -2.0624E+01
    5.790  -1.4237E+01
    5.800  -1.4230E+01
    5.810  -1.8676E+01
    5.820  -2.5925E+01
    5.830  -3.3042E+01
    5.840  -4.0159E+01
    5.850  -4.6693E+01
    5.860  -5.2890E+01
    5.870  -6.0090E+01
    5.880  -6.3166E+01
    5.890  -5.7446E+01
    5.900  -4.6622E+01
    5.910  -3.7580E+01
    5.920  -3.5432E+01
    5.930  -4.0829E+01
    5.940  -4.6834E+01
    5.950  -4.7280E+01
    5.960  -4.0494E+01
    5.970  -2.5061E+01
    5.980  -5.1015E+00
    5.990   1.2211E+01
    6.000   2.5526E+01
    6.010   3.6377E+01
    6.020   4.9705E+01
    6.030   6.8506E+01
    6.040   8.8866E+01
    6.050   1.1204E+02
    6.060   1.3571E+02
    6.070   1.5271E+02
    6.080   1.6259E+02
    6.090   1.6133E+02
    6.100   1.4565E+02
    6.110   1.1814E+02
    6.120   8.5818E+01
    6.130   4.8740E+01
    6.140   7.8045E+00
    6.150  -2.3892E+01
    6.160  -3.8963E+01
    6.170  -4.2931E+01
    6.180  -3.8083E+01
    6.190  -2.8370E+01
    6.200  -2.0410E+01
    6.210  -1.6094E+01
    6.220  -1.2043E+01
    6.230  -3.8761E+00
    6.240   4.5474E-01
    6.250   5.8237E+00
    6.260   2.3838E+01
    6.270   4.8413E+01
    6.280   6.8281E+01
    6.290   7.4470E+01
    6.300   6.9260E+01
    6.310   5.9268E+01
    6.320   4.1684E+01
    6.330   2.4257E+01
    6.340   9.2388E+00
    6.350  -4.6330E-01
    6.360   6.1441E+00
    6.370   2.8483E+01
    6.380   4.8856E+01
    6.390   5.6034E+01
    6.400   4.9127E+01
    6.410   3.5171E+01
    6.420   3.1422E+01
    6.430   3.9832E+01
    6.440   4.6479E+01
    6.450   5.0881E+01
    6.460   5.6647E+01
    6.470   6.4934E+01
    6.480   7.1975E+01
    6.490   7.3965E+01
    6.500   7.4689E+01
    6.510   7.7340E+01
    6.520   7.6368E+01
    6.530   7.6026E+01
    6.540   8.3185E+01
    6.550   9.4011E+01
    6.560   9.5283E+01
    6.570   7.5130E+01
    6.580   3.4316E+01
    6.590  -1.2189E+01
    6.600  -5.0662E+01
    6.610  -8.5772E+01
    6.620  -1.1726E+02
    6.630  -1.3574E+02
    6.640  -1.3353E+02
    6.650  -1.1439E+02
    6.660  -8.7305E+01
    6.670  -5.5000E+01
    6.680  -2.4662E+01
    6.690  -1.1343E+01
    6.700  -2.1769E+01
    6.710  -3.6615E+01
    6.720  -3.0690E+01
    6.730  -6.7813E+00
    6.740   1.7205E+01
    6.750   3.1057E+01
    6.760   2.6800E+01
    6.770   1.6773E+01
    6.780   1.7186E+01
    6.790   2.7059E+01
    6.800   4.3288E+01
    6.810   5.3095E+01
    6.820   5.6721E+01
    6.830   6.7550E+01
    6.840   8.7824E+01
    6.850   1.0964E+02
    6.860   1.2889E+02
    6.870   1.5039E+02
    6.880   1.7727E+02
    6.890   2.0969E+02
    6.900   2.4256E+02
    6.910   2.6307E+02
    6.920   2.5851E+02
    6.930   2.2662E+02
    6.940   1.8071E+02
    6.950   1.3434E+02
    6.960   8.3596E+01
    6.970   3.8848E+01
    6.980   2.0876E+01
    6.990   2.6794E+01
    7.000   4.2630E+01
    7.010   4.9878E+01
    7.020   3.7901E+01
    7.030   1.8230E+01
    7.040  -1.6542E+00
    7.050  -2.7198E+01
    7.060  -5.7446E+01
    7.070  -8.8169E+01
    7.080  -1.1889E+02
    7.090  -1.4341E+02
    7.100  -1.4877E+02
    7.110  -1.2790E+02
    7.120  -8.5334E+01
    7.130  -3.4722E+01
    7.140   6.6308E+00
    7.150   3.3258E+01
    7.160   4.3592E+01
    7.170   4.1301E+01
    7.180   3.5825E+01
    7.190   1.9643E+01
    7.200  -6.3402E+00
    7.210  -2.3958E+01
    7.220  -2.8251E+01
    7.230  -2.2987E+01
    7.240  -3.8170E+00
    7.250   3.4226E+01
    7.260   7.8625E+01
    7.270   1.0956E+02
    7.280   1.1914E+02
    7.290   9.8749E+01
    7.300   5.6480E+01
    7.310   1.4312E+01
    7.320  -1.6809E+01
    7.330  -3.8843E+01
    7.340  -5.6385E+01
    7.350  -7.7207E+01
    7.360  -1.0039E+02
    7.370  -1.2095E+02
    7.380  -1.3903E+02
    7.390  -1.5698E+02
    7.400  -1.7681E+02
    7.410  -2.0474E+02
    7.420  -2.4333E+02
    7.430  -2.7673E+02
    7.440  -2.9660E+02
    7.450  -3.0086E+02
    7.460  -2.8077E+02
    7.470  -2.4174E+02
    7.480  -2.0187E+02
    7.490  -1.6467E+02
    7.500  -1.3266E+02
    7.510  -1.0887E+02
    7.520  -8.6125E+01
    7.530  -6.7946E+01
    7.540  -7.1994E+01
    7.550  -9.2230E+01
    7.560  -1.0254E+02
    7.570  -8.7478E+01
    7.580  -5.4446E+01
    7.590  -2.0091E+01
    7.600   1.1366E+01
    7.610   4.9426E+01
    7.620   9.1096E+01
    7.630   1.2408E+02
    7.640   1.3989E+02
    7.650   1.3010E+02
    7.660   9.2366E+01
    7.670   4.8305E+01
    7.680   1.6134E+01
    7.690  -5.0267E+00
    7.700  -1.4400E+01
    7.710  -1.7712E+01
    7.720  -2.6430E+01
    7.730  -3.3800E+01
    7.740  -2.6794E+01
    7.750  -8.2717E+00
    7.760   4.3935E+00
    7.770   9.1398E+00
    7.780   7.5955E+00
    7.790  -1.3860E+01
    7.800  -5.9091E+01
    7.810  -1.1619E+02
    7.820  -1.5785E+02
    7.830  -1.6391E+02
    7.840  -1.4096E+02
    7.850  -1.1545E+02
    7.860  -9.6204E+01
    7.870  -8.0188E+01
    7.880  -5.6460E+01
    7.890  -2.2726E+01
    7.900   8.9635E+00
    7.910   3.4931E+01
    7.920   5.5757E+01
    7.930   6.9744E+01
    7.940   7.3140E+01
    7.950   7.4390E+01
    7.960   8.2897E+01
    7.970   1.0207E+02
    7.980   1.2173E+02
    7.990   1.2973E+02
    8.000   1.1560E+02
    8.010   8.2013E+01
    8.020   5.6888E+01
    8.030   5.2196E+01
    8.040   5.4050E+01
    8.050   5.0533E+01
    8.060   3.8112E+01
    8.070   1.5678E+01
    8.080  -6.3091E+00
    8.090  -1.0009E+01
    8.100  -4.9267E+00
    8.110  -1.1840E+01
    8.120  -2.9106E+01
    8.130  -4.6728E+01
    8.140  -6.1969E+01
    8.150  -8.0919E+01
    8.160  -1.0393E+02
    8.170  -1.2710E+02
    8.180  -1.3931E+02
    8.190  -1.2922E+02
    8.200  -1.0252E+02
    8.210  -7.2294E+01
    8.220  -4.9558E+01
    8.230  -3.6938E+01
    8.240  -3.1555E+01
    8.250  -2.4962E+01
    8.260  -9.5620E+00
    8.270   5.6285E+00
    8.280   8.2995E+00
    8.290   7.8025E+00
    8.300   1.9675E+01
    8.310   4.0361E+01
    8.320   6.6347E+01
    8.330   9.1496E+01
    8.340   1.1332E+02
    8.350   1.4350E+02
    8.360   1.6662E+02
    8.370   1.7423E+02
    8.380   1.7473E+02
    8.390   1.7595E+02
    8.400   1.7994E+02
    8.410   1.8129E+02
    8.420   1.7783E+02
    8.430   1.6051E+02
    8.440   1.2627E+02
    8.450   8.4046E+01
    8.460   4.1003E+01
    8.470  -3.4044E+00
    8.480  -3.5837E+01
    8.490  -3.7123E+01
    8.500  -1.4982E+01
    8.510  -2.1667E-01
    8.520  -6.7388E+00
    8.530  -2.7861E+01
    8.540  -5.5332E+01
    8.550  -7.8823E+01
    8.560  -9.0159E+01
    8.570  -8.9217E+01
    8.580  -8.1460E+01
    8.590  -8.2584E+01
    8.600  -9.7118E+01
    8.610  -1.1892E+02
    8.620  -1.4056E+02
    8.630  -1.5154E+02
    8.640  -1.4172E+02
    8.650  -1.0997E+02
    8.660  -5.7099E+01
    8.670   1.2673E+01
    8.680   8.0436E+01
    8.690   1.2457E+02
    8.700   1.3429E+02
    8.710   1.1640E+02
    8.720   9.4286E+01
    8.730   8.3515E+01
    8.740   7.9213E+01
    8.750   6.4385E+01
    8.760   4.6520E+01
    8.770   4.2411E+01
    8.780   4.5499E+01
    8.790   5.2298E+01
    8.800   5.0837E+01
    8.810   3.9899E+01
    8.820   4.0851E+01
    8.830   5.8451E+01
    8.840   6.6657E+01
    8.850   5.3658E+01
    8.860   2.8099E+01
    8.870  -1.0355E+01
    8.880  -5.7514E+01
    8.890  -1.0204E+02
    8.900  -1.3960E+02
    8.910  -1.6886E+02
    8.920  -1.9347E+02
    8.930  -2.0503E+02
    8.940  -2.0015E+02
    8.950  -1.8824E+02
    8.960  -1.6719E+02
    8.970  -1.3668E+02
    8.980  -1.1017E+02
    8.990  -9.3339E+01
    9.000  -7.7950E+01
    9.010  -6.3148E+01
    9.020  -4.8596E+01
    9.030  -2.9690E+01
    9.040  -1.3343E+01
    9.050   1.4278E+00
    9.060   1.9468E+01
    9.070   4.6799E+01
    9.080   8.1150E+01
    9.090   1.0908E+02
    9.100   1.2605E+02
    9.110   1.2145E+02
    9.120   8.9224E+01
    9.130   5.0995E+01
    9.140   2.7213E+01
    9.150   2.0061E+01
    9.160   2.1812E+01
    9.170   2.1440E+01
    9.180   7.2513E+00
    9.190  -1.8455E+01
    9.200  -3.9812E+01
    9.210  -6.0498E+01
    9.220  -8.7162E+01
    9.230  -9.7028E+01
    9.240  -6.7877E+01
    9.250  -1.1360E+01
    9.260   5.0531E+01
    9.270   9.9302E+01
    9.280   1.1922E+02
    9.290   1.1776E+02
    9.300   1.0805E+02
    9.310   9.1129E+01
    9.320   6.8982E+01
    9.330   6.0493E+01
    9.340   6.5157E+01
    9.350   6.5319E+01
    9.360   4.8705E+01
    9.370   1.5834E+01
    9.380  -2.3970E+01
    9.390  -5.1689E+01
    9.400  -4.8596E+01
    9.410  -1.8862E+01
    9.420   2.3990E+01
    9.430   6.8791E+01
    9.440   1.0408E+02
    9.450   1.3641E+02
    9.460   1.7308E+02
    9.470   2.1018E+02
    9.480   2.3877E+02
    9.490   2.4544E+02
    9.500   2.3115E+02
    9.510   2.0754E+02
    9.520   1.8230E+02
    9.530   1.5368E+02
    9.540   1.2157E+02
    9.550   9.0243E+01
    9.560   5.9663E+01
    9.570   2.6838E+01
    9.580  -6.0627E+00
    9.590  -3.9843E+01
    9.600  -7.9960E+01
    9.610  -1.1683E+02
    9.620  -1.2171E+02
    9.630  -9.7698E+01
    9.640  -6.6362E+01
    9.650  -3.3364E+01
    9.660  -2.9161E+00
    9.670   1.9050E+01
    9.680   3.0608E+01
    9.690   3.8774E+01
    9.700   4.2446E+01
    9.710   3.7078E+01
    9.720   3.3186E+01
    9.730   2.6641E+01
    9.740   7.8676E+00
    9.750  -1.7326E+01
    9.760  -2.9715E+01
    9.770  -1.5896E+01
    9.780   2.3955E+01
    9.790   6.9843E+01
    9.800   9.4793E+01
    9.810   9.1542E+01
    9.820   7.7509E+01
    9.830   6.3712E+01
    9.840   4.6010E+01
    9.850   2.4579E+01
    9.860   2.0076E+01
    9.870   4.6477E+01
    9.880   8.1471E+01
    9.890   9.7300E+01
    9.900   9.5365E+01
    9.910   8.5887E+01
    9.920   7.6846E+01
    9.930   7.8545E+01
    9.940   8.5142E+01
    9.950   7.9422E+01
    9.960   4.7620E+01
    9.970  -3.9511E+00
    9.980  -6.8576E+01
    9.990  -1.4927E+02
   10.000  -2.3255E+02
   10.010  -2.9691E+02
   10.020  -3.3794E+02
   10.030  -3.5939E+02
   10.040  -3.6542E+02
   10.050  -3.6321E+02
   10.060  -3.5191E+02
   10.070  -3.2840E+02
   10.080  -2.9144E+02
   10.090  -2.5141E+02
   10.100  -2.2287E+02
   10.110  -1.9901E+02
   10.120  -1.6876E+02
   10.130  -1.4017E+02
   10.140  -1.2364E+02
   10.150  -1.2252E+02
   10.160  -1.2985E+02
   10.170  -1.2896E+02
   10.180  -1.2168E+02
   10.190  -1.1741E+02
   10.200  -1.1315E+02
   10.210  -1.0816E+02
   10.220  -1.0281E+02
   10.230  -9.4844E+01
   10.240  -8.9442E+01
   10.250  -8.5306E+01
   10.260  -7.4938E+01
   10.270  -6.8518E+01
   10.280  -7.2482E+01
   10.290  -6.1923E+01
   10.300  -3.3503E+01
   10.310  -7.1455E+00
   10.320   5.6469E+00
   10.330   2.9182E+00
   10.340  -1.1244E+01
   10.350  -1.8219E+01
   10.360  -5.9130E+00
   10.370   1.8723E+01
   10.380   3.2295E+01
   10.390   2.6203E+01
   10.400   1.2978E+01
   10.410  -1.2021E+01
   10.420  -5.4272E+01
   10.430  -9.0377E+01
   10.440  -9.5383E+01
   10.450  -7.7203E+01
   10.460  -5.0561E+01
   10.470  -1.4292E+01
   10.480   2.8570E+01
   10.490   5.9847E+01
   10.500   6.7130E+01
   10.510   5.9788E+01
   10.520   5.4622E+01
   10.530   6.2831E+01
   10.540   8.6471E+01
   10.550   1.1404E+02
   10.560   1.2697E+02
   10.570   1.2213E+02
   10.580   1.1536E+02
   10.590   1.1156E+02
   10.600   1.0814E+02
   10.610   9.4324E+01
   10.620   7.3021E+01
   10.630   6.5474E+01
   10.640   7.2383E+01
   10.650   8.4256E+01
   10.660   9.1942E+01
   10.670   8.4487E+01
   10.680   6.9849E+01
   10.690   5.9430E+01
   10.700   4.9244E+01
   10.710   4.2703E+01
   10.720   4.7321E+01
   10.730   6.5329E+01
   10.740   9.1013E+01
   10.750   1.1302E+02
   10.760   1.1725E+02
   10.770   1.0105E+02
   10.780   6.9059E+01
   10.790   4.1638E+01
   10.800   2.7595E+01
   10.810   1.6529E+01
   10.820   3.2820E+00
   10.830  -6.7951E+00
   10.840  -2.4508E+00
   10.850   1.2611E+01
   10.860   2.6390E+01
   10.870   3.1597E+01
   10.880   3.1298E+01
   10.890   2.7223E+01
   10.900   1.0913E+01
   10.910  -1.4329E+01
   10.920  -3.2393E+01
   10.930  -3.7524E+01
   10.940  -4.1409E+01
   10.950  -4.2756E+01
   10.960  -3.7327E+01
   10.970  -2.4328E+01
   10.980  -6.0326E+00
   10.990   1.1551E+01
   11.000   2.8579E+01
   11.010   4.5243E+01
   11.020   5.7437E+01
   11.030   5.6442E+01
   11.040   5.0802E+01
   11.050   4.5529E+01
   11.060   3.2849E+01
   11.070   9.9504E+00
   11.080  -1.6350E+01
   11.090  -3.7236E+01
   11.100  -4.6495E+01
   11.110  -4.2818E+01
   11.120  -2.7357E+01
   11.130  -5.1385E+00
   11.140   9.4509E+00
   11.150   1.0362E+01
   11.160   5.2363E+00
   11.170  -3.8425E+00
   11.180  -1.6867E+01
   11.190  -3.0044E+01
   11.200  -4.3883E+01
   11.210  -5.8713E+01
   11.220  -7.5518E+01
   11.230  -8.4212E+01
   11.240  -7.7655E+01
   11.250  -5.8507E+01
   11.260  -3.8631E+01
   11.270  -2.8536E+01
   11.280  -2.5845E+01
   11.290  -2.3163E+01
   11.300  -2.0916E+01
   11.310  -1.3291E+01
   11.320   5.0253E+00
   11.330   2.3218E+01
   11.340   3.1189E+01
   11.350   3.5150E+01
   11.360   4.1699E+01
   11.370   4.5191E+01
   11.380   3.9371E+01
   11.390   1.9493E+01
   11.400  -6.2590E+00
   11.410  -2.8870E+01
   11.420  -4.4860E+01
   11.430  -4.9571E+01
   11.440  -4.5728E+01
   11.450  -3.2867E+01
   11.460  -1.7087E+01
   11.470  -5.5979E+00
   11.480   2.3595E-02
   11.490   1.2977E+00
   11.500  -1.4623E+00
   11.510  -1.2941E+01
   11.520  -3.3026E+01
   11.530  -5.6914E+01
   11.540  -7.9049E+01
   11.550  -9.1008E+01
   11.560  -9.4635E+01
   11.570  -8.5530E+01
   11.580  -5.6972E+01
   11.590  -1.8058E+01
   11.600   1.3131E+01
   11.610   3.5844E+01
   11.620   5.0713E+01
   11.630   5.6281E+01
   11.640   5.4185E+01
   11.650   4.5387E+01
   11.660   3.0585E+01
   11.670   8.6520E+00
   11.680  -1.0409E+01
   11.690  -1.6867E+01
   11.700  -8.0841E+00
   11.710   7.2158E+00
   11.720   2.5309E+01
   11.730   5.0567E+01
   11.740   8.4218E+01
   11.750   1.2130E+02
   11.760   1.5911E+02
   11.770   1.9145E+02
   11.780   2.1293E+02
   11.790   2.2322E+02
   11.800   2.1649E+02
   11.810   1.9438E+02
   11.820   1.6518E+02
   11.830   1.3555E+02
   11.840   1.1345E+02
   11.850   1.0579E+02
   11.860   1.0297E+02
   11.870   8.7693E+01
   11.880   6.1749E+01
   11.890   4.2444E+01
   11.900   3.4436E+01
   11.910   2.9290E+01
   11.920   2.0647E+01
   11.930   1.3203E+01
   11.940   1.1181E+01
   11.950   1.7615E+01
   11.960   3.2651E+01
   11.970   4.9064E+01
   11.980   6.8168E+01
   11.990   8.4576E+01
   12.000   9.1669E+01
   12.010   9.3616E+01
   12.020   9.1696E+01
   12.030   8.5134E+01
   12.040   7.2402E+01
   12.050   5.9458E+01
   12.060   4.5210E+01
   12.070   2.6125E+01
   12.080   9.2355E+00
   12.090   2.8056E+00
   12.100   1.4904E+01
   12.110   3.2105E+01
   12.120   3.6516E+01
   12.130   3.1572E+01
   12.140   2.6930E+01
   12.150   2.4373E+01
   12.160   2.3690E+01
   12.170   1.4239E+01
   12.180   3.9487E-01
   12.190  -7.9417E+00
   12.200  -1.4842E+01
   12.210  -1.1309E+01
   12.220   8.6085E+00
   12.230   3.4734E+01
   12.240   6.0147E+01
   12.250   7.6891E+01
   12.260   7.4471E+01
   12.270   5.1930E+01
   12.280   1.1597E+01
   12.290  -4.0560E+01
   12.300  -8.9074E+01
   12.310  -1.2138E+02
   12.320  -1.3240E+02
   12.330  -1.2960E+02
   12.340  -1.1890E+02
   12.350  -1.0125E+02
   12.360  -7.6887E+01
   12.370  -5.2348E+01
   12.380  -3.5691E+01
   12.390  -3.1059E+01
   12.400  -4.2671E+01
   12.410  -5.9800E+01
   12.420  -6.9180E+01
   12.430  -6.9302E+01
   12.440  -6.8321E+01
   12.450  -6.7866E+01
   12.460  -6.0264E+01
   12.470  -4.7335E+01
   12.480  -3.7451E+01
   12.490  -3.7454E+01
   12.500  -4.2979E+01
   12.510  -4.4682E+01
   12.520  -4.4452E+01
   12.530  -5.0018E+01
   12.540  -6.2552E+01
   12.550  -8.1941E+01
   12.560  -9.7265E+01
   12.570  -9.7284E+01
   12.580  -8.1169E+01
   12.590  -5.8284E+01
   12.600  -3.9850E+01
   12.610  -2.7055E+01
   12.620  -2.0068E+01
   12.630  -2.3268E+01
   12.640  -2.8798E+01
   12.650  -2.1835E+01
   12.660  -8.6849E+00
   12.670   1.0535E+00
   12.680   8.0413E+00
   12.690   1.5124E+01
   12.700   2.5912E+01
   12.710   3.4421E+01
   12.720   3.7389E+01
   12.730   4.2392E+01
   12.740   5.3688E+01
   12.750   6.0311E+01
   12.760   5.2341E+01
   12.770   3.4934E+01
   12.780   1.6373E+01
   12.790   4.4750E-01
   12.800  -9.6372E+00
   12.810  -9.1997E+00
   12.820   1.7178E+00
   12.830   1.8161E+01
   12.840   3.0952E+01
   12.850   3.6996E+01
   12.860   3.6120E+01
   12.870   2.7465E+01
   12.880   1.2506E+01
   12.890  -4.9668E+00
   12.900  -2.3649E+01
   12.910  -4.6469E+01
   12.920  -6.6908E+01
   12.930  -6.6477E+01
   12.940  -4.5792E+01
   12.950  -2.1457E+01
   12.960  -4.4699E+00
   12.970   6.8983E+00
   12.980   1.2657E+01
   12.990   1.9092E+01
   13.000   2.7573E+01
   13.010   3.5363E+01
   13.020   4.3063E+01
   13.030   4.8039E+01
   13.040   5.3893E+01
   13.050   6.1434E+01
   13.060   6.6317E+01
   13.070   6.1483E+01
   13.080   5.0645E+01
   13.090   4.1193E+01
   13.100   3.1816E+01
   13.110   2.1427E+01
   13.120   7.2112E+00
   13.130  -8.1395E+00
   13.140  -1.3638E+01
   13.150  -1.4224E+01
   13.160  -1.6081E+01
   13.170  -1.7304E+01
   13.180  -1.7888E+01
   13.190  -2.2723E+01
   13.200  -2.9387E+01
   13.210  -3.2329E+01
   13.220  -3.0901E+01
   13.230  -2.3546E+01
   13.240  -1.3402E+01
   13.250  -3.3365E+00
   13.260   6.1711E+00
   13.270   1.2542E+01
   13.280   1.0864E+01
   13.290   4.3649E+00
   13.300   1.0283E+00
   13.310   4.7263E+00
   13.320   1.4398E+01
   13.330   2.6194E+01
   13.340   3.9367E+01
   13.350   4.7708E+01
   13.360   4.5077E+01
   13.370   3.2985E+01
   13.380   1.7374E+01
   13.390   5.0595E+00
   13.400   5.5958E-01
   13.410   3.3966E+00
   13.420   4.2428E+00
   13.430  -3.6294E-01
   13.440  -3.9533E+00
   13.450  -8.5616E+00
   13.460  -1.6587E+01
   13.470  -2.3129E+01
   13.480  -3.1500E+01
   13.490  -4.8480E+01
   13.500  -6.6800E+01
   13.510  -7.5766E+01
   13.520  -7.5877E+01
   13.530  -7.3285E+01
   13.540  -7.4791E+01
   13.550  -8.5954E+01
   13.560  -1.0481E+02
   13.570  -1.2005E+02
   13.580  -1.1925E+02
   13.590  -1.0595E+02
   13.600  -8.7634E+01
   13.610  -6.2826E+01
   13.620  -3.5250E+01
   13.630  -1.4577E+01
   13.640  -6.1221E+00
   13.650  -6.9199E+00
   13.660  -1.2725E+01
   13.670  -2.0807E+01
   13.680  -2.8392E+01
   13.690  -3.1472E+01
   13.700  -3.0880E+01
   13.710  -2.9630E+01
   13.720  -2.7696E+01
   13.730  -2.3083E+01
   13.740  -1.7848E+01
   13.750  -1.2132E+01
   13.760  -4.9593E+00
   13.770   2.4194E+00
   13.780   7.4229E+00
   13.790   8.4977E+00
   13.800   2.7415E+00
   13.810  -7.8977E+00
   13.820  -1.9616E+01
   13.830  -2.8470E+01
   13.840  -3.0742E+01
   13.850  -2.9779E+01
   13.860  -3.0973E+01
   13.870  -3.6916E+01
   13.880  -4.7699E+01
   13.890  -5.9991E+01
   13.900  -7.0221E+01
   13.910  -7.2944E+01
   13.920  -6.1833E+01
   13.930  -4.0753E+01
   13.940  -2.2496E+01
   13.950  -1.4204E+01
   13.960  -1.3346E+01
   13.970  -1.2007E+01
   13.980  -7.4135E+00
   13.990   6.3656E-01
   14.000   1.3179E+01
   14.010   2.7443E+01
   14.020   4.3977E+01
   14.030   6.3437E+01
   14.040   7.4455E+01
   14.050   6.9877E+01
   14.060   5.4316E+01
   14.070   3.7714E+01
   14.080   3.2864E+01
   14.090   4.2690E+01
   14.100   6.1643E+01
   14.110   8.0844E+01
   14.120   9.0714E+01
   14.130   8.9838E+01
   14.140   8.0969E+01
   14.150   6.6440E+01
   14.160   4.7863E+01
   14.170   2.8149E+01
   14.180   1.1733E+01
   14.190  -3.0121E-01
   14.200  -4.5094E+00
   14.210  -2.8032E+00
   14.220   2.9588E-01
   14.230   3.0901E+00
   14.240   4.1412E+00
   14.250   9.4923E-01
   14.260  -4.4423E+00
   14.270  -2.3987E+00
   14.280   6.3574E+00
   14.290   1.5020E+01
   14.300   2.1889E+01
   14.310   2.7727E+01
   14.320   3.0835E+01
   14.330   3.0064E+01
   14.340   2.6632E+01
   14.350   2.4150E+01
   14.360   2.8137E+01
   14.370   3.6889E+01
   14.380   4.3977E+01
   14.390   4.6042E+01
   14.400   4.3975E+01
   14.410   3.6306E+01
   14.420   2.4157E+01
   14.430   1.1332E+01
   14.440   5.6524E-01
   14.450  -8.6992E+00
   14.460  -1.8684E+01
   14.470  -2.7067E+01
   14.480  -2.9938E+01
   14.490  -2.6285E+01
   14.500  -1.9353E+01
   14.510  -1.2634E+01
   14.520  -1.0310E+01
   14.530  -1.3416E+01
   14.540  -2.0905E+01
   14.550  -2.9829E+01
   14.560  -3.8773E+01
   14.570  -4.6939E+01
   14.580  -5.2943E+01
   14.590  -5.4181E+01
   14.600  -4.8583E+01
   14.610  -3.7982E+01
   14.620  -2.4715E+01
   14.630  -1.4838E+01
   14.640  -1.0467E+01
   14.650  -8.4806E+00
   14.660  -1.0080E+01
   14.670  -1.5776E+01
   14.680  -1.9699E+01
   14.690  -1.8601E+01
   14.700  -1.1937E+01
   14.710  -1.8270E+00
   14.720   7.8137E+00
   14.730   1.4556E+01
   14.740   1.8166E+01
   14.750   1.9624E+01
   14.760   1.8001E+01
   14.770   9.9242E+00
   14.780  -1.0439E+00
   14.790  -8.5728E+00
   14.800  -1.2152E+01
   14.810  -1.4267E+01
   14.820  -1.6220E+01
   14.830  -1.6082E+01
   14.840  -1.1519E+01
   14.850  -5.9071E+00
   14.860  -1.6151E-01
   14.870   7.6634E+00
   14.880   1.8608E+01
   14.890   3.3143E+01
   14.900   4.6786E+01
   14.910   5.1527E+01
   14.920   4.7396E+01
   14.930   3.8609E+01
   14.940   2.9099E+01
   14.950   2.1071E+01
   14.960   1.3497E+01
   14.970   6.7745E+00
   14.980   1.5699E+00
   14.990   1.0054E+00
   15.000   6.4737E+00
   15.010   1.6344E+01
   15.020   2.6241E+01
   15.030   2.8776E+01
   15.040   2.1250E+01
   15.050   6.8023E+00
   15.060  -1.0665E+01
   15.070  -2.2986E+01
   15.080  -2.5597E+01
   15.090  -2.2924E+01
   15.100  -1.7841E+01
   15.110  -9.7682E+00
   15.120   1.6709E+00
   15.130   1.3593E+01
   15.140   2.0766E+01
   15.150   2.2210E+01
   15.160   2.0225E+01
   15.170   1.8505E+01
   15.180   1.5092E+01
   15.190   8.3276E+00
   15.200   9.5528E-01
   15.210  -5.3149E+00
   15.220  -1.0383E+01
   15.230  -1.4782E+01
   15.240  -1.9547E+01
   15.250  -2.3125E+01
   15.260  -2.2436E+01
   15.270  -1.8912E+01
   15.280  -1.5569E+01
   15.290  -1.0413E+01
   15.300  -2.3039E+00
   15.310   9.0974E+00
   15.320   2.0283E+01
   15.330   2.7739E+01
   15.340   3.1240E+01
   15.350   3.0992E+01
   15.360   2.6419E+01
   15.370   1.9046E+01
   15.380   1.4105E+01
   15.390   1.4125E+01
   15.400   1.7102E+01
   15.410   1.9810E+01
   15.420   2.0020E+01
   15.430   1.9259E+01
   15.440   1.7250E+01
   15.450   1.5235E+01
   15.460   1.6367E+01
   15.470   2.0728E+01
   15.480   2.4452E+01
   15.490   2.7904E+01
   15.500   3.2364E+01
   15.510   3.5185E+01
   15.520   3.3490E+01
   15.530   2.9734E+01
   15.540   2.5604E+01
   15.550   2.0592E+01
   15.560   1.4967E+01
   15.570   8.0006E+00
   15.580   2.0158E+00
   15.590  -9.8469E-01
   15.600  -9.9730E-01
   15.610   1.5127E+00
   15.620   7.6496E+00
   15.630   1.5103E+01
   15.640   1.7444E+01
   15.650   1.2344E+01
   15.660   5.4587E-01
   15.670  -1.5175E+01
   15.680  -2.8675E+01
   15.690  -3.7808E+01
   15.700  -4.4037E+01
   15.710  -4.9367E+01
   15.720  -5.1426E+01
   15.730  -5.0374E+01
   15.740  -4.6748E+01
   15.750  -3.9758E+01
   15.760  -3.3418E+01
   15.770  -3.1240E+01
   15.780  -2.9791E+01
   15.790  -2.5424E+01
   15.800  -1.9106E+01
   15.810  -1.3881E+01
   15.820  -1.1537E+01
   15.830  -1.1919E+01
   15.840  -1.7356E+01
   15.850  -2.6335E+01
   15.860  -3.2894E+01
   15.870  -3.6120E+01
   15.880  -3.8054E+01
   15.890  -3.8099E+01
   15.900  -3.4812E+01
   15.910  -2.9121E+01
   15.920  -2.3986E+01
   15.930  -2.2075E+01
   15.940  -2.3216E+01
   15.950  -2.3400E+01
   15.960  -2.1941E+01
   15.970  -1.9996E+01
   15.980  -1.8406E+01
   15.990  -1.7406E+01
   16.000  -1.6560E+01
   16.010  -1.6869E+01
   16.020  -1.9355E+01
   16.030  -2.2398E+01
   16.040  -2.3222E+01
   16.050  -2.1361E+01
   16.060  -1.8787E+01
   16.070  -1.7080E+01
   16.080  -1.7463E+01
   16.090  -2.0070E+01
   16.100  -2.0986E+01
   16.110  -1.8522E+01
   16.120  -1.3563E+01
   16.130  -6.6105E+00
   16.140  -5.0437E-01
   16.150   2.4042E+00
   16.160   2.5597E+00
   16.170  -1.8871E-01
   16.180  -5.1248E+00
   16.190  -8.7881E+00
   16.200  -9.4926E+00
   16.210  -8.0325E+00
   16.220  -5.1054E+00
   16.230  -1.5589E+00
   16.240   1.5466E+00
   16.250   4.0864E+00
   16.260   5.2195E+00
   16.270   5.6660E+00
   16.280   6.1458E+00
   16.290   5.1404E+00
   16.300   3.6683E+00
   16.310   3.2806E+00
   16.320   4.0059E+00
   16.330   5.1248E+00
   16.340   6.4955E+00
   16.350   7.6461E+00
   16.360   8.8638E+00
   16.370   1.0367E+01
   16.380   1.1694E+01
   16.390   1.3309E+01
   16.400   1.5940E+01
   16.410   1.8178E+01
   16.420   1.8213E+01
   16.430   1.6411E+01
   16.440   1.2383E+01
   16.450   6.1053E+00
   16.460  -1.2104E+00
   16.470  -7.0686E+00
   16.480  -8.8019E+00
   16.490  -6.1214E+00
   16.500  -1.3259E+00
   16.510   4.0728E+00
   16.520   8.8731E+00
   16.530   1.2059E+01
   16.540   1.3698E+01
   16.550   1.5715E+01
   16.560   1.9226E+01
   16.570   2.3263E+01
   16.580   2.6770E+01
   16.590   2.8168E+01
   16.600   2.6139E+01
   16.610   2.2030E+01
   16.620   1.9604E+01
   16.630   1.9942E+01
   16.640   2.0682E+01
   16.650   2.0434E+01
   16.660   1.9552E+01
   16.670   1.7325E+01
   16.680   1.3460E+01
   16.690   1.0254E+01
   16.700   9.2727E+00
   16.710   1.0984E+01
   16.720   1.5203E+01
   16.730   1.9845E+01
   16.740   2.1622E+01
   16.750   1.9758E+01
   16.760   1.7005E+01
   16.770   1.5725E+01
   16.780   1.5624E+01
   16.790   1.4876E+01
   16.800   1.2722E+01
   16.810   1.0476E+01
   16.820   9.0541E+00
   16.830   7.9985E+00
   16.840   6.9894E+00
   16.850   6.9174E+00
   16.860   7.5256E+00
   16.870   8.1949E+00
   16.880   8.8279E+00
   16.890   9.2530E+00
   16.900   8.7564E+00
   16.910   7.0034E+00
   16.920   4.7509E+00
   16.930   2.4040E+00
   16.940   6.7078E-02
   16.950  -1.8100E+00
   16.960  -2.6211E+00
   16.970  -1.3447E+00
   16.980   2.0458E+00
   16.990   5.6627E+00
   17.000   8.9293E+00
   17.010   1.1852E+01
   17.020   1.3429E+01
   17.030   1.2428E+01
   17.040   9.6483E+00
   17.050   7.0890E+00
   17.060   5.4906E+00
   17.070   4.6857E+00
   17.080   3.6563E+00
   17.090   1.7628E+00
   17.100  -8.0258E-01
   17.110  -3.7013E+00
   17.120  -6.7256E+00
   17.130  -9.2704E+00
   17.140  -1.0967E+01
   17.150  -1.1314E+01
   17.160  -1.0367E+01
   17.170  -8.9442E+00
   17.180  -7.6522E+00
   17.190  -6.9388E+00
   17.200  -6.5727E+00
   17.210  -6.7494E+00
   17.220  -7.4030E+00
   17.230  -7.4189E+00
   17.240  -7.1497E+00
   17.250  -8.2247E+00
   17.260  -1.0842E+01
   17.270  -1.4498E+01
   17.280  -1.8291E+01
   17.290  -2.0995E+01
   17.300  -2.1211E+01
   17.310  -1.9881E+01
   17.320  -1.7826E+01
   17.330  -1.5341E+01
   17.340  -1.2682E+01
   17.350  -9.8485E+00
   17.360  -7.1118E+00
   17.370  -4.3212E+00
   17.380  -1.5658E+00
   17.390   2.0114E-01
   17.400   2.0022E-01
   17.410  -5.7261E-01
   17.420  -1.1272E+00
   17.430  -1.9299E+00
   17.440  -2.1266E+00
   17.450  -6.6787E-01
   17.460   1.8921E+00
   17.470   3.9074E+00
   17.480   4.9201E+00
   17.490   5.5066E+00
   17.500   5.9462E+00
   17.510   5.9138E+00
   17.520   5.3184E+00
   17.530   3.8973E+00
   17.540   1.7621E+00
   17.550  -9.1399E-01
   17.560  -3.4421E+00
   17.570  -4.4135E+00
   17.580  -3.3696E+00
   17.590  -1.3584E+00
   17.600   3.1292E-01
   17.610   1.1969E+00
   17.620   1.5890E+00
   17.630   1.8071E+00
   17.640   2.2673E+00
   17.650   3.2484E+00
   17.660   4.5495E+00
   17.670   5.5621E+00
   17.680   5.6607E+00
   17.690   5.1725E+00
   17.700   4.7277E+00
   17.710   4.2173E+00
   17.720   3.8882E+00
   17.730   4.5278E+00
   17.740   6.2557E+00
   17.750   8.2227E+00
   17.760   9.7943E+00
   17.770   1.0633E+01
   17.780   1.0564E+01
   17.790   1.0044E+01
   17.800   9.5110E+00
   17.810   9.4312E+00
   17.820   1.0156E+01
   17.830   1.0872E+01
   17.840   1.0829E+01
   17.850   9.8695E+00
   17.860   8.3319E+00
   17.870   6.7850E+00
   17.880   5.5570E+00
   17.890   4.3404E+00
   17.900   2.7302E+00
   17.910   6.8755E-01
   17.920  -1.6368E+00
   17.930  -3.4178E+00
   17.940  -3.8492E+00
   17.950  -3.3310E+00
   17.960  -2.5064E+00
   17.970  -1.7445E+00
   17.980  -1.3248E+00
   17.990  -1.3771E+00
   18.000  -1.8869E+00
   18.010  -3.0698E+00
   18.020  -4.8050E+00
   18.030  -6.2834E+00
   18.040  -7.0921E+00
   18.050  -7.7032E+00
   18.060  -8.1120E+00
   18.070  -7.8898E+00
   18.080  -6.8681E+00
   18.090  -5.3408E+00
   18.100  -3.7187E+00
   18.110  -2.4401E+00
   18.120  -2.4850E+00
   18.130  -3.8477E+00
   18.140  -5.5575E+00
   18.150  -7.0881E+00
   18.160  -7.9878E+00
   18.170  -7.9991E+00
   18.180  -7.4242E+00
   18.190  -6.9408E+00
   18.200  -6.7075E+00
   18.210  -6.4252E+00
   18.220  -5.9111E+00
   18.230  -5.4645E+00
   18.240  -5.4896E+00
   18.250  -5.7243E+00
   18.260  -5.8235E+00
   18.270  -5.9473E+00
   18.280  -6.4908E+00
   18.290  -7.7981E+00
   18.300  -9.5340E+00
   18.310  -1.0816E+01
   18.320  -1.1095E+01
   18.330  -1.0545E+01
   18.340  -9.5894E+00
   18.350  -8.7140E+00
   18.360  -8.2266E+00
   18.370  -8.1214E+00
   18.380  -8.1357E+00
   18.390  -7.9189E+00
   18.400  -7.2415E+00
   18.410  -6.0804E+00
   18.420  -4.6497E+00
   18.430  -3.2421E+00
   18.440  -2.1124E+00
   18.450  -1.0163E+00
   18.460   3.7979E-01
   18.470   1.7115E+00
   18.480   2.5720E+00
   18.490   2.8680E+00
   18.500   2.4986E+00
   18.510   1.6070E+00
   18.520   7.5380E-01
   18.530   4.8344E-01
   18.540   9.4919E-01
   18.550   1.8138E+00
   18.560   2.7740E+00
   18.570   3.6577E+00
   18.580   3.9626E+00
   18.590   3.7139E+00
   18.600   3.2988E+00
   18.610   2.8031E+00
   18.620   2.2207E+00
   18.630   1.5655E+00
   18.640   7.6836E-01
   18.650   1.1181E-01
   18.660  -2.6646E-01
   18.670  -5.2359E-01
   18.680  -4.7710E-01
   18.690  -1.4061E-01
   18.700   1.6701E-01
   18.710   3.7304E-01
   18.720   4.6630E-01
   18.730   4.8294E-01
   18.740   5.5438E-01
   18.750   5.8073E-01
   18.760   5.3094E-01
   18.770   4.6220E-01
   18.780   6.0129E-01
   18.790   1.1026E+00
   18.800   1.8288E+00
   18.810   2.6325E+00
   18.820   3.6299E+00
   18.830   4.9815E+00
   18.840   6.6970E+00
   18.850   8.4686E+00
   18.860   9.8037E+00
   18.870   1.0408E+01
   18.880   1.0325E+01
   18.890   9.7765E+00
   18.900   8.9165E+00
   18.910   7.9541E+00
   18.920   7.1231E+00
   18.930   6.4703E+00
   18.940   5.8812E+00
   18.950   5.2238E+00
   18.960   4.5195E+00
   18.970   3.8227E+00
   18.980   3.1612E+00
   18.990   2.6033E+00
   19.000   2.1957E+00
   19.010   1.9326E+00
   19.020   1.8030E+00
   19.030   1.8543E+00
   19.040   2.0490E+00
   19.050   2.2928E+00
   19.060   2.4664E+00
   19.070   2.4423E+00
   19.080   2.1414E+00
   19.090   1.5760E+00
   19.100   8.1711E-01
   19.110   1.6838E-02
   19.120  -6.2563E-01
   19.130  -1.0283E+00
   19.140  -1.2414E+00
   19.150  -1.3583E+00
   19.160  -1.4532E+00
   19.170  -1.4964E+00
   19.180  -1.3855E+00
   19.190  -1.0819E+00
   19.200  -6.5721E-01
   19.210  -1.9231E-01
   19.220   1.9828E-01
   19.230   3.7385E-01
   19.240   3.2368E-01
   19.250   2.1990E-01
   19.260   1.9922E-01
   19.270   2.6016E-01
   19.280   3.6768E-01
   19.290   5.2842E-01
   19.300   7.2239E-01
   19.310   8.6228E-01
   19.320   9.1585E-01
   19.330   7.8243E-01
   19.340   4.0039E-01
   19.350  -1.4842E-01
   19.360  -8.0838E-01
   19.370  -1.5981E+00
   19.380  -2.5614E+00
   19.390  -3.6346E+00
   19.400  -4.6081E+00
   19.410  -5.2160E+00
   19.420  -5.3171E+00
   19.430  -4.9297E+00
   19.440  -4.2247E+00
   19.450  -3.4483E+00
   19.460  -2.8267E+00
   19.470  -2.5011E+00
   19.480  -2.4177E+00
   19.490  -2.3914E+00
   19.500  -2.3138E+00
   19.510  -2.1897E+00
   19.520  -2.0621E+00
   19.530  -1.9493E+00
   19.540  -1.8537E+00
   19.550  -1.7822E+00
   19.560  -1.7398E+00
   19.570  -1.7194E+00
   19.580  -1.7131E+00
   19.590  -1.7159E+00
   19.600  -1.7225E+00
   19.610  -1.6963E+00
   19.620  -1.5704E+00
   19.630  -1.2761E+00
   19.640  -7.8475E-01
   19.650  -1.5875E-01
   19.660   4.4566E-01
   19.670   8.3566E-01
   19.680   8.8933E-01
   19.690   6.4207E-01
   19.700   2.3049E-01
   19.710  -2.1157E-01
   19.720  -6.1638E-01
   19.730  -9.7130E-01
   19.740  -1.2629E+00
   19.750  -1.4426E+00
   19.760  -1.4422E+00
   19.770  -1.2166E+00
   19.780  -8.0280E-01
   19.790  -3.3674E-01
   19.800   4.7442E-03
   19.810   9.6613E-02
   19.820  -9.1322E-02
   19.830  -5.0033E-01
   19.840  -9.9881E-01
   19.850  -1.4123E+00
   19.860  -1.5870E+00
   19.870  -1.4505E+00
   19.880  -1.0403E+00
   19.890  -4.5785E-01
   19.900   1.9031E-01
   19.910   8.3867E-01
   19.920   1.4622E+00
   19.930   2.0164E+00
   19.940   2.4042E+00
   19.950   2.5051E+00
   19.960   2.2774E+00
   19.970   1.8007E+00
   19.980   1.2009E+00
   19.990   5.5460E-01
   20.000  -8.5866E-02
   20.010  -6.2410E-01
   20.020  -9.5212E-01
   20.030  -1.0593E+00
   20.040  -1.0414E+00
   20.050  -1.0043E+00
   20.060  -9.9160E-01
   20.070  -1.0191E+00
   20.080  -1.1247E+00
   20.090  -1.3398E+00
   20.100  -1.6275E+00
   20.110  -1.8780E+00
   20.120  -1.9734E+00
   20.130  -1.8677E+00
   20.140  -1.6258E+00
   20.150  -1.3909E+00
   20.160  -1.2901E+00
   20.170  -1.3524E+00
   20.180  -1.5183E+00
   20.190  -1.7180E+00
   20.200  -1.9050E+00
   20.210  -2.0125E+00
   20.220  -1.9280E+00
   20.230  -1.5613E+00
   20.240  -9.2479E-01
   20.250  -1.1947E-01
   20.260   7.4678E-01
   20.270   1.5912E+00
   20.280   2.3174E+00
   20.290   2.7955E+00
   20.300   2.9156E+00
   20.310   2.6569E+00
   20.320   2.1033E+00
   20.330   1.4077E+00
   20.340   7.4794E-01
   20.350   2.8463E-01
   20.360   1.1470E-01
   20.370   2.3247E-01
   20.380   5.2882E-01
   20.390   8.3523E-01
   20.400   9.8707E-01
   20.410   8.7609E-01
   20.420   4.8192E-01
   20.430  -1.2132E-01
   20.440  -7.9214E-01
   20.450  -1.3853E+00
   20.460  -1.8153E+00
   20.470  -2.0692E+00
   20.480  -2.1613E+00
   20.490  -2.0926E+00
   20.500  -1.8604E+00
   20.510  -1.4881E+00
   20.520  -1.0216E+00
   20.530  -5.0886E-01
   20.540  -1.2347E-02
   20.550   3.6383E-01
   20.560   5.0898E-01
   20.570   3.9905E-01
   20.580   1.4263E-01
   20.590  -8.6107E-02
   20.600  -1.5305E-01
   20.610  -5.5625E-03
   20.620   3.5055E-01
   20.630   8.7006E-01
   20.640   1.4691E+00
   20.650   2.0424E+00
   20.660   2.4990E+00
   20.670   2.7821E+00
   20.680   2.8729E+00
   20.690   2.8050E+00
   20.700   2.6735E+00
   20.710   2.5980E+00
   20.720   2.6563E+00
   20.730   2.8501E+00
   20.740   3.1191E+00
   20.750   3.3547E+00
   20.760   3.4050E+00
   20.770   3.1194E+00
   20.780   2.4436E+00
   20.790   1.4764E+00
   20.800   4.1753E-01
   20.810  -5.4262E-01
   20.820  -1.2807E+00
   20.830  -1.7230E+00
   20.840  -1.8209E+00
   20.850  -1.5699E+00
   20.860  -1.0425E+00
   20.870  -4.9052E-01
   20.880   5.1919E-02
   20.890   3.4747E-01
   20.900   3.1698E-01
   20.910   1.2901E-02
   20.920  -4.2186E-01
   20.930  -8.4234E-01
   20.940  -1.1505E+00
   20.950  -1.2755E+00
   20.960  -1.1552E+00
   20.970  -7.8054E-01
   20.980  -3.4392E-01
   20.990   2.1119E-01
   21.000   7.0706E-01
   21.010   1.1710E+00
   21.020   1.6560E+00
   21.030   2.1383E+00
   21.040   2.5248E+00
   21.050   2.7465E+00
   21.060   2.8148E+00
   21.070   2.7934E+00
   21.080   2.7626E+00
   21.090   2.8141E+00
   21.100   3.0222E+00
   21.110   3.3620E+00
   21.120   3.6667E+00
   21.130   3.7183E+00
   21.140   3.4072E+00
   21.150   2.7960E+00
   21.160   2.0362E+00
   21.170   1.2490E+00
   21.180   4.9590E-01
   21.190  -1.7707E-01
   21.200  -7.1356E-01
   21.210  -1.0766E+00
   21.220  -1.2812E+00
   21.230  -1.3859E+00
   21.240  -1.3956E+00
   21.250  -1.9467E+00
   21.260  -2.0855E+00
   21.270  -2.3674E+00
   21.280  -2.7698E+00
   21.290  -3.1672E+00
   21.300  -3.5793E+00
   21.310  -3.6157E+00
   21.320  -2.6395E+00
   21.330  -1.7323E+00
   21.340  -5.6519E-01
   21.350   5.9117E-01
   21.360   1.4847E+00
   21.370   1.9973E+00
   21.380   2.1537E+00
   21.390   2.0473E+00
   21.400   1.7065E+00
   21.410   1.4921E+00
   21.420   1.3786E+00
   21.430   1.3189E+00
   21.440   1.3409E+00
   21.450   1.3597E+00
   21.460   1.3255E+00
   21.470   1.2307E+00
   21.480   1.0860E+00
   21.490   8.8628E-01
   21.500   5.8283E-01
   21.510   1.7322E-01
   21.520  -9.1008E-01
   21.530  -1.3844E+00
   21.540  -1.7325E+00
   21.550  -1.9813E+00
   21.560  -2.1037E+00
   21.570  -2.8122E+00
   21.580  -2.8204E+00
   21.590  -2.7351E+00
   21.600  -2.6803E+00
   21.610  -2.7638E+00
   21.620  -2.9819E+00
   21.630  -3.5286E+00
   21.640  -3.6368E+00
   21.650  -3.6491E+00
   21.660  -3.5376E+00
   21.670  -3.2947E+00
   21.680  -2.8785E+00
   21.690  -2.2389E+00
   21.700  -1.5136E+00
   21.710  -6.3071E-01
   21.720   3.3504E-01
   21.730   1.2820E+00
   21.740   2.0902E+00
   21.750   2.6663E+00
   21.760   2.9896E+00
   21.770   3.1042E+00
   21.780   2.7839E+00
   21.790   2.7995E+00
   21.800   2.8786E+00
   21.810   3.1112E+00
   21.820   3.4824E+00
   21.830   3.8385E+00
   21.840   3.9747E+00
   21.850   3.7629E+00
   21.860   3.2074E+00
   21.870   2.4114E+00
   21.880   1.2629E+00
   21.890   3.0446E-01
   21.900  -1.9220E-01
   21.910  -3.8745E-01
   21.920  -3.5360E-01
   21.930  -2.2634E-01
   21.940  -1.4824E-01
   21.950  -3.8564E-02
   21.960  -3.7373E-01
   21.970  -9.2776E-01
   21.980  -1.6189E+00
   21.990  -2.3095E+00
   22.000  -2.8307E+00
   22.010  -3.0410E+00
   22.020  -2.8952E+00
   22.030  -2.4597E+00
   22.040  -1.8436E+00
   22.050  -1.1212E+00
   22.060  -3.3023E-01
   22.070   3.3555E-01
   22.080   1.0731E+00
   22.090   1.0004E+00
   22.100   1.5589E+00
   22.110   1.8455E+00
   22.120   2.3884E+00
   22.130   2.6096E+00
   22.140   2.8600E+00
   22.150   2.9621E+00
   22.160   3.0189E+00
   22.170   3.1172E+00
   22.180   3.2792E+00
   22.190   3.4805E+00
   22.200   3.6939E+00
   22.210   3.9022E+00
   22.220   4.0788E+00
   22.230   4.1723E+00
   22.240   4.1235E+00
   22.250   3.8978E+00
   22.260   3.4990E+00
   22.270   2.9566E+00
   22.280   2.3066E+00
   22.290   1.5802E+00
   22.300   7.9864E-01
   22.310  -2.4480E-02
   22.320  -8.7339E-01
   22.330  -1.7215E+00
   22.340  -2.5302E+00
   22.350  -3.1983E+00
   22.360  -3.7665E+00
   22.370  -4.1396E+00
   22.380  -4.0034E+00
   22.390  -3.8188E+00
   22.400  -3.3750E+00
   22.410  -2.7683E+00
   22.420  -2.0864E+00
   22.430  -1.4867E+00
   22.440  -1.0807E+00
   22.450  -8.7644E-01
   22.460  -8.6327E-01
   22.470  -8.6091E-01
   22.480  -8.3297E-01
   22.490  -7.0047E-01
   22.500  -4.5771E-01
   22.510  -1.3447E-01
   22.520   2.6264E-01
   22.530   6.8752E-01
   22.540   5.7095E-01
   22.550   8.2678E-01
   22.560   8.7868E-01
   22.570   5.0972E-01
   22.580   8.3995E-02
   22.590  -3.2169E-01
   22.600  -5.7910E-01
   22.610  -6.6814E-01
   22.620  -6.2319E-01
   22.630  -5.7215E-01
   22.640  -5.2362E-01
   22.650  -6.4282E-01
   22.660  -9.7391E-01
   22.670  -1.4312E+00
   22.680  -1.8567E+00
   22.690  -2.1327E+00
   22.700  -1.8884E+00
   22.710  -1.8493E+00
   22.720  -1.8636E+00
   22.730  -1.9903E+00
   22.740  -2.3244E+00
   22.750  -2.7830E+00
   22.760  -3.2584E+00
   22.770  -3.6045E+00
   22.780  -3.7101E+00
   22.790  -3.5639E+00
   22.800  -3.2357E+00
   22.810  -2.7887E+00
   22.820  -2.2323E+00
   22.830  -1.5676E+00
   22.840  -3.3228E-01
   22.850  -2.5889E-01
   22.860   1.0101E-01
   22.870   6.5351E-01
   22.880   1.1885E+00
   22.890   1.5147E+00
   22.900   1.6349E+00
   22.910   1.4799E+00
   22.920   1.1546E+00
   22.930   7.8703E-01
   22.940   4.4673E-01
   22.950   1.3537E-01
   22.960  -2.2590E-01
   22.970  -4.5357E-01
   22.980  -6.2007E-01
   22.990  -7.0667E-01
   23.000  -8.3312E-01
   23.010  -8.9756E-01
   23.020  -8.2859E-01
   23.030  -6.0465E-01
   23.040  -2.8021E-01
   23.050  -1.4789E-02
   23.060   3.8961E-02
   23.070  -5.8225E-03
   23.080  -2.2762E-01
   23.090  -4.6580E-01
   23.100  -8.4752E-01
   23.110  -1.3173E+00
   23.120  -1.4775E+00
   23.130  -1.4724E+00
   23.140  -1.3145E+00
   23.150  -1.2219E+00
   23.160  -1.0976E+00
   23.170  -9.9922E-01
   23.180  -8.7390E-01
   23.190  -6.4123E-01
   23.200  -2.1585E-01
   23.210   3.9949E-01
   23.220   1.0838E+00
   23.230   1.2764E+00
   23.240   1.7836E+00
   23.250   2.2067E+00
   23.260   2.5814E+00
   23.270   2.8412E+00
   23.280   3.1144E+00
   23.290   3.3039E+00
   23.300   3.4959E+00
   23.310   3.6711E+00
   23.320   3.9290E+00
   23.330   3.8275E+00
   23.340   3.6098E+00
   23.350   3.3215E+00
   23.360   2.9828E+00
   23.370   2.6007E+00
   23.380   2.1568E+00
   23.390   1.7099E+00
   23.400   1.2802E+00
   23.410   1.5617E-01
   23.420  -2.9254E-01
   23.430  -9.3145E-01
   23.440  -8.0893E-01
   23.450  -1.3529E+00
   23.460  -1.7630E+00
   23.470  -1.9989E+00
   23.480  -2.0622E+00
   23.490  -1.5869E+00
   23.500  -1.4160E+00
   23.510  -1.1526E+00
   23.520  -8.3855E-01
   23.530  -5.4031E-01
   23.540  -1.9399E-01
   23.550   3.5601E-02
   23.560   2.3819E-01
   23.570   3.5213E-01
   23.580   3.2769E-01
   23.590   2.0259E-01
   23.600   9.5751E-02
   23.610   4.7426E-02
   23.620   8.8261E-02
   23.630   2.0147E-01
   23.640   3.6000E-01
   23.650   5.2876E-01
   23.660   6.7699E-01
   23.670   6.2860E-01
   23.680   3.1184E-01
   23.690   3.3482E-01
   23.700   3.4292E-01
   23.710   3.4027E-01
   23.720   3.3094E-01
   23.730   3.6134E-01
   23.740   3.3769E-01
   23.750   2.7388E-01
   23.760   4.1590E-02
   23.770  -3.9627E-02
   23.780  -6.1752E-01
   23.790  -6.4797E-01
   23.800  -1.1906E+00
   23.810  -1.6656E+00
   23.820  -2.0419E+00
   23.830  -2.3025E+00
   23.840  -2.4618E+00
   23.850  -2.5509E+00
   23.860  -2.5851E+00
   23.870  -2.6584E+00
   23.880  -2.5884E+00
   23.890  -2.4343E+00
   23.900  -1.9939E+00
   23.910  -1.0665E+00
   23.920  -8.8940E-01
   23.930  -7.2193E-01
   23.940  -5.4631E-01
   23.950  -5.7418E-01
   23.960  -7.2844E-01
   23.970  -9.3558E-01
   23.980  -1.0799E+00
   23.990  -9.6696E-01
   24.000  -8.3718E-01
   24.010  -6.6973E-01
   24.020  -5.0304E-01
   24.030  -2.9906E-01
   24.040  -1.5478E-02
   24.050   3.3196E-01
   24.060   7.0151E-01
   24.070   1.0739E+00
   24.080   1.5914E+00
   24.090   1.8058E+00
   24.100   1.8044E+00
   24.110   1.5055E+00
   24.120   1.0377E+00
   24.130   3.8447E-01
   24.140  -1.6378E-01
   24.150  -5.6554E-01
   24.160  -7.5751E-01
   24.170  -7.5407E-01
   24.180  -6.4535E-01
   24.190  -5.2838E-01
   24.200  -4.4531E-01
   24.210  -3.9117E-01
   24.220  -3.4330E-01
   24.230   1.8299E-02
   24.240  -1.6820E-01
   24.250  -3.4388E-01
   24.260  -3.0509E-01
   24.270  -3.1764E-01
   24.280  -3.2932E-01
   24.290  -3.6385E-01
   24.300  -3.8744E-01
   24.310  -3.9538E-01
   24.320  -3.3357E-01
   24.330  -1.5028E-01
   24.340   1.6088E-01
   24.350   5.5967E-01
   24.360   9.8404E-01
   24.370   1.3776E+00
   24.380   1.6469E+00
   24.390   1.8633E+00
   24.400   1.9526E+00
   24.410   1.9023E+00
   24.420   1.7515E+00
   24.430   1.5557E+00
   24.440   1.2326E+00
   24.450   8.8644E-01
   24.460   8.3532E-02
   24.470  -3.4311E-01
   24.480  -7.3352E-01
   24.490  -9.5178E-01
   24.500  -9.5337E-01
   24.510  -6.7358E-01
   24.520  -1.9525E-01
   24.530   3.1487E-01
   24.540   7.0764E-01
   24.550   9.2399E-01
   24.560   9.0354E-01
   24.570   1.0006E+00
   24.580   8.4237E-01
   24.590   5.6298E-01
   24.600   1.9934E-01
   24.610  -6.7566E-02
   24.620  -2.8495E-01
   24.630  -4.3580E-01
   24.640  -4.8388E-01
   24.650  -3.9317E-01
   24.660  -2.2456E-01
   24.670   9.1331E-02
   24.680   4.6231E-01
   24.690   8.3471E-01
   24.700   1.1532E+00
   24.710   1.3769E+00
   24.720   1.5010E+00
   24.730   1.5261E+00
   24.740   1.5963E+00
   24.750   1.6427E+00
   24.760   1.5313E+00
   24.770   1.3124E+00
   24.780   9.8030E-01
   24.790   5.7566E-01
   24.800   2.5298E-02
   24.810  -3.5684E-01
   24.820  -5.6260E-01
   24.830  -7.5037E-01
   24.840  -8.1774E-01
   24.850  -7.7687E-01
   24.860  -7.3219E-01
   24.870  -7.4540E-01
   24.880  -8.3954E-01
   24.890  -1.0014E+00
   24.900  -1.2706E+00
   24.910  -1.5145E+00
   24.920  -1.7109E+00
   24.930  -2.0754E+00
   24.940  -2.1071E+00
   24.950  -2.0976E+00
   24.960  -2.1167E+00
   24.970  -2.0463E+00
   24.980  -1.8729E+00
   24.990  -1.6016E+00
   25.000  -1.2335E+00
   25.010  -8.0013E-01
   25.020  -3.3593E-01
   25.030   1.1155E-01
   25.040   7.5082E-01
   25.050   8.7446E-01
   25.060   5.8708E-01
   25.070   2.5875E-01
   25.080  -3.6553E-01
   25.090  -6.2924E-01
   25.100  -7.3837E-01
   25.110  -7.1543E-01
   25.120  -6.1518E-01
   25.130  -4.9822E-01
   25.140  -4.1825E-01
   25.150  -1.8267E-01
   25.160  -1.9466E-01
   25.170  -1.6212E-01
   25.180  -2.5754E-02
   25.190   1.8389E-01
   25.200   3.8466E-01
   25.210   5.1167E-01
   25.220   5.4786E-01
   25.230   5.2399E-01
   25.240   4.3622E-01
   25.250   2.6654E-01
   25.260   1.0120E-02
   25.270  -2.9109E-01
   25.280  -5.7205E-01
   25.290  -7.7732E-01
   25.300  -8.8943E-01
   25.310  -8.5827E-01
   25.320  -6.9794E-01
   25.330  -3.6797E-01
   25.340  -2.2035E-01
   25.350  -9.5864E-02
   25.360  -1.3071E-02
   25.370   3.0711E-02
   25.380   4.3466E-02
   25.390   1.1432E-02
   25.400  -6.8086E-02
   25.410  -1.7504E-01
   25.420  -3.8624E-01
   25.430  -4.4265E-01
   25.440  -4.9946E-01
   25.450  -5.1565E-01
   25.460  -4.2077E-01
   25.470  -2.4079E-01
   25.480  -2.9350E-03
   25.490   2.6043E-01
   25.500   5.1767E-01
   25.510   7.3014E-01
   25.520   8.7942E-01
   25.530   8.9186E-01
   25.540   7.8533E-01
   25.550   2.0250E-01
   25.560   7.1525E-01
   25.570   6.1249E-01
   25.580   5.6052E-01
   25.590   5.9418E-01
   25.600   7.1663E-01
   25.610   8.9042E-01
   25.620   1.0524E+00
   25.630   1.1483E+00
   25.640   1.1600E+00
   25.650   1.0977E+00
   25.660   9.7495E-01
   25.670   7.9874E-01
   25.680   5.8379E-01
   25.690   3.5977E-01
   25.700   1.5556E-01
   25.710  -1.9596E-02
   25.720  -1.2232E-01
   25.730  -3.1284E-01
   25.740  -4.2519E-01
   25.750  -5.5485E-01
   25.760  -6.7338E-01
   25.770  -7.4561E-01
   25.780  -7.5181E-01
   25.790  -6.9851E-01
   25.800  -6.0712E-01
   25.810  -4.9683E-01
   25.820  -3.8076E-01
   25.830  -2.7184E-01
   25.840  -1.8414E-01
   25.850  -1.2799E-01
   25.860  -1.6496E-01
   25.870  -1.6148E-01
   25.880   3.5142E-02
   25.890   7.7600E-02
   25.900   1.1839E-01
   25.910   1.0207E-01
   25.920   9.2573E-02
   25.930   8.6553E-02
   25.940   1.1623E-01
   25.950   1.9262E-01
   25.960   3.0262E-01
   25.970   4.2687E-01
   25.980   5.4887E-01
   25.990   5.3239E-01
   26.000   5.8490E-01
   26.010   5.5106E-01
   26.020   4.1353E-01
   26.030   1.8589E-01
   26.040  -8.3329E-02
   26.050  -3.2423E-01
   26.060  -4.7630E-01
   26.070  -4.2516E-01
   26.080  -3.6192E-01
   26.090  -2.2478E-01
   26.100  -1.0430E-01
   26.110   1.0147E-01
   26.120  -1.9496E-02
   26.130  -6.2897E-02
   26.140  -1.7189E-01
   26.150  -3.2228E-01
   26.160  -4.6794E-01
   26.170  -5.5676E-01
   26.180  -5.5920E-01
   26.190  -4.8774E-01
   26.200  -3.8482E-01
   26.210  -3.9294E-01
   26.220  -3.9859E-01
   26.230  -4.1894E-01
   26.240  -4.4233E-01
   26.250  -4.8493E-01
   26.260  -4.6742E-01
   26.270  -4.1394E-01
   26.280  -2.9089E-01
   26.290  -1.8972E-01
   26.300  -1.1170E-01
   26.310  -8.8278E-02
   26.320  -1.2110E-01
   26.330  -1.7713E-01
   26.340  -2.1285E-01
   26.350  -2.0174E-01
   26.360  -1.3786E-01
   26.370  -2.3881E-02
   26.380   1.3153E-01
   26.390   3.0647E-01
   26.400   5.3389E-01
   26.410   4.9458E-01
   26.420   5.2641E-01
   26.430   5.3876E-01
   26.440   5.5879E-01
   26.450   6.0538E-01
   26.460   6.7547E-01
   26.470   7.3782E-01
   26.480   6.5130E-01
   26.490   5.8221E-01
   26.500   4.3152E-01
   26.510   2.2331E-01
   26.520  -1.7546E-02
   26.530  -1.9475E-01
   26.540  -3.7010E-01
   26.550  -4.7448E-01
   26.560  -5.0109E-01
   26.570  -4.5115E-01
   26.580  -3.6581E-01
   26.590  -2.8128E-01
   26.600  -2.0652E-01
   26.610  -1.7914E-01
   26.620  -1.7093E-01
   26.630  -1.5987E-01
   26.640  -8.8284E-02
   26.650  -2.2867E-02
   26.660  -8.5382E-03
   26.670   4.7163E-03
   26.680   1.8491E-02
   26.690   4.1305E-02
   26.700   6.2226E-02
   26.710   6.7696E-02
   26.720   5.4309E-02
   26.730   2.6789E-02
   26.740  -5.1097E-02
   26.750  -7.8534E-02
   26.760  -8.3430E-02
   26.770  -4.6191E-02
   26.780   3.9209E-02
   26.790   1.4511E-01
   26.800   2.1766E-01
   26.810   2.0924E-01
   26.820   1.2381E-01
   26.830  -2.7004E-02
   26.840  -1.3540E-01
   26.850   1.7725E-01
   26.860   2.6372E-01
   26.870   4.1876E-01
   26.880   5.8270E-01
   26.890   6.7722E-01
   26.900   6.8546E-01
   26.910   4.8893E-01
   26.920   2.9824E-01
   26.930   3.1457E-02
   26.940  -1.2869E-01
   26.950  -2.2717E-01
   26.960  -2.6122E-01
   26.970  -2.4895E-01
   26.980  -2.1982E-01
   26.990  -2.0312E-01
   27.000  -2.1511E-01
   27.010  -2.5165E-01
   27.020  -2.9332E-01
   27.030  -3.1328E-01
   27.040  -3.0612E-01
   27.050  -2.7625E-01
   27.060  -2.2872E-01
   27.070  -1.5172E-01
   27.080  -1.4762E-01
   27.090  -6.1270E-02
   27.100   2.0719E-02
   27.110   9.8473E-02
   27.120   1.6520E-01
   27.130   2.0572E-01
   27.140   1.7784E-01
   27.150   1.1117E-01
   27.160   2.8759E-02
   27.170  -5.1129E-02
   27.180  -9.5365E-02
   27.190  -7.2836E-02
   27.200   3.0648E-02
   27.210   6.8617E-02
   27.220   1.3244E-01
   27.230   1.7691E-01
   27.240   1.1426E-01
   27.250   7.5694E-02
   27.260   2.1725E-02
   27.270  -2.4989E-02
   27.280  -2.0504E-01
   27.290  -1.9067E-01
   27.300  -1.5384E-01
   27.310   4.7834E-02
   27.320   8.7098E-02
   27.330   9.9572E-02
   27.340   9.6329E-02
   27.350   9.6911E-02
   27.360   1.3224E-01
   27.370   1.2758E-01
   27.380   1.1080E-01
   27.390   7.9944E-02
   27.400   4.9058E-02
   27.410   3.8526E-02
   27.420   7.4762E-02
   27.430   1.2587E-01
   27.440   2.1353E-01
   27.450   3.2005E-01
   27.460   4.1583E-01
   27.470   4.6895E-01
   27.480   4.5769E-01
   27.490   3.7709E-01
   27.500   3.6288E-01
   27.510   2.2875E-01
   27.520   1.0465E-01
   27.530   5.4179E-03
   27.540  -4.9765E-02
   27.550  -5.7138E-02
   27.560   4.2011E-02
   27.570   4.3715E-02
   27.580   4.1272E-02
   27.590   2.9301E-02
   27.600   1.2010E-02
   27.610  -9.3007E-04
   27.620   1.2125E-03
   27.630   2.4448E-02
   27.640   6.3755E-02
   27.650   1.0305E-01
   27.660   1.2543E-01
   27.670   1.3178E-01
   27.680   1.2580E-01
   27.690   1.2120E-01
   27.700   1.3179E-01
   27.710   1.5119E-01
   27.720   1.7430E-01
   27.730   1.9199E-01
   27.740   1.8948E-01
   27.750   1.7492E-01
   27.760   1.6345E-01
   27.770   1.6708E-01
   27.780   1.8854E-01
   27.790   2.2337E-01
   27.800   2.6576E-01
   27.810   3.0775E-01
   27.820   3.3610E-01
   27.830   3.3672E-01
   27.840   3.0494E-01
   27.850   2.5832E-01
   27.860   1.9631E-01
   27.870   1.3912E-01
   27.880   9.3408E-02
   27.890   6.0124E-02
   27.900   5.3606E-02
   27.910   4.0782E-02
   27.920   3.1397E-02
   27.930   2.7083E-02
   27.940   2.3184E-02
   27.950   2.7111E-01
   27.960   2.4779E-01
   27.970   1.9677E-01
   27.980   1.2665E-01
   27.990   4.1257E-02
   28.000  -6.1206E-02
   28.010  -1.7597E-01
   28.020  -2.8442E-01
   28.030  -3.6325E-01
   28.040  -3.9937E-01
   28.050  -3.9685E-01
   28.060  -3.6101E-01
   28.070  -3.0728E-01
   28.080  -2.2575E-01
   28.090  -2.1094E-01
   28.100  -1.6299E-01
   28.110  -1.0672E-01
   28.120  -4.0028E-02
   28.130  -2.6731E-03
   28.140   3.7578E-02
   28.150   7.9748E-02
   28.160   1.2118E-01
   28.170   1.5692E-01
   28.180   1.8045E-01
   28.190   1.8650E-01
   28.200   1.7450E-01
   28.210   1.4973E-01
   28.220   1.2068E-01
   28.230   9.4744E-02
   28.240   4.9986E-02
   28.250   4.2463E-02
   28.260   4.2110E-02
   28.270   4.6822E-02
   28.280   5.4254E-02
   28.290   5.9731E-02
   28.300   5.6186E-02
   28.310   3.7998E-02
   28.320   5.0878E-03
   28.330  -3.7449E-02
   28.340  -8.3211E-02
   28.350  -1.2600E-01
   28.360  -1.5801E-01
   28.370  -1.7108E-01
   28.380  -1.6443E-01
   28.390  -1.4120E-01
   28.400  -1.2531E-01
   28.410  -1.3415E-01
   28.420  -1.3572E-01
   28.430  -1.2995E-01
   28.440  -1.2578E-01
   28.450  -1.2380E-01
   28.460  -1.2136E-01
   28.470  -1.1311E-01
   28.480  -1.1429E-01
   28.490  -1.1632E-01
   28.500  -1.1434E-01
   28.510  -1.0179E-01
   28.520  -7.7470E-02
   28.530  -4.4955E-02
   28.540  -7.0183E-03
   28.550   1.0031E-02
   28.560   2.4921E-02
   28.570   3.5467E-02
   28.580   3.6321E-02
   28.590   2.6416E-02
   28.600   7.7051E-03
   28.610  -4.4371E-02
   28.620  -7.5551E-02
   28.630  -1.0845E-01
   28.640  -1.3793E-01
   28.650  -6.7329E-02
   28.660  -5.1125E-02
   28.670  -3.7865E-02
   28.680  -2.9776E-02
   28.690  -2.5790E-02
   28.700  -2.4231E-02
   28.710  -2.3461E-02
   28.720  -2.5560E-02
   28.730  -2.7316E-02
   28.740  -2.6114E-02
   28.750  -2.1029E-02
   28.760  -1.5202E-02
   28.770  -1.1255E-02
   28.780  -1.0105E-02
   28.790  -1.0043E-02
   28.800  -8.5793E-03
   28.810  -4.1961E-03
   28.820   2.9933E-03
   28.830   1.1482E-02
   28.840   1.9568E-02
   28.850   2.6989E-02
   28.860   3.5002E-02
   28.870   4.4344E-02
   28.880   5.3639E-02
   28.890   6.0465E-02
   28.900   6.3081E-02
   28.910   6.0341E-02
   28.920   5.1220E-02
   28.930   3.6408E-02
   28.940   1.9722E-02
   28.950   5.7335E-03
   28.960  -4.1948E-03
   28.970  -1.1934E-02
   28.980  -1.8935E-02
   28.990  -2.4732E-02
   29.000  -2.9079E-02
   29.010  -3.2748E-02
   29.020  -7.7564E-03
   29.030   5.8982E-03
   29.040   1.9649E-02
   29.050   2.8492E-02
   29.060   3.2554E-02
   29.070   3.2472E-02
   29.080   3.1806E-02
   29.090   3.2629E-02
   29.100   3.5601E-02
   29.110   4.1776E-02
   29.120   5.1959E-02
   29.130   6.4412E-02
   29.140   7.5227E-02
   29.150   8.1510E-02
   29.160   8.2950E-02
   29.170   7.9367E-02
   29.180   6.9874E-02
   29.190   5.4768E-02
   29.200   3.5794E-02
   29.210   2.1269E-02
   29.220   2.1819E-03
   29.230  -1.9033E-02
   29.240  -2.8982E-02
   29.250  -4.0421E-02
   29.260  -5.2591E-02
   29.270  -6.4341E-02
   29.280  -7.4566E-02
   29.290  -8.1621E-02
   29.300  -8.3333E-02
   29.310  -7.8430E-02
   29.320  -6.7709E-02
   29.330  -5.3295E-02
   29.340  -3.6993E-02
   29.350  -1.9975E-02
   29.360  -3.8333E-03
   29.370   9.0661E-03
   29.380   2.7185E-02
   29.390   2.6555E-02
   29.400   2.0043E-02
   29.410   7.5299E-03
   29.420  -1.0297E-02
   29.430  -3.0692E-02
   29.440  -4.8901E-02
   29.450  -5.9838E-02
   29.460  -6.0023E-02
   29.470  -4.8699E-02
   29.480  -2.5670E-02
   29.490   5.5421E-04
   29.500   2.7446E-02
   29.510   5.0657E-02
   29.520   6.5976E-02
   29.530   7.0193E-02
   29.540   6.3113E-02
   29.550   4.8446E-02
   29.560   3.1682E-02
   29.570   1.6817E-02
   29.580   5.3825E-03
   29.590  -2.0537E-03
   29.600  -8.2512E-03
   29.610  -2.0549E-02
   29.620  -7.8584E-03
   29.630   2.1388E-03
   29.640   1.1682E-02
   29.650   1.9226E-02
   29.660   2.2850E-02
   29.670   2.1187E-02
   29.680   1.4857E-02
   29.690   1.2307E-02
   29.700   3.7226E-03
   29.710  -3.5082E-03
   29.720  -8.7555E-03
   29.730  -1.0965E-02
   29.740  -9.3110E-03
   29.750  -4.6869E-03
   29.760   4.5664E-04
   29.770  -7.1636E-03
   29.780  -4.3136E-03
   29.790  -1.6074E-03
   29.800   9.8812E-04
   29.810   3.0826E-03
   29.820   4.9116E-03
   29.830   7.2526E-03
   29.840   1.0364E-02
   29.850   1.3774E-02
   29.860   1.7254E-02
   29.870   2.1057E-03
   29.880   2.9839E-03
   29.890   4.5467E-03
   29.900   6.3344E-03
   29.910   7.8872E-03
   29.920   8.9157E-03
   29.930   9.2664E-03
   29.940   8.8445E-03
   29.950   7.6437E-03
   29.960   5.8169E-03
   29.970   3.6788E-03
   29.980   1.6147E-03
   29.990  -7.2059E-05
   30.000  -1.3434E-03
   30.010  -2.5030E-03
   30.020  -4.0018E-03
   30.030  -6.0538E-03
   30.040  -8.4115E-03
   30.050  -1.0516E-02
   30.060  -1.1834E-02
   30.070  -1.2091E-02
   30.080  -1.1330E-02
   30.090  -9.8952E-03
   30.100  -8.3084E-03
   30.110  -7.0229E-03
   30.120  -6.2303E-03
   30.130  -5.8836E-03
   30.140  -5.8288E-03
   30.150  -5.8474E-03
   30.160  -5.6797E-03
   30.170  -5.1699E-03
   30.180  -4.3838E-03
   30.190  -3.4305E-03
   30.200  -2.1491E-03
   30.210  -1.3140E-04
   30.220   2.8494E-03
   30.230   6.5340E-03
   30.240   1.0357E-02
   30.250   1.3796E-02
   30.260   1.1575E-02
   30.270   1.0750E-02
   30.280   9.4685E-03
   30.290   7.6590E-03
   30.300   7.7622E-03
   30.310   5.9693E-03
   30.320   3.5556E-03
   30.330   7.6288E-04
   30.340  -2.0623E-03
   30.350  -4.4918E-03
   30.360  -6.1688E-03
   30.370  -6.9950E-03
   30.380  -7.1345E-03
   30.390  -6.8304E-03
   30.400  -6.2621E-03
   30.410  -5.5618E-03
   30.420  -4.8647E-03
   30.430  -4.2795E-03
   30.440  -3.8521E-03
   30.450   2.7097E-04
   30.460   2.7542E-04
   30.470   9.4903E-05
   30.480  -2.3783E-04
   30.490  -6.0854E-04
   30.500  -8.9967E-04
   30.510  -1.0738E-03
   30.520  -1.1643E-03
   30.530  -1.1925E-03
   30.540  -1.1267E-03
   30.550  -9.2462E-04
   30.560  -5.8091E-04
   30.570  -1.1434E-04
   30.580   4.5313E-04
   30.590   1.0601E-03
   30.600   1.5625E-03
   30.610   4.0251E-05
   30.620   6.3646E-05
   30.630   1.0230E-04
   30.640   2.0911E-04
   30.650   3.7406E-04
   30.660   5.5147E-04
   30.670   7.0971E-04
   30.680   8.3364E-04
   30.690   8.8906E-04
   30.700   8.2091E-04
   30.710   6.0249E-04
   30.720   2.7043E-04
   30.730  -4.7420E-04
   30.740  -6.8210E-04
   30.750  -8.3354E-04
   30.760  -8.8483E-04
   30.770  -8.0667E-04
   30.780  -6.0804E-04
   30.790  -3.4569E-04
   30.800  -1.1014E-04
   30.810   1.8151E-06
   30.820  -7.8722E-05
   30.830  -3.5869E-04
   30.840  -7.6792E-04
   30.850  -1.1839E-03
   30.860  -1.4859E-03
   30.870  -1.6005E-03
   30.880  -1.5154E-03
   30.890  -1.2708E-03
   30.900  -9.4405E-04
   30.910  -6.2204E-04
   30.920  -3.5908E-04
   30.930  -1.5586E-04
   30.940   8.2749E-06
   30.950   1.2097E-04
   30.960   1.3418E-04
   30.970   2.4550E-05
   30.980  -1.6004E-04
   30.990  -3.3119E-04
   31.000  -4.2687E-04
   31.010  -4.3443E-04
   31.020  -3.6371E-04
   31.030   0.0000E+00
   31.040   0.0000E+00
   31.050   0.0000E+00
   31.060   0.0000E+00
   31.070   0.0000E+00
   31.080   0.0000E+00
   31.090   0.0000E+00
   31.100   0.0000E+00
   31.110   0.0000E+00
   31.120   0.0000E+00
   31.130   0.0000E+00
   31.140   0.0000E+00
   31.150   0.0000E+00
   31.160   0.0000E+00
   31.170   0.0000E+00
   31.180   0.0000E+00
   31.190   0.0000E+00
   31.200   0.0000E+00
   31.210   0.0000E+00
   31.220   0.0000E+00
   31.230   0.0000E+00
   31.240   0.0000E+00
   31.250   0.0000E+00
   31.260   0.0000E+00
   31.270   0.0000E+00
   31.280   0.0000E+00
   31.290   0.0000E+00
   31.300   0.0000E+00
   31.310   0.0000E+00
   31.320   0.0000E+00
   31.330   0.0000E+00
   31.340   0.0000E+00
   31.350   0.0000E+00
   31.360   0.0000E+00
   31.370   0.0000E+00
   31.380   0.0000E+00
   31.390   0.0000E+00
   31.400   0.0000E+00
   31.410   0.0000E+00
   31.420   0.0000E+00
   31.430   0.0000E+00
   31.440   0.0000E+00
   31.450   0.0000E+00
   31.460   0.0000E+00
   31.470   0.0000E+00
   31.480   0.0000E+00
   31.490   0.0000E+00
   31.500   0.0000E+00
   31.510   0.0000E+00
   31.520   0.0000E+00
   31.530   0.0000E+00
   31.540   0.0000E+00
   31.550   0.0000E+00
   31.560   0.0000E+00
   31.570   0.0000E+00
   31.580   0.0000E+00
   31.590   0.0000E+00
   31.600   0.0000E+00
   31.610   0.0000E+00
   31.620   0.0000E+00
   31.630   0.0000E+00
   31.640   0.0000E+00
   31.650   0.0000E+00
   31.660   0.0000E+00
   31.670   0.0000E+00
   31.680   0.0000E+00
   31.690   0.0000E+00
   31.700   0.0000E+00
   31.710   0.0000E+00
   31.720   0.0000E+00
   31.730   0.0000E+00
   31.740   0.0000E+00
   31.750   0.0000E+00
   31.760   0.0000E+00
   31.770   0.0000E+00
   31.780   0.0000E+00
   31.790   0.0000E+00
   31.800   0.0000E+00
   31.810   0.0000E+00
   31.820   0.0000E+00
   31.830   0.0000E+00
   31.840   0.0000E+00
   31.850   0.0000E+00
   31.860   0.0000E+00
   31.870   0.0000E+00
   31.880   0.0000E+00
   31.890   0.0000E+00
   31.900   0.0000E+00
   31.910   0.0000E+00
   31.920   0.0000E+00
   31.930   0.0000E+00
   31.940   0.0000E+00
   31.950   0.0000E+00
   31.960   0.0000E+00
   31.970   0.0000E+00
   31.980   0.0000E+00
   31.990   0.0000E+00
   32.000   0.0000E+00
   32.010   0.0000E+00
   32.020   0.0000E+00
   32.030   0.0000E+00
   32.040   0.0000E+00
   32.050   0.0000E+00
   32.060   0.0000E+00
   32.070   0.0000E+00
   32.080   0.0000E+00
   32.090   0.0000E+00
   32.100   0.0000E+00
   32.110   0.0000E+00
   32.120   0.0000E+00
   32.130   0.0000E+00
   32.140   0.0000E+00
   32.150   0.0000E+00
   32.160   0.0000E+00
   32.170   0.0000E+00
   32.180   0.0000E+00
   32.190   0.0000E+00
   32.200   0.0000E+00
   32.210   0.0000E+00
   32.220   0.0000E+00
   32.230   0.0000E+00
   32.240   0.0000E+00
   32.250   0.0000E+00
   32.260   0.0000E+00
   32.270   0.0000E+00
   32.280   0.0000E+00
   32.290   0.0000E+00
   32.300   0.0000E+00
   32.310   0.0000E+00
   32.320   0.0000E+00
   32.330   0.0000E+00
   32.340   0.0000E+00
   32.350   0.0000E+00
   32.360   0.0000E+00
   32.370   0.0000E+00
   32.380   0.0000E+00
   32.390   0.0000E+00
   32.400   0.0000E+00
   32.410   0.0000E+00
   32.420   0.0000E+00
   32.430   0.0000E+00
   32.440   0.0000E+00
   32.450   0.0000E+00
   32.460   0.0000E+00
   32.470   0.0000E+00
   32.480   0.0000E+00
   32.490   0.0000E+00
   32.500   0.0000E+00
   32.510   0.0000E+00
   32.520   0.0000E+00
   32.530   0.0000E+00
   32.540   0.0000E+00
   32.550   0.0000E+00
   32.560   0.0000E+00
   32.570   0.0000E+00
   32.580   0.0000E+00
   32.590   0.0000E+00
   32.600   0.0000E+00
   32.610   0.0000E+00
   32.620   0.0000E+00
   32.630   0.0000E+00
   32.640   0.0000E+00
   32.650   0.0000E+00
   32.660   0.0000E+00
   32.670   0.0000E+00
   32.680   0.0000E+00
   32.690   0.0000E+00
   32.700   0.0000E+00
   32.710   0.0000E+00
   32.720   0.0000E+00
   32.730   0.0000E+00
   32.740   0.0000E+00
   32.750   0.0000E+00
   32.760   0.0000E+00
   32.770   0.0000E+00
   32.780   0.0000E+00
   32.790   0.0000E+00
   32.800   0.0000E+00
   32.810   0.0000E+00
   32.820   0.0000E+00
   32.830   0.0000E+00
   32.840   0.0000E+00
   32.850   0.0000E+00
   32.860   0.0000E+00
   32.870   0.0000E+00
   32.880   0.0000E+00
   32.890   0.0000E+00
   32.900   0.0000E+00
   32.910   0.0000E+00
   32.920   0.0000E+00
   32.930   0.0000E+00
   32.940   0.0000E+00
   32.950   0.0000E+00
   32.960   0.0000E+00
   32.970   0.0000E+00
   32.980   0.0000E+00
   32.990   0.0000E+00
   33.000   0.0000E+00
   33.010   0.0000E+00
   33.020   0.0000E+00
   33.030   0.0000E+00
   33.040   0.0000E+00
   33.050   0.0000E+00
   33.060   0.0000E+00
   33.070   0.0000E+00
   33.080   0.0000E+00
   33.090   0.0000E+00
   33.100   0.0000E+00
   33.110   0.0000E+00
   33.120   0.0000E+00
   33.130   0.0000E+00
   33.140   0.0000E+00
   33.150   0.0000E+00
   33.160   0.0000E+00
   33.170   0.0000E+00
   33.180   0.0000E+00
   33.190   0.0000E+00
   33.200   0.0000E+00
   33.210   0.0000E+00
   33.220   0.0000E+00
   33.230   0.0000E+00
   33.240   0.0000E+00
   33.250   0.0000E+00
   33.260   0.0000E+00
   33.270   0.0000E+00
   33.280   0.0000E+00
   33.290   0.0000E+00
   33.300   0.0000E+00
   33.310   0.0000E+00
   33.320   0.0000E+00
   33.330   0.0000E+00
   33.340   0.0000E+00
   33.350   0.0000E+00
   33.360   0.0000E+00
   33.370   0.0000E+00
   33.380   0.0000E+00
   33.390   0.0000E+00
   33.400   0.0000E+00
   33.410   0.0000E+00
   33.420   0.0000E+00
   33.430   0.0000E+00
   33.440   0.0000E+00
   33.450   0.0000E+00
   33.460   0.0000E+00
   33.470   0.0000E+00
   33.480   0.0000E+00
   33.490   0.0000E+00
   33.500   0.0000E+00
   33.510   0.0000E+00
   33.520   0.0000E+00
   33.530   0.0000E+00
   33.540   0.0000E+00
   33.550   0.0000E+00
   33.560   0.0000E+00
   33.570   0.0000E+00
   33.580   0.0000E+00
   33.590   0.0000E+00
   33.600   0.0000E+00
   33.610   0.0000E+00
   33.620   0.0000E+00
   33.630   0.0000E+00
   33.640   0.0000E+00
   33.650   0.0000E+00
   33.660   0.0000E+00
   33.670   0.0000E+00
   33.680   0.0000E+00
   33.690   0.0000E+00
   33.700   0.0000E+00
   33.710   0.0000E+00
   33.720   0.0000E+00
   33.730   0.0000E+00
   33.740   0.0000E+00
   33.750   0.0000E+00
   33.760   0.0000E+00
   33.770   0.0000E+00
   33.780   0.0000E+00
   33.790   0.0000E+00
   33.800   0.0000E+00
   33.810   0.0000E+00
   33.820   0.0000E+00
   33.830   0.0000E+00
   33.840   0.0000E+00
   33.850   0.0000E+00
   33.860   0.0000E+00
   33.870   0.0000E+00
   33.880   0.0000E+00
   33.890   0.0000E+00
   33.900   0.0000E+00
   33.910   0.0000E+00
   33.920   0.0000E+00
   33.930   0.0000E+00
   33.940   0.0000E+00
   33.950   0.0000E+00
   33.960   0.0000E+00
   33.970   0.0000E+00
   33.980   0.0000E+00
   33.990   0.0000E+00
   34.000   0.0000E+00
   34.010   0.0000E+00
   34.020   0.0000E+00
   34.030   0.0000E+00
   34.040   0.0000E+00
   34.050   0.0000E+00
   34.060   0.0000E+00
   34.070   0.0000E+00
   34.080   0.0000E+00
   34.090   0.0000E+00
   34.100   0.0000E+00
   34.110   0.0000E+00
   34.120   0.0000E+00
   34.130   0.0000E+00
   34.140   0.0000E+00
   34.150   0.0000E+00
   34.160   0.0000E+00
   34.170   0.0000E+00
   34.180   0.0000E+00
   34.190   0.0000E+00
   34.200   0.0000E+00
   34.210   0.0000E+00
   34.220   0.0000E+00
   34.230   0.0000E+00
   34.240   0.0000E+00
   34.250   0.0000E+00
   34.260   0.0000E+00
   34.270   0.0000E+00
   34.280   0.0000E+00
   34.290   0.0000E+00
   34.300   0.0000E+00
   34.310   0.0000E+00
   34.320   0.0000E+00
   34.330   0.0000E+00
   34.340   0.0000E+00
   34.350   0.0000E+00
   34.360   0.0000E+00
   34.370   0.0000E+00
   34.380   0.0000E+00
   34.390   0.0000E+00
   34.400   0.0000E+00
   34.410   0.0000E+00
   34.420   0.0000E+00
   34.430   0.0000E+00
   34.440   0.0000E+00
   34.450   0.0000E+00
   34.460   0.0000E+00
   34.470   0.0000E+00
   34.480   0.0000E+00
   34.490   0.0000E+00
   34.500   0.0000E+00
   34.510   0.0000E+00
   34.520   0.0000E+00
   34.530   0.0000E+00
   34.540   0.0000E+00
   34.550   0.0000E+00
   34.560   0.0000E+00
   34.570   0.0000E+00
   34.580   0.0000E+00
   34.590   0.0000E+00
   34.600   0.0000E+00
   34.610   0.0000E+00
   34.620   0.0000E+00
   34.630   0.0000E+00
   34.640   0.0000E+00
   34.650   0.0000E+00
   34.660   0.0000E+00
   34.670   0.0000E+00
   34.680   0.0000E+00
   34.690   0.0000E+00
   34.700   0.0000E+00
   34.710   0.0000E+00
   34.720   0.0000E+00
   34.730   0.0000E+00
   34.740   0.0000E+00
   34.750   0.0000E+00
   34.760   0.0000E+00
   34.770   0.0000E+00
   34.780   0.0000E+00
   34.790   0.0000E+00
   34.800   0.0000E+00
   34.810   0.0000E+00
   34.820   0.0000E+00
   34.830   0.0000E+00
   34.840   0.0000E+00
   34.850   0.0000E+00
   34.860   0.0000E+00
   34.870   0.0000E+00
   34.880   0.0000E+00
   34.890   0.0000E+00
   34.900   0.0000E+00
   34.910   0.0000E+00
   34.920   0.0000E+00
   34.930   0.0000E+00
   34.940   0.0000E+00
   34.950   0.0000E+00
   34.960   0.0000E+00
   34.970   0.0000E+00
   34.980   0.0000E+00
   34.990   0.0000E+00
   35.000   0.0000E+00
   35.010   0.0000E+00
   35.020   0.0000E+00
   35.030   0.0000E+00
   35.040   0.0000E+00
   35.050   0.0000E+00
   35.060   0.0000E+00
   35.070   0.0000E+00
   35.080   0.0000E+00
   35.090   0.0000E+00
   35.100   0.0000E+00
   35.110   0.0000E+00
   35.120   0.0000E+00
   35.130   0.0000E+00
   35.140   0.0000E+00
   35.150   0.0000E+00
   35.160   0.0000E+00
   35.170   0.0000E+00
   35.180   0.0000E+00
   35.190   0.0000E+00
   35.200   0.0000E+00
   35.210   0.0000E+00
   35.220   0.0000E+00
   35.230   0.0000E+00
   35.240   0.0000E+00
   35.250   0.0000E+00
   35.260   0.0000E+00
   35.270   0.0000E+00
   35.280   0.0000E+00
   35.290   0.0000E+00
   35.300   0.0000E+00
   35.310   0.0000E+00
   35.320   0.0000E+00
   35.330   0.0000E+00
   35.340   0.0000E+00
   35.350   0.0000E+00
   35.360   0.0000E+00
   35.370   0.0000E+00
   35.380   0.0000E+00
   35.390   0.0000E+00
   35.400   0.0000E+00
   35.410   0.0000E+00
   35.420   0.0000E+00
   35.430   0.0000E+00
   35.440   0.0000E+00
   35.450   0.0000E+00
   35.460   0.0000E+00
   35.470   0.0000E+00
   35.480   0.0000E+00
   35.490   0.0000E+00
   35.500   0.0000E+00
   35.510   0.0000E+00
   35.520   0.0000E+00
   35.530   0.0000E+00
   35.540   0.0000E+00
   35.550   0.0000E+00
   35.560   0.0000E+00
   35.570   0.0000E+00
   35.580   0.0000E+00
   35.590   0.0000E+00
   35.600   0.0000E+00
   35.610   0.0000E+00
   35.620   0.0000E+00
   35.630   0.0000E+00
   35.640   0.0000E+00
   35.650   0.0000E+00
   35.660   0.0000E+00
   35.670   0.0000E+00
   35.680   0.0000E+00
   35.690   0.0000E+00
   35.700   0.0000E+00
   35.710   0.0000E+00
   35.720   0.0000E+00
   35.730   0.0000E+00
   35.740   0.0000E+00
   35.750   0.0000E+00
   35.760   0.0000E+00
   35.770   0.0000E+00
   35.780   0.0000E+00
   35.790   0.0000E+00
   35.800   0.0000E+00
   35.810   0.0000E+00
   35.820   0.0000E+00
   35.830   0.0000E+00
   35.840   0.0000E+00
   35.850   0.0000E+00
   35.860   0.0000E+00
   35.870   0.0000E+00
   35.880   0.0000E+00
   35.890   0.0000E+00
   35.900   0.0000E+00
   35.910   0.0000E+00
   35.920   0.0000E+00
   35.930   0.0000E+00
   35.940   0.0000E+00
   35.950   0.0000E+00
   35.960   0.0000E+00
   35.970   0.0000E+00
   35.980   0.0000E+00
   35.990   0.0000E+00
   36.000   0.0000E+00
   36.010   0.0000E+00
   36.020   0.0000E+00
   36.030   0.0000E+00
   36.040   0.0000E+00
   36.050   0.0000E+00
   36.060   0.0000E+00
   36.070   0.0000E+00
   36.080   0.0000E+00
   36.090   0.0000E+00
   36.100   0.0000E+00
   36.110   0.0000E+00
   36.120   0.0000E+00
   36.130   0.0000E+00
   36.140   0.0000E+00
   36.150   0.0000E+00
   36.160   0.0000E+00
   36.170   0.0000E+00
   36.180   0.0000E+00
   36.190   0.0000E+00
   36.200   0.0000E+00
   36.210   0.0000E+00
   36.220   0.0000E+00
   36.230   0.0000E+00
   36.240   0.0000E+00
   36.250   0.0000E+00
   36.260   0.0000E+00
   36.270   0.0000E+00
   36.280   0.0000E+00
   36.290   0.0000E+00
   36.300   0.0000E+00
   36.310   0.0000E+00
   36.320   0.0000E+00
   36.330   0.0000E+00
   36.340   0.0000E+00
   36.350   0.0000E+00
   36.360   0.0000E+00
   36.370   0.0000E+00
   36.380   0.0000E+00
   36.390   0.0000E+00
   36.400   0.0000E+00
   36.410   0.0000E+00
   36.420   0.0000E+00
   36.430   0.0000E+00
   36.440   0.0000E+00
   36.450   0.0000E+00
   36.460   0.0000E+00
   36.470   0.0000E+00
   36.480   0.0000E+00
   36.490   0.0000E+00
   36.500   0.0000E+00
   36.510   0.0000E+00
   36.520   0.0000E+00
   36.530   0.0000E+00
   36.540   0.0000E+00
   36.550   0.0000E+00
   36.560   0.0000E+00
   36.570   0.0000E+00
   36.580   0.0000E+00
   36.590   0.0000E+00
   36.600   0.0000E+00
   36.610   0.0000E+00
   36.620   0.0000E+00
   36.630   0.0000E+00
   36.640   0.0000E+00
   36.650   0.0000E+00
   36.660   0.0000E+00
   36.670   0.0000E+00
   36.680   0.0000E+00
   36.690   0.0000E+00
   36.700   0.0000E+00
   36.710   0.0000E+00
   36.720   0.0000E+00
   36.730   0.0000E+00
   36.740   0.0000E+00
   36.750   0.0000E+00
   36.760   0.0000E+00
   36.770   0.0000E+00
   36.780   0.0000E+00
   36.790   0.0000E+00
   36.800   0.0000E+00
   36.810   0.0000E+00
   36.820   0.0000E+00
   36.830   0.0000E+00
   36.840   0.0000E+00
   36.850   0.0000E+00
   36.860   0.0000E+00
   36.870   0.0000E+00
   36.880   0.0000E+00
   36.890   0.0000E+00
   36.900   0.0000E+00
   36.910   0.0000E+00
   36.920   0.0000E+00
   36.930   0.0000E+00
   36.940   0.0000E+00
   36.950   0.0000E+00
   36.960   0.0000E+00
   36.970   0.0000E+00
   36.980   0.0000E+00
   36.990   0.0000E+00
   37.000   0.0000E+00
   37.010   0.0000E+00
   37.020   0.0000E+00
   37.030   0.0000E+00
   37.040   0.0000E+00
   37.050   0.0000E+00
   37.060   0.0000E+00
   37.070   0.0000E+00
   37.080   0.0000E+00
   37.090   0.0000E+00
   37.100   0.0000E+00
   37.110   0.0000E+00
   37.120   0.0000E+00
   37.130   0.0000E+00
   37.140   0.0000E+00
   37.150   0.0000E+00
   37.160   0.0000E+00
   37.170   0.0000E+00
   37.180   0.0000E+00
   37.190   0.0000E+00
   37.200   0.0000E+00
   37.210   0.0000E+00
   37.220   0.0000E+00
   37.230   0.0000E+00
   37.240   0.0000E+00
   37.250   0.0000E+00
   37.260   0.0000E+00
   37.270   0.0000E+00
   37.280   0.0000E+00
   37.290   0.0000E+00
   37.300   0.0000E+00
   37.310   0.0000E+00
   37.320   0.0000E+00
   37.330   0.0000E+00
   37.340   0.0000E+00
   37.350   0.0000E+00
   37.360   0.0000E+00
   37.370   0.0000E+00
   37.380   0.0000E+00
   37.390   0.0000E+00
   37.400   0.0000E+00
   37.410   0.0000E+00
   37.420   0.0000E+00
   37.430   0.0000E+00
   37.440   0.0000E+00
   37.450   0.0000E+00
   37.460   0.0000E+00
   37.470   0.0000E+00
   37.480   0.0000E+00
   37.490   0.0000E+00
   37.500   0.0000E+00
   37.510   0.0000E+00
   37.520   0.0000E+00
   37.530   0.0000E+00
   37.540   0.0000E+00
   37.550   0.0000E+00
   37.560   0.0000E+00
   37.570   0.0000E+00
   37.580   0.0000E+00
   37.590   0.0000E+00
   37.600   0.0000E+00
   37.610   0.0000E+00
   37.620   0.0000E+00
   37.630   0.0000E+00
   37.640   0.0000E+00
   37.650   0.0000E+00
   37.660   0.0000E+00
   37.670   0.0000E+00
   37.680   0.0000E+00
   37.690   0.0000E+00
   37.700   0.0000E+00
   37.710   0.0000E+00
   37.720   0.0000E+00
   37.730   0.0000E+00
   37.740   0.0000E+00
   37.750   0.0000E+00
   37.760   0.0000E+00
   37.770   0.0000E+00
   37.780   0.0000E+00
   37.790   0.0000E+00
   37.800   0.0000E+00
   37.810   0.0000E+00
   37.820   0.0000E+00
   37.830   0.0000E+00
   37.840   0.0000E+00
   37.850   0.0000E+00
   37.860   0.0000E+00
   37.870   0.0000E+00
   37.880   0.0000E+00
   37.890   0.0000E+00
   37.900   0.0000E+00
   37.910   0.0000E+00
   37.920   0.0000E+00
   37.930   0.0000E+00
   37.940   0.0000E+00
   37.950   0.0000E+00
   37.960   0.0000E+00
   37.970   0.0000E+00
   37.980   0.0000E+00
   37.990   0.0000E+00
   38.000   0.0000E+00
   38.010   0.0000E+00
   38.020   0.0000E+00
   38.030   0.0000E+00
   38.040   0.0000E+00
   38.050   0.0000E+00
   38.060   0.0000E+00
   38.070   0.0000E+00
   38.080   0.0000E+00
   38.090   0.0000E+00
   38.100   0.0000E+00
   38.110   0.0000E+00
   38.120   0.0000E+00
   38.130   0.0000E+00
   38.140   0.0000E+00
   38.150   0.0000E+00
   38.160   0.0000E+00
   38.170   0.0000E+00
   38.180   0.0000E+00
   38.190   0.0000E+00
   38.200   0.0000E+00
   38.210   0.0000E+00
   38.220   0.0000E+00
   38.230   0.0000E+00
   38.240   0.0000E+00
   38.250   0.0000E+00
   38.260   0.0000E+00
   38.270   0.0000E+00
   38.280   0.0000E+00
   38.290   0.0000E+00
   38.300   0.0000E+00
   38.310   0.0000E+00
   38.320   0.0000E+00
   38.330   0.0000E+00
   38.340   0.0000E+00
   38.350   0.0000E+00
   38.360   0.0000E+00
   38.370   0.0000E+00
   38.380   0.0000E+00
   38.390   0.0000E+00
   38.400   0.0000E+00
   38.410   0.0000E+00
   38.420   0.0000E+00
   38.430   0.0000E+00
   38.440   0.0000E+00
   38.450   0.0000E+00
   38.460   0.0000E+00
   38.470   0.0000E+00
   38.480   0.0000E+00
   38.490   0.0000E+00
   38.500   0.0000E+00
   38.510   0.0000E+00
   38.520   0.0000E+00
   38.530   0.0000E+00
   38.540   0.0000E+00
   38.550   0.0000E+00
   38.560   0.0000E+00
   38.570   0.0000E+00
   38.580   0.0000E+00
   38.590   0.0000E+00
   38.600   0.0000E+00
   38.610   0.0000E+00
   38.620   0.0000E+00
   38.630   0.0000E+00
   38.640   0.0000E+00
   38.650   0.0000E+00
   38.660   0.0000E+00
   38.670   0.0000E+00
   38.680   0.0000E+00
   38.690   0.0000E+00
   38.700   0.0000E+00
   38.710   0.0000E+00
   38.720   0.0000E+00
   38.730   0.0000E+00
   38.740   0.0000E+00
   38.750   0.0000E+00
   38.760   0.0000E+00
   38.770   0.0000E+00
   38.780   0.0000E+00
   38.790   0.0000E+00
   38.800   0.0000E+00
   38.810   0.0000E+00
   38.820   0.0000E+00
   38.830   0.0000E+00
   38.840   0.0000E+00
   38.850   0.0000E+00
   38.860   0.0000E+00
   38.870   0.0000E+00
   38.880   0.0000E+00
   38.890   0.0000E+00
   38.900   0.0000E+00
   38.910   0.0000E+00
   38.920   0.0000E+00
   38.930   0.0000E+00
   38.940   0.0000E+00
   38.950   0.0000E+00
   38.960   0.0000E+00
   38.970   0.0000E+00
   38.980   0.0000E+00
   38.990   0.0000E+00
   39.000   0.0000E+00
   39.010   0.0000E+00
   39.020   0.0000E+00
   39.030   0.0000E+00
   39.040   0.0000E+00
   39.050   0.0000E+00
   39.060   0.0000E+00
   39.070   0.0000E+00
   39.080   0.0000E+00
   39.090   0.0000E+00
   39.100   0.0000E+00
   39.110   0.0000E+00
   39.120   0.0000E+00
   39.130   0.0000E+00
   39.140   0.0000E+00
   39.150   0.0000E+00
   39.160   0.0000E+00
   39.170   0.0000E+00
   39.180   0.0000E+00
   39.190   0.0000E+00
   39.200   0.0000E+00
   39.210   0.0000E+00
   39.220   0.0000E+00
   39.230   0.0000E+00
   39.240   0.0000E+00
   39.250   0.0000E+00
   39.260   0.0000E+00
   39.270   0.0000E+00
   39.280   0.0000E+00
   39.290   0.0000E+00
   39.300   0.0000E+00
   39.310   0.0000E+00
   39.320   0.0000E+00
   39.330   0.0000E+00
   39.340   0.0000E+00
   39.350   0.0000E+00
   39.360   0.0000E+00
   39.370   0.0000E+00
   39.380   0.0000E+00
   39.390   0.0000E+00
   39.400   0.0000E+00
   39.410   0.0000E+00
   39.420   0.0000E+00
   39.430   0.0000E+00
   39.440   0.0000E+00
   39.450   0.0000E+00
   39.460   0.0000E+00
   39.470   0.0000E+00
   39.480   0.0000E+00
   39.490   0.0000E+00
   39.500   0.0000E+00
   39.510   0.0000E+00
   39.520   0.0000E+00
   39.530   0.0000E+00
   39.540   0.0000E+00
   39.550   0.0000E+00
   39.560   0.0000E+00
   39.570   0.0000E+00
   39.580   0.0000E+00
   39.590   0.0000E+00
   39.600   0.0000E+00
   39.610   0.0000E+00
   39.620   0.0000E+00
   39.630   0.0000E+00
   39.640   0.0000E+00
   39.650   0.0000E+00
   39.660   0.0000E+00
   39.670   0.0000E+00
   39.680   0.0000E+00
   39.690   0.0000E+00
   39.700   0.0000E+00
   39.710   0.0000E+00
   39.720   0.0000E+00
   39.730   0.0000E+00
   39.740   0.0000E+00
   39.750   0.0000E+00
   39.760   0.0000E+00
   39.770   0.0000E+00
   39.780   0.0000E+00
   39.790   0.0000E+00
   39.800   0.0000E+00
   39.810   0.0000E+00
   39.820   0.0000E+00
   39.830   0.0000E+00
   39.840   0.0000E+00
   39.850   0.0000E+00
   39.860   0.0000E+00
   39.870   0.0000E+00
   39.880   0.0000E+00
   39.890   0.0000E+00
   39.900   0.0000E+00
   39.910   0.0000E+00
   39.920   0.0000E+00
   39.930   0.0000E+00
   39.940   0.0000E+00
   39.950   0.0000E+00
   39.960   0.0000E+00
   39.970   0.0000E+00
   39.980   0.0000E+00
   39.990   0.0000E+00
   40.000   0.0000E+00
   40.010   0.0000E+00
   40.020   0.0000E+00
   40.030   0.0000E+00
   40.040   0.0000E+00
   40.050   0.0000E+00
   40.060   0.0000E+00
   40.070   0.0000E+00
   40.080   0.0000E+00
   40.090   0.0000E+00
   40.100   0.0000E+00
   40.110   0.0000E+00
   40.120   0.0000E+00
   40.130   0.0000E+00
   40.140   0.0000E+00
   40.150   0.0000E+00
   40.160   0.0000E+00
   40.170   0.0000E+00
   40.180   0.0000E+00
   40.190   0.0000E+00
   40.200   0.0000E+00
   40.210   0.0000E+00
   40.220   0.0000E+00
   40.230   0.0000E+00
   40.240   0.0000E+00
   40.250   0.0000E+00
   40.260   0.0000E+00
   40.270   0.0000E+00
   40.280   0.0000E+00
   40.290   0.0000E+00
   40.300   0.0000E+00
   40.310   0.0000E+00
   40.320   0.0000E+00
   40.330   0.0000E+00
   40.340   0.0000E+00
   40.350   0.0000E+00
   40.360   0.0000E+00
   40.370   0.0000E+00
   40.380   0.0000E+00
   40.390   0.0000E+00
   40.400   0.0000E+00
   40.410   0.0000E+00
   40.420   0.0000E+00
   40.430   0.0000E+00
   40.440   0.0000E+00
   40.450   0.0000E+00
   40.460   0.0000E+00
   40.470   0.0000E+00
   40.480   0.0000E+00
   40.490   0.0000E+00
   40.500   0.0000E+00
   40.510   0.0000E+00
   40.520   0.0000E+00
   40.530   0.0000E+00
   40.540   0.0000E+00
   40.550   0.0000E+00
   40.560   0.0000E+00
   40.570   0.0000E+00
   40.580   0.0000E+00
   40.590   0.0000E+00
   40.600   0.0000E+00
   40.610   0.0000E+00
   40.620   0.0000E+00
   40.630   0.0000E+00
   40.640   0.0000E+00
   40.650   0.0000E+00
   40.660   0.0000E+00
   40.670   0.0000E+00
   40.680   0.0000E+00
   40.690   0.0000E+00
   40.700   0.0000E+00
   40.710   0.0000E+00
   40.720   0.0000E+00
   40.730   0.0000E+00
   40.740   0.0000E+00
   40.750   0.0000E+00
   40.760   0.0000E+00
   40.770   0.0000E+00
   40.780   0.0000E+00
   40.790   0.0000E+00
   40.800   0.0000E+00
   40.810   0.0000E+00
   40.820   0.0000E+00
   40.830   0.0000E+00
   40.840   0.0000E+00
   40.850   0.0000E+00
   40.860   0.0000E+00
   40.870   0.0000E+00
   40.880   0.0000E+00
   40.890   0.0000E+00
   40.900   0.0000E+00
   40.910   0.0000E+00
   40.920   0.0000E+00
   40.930   0.0000E+00
   40.940   0.0000E+00
   40.950   0.0000E+00
