**********************************************
*******  Acceleration Time Series ************
*** Site #   1
*** trial   22
Input Parameters file =  aqv_0604__parameters.out                                                                                                
  4096 samples
dt:  0.010 sec
data format: (1x,f8.3,1p,2x,e11.4)
maximum absolute acceleration: 297.69
fault Dis.(km)=    6.43
Hypo  Dis.(km)=   12.05
  time(s) acc(cm/s**2)
    0.000   0.0000E+00
    0.010   0.0000E+00
    0.020   0.0000E+00
    0.030   0.0000E+00
    0.040   0.0000E+00
    0.050   2.2965E-01
    0.060   2.0400E-01
    0.070   1.6790E-01
    0.080   1.1803E-01
    0.090   5.6032E-02
    0.100  -1.3388E-02
    0.110  -8.2948E-02
    0.120  -1.4163E-01
    0.130  -1.7879E-01
    0.140  -1.9394E-01
    0.150  -2.0053E-01
    0.160  -2.1605E-01
    0.170  -2.4818E-01
    0.180  -2.9257E-01
    0.190  -3.4224E-01
    0.200  -3.9427E-01
    0.210  -4.4631E-01
    0.220  -4.9202E-01
    0.230  -5.2401E-01
    0.240  -5.3931E-01
    0.250  -5.3835E-01
    0.260  -5.1997E-01
    0.270  -4.8153E-01
    0.280  -4.2405E-01
    0.290  -3.5383E-01
    0.300  -2.7810E-01
    0.310  -2.0221E-01
    0.320  -1.3216E-01
    0.330  -7.6212E-02
    0.340  -3.9983E-02
    0.350  -2.0487E-02
    0.360  -6.9363E-03
    0.370   1.3176E-02
    0.380   4.9232E-02
    0.390   3.2868E-01
    0.400   3.5467E-01
    0.410   3.7356E-01
    0.420   3.7439E-01
    0.430   3.6072E-01
    0.440   3.4073E-01
    0.450   3.1410E-01
    0.460   2.7487E-01
    0.470   2.2343E-01
    0.480   1.6672E-01
    0.490   1.0466E-01
    0.500   2.4772E-02
    0.510  -8.4790E-02
    0.520  -2.2025E-01
    0.530  -3.6375E-01
    0.540  -4.9569E-01
    0.550  -6.0174E-01
    0.560  -6.7297E-01
    0.570  -7.0842E-01
    0.580  -7.1781E-01
    0.590  -7.1488E-01
    0.600  -7.0500E-01
    0.610  -6.8361E-01
    0.620  -6.4715E-01
    0.630  -5.9883E-01
    0.640  -5.3982E-01
    0.650  -4.6214E-01
    0.660  -3.7191E-01
    0.670  -8.6583E-02
    0.680   1.7292E-01
    0.690   3.7337E-01
    0.700   5.1832E-01
    0.710   6.3341E-01
    0.720   7.3968E-01
    0.730   8.4545E-01
    0.740   9.5437E-01
    0.750   1.0674E+00
    0.760   1.1737E+00
    0.770   1.2493E+00
    0.780   1.2710E+00
    0.790   1.2323E+00
    0.800   1.1440E+00
    0.810   1.0236E+00
    0.820   8.8589E-01
    0.830   7.3835E-01
    0.840   5.7964E-01
    0.850   4.0277E-01
    0.860   3.1432E-02
    0.870  -2.4846E-01
    0.880  -5.4576E-01
    0.890  -6.9805E-01
    0.900  -8.0142E-01
    0.910  -8.5826E-01
    0.920  -8.6693E-01
    0.930  -8.3387E-01
    0.940  -7.8188E-01
    0.950  -7.3615E-01
    0.960  -7.0361E-01
    0.970  -6.7089E-01
    0.980  -6.1964E-01
    0.990  -4.1804E-01
    1.000  -2.8244E-01
    1.010  -1.2689E-01
    1.020   2.3227E-02
    1.030   1.4422E-01
    1.040   2.3557E-01
    1.050   3.2705E-01
    1.060   4.6033E-01
    1.070   8.9893E-01
    1.080   1.2160E+00
    1.090   8.4118E-01
    1.100   1.0180E+00
    1.110   1.1080E+00
    1.120   1.1066E+00
    1.130   1.0480E+00
    1.140   8.2059E-01
    1.150   7.6854E-01
    1.160   5.4511E-01
    1.170   5.1020E-01
    1.180   4.1941E-01
    1.190   2.5757E-01
    1.200   2.4273E-01
    1.210   6.9327E-03
    1.220  -2.4105E-01
    1.230  -3.3447E-01
    1.240  -5.0411E-01
    1.250  -6.1739E-01
    1.260  -7.0203E-01
    1.270  -7.9306E-01
    1.280  -8.7592E-01
    1.290  -9.6570E-01
    1.300  -9.7152E-01
    1.310  -9.2528E-01
    1.320  -1.1297E+00
    1.330  -7.9485E-01
    1.340  -3.9456E-01
    1.350   6.6709E-03
    1.360   4.1177E-01
    1.370   2.9341E-01
    1.380   5.8570E-01
    1.390   3.0982E-01
    1.400   6.8894E-01
    1.410   1.3668E+00
    1.420   1.3567E+00
    1.430   1.4064E+00
    1.440   1.4267E+00
    1.450   1.4295E+00
    1.460   1.4538E+00
    1.470   1.4701E+00
    1.480   1.4788E+00
    1.490   1.4833E+00
    1.500   1.6229E+00
    1.510   1.5869E+00
    1.520   1.4699E+00
    1.530   1.3951E+00
    1.540   1.3040E+00
    1.550   1.1712E+00
    1.560   9.8757E-01
    1.570   7.6842E-01
    1.580   5.2734E-01
    1.590   1.1107E-01
    1.600  -4.2437E-01
    1.610  -9.0113E-01
    1.620  -1.0898E+00
    1.630  -1.2917E+00
    1.640  -1.5026E+00
    1.650  -1.7261E+00
    1.660  -1.6580E+00
    1.670  -1.3698E+00
    1.680  -1.4942E+00
    1.690  -1.5492E+00
    1.700  -1.5450E+00
    1.710  -1.4606E+00
    1.720  -1.3148E+00
    1.730  -9.5678E-01
    1.740  -4.7650E-01
    1.750   5.4481E-02
    1.760   5.7382E-01
    1.770   1.0426E+00
    1.780   1.7344E+00
    1.790   2.0240E+00
    1.800   2.2284E+00
    1.810   2.3408E+00
    1.820   2.3374E+00
    1.830   2.2058E+00
    1.840   1.9738E+00
    1.850   1.6950E+00
    1.860   1.4023E+00
    1.870   1.0892E+00
    1.880   5.3877E-01
    1.890   1.9189E-01
    1.900  -1.0750E-01
    1.910  -2.7573E-01
    1.920  -1.0617E-01
    1.930  -1.2145E-01
    1.940  -1.7039E-01
    1.950  -2.7819E-01
    1.960  -4.2461E-01
    1.970  -5.6683E-01
    1.980  -6.7313E-01
    1.990  -6.8962E-01
    2.000  -6.0065E-01
    2.010  -1.7338E-01
    2.020   8.4978E-02
    2.030   8.1452E-01
    2.040   9.1427E-01
    2.050   7.9099E-01
    2.060   3.6043E-01
    2.070  -9.9938E-02
    2.080  -4.0292E-01
    2.090  -8.5639E-01
    2.100  -1.1723E+00
    2.110  -1.1982E+00
    2.120  -1.3690E+00
    2.130  -1.4733E+00
    2.140  -1.4326E+00
    2.150  -1.0748E+00
    2.160  -7.9920E-01
    2.170  -3.8843E-01
    2.180   8.7000E-03
    2.190   2.8889E-01
    2.200   7.4524E-01
    2.210   6.7267E-01
    2.220   2.9443E-01
    2.230  -2.0446E-01
    2.240  -9.0578E-01
    2.250  -1.6321E+00
    2.260  -2.0722E+00
    2.270  -2.3851E+00
    2.280  -2.4884E+00
    2.290  -2.5281E+00
    2.300  -2.2271E+00
    2.310  -2.3285E+00
    2.320  -1.7739E+00
    2.330  -1.1082E+00
    2.340  -1.0319E+00
    2.350  -5.8720E-01
    2.360  -5.9522E-01
    2.370  -1.7288E-01
    2.380   2.6028E-01
    2.390   6.1718E-01
    2.400   7.9496E-01
    2.410   5.6160E-01
    2.420   1.7536E-01
    2.430  -3.7899E-01
    2.440  -8.3274E-01
    2.450  -1.2318E+00
    2.460  -1.6267E+00
    2.470  -2.0950E+00
    2.480  -2.6654E+00
    2.490  -3.2978E+00
    2.500  -3.7542E+00
    2.510  -4.0245E+00
    2.520  -3.9615E+00
    2.530  -3.6018E+00
    2.540  -3.1018E+00
    2.550  -2.6669E+00
    2.560  -2.4339E+00
    2.570  -2.5412E+00
    2.580  -2.8520E+00
    2.590  -3.1749E+00
    2.600  -3.3396E+00
    2.610  -3.3114E+00
    2.620  -3.1936E+00
    2.630  -3.1085E+00
    2.640  -3.0842E+00
    2.650  -3.0628E+00
    2.660  -2.9931E+00
    2.670  -2.8839E+00
    2.680  -2.2545E+00
    2.690  -2.2296E+00
    2.700  -2.2707E+00
    2.710  -2.3781E+00
    2.720  -2.5020E+00
    2.730  -2.5554E+00
    2.740  -2.4159E+00
    2.750  -1.8491E+00
    2.760  -1.3829E+00
    2.770  -1.0070E+00
    2.780  -3.5152E-01
    2.790  -1.6781E-02
    2.800   2.1374E-01
    2.810   2.8223E-01
    2.820   2.6242E-01
    2.830   3.0923E-01
    2.840   4.9231E-01
    2.850   7.3342E-01
    2.860   9.2161E-01
    2.870   1.0422E+00
    2.880   1.2225E+00
    2.890   1.2668E+00
    2.900   1.2905E+00
    2.910   1.2647E+00
    2.920   1.2703E+00
    2.930   1.3884E+00
    2.940   1.5196E+00
    2.950   1.7920E+00
    2.960   2.6514E+00
    2.970   3.1564E+00
    2.980   3.5836E+00
    2.990   3.7749E+00
    3.000   3.8791E+00
    3.010   3.9732E+00
    3.020   4.1697E+00
    3.030   4.4959E+00
    3.040   4.8560E+00
    3.050   5.0884E+00
    3.060   5.0363E+00
    3.070   4.6152E+00
    3.080   3.8809E+00
    3.090   3.0396E+00
    3.100   2.3800E+00
    3.110   2.1027E+00
    3.120   2.1878E+00
    3.130   2.4435E+00
    3.140   2.5123E+00
    3.150   1.8213E+00
    3.160   1.3988E+00
    3.170   9.8600E-01
    3.180   7.9343E-01
    3.190   8.9409E-01
    3.200   1.2347E+00
    3.210   1.7050E+00
    3.220   2.2445E+00
    3.230   2.1108E+00
    3.240   2.7984E+00
    3.250   3.4612E+00
    3.260   3.9799E+00
    3.270   3.4808E+00
    3.280   3.2288E+00
    3.290   2.6273E+00
    3.300   1.8736E+00
    3.310   1.2669E+00
    3.320   7.7218E-01
    3.330   3.4090E-01
    3.340  -9.7839E-02
    3.350  -4.2807E-01
    3.360  -3.8810E-01
    3.370  -1.5413E-01
    3.380   1.5176E-01
    3.390   4.1914E-01
    3.400   7.3214E-01
    3.410   1.1965E+00
    3.420   1.7427E+00
    3.430   2.1846E+00
    3.440   2.4355E+00
    3.450   2.5845E+00
    3.460   2.7316E+00
    3.470   2.8562E+00
    3.480   2.6876E+00
    3.490   1.9563E+00
    3.500   6.1771E-01
    3.510  -1.0433E+00
    3.520  -2.5738E+00
    3.530  -3.6723E+00
    3.540  -4.3260E+00
    3.550  -4.7405E+00
    3.560  -5.1085E+00
    3.570  -5.4773E+00
    3.580  -5.7521E+00
    3.590  -5.7751E+00
    3.600  -5.4390E+00
    3.610  -4.7830E+00
    3.620  -4.0175E+00
    3.630  -3.2490E+00
    3.640  -2.6102E+00
    3.650  -2.1858E+00
    3.660  -1.9947E+00
    3.670  -1.9578E+00
    3.680  -1.8722E+00
    3.690  -1.5448E+00
    3.700  -9.7155E-01
    3.710  -3.6146E-01
    3.720   1.2568E-02
    3.730  -3.0913E-03
    3.740  -3.3067E-01
    3.750  -6.7454E-01
    3.760  -6.8446E-01
    3.770  -2.4092E-01
    3.780   6.3255E-01
    3.790   1.3136E+00
    3.800   1.9729E+00
    3.810   2.9146E+00
    3.820   3.9352E+00
    3.830   5.0381E+00
    3.840   5.9458E+00
    3.850   6.3560E+00
    3.860   6.1142E+00
    3.870   5.2306E+00
    3.880   3.8634E+00
    3.890   2.2173E+00
    3.900   4.3709E-01
    3.910  -1.4028E+00
    3.920  -3.2567E+00
    3.930  -5.0989E+00
    3.940  -6.8729E+00
    3.950  -8.3350E+00
    3.960  -8.6249E+00
    3.970  -8.0402E+00
    3.980  -6.6623E+00
    3.990  -5.0400E+00
    4.000  -3.8874E+00
    4.010  -3.4259E+00
    4.020  -3.3700E+00
    4.030  -3.3732E+00
    4.040  -3.2555E+00
    4.050  -3.0347E+00
    4.060  -3.0895E+00
    4.070  -3.5088E+00
    4.080  -4.3001E+00
    4.090  -4.6926E+00
    4.100  -4.9361E+00
    4.110  -5.2454E+00
    4.120  -5.6120E+00
    4.130  -5.6752E+00
    4.140  -5.3737E+00
    4.150  -4.6711E+00
    4.160  -4.3000E+00
    4.170  -4.3788E+00
    4.180  -4.3732E+00
    4.190  -3.7715E+00
    4.200  -2.3410E+00
    4.210  -1.0666E+00
    4.220   4.5473E-02
    4.230   4.9629E-01
    4.240   2.8398E-01
    4.250  -5.5589E-01
    4.260  -1.6935E+00
    4.270  -2.5993E+00
    4.280  -2.8033E+00
    4.290  -2.5563E+00
    4.300  -2.5368E+00
    4.310  -3.1964E+00
    4.320  -4.3150E+00
    4.330  -5.7414E+00
    4.340  -6.9121E+00
    4.350  -7.5490E+00
    4.360  -7.8607E+00
    4.370  -8.2897E+00
    4.380  -8.9339E+00
    4.390  -9.6664E+00
    4.400  -1.0115E+01
    4.410  -1.0047E+01
    4.420  -9.4699E+00
    4.430  -8.5520E+00
    4.440  -7.4647E+00
    4.450  -6.2759E+00
    4.460  -4.9080E+00
    4.470  -3.1213E+00
    4.480  -6.5103E-01
    4.490   2.5260E+00
    4.500   5.6813E+00
    4.510   7.5646E+00
    4.520   7.3753E+00
    4.530   5.8582E+00
    4.540   3.8780E+00
    4.550   2.5113E+00
    4.560   2.0042E+00
    4.570   1.8065E+00
    4.580   1.3955E+00
    4.590   7.1448E-01
    4.600  -2.9666E-01
    4.610  -1.3467E+00
    4.620  -2.4352E+00
    4.630  -3.7328E+00
    4.640  -5.2826E+00
    4.650  -6.7371E+00
    4.660  -7.6335E+00
    4.670  -7.9757E+00
    4.680  -7.2930E+00
    4.690  -7.8438E+00
    4.700  -8.2202E+00
    4.710  -7.7634E+00
    4.720  -6.4527E+00
    4.730  -4.9659E+00
    4.740  -4.2255E+00
    4.750  -4.5891E+00
    4.760  -5.8624E+00
    4.770  -7.3461E+00
    4.780  -8.1000E+00
    4.790  -7.4395E+00
    4.800  -5.2827E+00
    4.810  -1.9868E+00
    4.820   2.0028E+00
    4.830   5.9838E+00
    4.840   9.3171E+00
    4.850   1.1810E+01
    4.860   1.4128E+01
    4.870   1.7031E+01
    4.880   2.0278E+01
    4.890   2.2699E+01
    4.900   2.3286E+01
    4.910   2.2134E+01
    4.920   1.9587E+01
    4.930   1.5286E+01
    4.940   1.0466E+01
    4.950   5.8646E+00
    4.960   2.5154E+00
    4.970   2.7387E-01
    4.980  -1.7383E+00
    4.990  -3.7710E+00
    5.000  -5.2507E+00
    5.010  -6.1186E+00
    5.020  -7.6053E+00
    5.030  -1.0753E+01
    5.040  -1.5723E+01
    5.050  -2.0856E+01
    5.060  -2.2236E+01
    5.070  -1.6666E+01
    5.080  -8.5844E+00
    5.090  -2.9503E+00
    5.100   6.9672E-01
    5.110   3.3906E+00
    5.120   6.9334E+00
    5.130   1.2631E+01
    5.140   1.9042E+01
    5.150   2.3242E+01
    5.160   2.4067E+01
    5.170   2.3023E+01
    5.180   2.2513E+01
    5.190   2.1897E+01
    5.200   2.0839E+01
    5.210   1.9573E+01
    5.220   1.9951E+01
    5.230   2.4428E+01
    5.240   3.1095E+01
    5.250   3.8426E+01
    5.260   4.3271E+01
    5.270   4.3144E+01
    5.280   4.0293E+01
    5.290   3.7967E+01
    5.300   3.7587E+01
    5.310   3.8794E+01
    5.320   3.9397E+01
    5.330   3.5428E+01
    5.340   2.5494E+01
    5.350   1.3819E+01
    5.360   4.1274E+00
    5.370  -5.7985E+00
    5.380  -1.5430E+01
    5.390  -2.1616E+01
    5.400  -2.2026E+01
    5.410  -1.8430E+01
    5.420  -1.6184E+01
    5.430  -1.5621E+01
    5.440  -1.4463E+01
    5.450  -1.2707E+01
    5.460  -8.0771E+00
    5.470  -2.4497E+00
    5.480   2.0563E+00
    5.490   6.3721E+00
    5.500   9.2261E+00
    5.510   8.7556E+00
    5.520   7.5640E+00
    5.530   9.5377E+00
    5.540   1.3488E+01
    5.550   1.5291E+01
    5.560   1.3889E+01
    5.570   1.1106E+01
    5.580   1.0913E+01
    5.590   1.3497E+01
    5.600   1.7834E+01
    5.610   2.0011E+01
    5.620   1.5810E+01
    5.630   8.3275E+00
    5.640   1.6834E+00
    5.650  -4.2366E+00
    5.660  -7.7249E+00
    5.670  -8.7242E+00
    5.680  -1.1275E+01
    5.690  -1.4814E+01
    5.700  -1.6287E+01
    5.710  -1.5711E+01
    5.720  -1.7438E+01
    5.730  -2.1796E+01
    5.740  -2.4649E+01
    5.750  -2.3041E+01
    5.760  -2.0060E+01
    5.770  -1.8958E+01
    5.780  -2.3749E+01
    5.790  -3.2526E+01
    5.800  -3.9102E+01
    5.810  -3.7982E+01
    5.820  -2.8734E+01
    5.830  -1.8318E+01
    5.840  -1.0583E+01
    5.850  -7.3264E+00
    5.860  -7.1451E+00
    5.870  -7.9179E+00
    5.880  -8.1739E+00
    5.890  -2.2871E+00
    5.900   8.0852E+00
    5.910   1.4157E+01
    5.920   1.7456E+01
    5.930   1.9213E+01
    5.940   1.7544E+01
    5.950   1.2167E+01
    5.960   5.1106E+00
    5.970   1.7087E+00
    5.980   4.9677E+00
    5.990   1.1262E+01
    6.000   1.9163E+01
    6.010   2.3530E+01
    6.020   1.8585E+01
    6.030   7.0328E+00
    6.040  -7.3051E+00
    6.050  -1.8221E+01
    6.060  -2.3625E+01
    6.070  -2.6550E+01
    6.080  -3.1143E+01
    6.090  -3.5978E+01
    6.100  -3.4454E+01
    6.110  -2.3783E+01
    6.120  -7.0189E+00
    6.130   9.8275E+00
    6.140   2.0798E+01
    6.150   2.3535E+01
    6.160   2.1930E+01
    6.170   2.2264E+01
    6.180   2.8294E+01
    6.190   3.7318E+01
    6.200   4.0023E+01
    6.210   3.6773E+01
    6.220   3.5135E+01
    6.230   2.8706E+01
    6.240   1.8618E+01
    6.250   1.5233E+01
    6.260   1.6624E+01
    6.270   2.1922E+01
    6.280   2.7992E+01
    6.290   3.0940E+01
    6.300   2.3056E+01
    6.310   3.1186E+00
    6.320  -1.5218E+01
    6.330  -2.2451E+01
    6.340  -1.8842E+01
    6.350  -1.2038E+01
    6.360  -7.7267E+00
    6.370  -2.3113E+00
    6.380   5.0602E+00
    6.390   7.3004E+00
    6.400   1.7319E+00
    6.410  -1.0364E+01
    6.420  -2.9942E+01
    6.430  -5.4264E+01
    6.440  -7.5451E+01
    6.450  -9.2684E+01
    6.460  -1.0874E+02
    6.470  -1.1179E+02
    6.480  -9.3569E+01
    6.490  -6.9513E+01
    6.500  -5.1345E+01
    6.510  -3.1689E+01
    6.520  -7.6113E+00
    6.530   1.1253E+01
    6.540   2.0465E+01
    6.550   2.4586E+01
    6.560   2.4415E+01
    6.570   3.3894E+01
    6.580   5.1382E+01
    6.590   5.4192E+01
    6.600   3.5076E+01
    6.610   8.5835E+00
    6.620  -1.4025E+01
    6.630  -2.4391E+01
    6.640  -1.9528E+01
    6.650  -1.4522E+01
    6.660  -1.6078E+01
    6.670  -1.7717E+01
    6.680  -1.4072E+01
    6.690  -6.0716E+00
    6.700   4.7442E+00
    6.710   5.4821E+00
    6.720  -5.9347E+00
    6.730  -2.0957E+01
    6.740  -3.5246E+01
    6.750  -3.9259E+01
    6.760  -3.2320E+01
    6.770  -2.4793E+01
    6.780  -2.1340E+01
    6.790  -1.4660E+01
    6.800  -3.7019E+00
    6.810   1.4641E+00
    6.820  -6.7175E+00
    6.830  -2.4922E+01
    6.840  -4.3484E+01
    6.850  -6.0641E+01
    6.860  -7.1135E+01
    6.870  -7.9012E+01
    6.880  -8.9521E+01
    6.890  -9.8969E+01
    6.900  -1.0123E+02
    6.910  -9.2785E+01
    6.920  -7.9321E+01
    6.930  -7.0374E+01
    6.940  -5.5967E+01
    6.950  -3.4435E+01
    6.960  -1.1630E+01
    6.970   1.2674E+01
    6.980   3.0065E+01
    6.990   3.1075E+01
    7.000   2.4925E+01
    7.010   2.4869E+01
    7.020   2.5956E+01
    7.030   2.5994E+01
    7.040   3.2248E+01
    7.050   4.0947E+01
    7.060   4.6992E+01
    7.070   5.6780E+01
    7.080   7.8600E+01
    7.090   1.0812E+02
    7.100   1.3349E+02
    7.110   1.4117E+02
    7.120   1.2813E+02
    7.130   1.0355E+02
    7.140   8.3423E+01
    7.150   7.4965E+01
    7.160   6.7833E+01
    7.170   6.1432E+01
    7.180   6.1252E+01
    7.190   5.8359E+01
    7.200   5.8574E+01
    7.210   6.6073E+01
    7.220   7.5599E+01
    7.230   8.3375E+01
    7.240   9.0766E+01
    7.250   1.0444E+02
    7.260   1.2242E+02
    7.270   1.3186E+02
    7.280   1.4077E+02
    7.290   1.5635E+02
    7.300   1.6675E+02
    7.310   1.6763E+02
    7.320   1.5606E+02
    7.330   1.3760E+02
    7.340   1.2214E+02
    7.350   1.2082E+02
    7.360   1.2818E+02
    7.370   1.2822E+02
    7.380   1.2561E+02
    7.390   1.2981E+02
    7.400   1.3975E+02
    7.410   1.5456E+02
    7.420   1.7083E+02
    7.430   1.7947E+02
    7.440   1.6548E+02
    7.450   1.2726E+02
    7.460   6.5744E+01
    7.470   6.6003E+00
    7.480  -1.8755E+01
    7.490  -1.8347E+01
    7.500  -1.4533E+01
    7.510  -1.5106E+01
    7.520  -1.7318E+01
    7.530  -1.8430E+01
    7.540  -1.5149E+01
    7.550  -7.7596E+00
    7.560   1.3676E+01
    7.570   5.2405E+01
    7.580   8.0802E+01
    7.590   8.9443E+01
    7.600   9.1983E+01
    7.610   8.8334E+01
    7.620   7.9907E+01
    7.630   5.4357E+01
    7.640   1.0504E+01
    7.650  -3.4052E+01
    7.660  -5.9968E+01
    7.670  -5.9665E+01
    7.680  -4.6920E+01
    7.690  -4.9486E+01
    7.700  -7.4763E+01
    7.710  -1.0408E+02
    7.720  -1.3099E+02
    7.730  -1.5181E+02
    7.740  -1.6243E+02
    7.750  -1.6882E+02
    7.760  -1.7916E+02
    7.770  -1.8925E+02
    7.780  -1.9129E+02
    7.790  -1.7561E+02
    7.800  -1.5785E+02
    7.810  -1.5018E+02
    7.820  -1.3952E+02
    7.830  -1.1963E+02
    7.840  -9.2152E+01
    7.850  -6.4741E+01
    7.860  -4.5681E+01
    7.870  -4.0432E+01
    7.880  -5.1411E+01
    7.890  -8.3117E+01
    7.900  -1.2163E+02
    7.910  -1.4443E+02
    7.920  -1.6225E+02
    7.930  -1.8491E+02
    7.940  -2.0059E+02
    7.950  -1.9044E+02
    7.960  -1.6004E+02
    7.970  -1.2421E+02
    7.980  -9.5728E+01
    7.990  -7.3162E+01
    8.000  -5.7705E+01
    8.010  -4.9460E+01
    8.020  -4.7276E+01
    8.030  -6.1718E+01
    8.040  -9.2339E+01
    8.050  -1.2913E+02
    8.060  -1.5828E+02
    8.070  -1.7457E+02
    8.080  -1.7994E+02
    8.090  -1.7720E+02
    8.100  -1.6786E+02
    8.110  -1.5901E+02
    8.120  -1.4930E+02
    8.130  -1.2364E+02
    8.140  -8.8206E+01
    8.150  -5.2922E+01
    8.160  -2.0794E+01
    8.170   8.8600E+00
    8.180   3.5381E+01
    8.190   6.3635E+01
    8.200   9.1802E+01
    8.210   1.2199E+02
    8.220   1.5095E+02
    8.230   1.7068E+02
    8.240   1.7879E+02
    8.250   1.7632E+02
    8.260   1.6139E+02
    8.270   1.5004E+02
    8.280   1.5445E+02
    8.290   1.5746E+02
    8.300   1.6441E+02
    8.310   1.7336E+02
    8.320   1.6571E+02
    8.330   1.3131E+02
    8.340   9.0770E+01
    8.350   6.3976E+01
    8.360   5.3166E+01
    8.370   6.2657E+01
    8.380   8.8083E+01
    8.390   1.0962E+02
    8.400   1.1392E+02
    8.410   9.6541E+01
    8.420   6.1842E+01
    8.430   2.8750E+01
    8.440   4.2737E+00
    8.450  -1.1514E+01
    8.460  -3.2249E+01
    8.470  -7.1952E+01
    8.480  -1.1187E+02
    8.490  -1.3537E+02
    8.500  -1.3038E+02
    8.510  -9.9280E+01
    8.520  -5.8223E+01
    8.530  -1.9918E+01
    8.540   1.6060E+01
    8.550   6.7119E+01
    8.560   1.3009E+02
    8.570   1.8323E+02
    8.580   2.2324E+02
    8.590   2.4888E+02
    8.600   2.6003E+02
    8.610   2.6536E+02
    8.620   2.6776E+02
    8.630   2.6820E+02
    8.640   2.6662E+02
    8.650   2.5882E+02
    8.660   2.4467E+02
    8.670   2.1773E+02
    8.680   1.6418E+02
    8.690   9.9052E+01
    8.700   5.2834E+01
    8.710   2.0641E+01
    8.720  -8.3808E+00
    8.730  -3.3794E+01
    8.740  -5.7046E+01
    8.750  -8.3936E+01
    8.760  -1.1685E+02
    8.770  -1.5902E+02
    8.780  -2.0578E+02
    8.790  -2.4203E+02
    8.800  -2.6073E+02
    8.810  -2.6157E+02
    8.820  -2.5529E+02
    8.830  -2.5056E+02
    8.840  -2.5120E+02
    8.850  -2.5722E+02
    8.860  -2.7164E+02
    8.870  -2.9021E+02
    8.880  -2.9190E+02
    8.890  -2.7102E+02
    8.900  -2.3436E+02
    8.910  -1.9804E+02
    8.920  -1.8331E+02
    8.930  -1.8579E+02
    8.940  -1.9682E+02
    8.950  -2.0209E+02
    8.960  -1.9858E+02
    8.970  -2.0146E+02
    8.980  -2.0873E+02
    8.990  -2.0664E+02
    9.000  -1.9971E+02
    9.010  -1.8184E+02
    9.020  -1.4445E+02
    9.030  -1.0516E+02
    9.040  -8.7887E+01
    9.050  -9.2915E+01
    9.060  -1.1258E+02
    9.070  -1.3642E+02
    9.080  -1.4584E+02
    9.090  -1.3980E+02
    9.100  -1.2771E+02
    9.110  -1.0874E+02
    9.120  -9.0411E+01
    9.130  -8.5054E+01
    9.140  -9.3500E+01
    9.150  -1.0418E+02
    9.160  -1.0949E+02
    9.170  -1.2246E+02
    9.180  -1.4189E+02
    9.190  -1.5908E+02
    9.200  -1.7608E+02
    9.210  -1.8225E+02
    9.220  -1.6016E+02
    9.230  -1.0745E+02
    9.240  -4.7625E+01
    9.250   9.7784E-01
    9.260   3.7253E+01
    9.270   6.2973E+01
    9.280   8.5745E+01
    9.290   1.0759E+02
    9.300   1.3321E+02
    9.310   1.5780E+02
    9.320   1.7872E+02
    9.330   2.0253E+02
    9.340   2.2211E+02
    9.350   2.3072E+02
    9.360   2.3309E+02
    9.370   2.3073E+02
    9.380   2.2904E+02
    9.390   2.3619E+02
    9.400   2.4880E+02
    9.410   2.6928E+02
    9.420   2.9029E+02
    9.430   2.9769E+02
    9.440   2.8061E+02
    9.450   2.4065E+02
    9.460   1.9828E+02
    9.470   1.6473E+02
    9.480   1.3756E+02
    9.490   1.2207E+02
    9.500   1.1852E+02
    9.510   1.2286E+02
    9.520   1.3780E+02
    9.530   1.5847E+02
    9.540   1.6880E+02
    9.550   1.5379E+02
    9.560   1.1558E+02
    9.570   6.0279E+01
    9.580   1.5262E+01
    9.590  -3.4092E+00
    9.600   4.6906E+00
    9.610   3.4612E+01
    9.620   7.0109E+01
    9.630   9.6036E+01
    9.640   1.2625E+02
    9.650   1.7177E+02
    9.660   2.1409E+02
    9.670   2.3718E+02
    9.680   2.2874E+02
    9.690   1.8197E+02
    9.700   1.1060E+02
    9.710   3.4650E+01
    9.720  -2.4676E+01
    9.730  -5.7933E+01
    9.740  -7.4001E+01
    9.750  -8.4096E+01
    9.760  -9.3289E+01
    9.770  -9.9772E+01
    9.780  -1.0799E+02
    9.790  -1.1694E+02
    9.800  -1.1606E+02
    9.810  -9.8640E+01
    9.820  -8.6811E+01
    9.830  -9.8929E+01
    9.840  -1.2399E+02
    9.850  -1.4643E+02
    9.860  -1.5960E+02
    9.870  -1.6903E+02
    9.880  -1.7964E+02
    9.890  -1.8644E+02
    9.900  -1.8895E+02
    9.910  -1.8070E+02
    9.920  -1.6029E+02
    9.930  -1.4877E+02
    9.940  -1.4554E+02
    9.950  -1.4214E+02
    9.960  -1.3866E+02
    9.970  -1.3165E+02
    9.980  -1.1080E+02
    9.990  -7.2804E+01
   10.000  -3.3030E+01
   10.010  -4.2731E-03
   10.020   2.9016E+01
   10.030   5.5134E+01
   10.040   6.6953E+01
   10.050   5.8857E+01
   10.060   3.4215E+01
   10.070   2.3727E+00
   10.080  -2.3253E+01
   10.090  -3.2936E+01
   10.100  -2.3451E+01
   10.110   1.4515E+01
   10.120   6.5010E+01
   10.130   1.0477E+02
   10.140   1.1875E+02
   10.150   1.0536E+02
   10.160   7.8627E+01
   10.170   4.4829E+01
   10.180   7.8178E+00
   10.190  -3.7948E+01
   10.200  -8.8182E+01
   10.210  -1.2541E+02
   10.220  -1.4126E+02
   10.230  -1.3521E+02
   10.240  -1.2300E+02
   10.250  -1.2015E+02
   10.260  -1.1625E+02
   10.270  -1.1386E+02
   10.280  -1.1710E+02
   10.290  -1.1687E+02
   10.300  -1.0087E+02
   10.310  -6.1094E+01
   10.320  -6.2737E+00
   10.330   4.1510E+01
   10.340   7.0151E+01
   10.350   8.2210E+01
   10.360   8.8068E+01
   10.370   9.1712E+01
   10.380   9.1721E+01
   10.390   8.9714E+01
   10.400   8.2571E+01
   10.410   7.8266E+01
   10.420   9.2060E+01
   10.430   1.1807E+02
   10.440   1.4141E+02
   10.450   1.4728E+02
   10.460   1.3298E+02
   10.470   1.0961E+02
   10.480   9.1751E+01
   10.490   8.9461E+01
   10.500   9.5540E+01
   10.510   9.5575E+01
   10.520   8.1996E+01
   10.530   5.5942E+01
   10.540   2.6606E+01
   10.550   5.6053E+00
   10.560  -2.1890E+00
   10.570   4.4157E+00
   10.580   1.6185E+01
   10.590   2.4551E+01
   10.600   3.3297E+01
   10.610   4.6672E+01
   10.620   6.6151E+01
   10.630   8.1402E+01
   10.640   8.1506E+01
   10.650   7.2850E+01
   10.660   6.2712E+01
   10.670   5.3571E+01
   10.680   5.0474E+01
   10.690   5.4491E+01
   10.700   7.5177E+01
   10.710   1.0371E+02
   10.720   1.2713E+02
   10.730   1.3935E+02
   10.740   1.3763E+02
   10.750   1.2586E+02
   10.760   1.0705E+02
   10.770   9.2323E+01
   10.780   8.9039E+01
   10.790   9.5053E+01
   10.800   1.0426E+02
   10.810   1.0861E+02
   10.820   1.1184E+02
   10.830   1.1923E+02
   10.840   1.1988E+02
   10.850   9.2895E+01
   10.860   3.5473E+01
   10.870  -2.4372E+01
   10.880  -5.4670E+01
   10.890  -5.0551E+01
   10.900  -3.5135E+01
   10.910  -2.5168E+01
   10.920  -2.0347E+01
   10.930  -1.3956E+01
   10.940  -3.2424E+00
   10.950   4.2825E+00
   10.960   2.6821E+00
   10.970  -9.7534E+00
   10.980  -3.1968E+01
   10.990  -5.4814E+01
   11.000  -6.5636E+01
   11.010  -6.5697E+01
   11.020  -5.7932E+01
   11.030  -5.2102E+01
   11.040  -5.6756E+01
   11.050  -7.5082E+01
   11.060  -9.7921E+01
   11.070  -1.0666E+02
   11.080  -8.5706E+01
   11.090  -4.9147E+01
   11.100  -1.9494E+01
   11.110   2.0862E+00
   11.120   9.1421E+00
   11.130  -4.6521E+00
   11.140  -3.6243E+01
   11.150  -8.1242E+01
   11.160  -1.3051E+02
   11.170  -1.6689E+02
   11.180  -1.8464E+02
   11.190  -1.8597E+02
   11.200  -1.7838E+02
   11.210  -1.6421E+02
   11.220  -1.4435E+02
   11.230  -1.2474E+02
   11.240  -1.1729E+02
   11.250  -1.2673E+02
   11.260  -1.4080E+02
   11.270  -1.4317E+02
   11.280  -1.3253E+02
   11.290  -1.2292E+02
   11.300  -1.2012E+02
   11.310  -1.1259E+02
   11.320  -9.3186E+01
   11.330  -6.5374E+01
   11.340  -4.2323E+01
   11.350  -3.3314E+01
   11.360  -4.1830E+01
   11.370  -6.1320E+01
   11.380  -8.0102E+01
   11.390  -8.6478E+01
   11.400  -6.9793E+01
   11.410  -3.2898E+01
   11.420  -2.5603E+00
   11.430   5.5305E+00
   11.440   3.2607E+00
   11.450  -2.8523E+00
   11.460  -1.0503E+01
   11.470  -1.2239E+01
   11.480  -7.5894E+00
   11.490  -5.6021E+00
   11.500  -1.6416E+01
   11.510  -4.2350E+01
   11.520  -6.4917E+01
   11.530  -7.1358E+01
   11.540  -6.7718E+01
   11.550  -5.9057E+01
   11.560  -4.5050E+01
   11.570  -1.8273E+01
   11.580   1.5852E+01
   11.590   4.8654E+01
   11.600   8.3517E+01
   11.610   1.0581E+02
   11.620   9.8238E+01
   11.630   7.2802E+01
   11.640   5.3165E+01
   11.650   4.5763E+01
   11.660   5.0330E+01
   11.670   6.4512E+01
   11.680   8.4446E+01
   11.690   1.1161E+02
   11.700   1.4530E+02
   11.710   1.7438E+02
   11.720   1.8958E+02
   11.730   1.8722E+02
   11.740   1.6916E+02
   11.750   1.4754E+02
   11.760   1.3174E+02
   11.770   1.2518E+02
   11.780   1.2875E+02
   11.790   1.2989E+02
   11.800   1.1838E+02
   11.810   1.0544E+02
   11.820   9.8874E+01
   11.830   9.6663E+01
   11.840   1.0515E+02
   11.850   1.2007E+02
   11.860   1.2317E+02
   11.870   9.9260E+01
   11.880   5.7151E+01
   11.890   3.2263E+01
   11.900   4.0613E+01
   11.910   6.3815E+01
   11.920   8.7402E+01
   11.930   1.0434E+02
   11.940   9.5400E+01
   11.950   6.2063E+01
   11.960   3.0338E+01
   11.970   1.2625E+01
   11.980   5.4887E+00
   11.990   5.1491E+00
   12.000   3.8499E+00
   12.010   1.1214E+00
   12.020  -2.5865E+00
   12.030  -1.1042E+01
   12.040  -2.2068E+01
   12.050  -2.7967E+01
   12.060  -2.6979E+01
   12.070  -2.1588E+01
   12.080  -1.2545E+01
   12.090  -1.9875E+00
   12.100   1.0406E+01
   12.110   1.8544E+01
   12.120   1.6997E+01
   12.130   8.6577E+00
   12.140  -3.4540E+00
   12.150  -7.0023E+00
   12.160   1.2349E+00
   12.170   1.2164E+01
   12.180   2.2579E+01
   12.190   2.4464E+01
   12.200   1.5983E+01
   12.210   4.7235E+00
   12.220  -1.2033E+01
   12.230  -3.7953E+01
   12.240  -7.2823E+01
   12.250  -1.1012E+02
   12.260  -1.4575E+02
   12.270  -1.7555E+02
   12.280  -1.8794E+02
   12.290  -1.7729E+02
   12.300  -1.4586E+02
   12.310  -1.1799E+02
   12.320  -1.0951E+02
   12.330  -1.1373E+02
   12.340  -1.2329E+02
   12.350  -1.3284E+02
   12.360  -1.3883E+02
   12.370  -1.3877E+02
   12.380  -1.3604E+02
   12.390  -1.3023E+02
   12.400  -1.1233E+02
   12.410  -8.6240E+01
   12.420  -6.4446E+01
   12.430  -5.1623E+01
   12.440  -5.3899E+01
   12.450  -6.9706E+01
   12.460  -8.7221E+01
   12.470  -9.7154E+01
   12.480  -1.0032E+02
   12.490  -9.3416E+01
   12.500  -7.4083E+01
   12.510  -4.8800E+01
   12.520  -2.9234E+01
   12.530  -1.7893E+01
   12.540  -7.8322E+00
   12.550   3.6815E+00
   12.560   1.3722E+01
   12.570   2.3054E+01
   12.580   3.1301E+01
   12.590   3.6704E+01
   12.600   4.2732E+01
   12.610   5.1366E+01
   12.620   5.5722E+01
   12.630   5.5063E+01
   12.640   5.1298E+01
   12.650   4.1780E+01
   12.660   2.9354E+01
   12.670   2.0895E+01
   12.680   2.3454E+01
   12.690   3.2519E+01
   12.700   3.5933E+01
   12.710   3.2937E+01
   12.720   2.9311E+01
   12.730   2.8155E+01
   12.740   3.2883E+01
   12.750   4.5307E+01
   12.760   5.9288E+01
   12.770   6.8391E+01
   12.780   7.5605E+01
   12.790   8.4491E+01
   12.800   9.1722E+01
   12.810   9.8158E+01
   12.820   1.0921E+02
   12.830   1.0539E+02
   12.840   7.6117E+01
   12.850   4.1871E+01
   12.860   2.1167E+01
   12.870   1.9766E+01
   12.880   3.6407E+01
   12.890   6.0281E+01
   12.900   8.3645E+01
   12.910   1.0242E+02
   12.920   1.1060E+02
   12.930   1.0717E+02
   12.940   9.1354E+01
   12.950   7.0658E+01
   12.960   5.3638E+01
   12.970   4.1901E+01
   12.980   3.6609E+01
   12.990   3.6903E+01
   13.000   3.6808E+01
   13.010   3.2991E+01
   13.020   2.9104E+01
   13.030   2.5907E+01
   13.040   2.1815E+01
   13.050   1.6058E+01
   13.060   1.3064E+01
   13.070   1.9170E+01
   13.080   2.6765E+01
   13.090   2.6496E+01
   13.100   1.9650E+01
   13.110   7.9697E+00
   13.120  -4.0193E+00
   13.130  -1.0438E+01
   13.140  -1.5939E+01
   13.150  -3.0751E+01
   13.160  -5.0902E+01
   13.170  -6.1146E+01
   13.180  -5.3775E+01
   13.190  -3.6503E+01
   13.200  -1.6986E+01
   13.210   9.3694E-01
   13.220   8.6998E+00
   13.230   1.6697E+00
   13.240  -6.0943E+00
   13.250  -1.5179E+00
   13.260   3.5108E+00
   13.270  -3.8785E+00
   13.280  -2.3164E+01
   13.290  -4.9471E+01
   13.300  -7.6085E+01
   13.310  -9.5317E+01
   13.320  -1.0074E+02
   13.330  -9.4602E+01
   13.340  -8.5752E+01
   13.350  -8.3526E+01
   13.360  -8.9495E+01
   13.370  -8.9824E+01
   13.380  -7.8232E+01
   13.390  -6.2171E+01
   13.400  -5.3608E+01
   13.410  -5.7121E+01
   13.420  -6.7882E+01
   13.430  -7.8285E+01
   13.440  -7.7560E+01
   13.450  -6.3104E+01
   13.460  -4.1845E+01
   13.470  -2.1622E+01
   13.480  -4.9317E+00
   13.490   2.8749E+00
   13.500  -3.0433E+00
   13.510  -2.0816E+01
   13.520  -3.6337E+01
   13.530  -4.0526E+01
   13.540  -4.1994E+01
   13.550  -4.9192E+01
   13.560  -5.6680E+01
   13.570  -6.2532E+01
   13.580  -6.7354E+01
   13.590  -6.5202E+01
   13.600  -5.8322E+01
   13.610  -4.9080E+01
   13.620  -3.8128E+01
   13.630  -2.7931E+01
   13.640  -1.5315E+01
   13.650   3.3677E+00
   13.660   2.7007E+01
   13.670   5.2879E+01
   13.680   7.7862E+01
   13.690   9.5255E+01
   13.700   1.0557E+02
   13.710   1.1412E+02
   13.720   1.1908E+02
   13.730   1.1448E+02
   13.740   9.3430E+01
   13.750   6.1255E+01
   13.760   3.1649E+01
   13.770   8.2010E+00
   13.780  -9.7156E+00
   13.790  -2.1874E+01
   13.800  -2.9207E+01
   13.810  -3.2507E+01
   13.820  -2.9840E+01
   13.830  -2.2089E+01
   13.840  -1.3738E+01
   13.850  -7.0386E+00
   13.860  -6.4756E+00
   13.870  -1.0717E+01
   13.880  -1.2613E+01
   13.890  -9.0519E+00
   13.900  -2.5755E+00
   13.910   3.6568E+00
   13.920   6.8350E+00
   13.930   2.1146E+00
   13.940  -4.6985E+00
   13.950  -7.0656E+00
   13.960  -6.6253E+00
   13.970  -6.7076E+00
   13.980  -9.9349E+00
   13.990  -1.5704E+01
   14.000  -2.1214E+01
   14.010  -2.9699E+01
   14.020  -4.1753E+01
   14.030  -5.0313E+01
   14.040  -4.5785E+01
   14.050  -2.7021E+01
   14.060  -6.3591E+00
   14.070   7.7231E+00
   14.080   1.8812E+01
   14.090   2.6027E+01
   14.100   2.7878E+01
   14.110   3.0984E+01
   14.120   3.6997E+01
   14.130   3.8091E+01
   14.140   3.3635E+01
   14.150   2.6134E+01
   14.160   1.9057E+01
   14.170   1.5942E+01
   14.180   1.2621E+01
   14.190   8.9710E+00
   14.200   3.2381E+00
   14.210  -6.3432E+00
   14.220  -1.5414E+01
   14.230  -2.3494E+01
   14.240  -3.0790E+01
   14.250  -4.0967E+01
   14.260  -4.9720E+01
   14.270  -5.1223E+01
   14.280  -4.5889E+01
   14.290  -3.6844E+01
   14.300  -2.6327E+01
   14.310  -1.7938E+01
   14.320  -1.4002E+01
   14.330  -1.4636E+01
   14.340  -1.5597E+01
   14.350  -9.5677E+00
   14.360   6.8872E-01
   14.370   1.0053E+01
   14.380   1.8356E+01
   14.390   2.7832E+01
   14.400   3.6719E+01
   14.410   4.3865E+01
   14.420   5.1249E+01
   14.430   5.6341E+01
   14.440   5.7493E+01
   14.450   5.5972E+01
   14.460   5.1417E+01
   14.470   4.5132E+01
   14.480   3.8111E+01
   14.490   2.5155E+01
   14.500   7.7226E+00
   14.510  -4.1206E+00
   14.520  -6.9088E+00
   14.530  -2.7089E+00
   14.540   6.1399E+00
   14.550   1.8826E+01
   14.560   3.5532E+01
   14.570   5.3411E+01
   14.580   6.6675E+01
   14.590   7.0482E+01
   14.600   6.7424E+01
   14.610   6.1469E+01
   14.620   5.2237E+01
   14.630   3.9334E+01
   14.640   2.4120E+01
   14.650   9.8869E+00
   14.660   1.0442E-01
   14.670  -3.6868E+00
   14.680  -4.3336E+00
   14.690  -3.4564E+00
   14.700   3.7978E-01
   14.710   3.6044E+00
   14.720   3.4740E+00
   14.730   3.6139E+00
   14.740   5.9128E+00
   14.750   1.1267E+01
   14.760   1.8241E+01
   14.770   2.3003E+01
   14.780   2.1696E+01
   14.790   1.5920E+01
   14.800   9.0449E+00
   14.810   4.2548E+00
   14.820   8.0837E-01
   14.830   2.9157E-01
   14.840   2.9738E+00
   14.850   5.5023E+00
   14.860   6.0898E+00
   14.870   5.4318E+00
   14.880   2.9133E+00
   14.890  -2.7895E+00
   14.900  -1.0219E+01
   14.910  -1.7400E+01
   14.920  -2.5463E+01
   14.930  -3.5209E+01
   14.940  -4.3559E+01
   14.950  -4.8380E+01
   14.960  -4.8246E+01
   14.970  -4.3825E+01
   14.980  -3.8461E+01
   14.990  -3.2642E+01
   15.000  -2.6700E+01
   15.010  -2.0848E+01
   15.020  -1.2891E+01
   15.030  -4.0184E+00
   15.040   4.2560E+00
   15.050   1.2370E+01
   15.060   2.0779E+01
   15.070   3.0224E+01
   15.080   4.0914E+01
   15.090   5.0483E+01
   15.100   5.5916E+01
   15.110   5.5136E+01
   15.120   4.9377E+01
   15.130   4.3522E+01
   15.140   4.0018E+01
   15.150   3.7649E+01
   15.160   3.2677E+01
   15.170   2.5340E+01
   15.180   1.8697E+01
   15.190   1.5714E+01
   15.200   1.8662E+01
   15.210   2.6651E+01
   15.220   3.7106E+01
   15.230   4.5848E+01
   15.240   4.7567E+01
   15.250   4.2131E+01
   15.260   3.4074E+01
   15.270   2.7492E+01
   15.280   2.1471E+01
   15.290   1.3759E+01
   15.300   7.3100E+00
   15.310   1.8471E+00
   15.320  -4.9446E+00
   15.330  -1.2699E+01
   15.340  -1.9393E+01
   15.350  -2.2390E+01
   15.360  -2.4198E+01
   15.370  -2.5417E+01
   15.380  -2.5492E+01
   15.390  -2.4126E+01
   15.400  -1.9451E+01
   15.410  -1.1865E+01
   15.420  -5.7768E+00
   15.430  -4.6581E+00
   15.440  -8.5359E+00
   15.450  -1.3580E+01
   15.460  -1.8112E+01
   15.470  -1.9972E+01
   15.480  -1.6602E+01
   15.490  -9.6533E+00
   15.500  -2.1381E+00
   15.510   4.2070E+00
   15.520   8.2003E+00
   15.530   1.0997E+01
   15.540   1.2698E+01
   15.550   1.1746E+01
   15.560   7.7306E+00
   15.570   3.0709E-01
   15.580  -6.7328E+00
   15.590  -1.0060E+01
   15.600  -1.1621E+01
   15.610  -1.2981E+01
   15.620  -1.3188E+01
   15.630  -1.1719E+01
   15.640  -1.0985E+01
   15.650  -1.1387E+01
   15.660  -1.2842E+01
   15.670  -1.6647E+01
   15.680  -2.2037E+01
   15.690  -2.5385E+01
   15.700  -2.4029E+01
   15.710  -2.0005E+01
   15.720  -1.4559E+01
   15.730  -8.0257E+00
   15.740  -3.4661E+00
   15.750  -3.2588E+00
   15.760  -7.5720E+00
   15.770  -1.3432E+01
   15.780  -1.7766E+01
   15.790  -1.9184E+01
   15.800  -1.7574E+01
   15.810  -1.4962E+01
   15.820  -1.3474E+01
   15.830  -1.2321E+01
   15.840  -1.2525E+01
   15.850  -1.5428E+01
   15.860  -1.8502E+01
   15.870  -1.8611E+01
   15.880  -1.5092E+01
   15.890  -1.1276E+01
   15.900  -8.3725E+00
   15.910  -4.7570E+00
   15.920   1.0019E+00
   15.930   8.4138E+00
   15.940   1.6098E+01
   15.950   1.9710E+01
   15.960   1.7550E+01
   15.970   1.4985E+01
   15.980   1.5241E+01
   15.990   1.6559E+01
   16.000   1.8333E+01
   16.010   2.0485E+01
   16.020   2.2724E+01
   16.030   2.3426E+01
   16.040   2.1366E+01
   16.050   1.9133E+01
   16.060   1.8742E+01
   16.070   1.9225E+01
   16.080   1.9984E+01
   16.090   2.1611E+01
   16.100   2.4292E+01
   16.110   2.6342E+01
   16.120   2.5956E+01
   16.130   2.3264E+01
   16.140   1.8656E+01
   16.150   1.3618E+01
   16.160   9.0794E+00
   16.170   5.0213E+00
   16.180   1.2323E+00
   16.190  -2.7818E+00
   16.200  -6.2104E+00
   16.210  -6.0049E+00
   16.220  -1.8406E+00
   16.230   3.5325E+00
   16.240   8.1770E+00
   16.250   9.1474E+00
   16.260   5.9496E+00
   16.270   3.1377E-01
   16.280  -6.5289E+00
   16.290  -1.2129E+01
   16.300  -1.5756E+01
   16.310  -1.7856E+01
   16.320  -1.7474E+01
   16.330  -1.4656E+01
   16.340  -1.1408E+01
   16.350  -8.7316E+00
   16.360  -5.4694E+00
   16.370  -1.3838E+00
   16.380   2.2443E+00
   16.390   3.7516E+00
   16.400   3.9722E+00
   16.410   4.4692E+00
   16.420   4.2747E+00
   16.430   1.8979E+00
   16.440  -2.7526E+00
   16.450  -8.1651E+00
   16.460  -1.2730E+01
   16.470  -1.5952E+01
   16.480  -1.8197E+01
   16.490  -1.8817E+01
   16.500  -1.6793E+01
   16.510  -1.1730E+01
   16.520  -7.3835E+00
   16.530  -7.0666E+00
   16.540  -9.5657E+00
   16.550  -1.3288E+01
   16.560  -1.7038E+01
   16.570  -1.9107E+01
   16.580  -1.9690E+01
   16.590  -2.1096E+01
   16.600  -2.3661E+01
   16.610  -2.4754E+01
   16.620  -2.3220E+01
   16.630  -2.0620E+01
   16.640  -1.8264E+01
   16.650  -1.6360E+01
   16.660  -1.4598E+01
   16.670  -1.3396E+01
   16.680  -1.2223E+01
   16.690  -1.0038E+01
   16.700  -5.8771E+00
   16.710  -1.2821E+00
   16.720   7.1877E-01
   16.730   1.4906E+00
   16.740   3.0434E+00
   16.750   6.1389E+00
   16.760   8.5560E+00
   16.770   9.2927E+00
   16.780   9.9246E+00
   16.790   9.1461E+00
   16.800   6.2596E+00
   16.810   2.3235E+00
   16.820  -1.4163E+00
   16.830  -3.4142E+00
   16.840  -2.7162E+00
   16.850  -3.8475E-01
   16.860   1.9727E+00
   16.870   2.1744E+00
   16.880   3.2866E-01
   16.890  -2.9614E+00
   16.900  -7.5449E+00
   16.910  -1.2395E+01
   16.920  -1.5529E+01
   16.930  -1.5409E+01
   16.940  -1.2995E+01
   16.950  -1.0039E+01
   16.960  -8.3677E+00
   16.970  -7.7362E+00
   16.980  -6.7079E+00
   16.990  -5.0965E+00
   17.000  -3.3748E+00
   17.010  -2.3313E+00
   17.020  -1.4556E+00
   17.030   4.2918E-01
   17.040   2.6230E+00
   17.050   4.4180E+00
   17.060   6.4663E+00
   17.070   8.9716E+00
   17.080   1.2663E+01
   17.090   1.6948E+01
   17.100   2.1125E+01
   17.110   2.3983E+01
   17.120   2.3466E+01
   17.130   1.9897E+01
   17.140   1.5008E+01
   17.150   1.0857E+01
   17.160   8.1048E+00
   17.170   7.4881E+00
   17.180   8.4630E+00
   17.190   9.7048E+00
   17.200   1.1327E+01
   17.210   1.2415E+01
   17.220   1.1722E+01
   17.230   9.0141E+00
   17.240   5.2588E+00
   17.250   1.0178E+00
   17.260  -2.9206E+00
   17.270  -6.1118E+00
   17.280  -8.7948E+00
   17.290  -1.0943E+01
   17.300  -1.2216E+01
   17.310  -1.2212E+01
   17.320  -1.0637E+01
   17.330  -7.1411E+00
   17.340  -2.9869E+00
   17.350   4.3594E-01
   17.360   2.7623E+00
   17.370   3.4275E+00
   17.380   2.3837E+00
   17.390   9.5531E-01
   17.400   6.7638E-01
   17.410   9.8301E-01
   17.420   9.2403E-01
   17.430   8.5143E-01
   17.440   8.8804E-01
   17.450   1.7837E+00
   17.460   3.5573E+00
   17.470   5.5127E+00
   17.480   7.0827E+00
   17.490   7.5457E+00
   17.500   7.1265E+00
   17.510   6.8517E+00
   17.520   6.7477E+00
   17.530   6.3716E+00
   17.540   5.7200E+00
   17.550   4.9881E+00
   17.560   4.1214E+00
   17.570   3.0949E+00
   17.580   2.0133E+00
   17.590   5.6379E-01
   17.600  -1.5774E+00
   17.610  -4.9598E+00
   17.620  -8.5698E+00
   17.630  -1.1080E+01
   17.640  -1.2752E+01
   17.650  -1.3903E+01
   17.660  -1.4437E+01
   17.670  -1.4588E+01
   17.680  -1.4226E+01
   17.690  -1.3905E+01
   17.700  -1.4050E+01
   17.710  -1.4671E+01
   17.720  -1.5605E+01
   17.730  -1.6656E+01
   17.740  -1.7883E+01
   17.750  -1.8745E+01
   17.760  -1.8499E+01
   17.770  -1.6651E+01
   17.780  -1.3599E+01
   17.790  -1.0472E+01
   17.800  -7.9046E+00
   17.810  -5.6542E+00
   17.820  -3.9508E+00
   17.830  -2.8120E+00
   17.840  -2.1272E+00
   17.850  -2.0150E+00
   17.860  -2.3820E+00
   17.870  -3.1910E+00
   17.880  -4.4793E+00
   17.890  -5.8664E+00
   17.900  -6.6999E+00
   17.910  -6.6008E+00
   17.920  -5.5075E+00
   17.930  -3.9589E+00
   17.940  -3.1645E+00
   17.950  -3.3889E+00
   17.960  -4.1257E+00
   17.970  -5.0457E+00
   17.980  -5.6342E+00
   17.990  -5.5527E+00
   18.000  -4.9853E+00
   18.010  -4.2982E+00
   18.020  -3.3365E+00
   18.030  -2.1780E+00
   18.040  -1.4209E+00
   18.050  -1.0028E+00
   18.060  -4.8241E-01
   18.070   2.2109E-01
   18.080   8.0988E-01
   18.090   1.3176E+00
   18.100   1.8395E+00
   18.110   2.1535E+00
   18.120   2.3164E+00
   18.130   2.6179E+00
   18.140   3.1571E+00
   18.150   4.0267E+00
   18.160   5.2795E+00
   18.170   6.8116E+00
   18.180   8.3776E+00
   18.190   9.5860E+00
   18.200   1.0266E+01
   18.210   1.0475E+01
   18.220   1.0012E+01
   18.230   8.8926E+00
   18.240   7.7326E+00
   18.250   6.9359E+00
   18.260   6.4600E+00
   18.270   6.2881E+00
   18.280   6.3678E+00
   18.290   6.7594E+00
   18.300   7.4286E+00
   18.310   8.0633E+00
   18.320   8.4581E+00
   18.330   8.6333E+00
   18.340   8.4707E+00
   18.350   7.9595E+00
   18.360   7.3162E+00
   18.370   6.7199E+00
   18.380   5.9923E+00
   18.390   5.0813E+00
   18.400   4.4611E+00
   18.410   4.4570E+00
   18.420   5.0617E+00
   18.430   5.8609E+00
   18.440   6.3280E+00
   18.450   6.3272E+00
   18.460   5.8869E+00
   18.470   5.0126E+00
   18.480   4.0461E+00
   18.490   3.3806E+00
   18.500   3.1217E+00
   18.510   3.1802E+00
   18.520   3.3867E+00
   18.530   3.5261E+00
   18.540   3.4396E+00
   18.550   3.2176E+00
   18.560   2.8460E+00
   18.570   2.1877E+00
   18.580   1.2850E+00
   18.590   3.5357E-01
   18.600  -4.1680E-01
   18.610  -9.5003E-01
   18.620  -1.2630E+00
   18.630  -1.4639E+00
   18.640  -1.5845E+00
   18.650  -1.6572E+00
   18.660  -1.7983E+00
   18.670  -2.1062E+00
   18.680  -2.5961E+00
   18.690  -3.2459E+00
   18.700  -4.0000E+00
   18.710  -4.8396E+00
   18.720  -5.7265E+00
   18.730  -6.5485E+00
   18.740  -7.1331E+00
   18.750  -7.3591E+00
   18.760  -7.2321E+00
   18.770  -6.7810E+00
   18.780  -6.0730E+00
   18.790  -5.2933E+00
   18.800  -4.6233E+00
   18.810  -4.1230E+00
   18.820  -3.8074E+00
   18.830  -3.6895E+00
   18.840  -3.7650E+00
   18.850  -3.8936E+00
   18.860  -3.8939E+00
   18.870  -3.6490E+00
   18.880  -3.1391E+00
   18.890  -2.4625E+00
   18.900  -1.7834E+00
   18.910  -1.2376E+00
   18.920  -8.6053E-01
   18.930  -6.1743E-01
   18.940  -4.7476E-01
   18.950  -4.9009E-01
   18.960  -7.0690E-01
   18.970  -1.0824E+00
   18.980  -1.4270E+00
   18.990  -1.5431E+00
   19.000  -1.3823E+00
   19.010  -1.0380E+00
   19.020  -6.0035E-01
   19.030  -1.7005E-01
   19.040   2.7609E-02
   19.050  -1.2874E-01
   19.060  -5.1760E-01
   19.070  -9.3085E-01
   19.080  -1.2435E+00
   19.090  -1.5064E+00
   19.100  -1.7820E+00
   19.110  -1.9857E+00
   19.120  -1.9446E+00
   19.130  -1.6340E+00
   19.140  -1.2326E+00
   19.150  -9.1018E-01
   19.160  -7.0618E-01
   19.170  -5.7667E-01
   19.180  -5.3558E-01
   19.190  -6.5071E-01
   19.200  -8.8158E-01
   19.210  -1.0714E+00
   19.220  -1.0816E+00
   19.230  -8.9644E-01
   19.240  -5.9230E-01
   19.250  -2.2640E-01
   19.260   1.6988E-01
   19.270   5.7782E-01
   19.280   9.9710E-01
   19.290   1.4152E+00
   19.300   1.8161E+00
   19.310   2.1301E+00
   19.320   2.2998E+00
   19.330   2.3302E+00
   19.340   2.2947E+00
   19.350   2.3072E+00
   19.360   2.4198E+00
   19.370   2.6168E+00
   19.380   2.8321E+00
   19.390   3.0150E+00
   19.400   3.1236E+00
   19.410   3.1034E+00
   19.420   2.9638E+00
   19.430   2.7951E+00
   19.440   2.6798E+00
   19.450   2.6433E+00
   19.460   2.6633E+00
   19.470   2.7059E+00
   19.480   2.7408E+00
   19.490   2.7100E+00
   19.500   2.5765E+00
   19.510   2.3645E+00
   19.520   2.1144E+00
   19.530   1.8488E+00
   19.540   1.5378E+00
   19.550   1.1806E+00
   19.560   8.2597E-01
   19.570   5.0690E-01
   19.580   2.5668E-01
   19.590   1.4758E-01
   19.600   2.9781E-01
   19.610   7.4334E-01
   19.620   1.3478E+00
   19.630   1.8957E+00
   19.640   2.2491E+00
   19.650   2.3940E+00
   19.660   2.3681E+00
   19.670   2.2134E+00
   19.680   1.9948E+00
   19.690   1.8309E+00
   19.700   1.8213E+00
   19.710   1.9794E+00
   19.720   2.2578E+00
   19.730   2.5581E+00
   19.740   2.7681E+00
   19.750   2.8303E+00
   19.760   2.7585E+00
   19.770   2.6111E+00
   19.780   2.4264E+00
   19.790   2.2029E+00
   19.800   1.9450E+00
   19.810   1.6603E+00
   19.820   1.3468E+00
   19.830   1.0049E+00
   19.840   6.9831E-01
   19.850   4.9678E-01
   19.860   3.8347E-01
   19.870   3.1069E-01
   19.880   2.0550E-01
   19.890  -1.0470E-02
   19.900  -3.2678E-01
   19.910  -6.9638E-01
   19.920  -1.0852E+00
   19.930  -1.4397E+00
   19.940  -1.6889E+00
   19.950  -1.7736E+00
   19.960  -1.6791E+00
   19.970  -1.4324E+00
   19.980  -1.1369E+00
   19.990  -9.0011E-01
   20.000  -7.5350E-01
   20.010  -7.2992E-01
   20.020  -8.5686E-01
   20.030  -1.1189E+00
   20.040  -1.4436E+00
   20.050  -1.6989E+00
   20.060  -1.7952E+00
   20.070  -1.7033E+00
   20.080  -1.4181E+00
   20.090  -9.3960E-01
   20.100  -3.7003E-01
   20.110   1.1637E-01
   20.120   3.9400E-01
   20.130   4.3664E-01
   20.140   2.9968E-01
   20.150   2.5167E-02
   20.160  -3.4031E-01
   20.170  -7.1094E-01
   20.180  -1.0276E+00
   20.190  -1.2632E+00
   20.200  -1.4131E+00
   20.210  -1.4856E+00
   20.220  -1.4965E+00
   20.230  -1.5061E+00
   20.240  -1.5927E+00
   20.250  -1.7860E+00
   20.260  -2.0770E+00
   20.270  -2.4302E+00
   20.280  -2.7521E+00
   20.290  -2.9401E+00
   20.300  -2.9433E+00
   20.310  -2.7295E+00
   20.320  -2.3191E+00
   20.330  -1.8028E+00
   20.340  -1.2962E+00
   20.350  -9.2244E-01
   20.360  -7.0961E-01
   20.370  -5.6947E-01
   20.380  -4.1662E-01
   20.390  -2.4590E-01
   20.400  -1.2898E-01
   20.410  -1.1653E-01
   20.420  -1.4076E-01
   20.430  -7.9085E-02
   20.440   1.1540E-01
   20.450   3.9680E-01
   20.460   6.7443E-01
   20.470   8.8772E-01
   20.480   1.0140E+00
   20.490   1.0223E+00
   20.500   8.9131E-01
   20.510   6.3599E-01
   20.520   3.0209E-01
   20.530  -2.5117E-01
   20.540  -4.7158E-01
   20.550  -5.7602E-01
   20.560  -5.4279E-01
   20.570  -3.7680E-01
   20.580  -1.2169E-01
   20.590   1.3906E-01
   20.600   3.0319E-01
   20.610   2.8950E-01
   20.620   7.2146E-02
   20.630  -3.0506E-01
   20.640  -7.2707E-01
   20.650  -1.0554E+00
   20.660  -1.2023E+00
   20.670  -1.1349E+00
   20.680  -8.7921E-01
   20.690  -5.1179E-01
   20.700  -1.0613E-01
   20.710   2.6289E-01
   20.720   5.5229E-01
   20.730   7.7310E-01
   20.740   9.4276E-01
   20.750   1.0519E+00
   20.760   1.0753E+00
   20.770   1.0389E+00
   20.780   1.0423E+00
   20.790   1.1634E+00
   20.800   1.4018E+00
   20.810   1.7043E+00
   20.820   2.0009E+00
   20.830   2.2262E+00
   20.840   2.3227E+00
   20.850   2.2621E+00
   20.860   2.0620E+00
   20.870   1.5546E+00
   20.880   1.2936E+00
   20.890   1.0695E+00
   20.900   9.0933E-01
   20.910   8.0026E-01
   20.920   7.0208E-01
   20.930   5.7981E-01
   20.940   4.2635E-01
   20.950   2.6004E-01
   20.960   1.1539E-01
   20.970   3.5860E-02
   20.980   5.2988E-02
   20.990   1.5398E-01
   21.000   2.7581E-01
   21.010   3.4540E-01
   21.020   3.3185E-01
   21.030   2.6510E-01
   21.040   2.1272E-01
   21.050   2.3448E-01
   21.060   3.3859E-01
   21.070   4.7090E-01
   21.080   5.5969E-01
   21.090   5.8566E-01
   21.100   6.0246E-01
   21.110   6.7830E-01
   21.120   8.2343E-01
   21.130   9.8706E-01
   21.140   1.1340E+00
   21.150   1.0775E+00
   21.160   1.0597E+00
   21.170   1.1253E+00
   21.180   1.2531E+00
   21.190   1.3786E+00
   21.200   1.4449E+00
   21.210   1.4275E+00
   21.220   1.3234E+00
   21.230   1.1335E+00
   21.240   8.6179E-01
   21.250   5.2196E-01
   21.260   1.3847E-01
   21.270  -2.4800E-01
   21.280  -5.7046E-01
   21.290  -7.5384E-01
   21.300  -7.7443E-01
   21.310  -7.0148E-01
   21.320  -6.5063E-01
   21.330  -6.7583E-01
   21.340  -5.3858E-01
   21.350  -3.8850E-01
   21.360  -1.8683E-02
   21.370   4.0060E-01
   21.380   8.7732E-01
   21.390   1.3203E+00
   21.400   1.6776E+00
   21.410   1.9353E+00
   21.420   2.0807E+00
   21.430   2.0753E+00
   21.440   1.8824E+00
   21.450   1.5215E+00
   21.460   1.0771E+00
   21.470   5.2007E-01
   21.480   1.1027E-01
   21.490  -2.4855E-01
   21.500  -5.5500E-01
   21.510  -7.9656E-01
   21.520  -9.6651E-01
   21.530  -1.0736E+00
   21.540  -1.1354E+00
   21.550  -1.4069E+00
   21.560  -1.4729E+00
   21.570  -7.7830E-01
   21.580  -5.8313E-01
   21.590  -2.9546E-01
   21.600  -1.6577E-03
   21.610   1.7820E-01
   21.620   3.4654E-01
   21.630   2.3062E-01
   21.640   2.5146E-01
   21.650   5.7093E-02
   21.660  -1.4891E-01
   21.670  -3.6637E-01
   21.680  -7.6290E-01
   21.690  -8.9215E-01
   21.700  -9.2718E-01
   21.710  -1.0746E+00
   21.720  -1.1873E+00
   21.730  -1.4576E+00
   21.740  -1.8444E+00
   21.750  -2.2258E+00
   21.760  -2.4983E+00
   21.770  -2.5557E+00
   21.780  -2.4659E+00
   21.790  -2.2486E+00
   21.800  -1.6975E+00
   21.810  -1.6997E+00
   21.820  -1.8476E+00
   21.830  -2.1021E+00
   21.840  -2.4516E+00
   21.850  -2.3135E+00
   21.860  -2.5391E+00
   21.870  -2.0760E+00
   21.880  -2.1257E+00
   21.890  -2.3750E+00
   21.900  -1.9167E+00
   21.910  -1.5718E+00
   21.920  -1.2948E+00
   21.930  -1.1130E+00
   21.940  -1.0602E+00
   21.950  -1.0768E+00
   21.960  -1.0938E+00
   21.970  -1.0124E+00
   21.980  -8.8876E-01
   21.990  -4.2162E-01
   22.000   1.6804E-01
   22.010   5.8331E-01
   22.020   7.7925E-01
   22.030   8.0895E-01
   22.040   7.9910E-01
   22.050   8.5172E-01
   22.060   1.0134E+00
   22.070   1.4420E+00
   22.080   2.0539E+00
   22.090   2.6265E+00
   22.100   2.8811E+00
   22.110   3.0823E+00
   22.120   3.2157E+00
   22.130   3.3033E+00
   22.140   3.0794E+00
   22.150   2.6599E+00
   22.160   2.7051E+00
   22.170   2.7250E+00
   22.180   2.6889E+00
   22.190   2.5313E+00
   22.200   2.2527E+00
   22.210   1.7160E+00
   22.220   1.0469E+00
   22.230   3.6237E-01
   22.240  -2.2943E-01
   22.250  -6.5280E-01
   22.260  -1.1605E+00
   22.270  -1.1278E+00
   22.280  -9.0610E-01
   22.290  -5.6821E-01
   22.300  -1.9767E-01
   22.310   1.3682E-01
   22.320   3.9451E-01
   22.330   5.6792E-01
   22.340   6.8973E-01
   22.350   8.3018E-01
   22.360   1.2683E+00
   22.370   1.6118E+00
   22.380   2.0312E+00
   22.390   2.4237E+00
   22.400   2.5458E+00
   22.410   2.8602E+00
   22.420   3.1158E+00
   22.430   3.2275E+00
   22.440   3.1318E+00
   22.450   2.8491E+00
   22.460   2.4671E+00
   22.470   2.0314E+00
   22.480   1.5875E+00
   22.490   9.4442E-01
   22.500   6.1054E-01
   22.510  -1.4979E-01
   22.520  -4.2445E-01
   22.530  -7.9230E-01
   22.540  -1.1864E+00
   22.550  -1.7036E+00
   22.560  -2.2493E+00
   22.570  -2.3018E+00
   22.580  -2.1233E+00
   22.590  -2.0143E+00
   22.600  -1.7325E+00
   22.610  -1.5897E+00
   22.620  -1.6303E+00
   22.630  -1.9206E+00
   22.640  -1.9765E+00
   22.650  -2.0034E+00
   22.660  -1.9039E+00
   22.670  -1.6553E+00
   22.680  -1.6404E+00
   22.690  -1.2542E+00
   22.700  -8.1884E-01
   22.710  -5.6319E-01
   22.720  -3.3716E-01
   22.730  -1.5578E-01
   22.740  -1.7639E-01
   22.750  -1.8216E-01
   22.760  -2.7402E-01
   22.770  -3.0557E-01
   22.780  -4.8718E-01
   22.790  -1.3748E-03
   22.800   7.0987E-02
   22.810   1.1979E-01
   22.820   6.4102E-01
   22.830   5.6740E-01
   22.840   7.7762E-01
   22.850   5.3561E-01
   22.860   3.3860E-01
   22.870   2.0673E-01
   22.880   1.0637E-01
   22.890   1.8616E-01
   22.900   1.9960E-01
   22.910   2.3093E-01
   22.920   9.2783E-02
   22.930  -1.0906E-01
   22.940  -3.2223E-01
   22.950  -5.2107E-01
   22.960  -6.9654E-01
   22.970  -7.8808E-01
   22.980  -8.4479E-01
   22.990  -7.3282E-01
   23.000  -5.8372E-01
   23.010  -4.4373E-01
   23.020  -2.8381E-01
   23.030  -6.0593E-02
   23.040   1.9344E-01
   23.050   5.3710E-01
   23.060   9.1962E-01
   23.070   1.3366E+00
   23.080   1.7378E+00
   23.090   2.0378E+00
   23.100   2.1710E+00
   23.110   2.1168E+00
   23.120   1.8862E+00
   23.130   1.5164E+00
   23.140   1.0845E+00
   23.150   6.9844E-01
   23.160  -6.5128E-02
   23.170  -7.2312E-02
   23.180   8.7554E-02
   23.190   3.3452E-01
   23.200   5.9227E-01
   23.210   8.3567E-01
   23.220   1.0022E+00
   23.230   8.0767E-01
   23.240   6.6243E-01
   23.250   5.1584E-01
   23.260   6.3259E-02
   23.270  -6.3811E-02
   23.280  -1.7570E-01
   23.290  -3.2213E-01
   23.300  -5.4074E-01
   23.310  -8.3175E-01
   23.320  -1.1527E+00
   23.330  -1.4210E+00
   23.340  -1.5355E+00
   23.350  -1.4216E+00
   23.360  -1.1307E+00
   23.370  -4.8420E-01
   23.380   2.6716E-01
   23.390   9.7709E-01
   23.400   1.4518E+00
   23.410   1.6052E+00
   23.420   1.6152E+00
   23.430   1.4517E+00
   23.440   7.3569E-01
   23.450   4.2966E-01
   23.460   2.3945E-01
   23.470   2.8908E-01
   23.480   4.2436E-01
   23.490   6.2264E-01
   23.500   8.3364E-01
   23.510   9.9129E-01
   23.520   1.0189E+00
   23.530   8.8128E-01
   23.540   6.4117E-01
   23.550   4.0544E-01
   23.560   2.0993E-01
   23.570   1.5726E-02
   23.580  -2.1386E-01
   23.590  -4.5757E-01
   23.600  -6.8349E-01
   23.610  -9.2779E-01
   23.620  -1.1175E+00
   23.630  -8.0869E-01
   23.640  -9.4614E-01
   23.650  -1.0655E+00
   23.660  -1.1771E+00
   23.670  -1.2514E+00
   23.680  -1.2522E+00
   23.690  -1.1483E+00
   23.700  -9.4639E-01
   23.710   4.1175E-02
   23.720   2.2776E-01
   23.730   3.2438E-01
   23.740   3.1893E-01
   23.750   9.8224E-01
   23.760   9.8271E-01
   23.770   9.4673E-01
   23.780   8.5468E-01
   23.790   6.2817E-01
   23.800   3.7310E-01
   23.810   5.1086E-02
   23.820  -2.7869E-01
   23.830  -5.2246E-01
   23.840  -6.9615E-01
   23.850  -6.2378E-01
   23.860  -4.2288E-01
   23.870  -1.9653E-01
   23.880  -6.6465E-02
   23.890  -1.2115E-01
   23.900  -3.7205E-01
   23.910  -7.6382E-01
   23.920  -1.2231E+00
   23.930  -1.6815E+00
   23.940  -2.0492E+00
   23.950  -2.2835E+00
   23.960  -2.3238E+00
   23.970  -2.1819E+00
   23.980  -1.8988E+00
   23.990  -1.5414E+00
   24.000  -1.2136E+00
   24.010  -9.9814E-01
   24.020  -9.1230E-01
   24.030  -8.7914E-01
   24.040  -8.3611E-01
   24.050  -7.8995E-01
   24.060  -7.5269E-01
   24.070  -6.7871E-01
   24.080  -5.1894E-01
   24.090  -3.0291E-01
   24.100  -7.0759E-02
   24.110   6.6941E-02
   24.120   1.5815E-01
   24.130   2.4713E-01
   24.140   3.2184E-01
   24.150   4.0355E-01
   24.160   5.5906E-01
   24.170   8.2133E-01
   24.180   1.1286E+00
   24.190   1.3734E+00
   24.200   1.4909E+00
   24.210   1.4814E+00
   24.220   1.3740E+00
   24.230   1.2069E+00
   24.240   1.0098E+00
   24.250   8.1360E-01
   24.260   4.6037E-01
   24.270   2.9768E-01
   24.280   1.0722E-01
   24.290  -2.2554E-01
   24.300  -3.5616E-01
   24.310  -4.0347E-01
   24.320  -3.9101E-01
   24.330  -3.0652E-01
   24.340  -1.5185E-01
   24.350   6.2901E-02
   24.360   2.9032E-01
   24.370   4.5801E-01
   24.380   5.1574E-01
   24.390   4.6581E-01
   24.400   3.4515E-01
   24.410   1.9213E-01
   24.420   4.1885E-02
   24.430  -5.8885E-02
   24.440  -4.4848E-01
   24.450  -4.2660E-01
   24.460  -8.6591E-02
   24.470   3.6711E-01
   24.480   8.4906E-01
   24.490   1.2578E+00
   24.500   1.5074E+00
   24.510   1.6328E+00
   24.520   1.6546E+00
   24.530   1.4767E+00
   24.540   1.2197E+00
   24.550   9.2513E-01
   24.560   9.1682E-01
   24.570   7.8221E-01
   24.580   7.4475E-01
   24.590   7.1926E-01
   24.600   6.7849E-01
   24.610   6.7545E-01
   24.620   9.1572E-01
   24.630   9.9897E-01
   24.640   1.0485E+00
   24.650   1.0964E+00
   24.660   1.1384E+00
   24.670   1.1522E+00
   24.680   8.5185E-01
   24.690   7.8308E-01
   24.700   5.1563E-01
   24.710   2.5088E-01
   24.720  -1.5974E-01
   24.730  -6.3248E-01
   24.740  -1.0306E+00
   24.750  -1.2823E+00
   24.760  -1.5041E+00
   24.770  -1.5647E+00
   24.780  -1.2943E+00
   24.790  -8.0111E-01
   24.800  -5.0765E-01
   24.810  -2.3932E-01
   24.820   6.6205E-03
   24.830   2.3104E-01
   24.840   4.0837E-01
   24.850   5.3629E-01
   24.860   5.1663E-01
   24.870   4.1440E-01
   24.880   2.1668E-01
   24.890  -5.6566E-02
   24.900  -3.5057E-01
   24.910  -5.9467E-01
   24.920  -7.4233E-01
   24.930  -7.8686E-01
   24.940  -7.3806E-01
   24.950  -6.0231E-01
   24.960  -3.6627E-01
   24.970  -1.1545E-01
   24.980   1.0252E-01
   24.990   2.7587E-01
   25.000   3.8019E-01
   25.010   5.4482E-02
   25.020  -2.6686E-01
   25.030  -5.4495E-01
   25.040  -8.3475E-01
   25.050  -1.0819E+00
   25.060  -1.2687E+00
   25.070  -1.4852E+00
   25.080  -1.5364E+00
   25.090  -1.5451E+00
   25.100  -1.5285E+00
   25.110  -1.5102E+00
   25.120  -1.4924E+00
   25.130  -1.4393E+00
   25.140  -1.3002E+00
   25.150  -1.0521E+00
   25.160  -1.6862E+00
   25.170  -1.2655E+00
   25.180  -8.1380E-01
   25.190  -3.9000E-01
   25.200  -3.3687E-02
   25.210   1.9383E-01
   25.220   3.7525E-01
   25.230   4.7720E-01
   25.240   5.0691E-01
   25.250   4.9943E-01
   25.260   5.0910E-01
   25.270   5.6431E-01
   25.280   6.3623E-01
   25.290   6.6458E-01
   25.300   5.6369E-01
   25.310   4.1069E-01
   25.320   1.6690E-01
   25.330  -1.5099E-01
   25.340  -5.0429E-01
   25.350  -8.1578E-01
   25.360  -1.0578E+00
   25.370  -1.2825E+00
   25.380  -1.4167E+00
   25.390  -1.5120E+00
   25.400  -1.5526E+00
   25.410  -1.0838E+00
   25.420  -9.6527E-01
   25.430  -8.0246E-01
   25.440  -5.9452E-01
   25.450  -3.6178E-01
   25.460  -1.3420E-01
   25.470   7.7024E-02
   25.480   2.6786E-01
   25.490   4.5767E-01
   25.500   7.6185E-01
   25.510   9.3671E-01
   25.520   1.1847E+00
   25.530   1.4830E+00
   25.540   1.8388E+00
   25.550   2.0728E+00
   25.560   1.8551E+00
   25.570   1.7757E+00
   25.580   1.6003E+00
   25.590   1.1425E+00
   25.600   8.3161E-01
   25.610   5.8883E-01
   25.620   4.5853E-01
   25.630   4.3286E-01
   25.640   4.3351E-01
   25.650   4.1866E-01
   25.660   4.0411E-01
   25.670   3.4339E-01
   25.680   3.0381E-01
   25.690  -1.1984E-02
   25.700  -1.2621E-01
   25.710  -2.9761E-01
   25.720  -5.0466E-01
   25.730  -6.0284E-01
   25.740  -7.5620E-01
   25.750  -8.6075E-01
   25.760  -9.0532E-01
   25.770  -9.1159E-01
   25.780  -8.8716E-01
   25.790  -6.5537E-01
   25.800  -6.7821E-01
   25.810  -5.6102E-01
   25.820  -5.3467E-01
   25.830  -5.1127E-01
   25.840  -4.7376E-01
   25.850  -4.1091E-01
   25.860  -3.2611E-01
   25.870  -1.7216E-01
   25.880  -6.0333E-02
   25.890   4.5193E-02
   25.900   1.3648E-01
   25.910  -1.3506E-01
   25.920  -2.0062E-01
   25.930  -2.4694E-01
   25.940  -2.5174E-01
   25.950  -2.0513E-01
   25.960  -1.1260E-01
   25.970   3.6683E-03
   25.980   1.1142E-01
   25.990   1.8395E-01
   26.000   2.0966E-01
   26.010   1.8739E-01
   26.020   1.2031E-01
   26.030   2.6476E-01
   26.040   1.4439E-01
   26.050   1.8601E-02
   26.060  -1.3366E-01
   26.070  -3.1812E-01
   26.080  -5.1556E-01
   26.090  -6.7674E-01
   26.100  -7.4990E-01
   26.110  -7.2332E-01
   26.120  -5.7664E-01
   26.130  -3.6522E-01
   26.140  -1.1387E-01
   26.150   5.4155E-02
   26.160   1.2888E-01
   26.170   1.1442E-01
   26.180   5.4768E-02
   26.190   4.0590E-03
   26.200  -4.5578E-03
   26.210   1.8048E-01
   26.220   2.5463E-01
   26.230   3.0187E-01
   26.240   3.1187E-01
   26.250   2.8202E-01
   26.260   2.1895E-01
   26.270   1.3723E-01
   26.280   5.2027E-02
   26.290   1.0337E-02
   26.300  -4.8546E-02
   26.310  -7.9533E-02
   26.320  -8.4059E-02
   26.330   2.1520E-01
   26.340   1.7834E-01
   26.350   1.2435E-01
   26.360   7.9014E-02
   26.370   6.7130E-02
   26.380   8.8592E-02
   26.390   1.2312E-01
   26.400   1.5213E-01
   26.410   1.6782E-01
   26.420   1.6934E-01
   26.430   1.5477E-01
   26.440   1.2998E-01
   26.450   1.1113E-01
   26.460   1.1444E-01
   26.470   1.4245E-01
   26.480   1.8004E-01
   26.490   2.0058E-01
   26.500   1.7049E-01
   26.510   8.6493E-02
   26.520  -4.5560E-02
   26.530  -1.9008E-01
   26.540  -3.0987E-01
   26.550  -4.2496E-01
   26.560  -4.6746E-01
   26.570  -4.6811E-01
   26.580  -4.1519E-01
   26.590  -2.9735E-01
   26.600  -1.2504E-01
   26.610   9.6547E-02
   26.620   2.6179E-01
   26.630   3.9721E-01
   26.640   4.6834E-01
   26.650   4.6127E-01
   26.660   3.8828E-01
   26.670   2.0902E-01
   26.680   5.2938E-02
   26.690  -1.1641E-01
   26.700  -2.7360E-01
   26.710  -3.9537E-01
   26.720  -5.4620E-01
   26.730  -6.5448E-01
   26.740  -7.8601E-01
   26.750  -9.2295E-01
   26.760  -1.0355E+00
   26.770  -1.1079E+00
   26.780  -1.1369E+00
   26.790  -1.1127E+00
   26.800  -1.0220E+00
   26.810  -8.7439E-01
   26.820  -7.0952E-01
   26.830  -5.6705E-01
   26.840  -4.2627E-01
   26.850  -2.9446E-01
   26.860  -1.4950E-01
   26.870   5.7007E-03
   26.880   1.5509E-01
   26.890   2.9483E-01
   26.900   4.3309E-01
   26.910   5.4794E-01
   26.920   6.3366E-01
   26.930   6.8994E-01
   26.940   5.3457E-01
   26.950   5.7168E-01
   26.960   6.2886E-01
   26.970   6.8873E-01
   26.980   7.2312E-01
   26.990   7.0361E-01
   27.000   6.1413E-01
   27.010   4.5918E-01
   27.020   2.6117E-01
   27.030   4.9610E-02
   27.040  -1.5454E-01
   27.050  -3.1185E-01
   27.060  -4.0750E-01
   27.070  -4.4089E-01
   27.080  -4.3772E-01
   27.090  -3.9800E-01
   27.100  -3.5242E-01
   27.110  -2.3016E-01
   27.120  -2.1908E-01
   27.130  -1.1851E-01
   27.140  -1.6230E-01
   27.150  -1.9149E-01
   27.160  -1.9935E-01
   27.170  -1.1994E-01
   27.180  -1.6386E-01
   27.190  -1.3322E-01
   27.200  -1.0275E-01
   27.210  -7.2489E-02
   27.220  -6.7131E-02
   27.230  -9.6947E-02
   27.240  -1.5412E-01
   27.250  -2.3441E-01
   27.260  -3.1188E-01
   27.270  -3.4788E-01
   27.280  -3.5189E-01
   27.290  -3.1448E-01
   27.300   1.7915E-01
   27.310   2.2735E-01
   27.320   2.5865E-01
   27.330   2.6059E-01
   27.340   2.2525E-01
   27.350   1.4983E-01
   27.360   3.6551E-02
   27.370  -1.0405E-01
   27.380  -2.5187E-01
   27.390  -4.1236E-01
   27.400  -5.1916E-01
   27.410  -6.0282E-01
   27.420  -6.6554E-01
   27.430  -7.0059E-01
   27.440  -6.9676E-01
   27.450  -6.5133E-01
   27.460  -5.7629E-01
   27.470  -4.9191E-01
   27.480  -4.1445E-01
   27.490  -3.4875E-01
   27.500  -2.8988E-01
   27.510  -2.3071E-01
   27.520  -1.6768E-01
   27.530  -1.1413E-01
   27.540  -4.0267E-02
   27.550   4.0052E-02
   27.560  -1.3073E-01
   27.570  -9.7217E-02
   27.580  -1.0364E-01
   27.590  -1.0722E-01
   27.600  -1.0174E-01
   27.610  -8.3575E-02
   27.620  -5.5105E-02
   27.630  -2.2861E-02
   27.640   6.3344E-03
   27.650   2.8984E-02
   27.660   4.7204E-02
   27.670   6.7467E-02
   27.680   9.4803E-02
   27.690   1.5671E-01
   27.700   1.8485E-01
   27.710   1.9492E-01
   27.720   1.8189E-01
   27.730   1.5073E-01
   27.740   1.1205E-01
   27.750   7.3693E-02
   27.760   3.5736E-02
   27.770  -5.8469E-03
   27.780  -5.0837E-02
   27.790  -9.3672E-02
   27.800  -1.2036E-01
   27.810  -1.2792E-01
   27.820  -1.2000E-01
   27.830  -2.5487E-01
   27.840  -2.3600E-01
   27.850  -2.4537E-01
   27.860  -2.5050E-01
   27.870  -2.7845E-01
   27.880  -2.8768E-01
   27.890  -2.6482E-01
   27.900  -2.1263E-01
   27.910  -1.4347E-01
   27.920  -6.9685E-02
   27.930  -6.5500E-05
   27.940   6.4639E-02
   27.950   1.2331E-01
   27.960   1.8120E-01
   27.970   2.4202E-01
   27.980   2.9965E-01
   27.990   3.5110E-01
   28.000   3.9041E-01
   28.010   4.1321E-01
   28.020   4.1816E-01
   28.030   4.1009E-01
   28.040   3.7557E-01
   28.050   3.5569E-01
   28.060   3.2482E-01
   28.070   2.7136E-01
   28.080   2.1236E-01
   28.090   1.4666E-01
   28.100   7.6628E-02
   28.110  -6.2967E-02
   28.120  -9.4321E-02
   28.130  -1.1392E-01
   28.140  -1.2167E-01
   28.150  -1.1637E-01
   28.160  -9.9720E-02
   28.170  -1.2128E-01
   28.180  -1.1301E-01
   28.190  -1.0538E-01
   28.200  -8.9986E-02
   28.210  -8.5795E-02
   28.220  -8.3691E-02
   28.230  -8.9339E-02
   28.240  -9.8770E-02
   28.250  -1.0862E-01
   28.260  -1.0939E-01
   28.270  -9.6458E-02
   28.280  -7.1691E-02
   28.290  -4.2877E-02
   28.300  -3.4295E-03
   28.310   3.4345E-02
   28.320   6.4387E-02
   28.330   1.7574E-01
   28.340   1.6818E-01
   28.350   1.4555E-01
   28.360   1.1231E-01
   28.370   9.3074E-02
   28.380   5.8273E-02
   28.390   3.5432E-02
   28.400   3.0883E-02
   28.410   4.2982E-02
   28.420   6.3004E-02
   28.430   8.0225E-02
   28.440   8.6284E-02
   28.450   7.7008E-02
   28.460   5.2847E-02
   28.470   1.7915E-02
   28.480  -2.2831E-02
   28.490  -6.6062E-02
   28.500  -1.0933E-01
   28.510  -1.4849E-01
   28.520  -1.7733E-01
   28.530  -1.9154E-01
   28.540  -1.8701E-01
   28.550  -1.6673E-01
   28.560  -1.3569E-01
   28.570  -1.0144E-01
   28.580  -7.2649E-02
   28.590  -5.5665E-02
   28.600  -5.0706E-02
   28.610  -5.1284E-02
   28.620  -4.8095E-02
   28.630  -3.4819E-02
   28.640  -1.1351E-02
   28.650   1.7841E-02
   28.660   4.7853E-02
   28.670   7.5455E-02
   28.680   9.7772E-02
   28.690   1.1078E-01
   28.700   1.1074E-01
   28.710   9.7223E-02
   28.720   7.4101E-02
   28.730   4.7606E-02
   28.740   2.3663E-02
   28.750   6.6237E-03
   28.760  -5.7984E-04
   28.770   3.7965E-03
   28.780   1.5208E-02
   28.790   5.9312E-02
   28.800   5.7822E-02
   28.810   4.7077E-02
   28.820   2.6551E-02
   28.830  -2.8604E-03
   28.840  -3.6252E-02
   28.850  -6.8292E-02
   28.860  -9.3785E-02
   28.870  -1.0909E-01
   28.880  -1.1253E-01
   28.890  -1.0473E-01
   28.900  -8.8667E-02
   28.910  -6.8784E-02
   28.920  -4.9502E-02
   28.930  -3.4055E-02
   28.940  -2.3767E-02
   28.950  -1.8071E-02
   28.960  -1.5653E-02
   28.970  -2.2074E-02
   28.980  -2.3084E-02
   28.990  -2.3662E-03
   29.000  -4.0363E-03
   29.010  -7.9601E-03
   29.020  -1.4054E-02
   29.030  -2.2406E-02
   29.040  -3.0987E-02
   29.050  -4.4921E-02
   29.060  -4.9616E-02
   29.070  -5.3967E-02
   29.080  -5.9307E-02
   29.090  -6.0610E-02
   29.100  -5.8332E-02
   29.110  -5.1151E-02
   29.120  -3.7337E-02
   29.130  -1.6763E-02
   29.140   6.0124E-03
   29.150   2.2513E-02
   29.160   2.5883E-02
   29.170   1.5497E-02
   29.180  -4.1380E-03
   29.190  -2.7764E-02
   29.200  -5.1406E-02
   29.210  -7.1078E-02
   29.220  -8.1963E-02
   29.230  -5.0686E-02
   29.240  -5.2011E-02
   29.250  -5.0679E-02
   29.260  -4.7105E-02
   29.270  -4.1988E-02
   29.280  -3.5572E-02
   29.290  -2.7774E-02
   29.300  -1.9125E-02
   29.310  -1.1074E-02
   29.320  -4.8282E-03
   29.330  -9.8378E-04
   29.340   3.9199E-03
   29.350   1.1007E-02
   29.360   2.0453E-02
   29.370   3.0867E-02
   29.380   4.0222E-02
   29.390   4.6995E-02
   29.400   5.0897E-02
   29.410   5.2678E-02
   29.420   5.3150E-02
   29.430   5.2582E-02
   29.440   5.1287E-02
   29.450   5.0412E-02
   29.460   5.1294E-02
   29.470   5.3758E-02
   29.480   5.5612E-02
   29.490   5.4273E-02
   29.500   4.8657E-02
   29.510   3.9254E-02
   29.520   2.6958E-02
   29.530   1.2613E-02
   29.540  -2.3628E-03
   29.550  -1.5816E-02
   29.560  -2.5865E-02
   29.570  -3.1792E-02
   29.580  -3.4496E-02
   29.590  -3.4667E-02
   29.600  -3.2872E-02
   29.610  -1.1538E-02
   29.620  -9.7835E-03
   29.630  -7.7051E-03
   29.640  -5.2810E-03
   29.650  -2.8578E-03
   29.660  -9.0438E-04
   29.670   4.7650E-04
   29.680   1.5635E-03
   29.690   2.5512E-03
   29.700   3.3172E-03
   29.710   3.7230E-03
   29.720   3.8983E-03
   29.730   4.0375E-03
   29.740   4.0824E-03
   29.750   3.8585E-03
   29.760   3.4869E-03
   29.770   3.4495E-03
   29.780   4.2034E-03
   29.790   5.8336E-03
   29.800   8.0682E-03
   29.810   1.0474E-02
   29.820   1.2587E-02
   29.830   1.3958E-02
   29.840   1.1177E-02
   29.850   1.0124E-02
   29.860   7.5863E-03
   29.870   3.7216E-03
   29.880  -7.8447E-04
   29.890  -4.9961E-03
   29.900  -8.2062E-03
   29.910  -7.4728E-03
   29.920  -8.6388E-03
   29.930  -8.9983E-03
   29.940  -9.0959E-03
   29.950  -9.4728E-03
   29.960  -1.0203E-02
   29.970  -1.0844E-02
   29.980  -1.0988E-02
   29.990  -1.0764E-02
   30.000  -1.0664E-02
   30.010  -1.0976E-02
   30.020  -1.1553E-02
   30.030  -1.2106E-02
   30.040  -1.2443E-02
   30.050  -1.2341E-02
   30.060  -1.1429E-02
   30.070  -9.4515E-03
   30.080  -6.6488E-03
   30.090  -3.6902E-03
   30.100  -1.1284E-03
   30.110   1.0172E-03
   30.120   3.0724E-03
   30.130   5.3811E-03
   30.140   6.7706E-03
   30.150   7.7250E-03
   30.160   7.9497E-03
   30.170   7.3884E-03
   30.180   6.1067E-03
   30.190   2.4115E-03
   30.200   1.9420E-03
   30.210   1.5722E-03
   30.220   1.3743E-03
   30.230   1.3869E-03
   30.240   1.6593E-03
   30.250   2.1874E-03
   30.260   2.8401E-03
   30.270   3.4103E-03
   30.280   3.7729E-03
   30.290   3.9565E-03
   30.300   4.0386E-03
   30.310  -2.5020E-03
   30.320  -2.4974E-03
   30.330  -2.5413E-03
   30.340  -2.6602E-03
   30.350  -2.8603E-03
   30.360  -3.1435E-03
   30.370  -3.5067E-03
   30.380  -3.9152E-03
   30.390  -4.2842E-03
   30.400  -4.5135E-03
   30.410  -4.5448E-03
   30.420  -4.3761E-03
   30.430  -4.0193E-03
   30.440  -3.4604E-03
   30.450  -2.6732E-03
   30.460  -1.6604E-03
   30.470  -4.7147E-04
   30.480   8.1464E-04
   30.490   2.1039E-03
   30.500   3.2790E-03
   30.510   4.2020E-03
   30.520   4.7673E-03
   30.530   4.9741E-03
   30.540   4.9283E-03
   30.550   4.7418E-03
   30.560   4.4374E-03
   30.570   3.9793E-03
   30.580   3.3877E-03
   30.590   2.7740E-03
   30.600   2.2442E-03
   30.610   1.8118E-03
   30.620   1.4369E-03
   30.630   1.1125E-03
   30.640   8.5452E-04
   30.650   6.2192E-04
   30.660   3.1032E-04
   30.670  -1.5086E-04
   30.680  -7.2068E-04
   30.690  -1.2782E-03
   30.700  -1.7107E-03
   30.710  -1.9755E-03
   30.720  -2.1074E-03
   30.730  -2.1733E-03
   30.740  -2.1893E-03
   30.750  -2.0762E-03
   30.760  -1.7362E-03
   30.770  -1.1885E-03
   30.780  -5.9111E-04
   30.790  -1.0180E-04
   30.800   2.5340E-04
   30.810   5.5013E-04
   30.820   8.4935E-04
   30.830   1.1576E-03
   30.840   1.4723E-03
   30.850   1.7961E-03
   30.860   2.0922E-03
   30.870   2.2712E-03
   30.880   2.2552E-03
   30.890   2.0575E-03
   30.900   1.8111E-03
   30.910  -5.9272E-04
   30.920  -4.4681E-04
   30.930   9.8305E-05
   30.940   8.5946E-04
   30.950   1.6234E-03
   30.960   2.3228E-03
   30.970   3.0225E-03
   30.980   3.7314E-03
   30.990   4.2821E-03
   31.000   4.4380E-03
   31.010   4.0861E-03
   31.020   3.2928E-03
   31.030   2.2026E-03
   31.040   9.4296E-04
   31.050  -3.6738E-04
   31.060  -1.5735E-03
   31.070  -2.4989E-03
   31.080  -3.0096E-03
   31.090  -3.0602E-03
   31.100  -2.6918E-03
   31.110  -2.0143E-03
   31.120  -1.1899E-03
   31.130  -3.9488E-04
   31.140   2.5645E-04
   31.150   7.7085E-04
   31.160   1.2442E-03
   31.170   1.7464E-03
   31.180   2.2377E-03
   31.190   2.6051E-03
   31.200   2.7695E-03
   31.210   2.7447E-03
   31.220   2.6068E-03
   31.230   2.4338E-03
   31.240   4.7173E-04
   31.250   1.1953E-04
   31.260  -2.7600E-04
   31.270  -7.2845E-04
   31.280  -1.1661E-03
   31.290  -1.5094E-03
   31.300  -1.7652E-03
   31.310  -2.0073E-03
   31.320  -2.2758E-03
   31.330  -2.5475E-03
   31.340  -2.8133E-03
   31.350  -3.1314E-03
   31.360  -3.5585E-03
   31.370  -4.0519E-03
   31.380  -4.4787E-03
   31.390  -4.7156E-03
   31.400  -4.7132E-03
   31.410  -4.4767E-03
   31.420  -4.0276E-03
   31.430  -3.4010E-03
   31.440  -2.6592E-03
   31.450  -1.8954E-03
   31.460  -1.2301E-03
   31.470  -7.9415E-04
   31.480  -6.7660E-04
   31.490  -8.6709E-04
   31.500  -1.2559E-03
   31.510  -1.7056E-03
   31.520  -2.1179E-03
   31.530  -2.4340E-03
   31.540  -2.5951E-03
   31.550  -2.5370E-03
   31.560  -2.2318E-03
   31.570  -1.7217E-03
   31.580  -1.1045E-03
   31.590  -4.9284E-04
   31.600   5.1392E-06
   31.610   2.8538E-04
   31.620   2.6903E-04
   31.630  -4.4231E-05
   31.640  -5.4574E-04
   31.650  -1.0682E-03
   31.660  -1.4831E-03
   31.670  -1.7587E-03
   31.680  -1.9395E-03
   31.690  -2.0993E-03
   31.700  -2.3103E-03
   31.710  -2.6164E-03
   31.720  -2.9972E-03
   31.730  -3.3587E-03
   31.740  -3.5717E-03
   31.750  -3.5261E-03
   31.760   0.0000E+00
   31.770   0.0000E+00
   31.780   0.0000E+00
   31.790   0.0000E+00
   31.800   0.0000E+00
   31.810   0.0000E+00
   31.820   0.0000E+00
   31.830   0.0000E+00
   31.840   0.0000E+00
   31.850   0.0000E+00
   31.860   0.0000E+00
   31.870   0.0000E+00
   31.880   0.0000E+00
   31.890   0.0000E+00
   31.900   0.0000E+00
   31.910   0.0000E+00
   31.920   0.0000E+00
   31.930   0.0000E+00
   31.940   0.0000E+00
   31.950   0.0000E+00
   31.960   0.0000E+00
   31.970   0.0000E+00
   31.980   0.0000E+00
   31.990   0.0000E+00
   32.000   0.0000E+00
   32.010   0.0000E+00
   32.020   0.0000E+00
   32.030   0.0000E+00
   32.040   0.0000E+00
   32.050   0.0000E+00
   32.060   0.0000E+00
   32.070   0.0000E+00
   32.080   0.0000E+00
   32.090   0.0000E+00
   32.100   0.0000E+00
   32.110   0.0000E+00
   32.120   0.0000E+00
   32.130   0.0000E+00
   32.140   0.0000E+00
   32.150   0.0000E+00
   32.160   0.0000E+00
   32.170   0.0000E+00
   32.180   0.0000E+00
   32.190   0.0000E+00
   32.200   0.0000E+00
   32.210   0.0000E+00
   32.220   0.0000E+00
   32.230   0.0000E+00
   32.240   0.0000E+00
   32.250   0.0000E+00
   32.260   0.0000E+00
   32.270   0.0000E+00
   32.280   0.0000E+00
   32.290   0.0000E+00
   32.300   0.0000E+00
   32.310   0.0000E+00
   32.320   0.0000E+00
   32.330   0.0000E+00
   32.340   0.0000E+00
   32.350   0.0000E+00
   32.360   0.0000E+00
   32.370   0.0000E+00
   32.380   0.0000E+00
   32.390   0.0000E+00
   32.400   0.0000E+00
   32.410   0.0000E+00
   32.420   0.0000E+00
   32.430   0.0000E+00
   32.440   0.0000E+00
   32.450   0.0000E+00
   32.460   0.0000E+00
   32.470   0.0000E+00
   32.480   0.0000E+00
   32.490   0.0000E+00
   32.500   0.0000E+00
   32.510   0.0000E+00
   32.520   0.0000E+00
   32.530   0.0000E+00
   32.540   0.0000E+00
   32.550   0.0000E+00
   32.560   0.0000E+00
   32.570   0.0000E+00
   32.580   0.0000E+00
   32.590   0.0000E+00
   32.600   0.0000E+00
   32.610   0.0000E+00
   32.620   0.0000E+00
   32.630   0.0000E+00
   32.640   0.0000E+00
   32.650   0.0000E+00
   32.660   0.0000E+00
   32.670   0.0000E+00
   32.680   0.0000E+00
   32.690   0.0000E+00
   32.700   0.0000E+00
   32.710   0.0000E+00
   32.720   0.0000E+00
   32.730   0.0000E+00
   32.740   0.0000E+00
   32.750   0.0000E+00
   32.760   0.0000E+00
   32.770   0.0000E+00
   32.780   0.0000E+00
   32.790   0.0000E+00
   32.800   0.0000E+00
   32.810   0.0000E+00
   32.820   0.0000E+00
   32.830   0.0000E+00
   32.840   0.0000E+00
   32.850   0.0000E+00
   32.860   0.0000E+00
   32.870   0.0000E+00
   32.880   0.0000E+00
   32.890   0.0000E+00
   32.900   0.0000E+00
   32.910   0.0000E+00
   32.920   0.0000E+00
   32.930   0.0000E+00
   32.940   0.0000E+00
   32.950   0.0000E+00
   32.960   0.0000E+00
   32.970   0.0000E+00
   32.980   0.0000E+00
   32.990   0.0000E+00
   33.000   0.0000E+00
   33.010   0.0000E+00
   33.020   0.0000E+00
   33.030   0.0000E+00
   33.040   0.0000E+00
   33.050   0.0000E+00
   33.060   0.0000E+00
   33.070   0.0000E+00
   33.080   0.0000E+00
   33.090   0.0000E+00
   33.100   0.0000E+00
   33.110   0.0000E+00
   33.120   0.0000E+00
   33.130   0.0000E+00
   33.140   0.0000E+00
   33.150   0.0000E+00
   33.160   0.0000E+00
   33.170   0.0000E+00
   33.180   0.0000E+00
   33.190   0.0000E+00
   33.200   0.0000E+00
   33.210   0.0000E+00
   33.220   0.0000E+00
   33.230   0.0000E+00
   33.240   0.0000E+00
   33.250   0.0000E+00
   33.260   0.0000E+00
   33.270   0.0000E+00
   33.280   0.0000E+00
   33.290   0.0000E+00
   33.300   0.0000E+00
   33.310   0.0000E+00
   33.320   0.0000E+00
   33.330   0.0000E+00
   33.340   0.0000E+00
   33.350   0.0000E+00
   33.360   0.0000E+00
   33.370   0.0000E+00
   33.380   0.0000E+00
   33.390   0.0000E+00
   33.400   0.0000E+00
   33.410   0.0000E+00
   33.420   0.0000E+00
   33.430   0.0000E+00
   33.440   0.0000E+00
   33.450   0.0000E+00
   33.460   0.0000E+00
   33.470   0.0000E+00
   33.480   0.0000E+00
   33.490   0.0000E+00
   33.500   0.0000E+00
   33.510   0.0000E+00
   33.520   0.0000E+00
   33.530   0.0000E+00
   33.540   0.0000E+00
   33.550   0.0000E+00
   33.560   0.0000E+00
   33.570   0.0000E+00
   33.580   0.0000E+00
   33.590   0.0000E+00
   33.600   0.0000E+00
   33.610   0.0000E+00
   33.620   0.0000E+00
   33.630   0.0000E+00
   33.640   0.0000E+00
   33.650   0.0000E+00
   33.660   0.0000E+00
   33.670   0.0000E+00
   33.680   0.0000E+00
   33.690   0.0000E+00
   33.700   0.0000E+00
   33.710   0.0000E+00
   33.720   0.0000E+00
   33.730   0.0000E+00
   33.740   0.0000E+00
   33.750   0.0000E+00
   33.760   0.0000E+00
   33.770   0.0000E+00
   33.780   0.0000E+00
   33.790   0.0000E+00
   33.800   0.0000E+00
   33.810   0.0000E+00
   33.820   0.0000E+00
   33.830   0.0000E+00
   33.840   0.0000E+00
   33.850   0.0000E+00
   33.860   0.0000E+00
   33.870   0.0000E+00
   33.880   0.0000E+00
   33.890   0.0000E+00
   33.900   0.0000E+00
   33.910   0.0000E+00
   33.920   0.0000E+00
   33.930   0.0000E+00
   33.940   0.0000E+00
   33.950   0.0000E+00
   33.960   0.0000E+00
   33.970   0.0000E+00
   33.980   0.0000E+00
   33.990   0.0000E+00
   34.000   0.0000E+00
   34.010   0.0000E+00
   34.020   0.0000E+00
   34.030   0.0000E+00
   34.040   0.0000E+00
   34.050   0.0000E+00
   34.060   0.0000E+00
   34.070   0.0000E+00
   34.080   0.0000E+00
   34.090   0.0000E+00
   34.100   0.0000E+00
   34.110   0.0000E+00
   34.120   0.0000E+00
   34.130   0.0000E+00
   34.140   0.0000E+00
   34.150   0.0000E+00
   34.160   0.0000E+00
   34.170   0.0000E+00
   34.180   0.0000E+00
   34.190   0.0000E+00
   34.200   0.0000E+00
   34.210   0.0000E+00
   34.220   0.0000E+00
   34.230   0.0000E+00
   34.240   0.0000E+00
   34.250   0.0000E+00
   34.260   0.0000E+00
   34.270   0.0000E+00
   34.280   0.0000E+00
   34.290   0.0000E+00
   34.300   0.0000E+00
   34.310   0.0000E+00
   34.320   0.0000E+00
   34.330   0.0000E+00
   34.340   0.0000E+00
   34.350   0.0000E+00
   34.360   0.0000E+00
   34.370   0.0000E+00
   34.380   0.0000E+00
   34.390   0.0000E+00
   34.400   0.0000E+00
   34.410   0.0000E+00
   34.420   0.0000E+00
   34.430   0.0000E+00
   34.440   0.0000E+00
   34.450   0.0000E+00
   34.460   0.0000E+00
   34.470   0.0000E+00
   34.480   0.0000E+00
   34.490   0.0000E+00
   34.500   0.0000E+00
   34.510   0.0000E+00
   34.520   0.0000E+00
   34.530   0.0000E+00
   34.540   0.0000E+00
   34.550   0.0000E+00
   34.560   0.0000E+00
   34.570   0.0000E+00
   34.580   0.0000E+00
   34.590   0.0000E+00
   34.600   0.0000E+00
   34.610   0.0000E+00
   34.620   0.0000E+00
   34.630   0.0000E+00
   34.640   0.0000E+00
   34.650   0.0000E+00
   34.660   0.0000E+00
   34.670   0.0000E+00
   34.680   0.0000E+00
   34.690   0.0000E+00
   34.700   0.0000E+00
   34.710   0.0000E+00
   34.720   0.0000E+00
   34.730   0.0000E+00
   34.740   0.0000E+00
   34.750   0.0000E+00
   34.760   0.0000E+00
   34.770   0.0000E+00
   34.780   0.0000E+00
   34.790   0.0000E+00
   34.800   0.0000E+00
   34.810   0.0000E+00
   34.820   0.0000E+00
   34.830   0.0000E+00
   34.840   0.0000E+00
   34.850   0.0000E+00
   34.860   0.0000E+00
   34.870   0.0000E+00
   34.880   0.0000E+00
   34.890   0.0000E+00
   34.900   0.0000E+00
   34.910   0.0000E+00
   34.920   0.0000E+00
   34.930   0.0000E+00
   34.940   0.0000E+00
   34.950   0.0000E+00
   34.960   0.0000E+00
   34.970   0.0000E+00
   34.980   0.0000E+00
   34.990   0.0000E+00
   35.000   0.0000E+00
   35.010   0.0000E+00
   35.020   0.0000E+00
   35.030   0.0000E+00
   35.040   0.0000E+00
   35.050   0.0000E+00
   35.060   0.0000E+00
   35.070   0.0000E+00
   35.080   0.0000E+00
   35.090   0.0000E+00
   35.100   0.0000E+00
   35.110   0.0000E+00
   35.120   0.0000E+00
   35.130   0.0000E+00
   35.140   0.0000E+00
   35.150   0.0000E+00
   35.160   0.0000E+00
   35.170   0.0000E+00
   35.180   0.0000E+00
   35.190   0.0000E+00
   35.200   0.0000E+00
   35.210   0.0000E+00
   35.220   0.0000E+00
   35.230   0.0000E+00
   35.240   0.0000E+00
   35.250   0.0000E+00
   35.260   0.0000E+00
   35.270   0.0000E+00
   35.280   0.0000E+00
   35.290   0.0000E+00
   35.300   0.0000E+00
   35.310   0.0000E+00
   35.320   0.0000E+00
   35.330   0.0000E+00
   35.340   0.0000E+00
   35.350   0.0000E+00
   35.360   0.0000E+00
   35.370   0.0000E+00
   35.380   0.0000E+00
   35.390   0.0000E+00
   35.400   0.0000E+00
   35.410   0.0000E+00
   35.420   0.0000E+00
   35.430   0.0000E+00
   35.440   0.0000E+00
   35.450   0.0000E+00
   35.460   0.0000E+00
   35.470   0.0000E+00
   35.480   0.0000E+00
   35.490   0.0000E+00
   35.500   0.0000E+00
   35.510   0.0000E+00
   35.520   0.0000E+00
   35.530   0.0000E+00
   35.540   0.0000E+00
   35.550   0.0000E+00
   35.560   0.0000E+00
   35.570   0.0000E+00
   35.580   0.0000E+00
   35.590   0.0000E+00
   35.600   0.0000E+00
   35.610   0.0000E+00
   35.620   0.0000E+00
   35.630   0.0000E+00
   35.640   0.0000E+00
   35.650   0.0000E+00
   35.660   0.0000E+00
   35.670   0.0000E+00
   35.680   0.0000E+00
   35.690   0.0000E+00
   35.700   0.0000E+00
   35.710   0.0000E+00
   35.720   0.0000E+00
   35.730   0.0000E+00
   35.740   0.0000E+00
   35.750   0.0000E+00
   35.760   0.0000E+00
   35.770   0.0000E+00
   35.780   0.0000E+00
   35.790   0.0000E+00
   35.800   0.0000E+00
   35.810   0.0000E+00
   35.820   0.0000E+00
   35.830   0.0000E+00
   35.840   0.0000E+00
   35.850   0.0000E+00
   35.860   0.0000E+00
   35.870   0.0000E+00
   35.880   0.0000E+00
   35.890   0.0000E+00
   35.900   0.0000E+00
   35.910   0.0000E+00
   35.920   0.0000E+00
   35.930   0.0000E+00
   35.940   0.0000E+00
   35.950   0.0000E+00
   35.960   0.0000E+00
   35.970   0.0000E+00
   35.980   0.0000E+00
   35.990   0.0000E+00
   36.000   0.0000E+00
   36.010   0.0000E+00
   36.020   0.0000E+00
   36.030   0.0000E+00
   36.040   0.0000E+00
   36.050   0.0000E+00
   36.060   0.0000E+00
   36.070   0.0000E+00
   36.080   0.0000E+00
   36.090   0.0000E+00
   36.100   0.0000E+00
   36.110   0.0000E+00
   36.120   0.0000E+00
   36.130   0.0000E+00
   36.140   0.0000E+00
   36.150   0.0000E+00
   36.160   0.0000E+00
   36.170   0.0000E+00
   36.180   0.0000E+00
   36.190   0.0000E+00
   36.200   0.0000E+00
   36.210   0.0000E+00
   36.220   0.0000E+00
   36.230   0.0000E+00
   36.240   0.0000E+00
   36.250   0.0000E+00
   36.260   0.0000E+00
   36.270   0.0000E+00
   36.280   0.0000E+00
   36.290   0.0000E+00
   36.300   0.0000E+00
   36.310   0.0000E+00
   36.320   0.0000E+00
   36.330   0.0000E+00
   36.340   0.0000E+00
   36.350   0.0000E+00
   36.360   0.0000E+00
   36.370   0.0000E+00
   36.380   0.0000E+00
   36.390   0.0000E+00
   36.400   0.0000E+00
   36.410   0.0000E+00
   36.420   0.0000E+00
   36.430   0.0000E+00
   36.440   0.0000E+00
   36.450   0.0000E+00
   36.460   0.0000E+00
   36.470   0.0000E+00
   36.480   0.0000E+00
   36.490   0.0000E+00
   36.500   0.0000E+00
   36.510   0.0000E+00
   36.520   0.0000E+00
   36.530   0.0000E+00
   36.540   0.0000E+00
   36.550   0.0000E+00
   36.560   0.0000E+00
   36.570   0.0000E+00
   36.580   0.0000E+00
   36.590   0.0000E+00
   36.600   0.0000E+00
   36.610   0.0000E+00
   36.620   0.0000E+00
   36.630   0.0000E+00
   36.640   0.0000E+00
   36.650   0.0000E+00
   36.660   0.0000E+00
   36.670   0.0000E+00
   36.680   0.0000E+00
   36.690   0.0000E+00
   36.700   0.0000E+00
   36.710   0.0000E+00
   36.720   0.0000E+00
   36.730   0.0000E+00
   36.740   0.0000E+00
   36.750   0.0000E+00
   36.760   0.0000E+00
   36.770   0.0000E+00
   36.780   0.0000E+00
   36.790   0.0000E+00
   36.800   0.0000E+00
   36.810   0.0000E+00
   36.820   0.0000E+00
   36.830   0.0000E+00
   36.840   0.0000E+00
   36.850   0.0000E+00
   36.860   0.0000E+00
   36.870   0.0000E+00
   36.880   0.0000E+00
   36.890   0.0000E+00
   36.900   0.0000E+00
   36.910   0.0000E+00
   36.920   0.0000E+00
   36.930   0.0000E+00
   36.940   0.0000E+00
   36.950   0.0000E+00
   36.960   0.0000E+00
   36.970   0.0000E+00
   36.980   0.0000E+00
   36.990   0.0000E+00
   37.000   0.0000E+00
   37.010   0.0000E+00
   37.020   0.0000E+00
   37.030   0.0000E+00
   37.040   0.0000E+00
   37.050   0.0000E+00
   37.060   0.0000E+00
   37.070   0.0000E+00
   37.080   0.0000E+00
   37.090   0.0000E+00
   37.100   0.0000E+00
   37.110   0.0000E+00
   37.120   0.0000E+00
   37.130   0.0000E+00
   37.140   0.0000E+00
   37.150   0.0000E+00
   37.160   0.0000E+00
   37.170   0.0000E+00
   37.180   0.0000E+00
   37.190   0.0000E+00
   37.200   0.0000E+00
   37.210   0.0000E+00
   37.220   0.0000E+00
   37.230   0.0000E+00
   37.240   0.0000E+00
   37.250   0.0000E+00
   37.260   0.0000E+00
   37.270   0.0000E+00
   37.280   0.0000E+00
   37.290   0.0000E+00
   37.300   0.0000E+00
   37.310   0.0000E+00
   37.320   0.0000E+00
   37.330   0.0000E+00
   37.340   0.0000E+00
   37.350   0.0000E+00
   37.360   0.0000E+00
   37.370   0.0000E+00
   37.380   0.0000E+00
   37.390   0.0000E+00
   37.400   0.0000E+00
   37.410   0.0000E+00
   37.420   0.0000E+00
   37.430   0.0000E+00
   37.440   0.0000E+00
   37.450   0.0000E+00
   37.460   0.0000E+00
   37.470   0.0000E+00
   37.480   0.0000E+00
   37.490   0.0000E+00
   37.500   0.0000E+00
   37.510   0.0000E+00
   37.520   0.0000E+00
   37.530   0.0000E+00
   37.540   0.0000E+00
   37.550   0.0000E+00
   37.560   0.0000E+00
   37.570   0.0000E+00
   37.580   0.0000E+00
   37.590   0.0000E+00
   37.600   0.0000E+00
   37.610   0.0000E+00
   37.620   0.0000E+00
   37.630   0.0000E+00
   37.640   0.0000E+00
   37.650   0.0000E+00
   37.660   0.0000E+00
   37.670   0.0000E+00
   37.680   0.0000E+00
   37.690   0.0000E+00
   37.700   0.0000E+00
   37.710   0.0000E+00
   37.720   0.0000E+00
   37.730   0.0000E+00
   37.740   0.0000E+00
   37.750   0.0000E+00
   37.760   0.0000E+00
   37.770   0.0000E+00
   37.780   0.0000E+00
   37.790   0.0000E+00
   37.800   0.0000E+00
   37.810   0.0000E+00
   37.820   0.0000E+00
   37.830   0.0000E+00
   37.840   0.0000E+00
   37.850   0.0000E+00
   37.860   0.0000E+00
   37.870   0.0000E+00
   37.880   0.0000E+00
   37.890   0.0000E+00
   37.900   0.0000E+00
   37.910   0.0000E+00
   37.920   0.0000E+00
   37.930   0.0000E+00
   37.940   0.0000E+00
   37.950   0.0000E+00
   37.960   0.0000E+00
   37.970   0.0000E+00
   37.980   0.0000E+00
   37.990   0.0000E+00
   38.000   0.0000E+00
   38.010   0.0000E+00
   38.020   0.0000E+00
   38.030   0.0000E+00
   38.040   0.0000E+00
   38.050   0.0000E+00
   38.060   0.0000E+00
   38.070   0.0000E+00
   38.080   0.0000E+00
   38.090   0.0000E+00
   38.100   0.0000E+00
   38.110   0.0000E+00
   38.120   0.0000E+00
   38.130   0.0000E+00
   38.140   0.0000E+00
   38.150   0.0000E+00
   38.160   0.0000E+00
   38.170   0.0000E+00
   38.180   0.0000E+00
   38.190   0.0000E+00
   38.200   0.0000E+00
   38.210   0.0000E+00
   38.220   0.0000E+00
   38.230   0.0000E+00
   38.240   0.0000E+00
   38.250   0.0000E+00
   38.260   0.0000E+00
   38.270   0.0000E+00
   38.280   0.0000E+00
   38.290   0.0000E+00
   38.300   0.0000E+00
   38.310   0.0000E+00
   38.320   0.0000E+00
   38.330   0.0000E+00
   38.340   0.0000E+00
   38.350   0.0000E+00
   38.360   0.0000E+00
   38.370   0.0000E+00
   38.380   0.0000E+00
   38.390   0.0000E+00
   38.400   0.0000E+00
   38.410   0.0000E+00
   38.420   0.0000E+00
   38.430   0.0000E+00
   38.440   0.0000E+00
   38.450   0.0000E+00
   38.460   0.0000E+00
   38.470   0.0000E+00
   38.480   0.0000E+00
   38.490   0.0000E+00
   38.500   0.0000E+00
   38.510   0.0000E+00
   38.520   0.0000E+00
   38.530   0.0000E+00
   38.540   0.0000E+00
   38.550   0.0000E+00
   38.560   0.0000E+00
   38.570   0.0000E+00
   38.580   0.0000E+00
   38.590   0.0000E+00
   38.600   0.0000E+00
   38.610   0.0000E+00
   38.620   0.0000E+00
   38.630   0.0000E+00
   38.640   0.0000E+00
   38.650   0.0000E+00
   38.660   0.0000E+00
   38.670   0.0000E+00
   38.680   0.0000E+00
   38.690   0.0000E+00
   38.700   0.0000E+00
   38.710   0.0000E+00
   38.720   0.0000E+00
   38.730   0.0000E+00
   38.740   0.0000E+00
   38.750   0.0000E+00
   38.760   0.0000E+00
   38.770   0.0000E+00
   38.780   0.0000E+00
   38.790   0.0000E+00
   38.800   0.0000E+00
   38.810   0.0000E+00
   38.820   0.0000E+00
   38.830   0.0000E+00
   38.840   0.0000E+00
   38.850   0.0000E+00
   38.860   0.0000E+00
   38.870   0.0000E+00
   38.880   0.0000E+00
   38.890   0.0000E+00
   38.900   0.0000E+00
   38.910   0.0000E+00
   38.920   0.0000E+00
   38.930   0.0000E+00
   38.940   0.0000E+00
   38.950   0.0000E+00
   38.960   0.0000E+00
   38.970   0.0000E+00
   38.980   0.0000E+00
   38.990   0.0000E+00
   39.000   0.0000E+00
   39.010   0.0000E+00
   39.020   0.0000E+00
   39.030   0.0000E+00
   39.040   0.0000E+00
   39.050   0.0000E+00
   39.060   0.0000E+00
   39.070   0.0000E+00
   39.080   0.0000E+00
   39.090   0.0000E+00
   39.100   0.0000E+00
   39.110   0.0000E+00
   39.120   0.0000E+00
   39.130   0.0000E+00
   39.140   0.0000E+00
   39.150   0.0000E+00
   39.160   0.0000E+00
   39.170   0.0000E+00
   39.180   0.0000E+00
   39.190   0.0000E+00
   39.200   0.0000E+00
   39.210   0.0000E+00
   39.220   0.0000E+00
   39.230   0.0000E+00
   39.240   0.0000E+00
   39.250   0.0000E+00
   39.260   0.0000E+00
   39.270   0.0000E+00
   39.280   0.0000E+00
   39.290   0.0000E+00
   39.300   0.0000E+00
   39.310   0.0000E+00
   39.320   0.0000E+00
   39.330   0.0000E+00
   39.340   0.0000E+00
   39.350   0.0000E+00
   39.360   0.0000E+00
   39.370   0.0000E+00
   39.380   0.0000E+00
   39.390   0.0000E+00
   39.400   0.0000E+00
   39.410   0.0000E+00
   39.420   0.0000E+00
   39.430   0.0000E+00
   39.440   0.0000E+00
   39.450   0.0000E+00
   39.460   0.0000E+00
   39.470   0.0000E+00
   39.480   0.0000E+00
   39.490   0.0000E+00
   39.500   0.0000E+00
   39.510   0.0000E+00
   39.520   0.0000E+00
   39.530   0.0000E+00
   39.540   0.0000E+00
   39.550   0.0000E+00
   39.560   0.0000E+00
   39.570   0.0000E+00
   39.580   0.0000E+00
   39.590   0.0000E+00
   39.600   0.0000E+00
   39.610   0.0000E+00
   39.620   0.0000E+00
   39.630   0.0000E+00
   39.640   0.0000E+00
   39.650   0.0000E+00
   39.660   0.0000E+00
   39.670   0.0000E+00
   39.680   0.0000E+00
   39.690   0.0000E+00
   39.700   0.0000E+00
   39.710   0.0000E+00
   39.720   0.0000E+00
   39.730   0.0000E+00
   39.740   0.0000E+00
   39.750   0.0000E+00
   39.760   0.0000E+00
   39.770   0.0000E+00
   39.780   0.0000E+00
   39.790   0.0000E+00
   39.800   0.0000E+00
   39.810   0.0000E+00
   39.820   0.0000E+00
   39.830   0.0000E+00
   39.840   0.0000E+00
   39.850   0.0000E+00
   39.860   0.0000E+00
   39.870   0.0000E+00
   39.880   0.0000E+00
   39.890   0.0000E+00
   39.900   0.0000E+00
   39.910   0.0000E+00
   39.920   0.0000E+00
   39.930   0.0000E+00
   39.940   0.0000E+00
   39.950   0.0000E+00
   39.960   0.0000E+00
   39.970   0.0000E+00
   39.980   0.0000E+00
   39.990   0.0000E+00
   40.000   0.0000E+00
   40.010   0.0000E+00
   40.020   0.0000E+00
   40.030   0.0000E+00
   40.040   0.0000E+00
   40.050   0.0000E+00
   40.060   0.0000E+00
   40.070   0.0000E+00
   40.080   0.0000E+00
   40.090   0.0000E+00
   40.100   0.0000E+00
   40.110   0.0000E+00
   40.120   0.0000E+00
   40.130   0.0000E+00
   40.140   0.0000E+00
   40.150   0.0000E+00
   40.160   0.0000E+00
   40.170   0.0000E+00
   40.180   0.0000E+00
   40.190   0.0000E+00
   40.200   0.0000E+00
   40.210   0.0000E+00
   40.220   0.0000E+00
   40.230   0.0000E+00
   40.240   0.0000E+00
   40.250   0.0000E+00
   40.260   0.0000E+00
   40.270   0.0000E+00
   40.280   0.0000E+00
   40.290   0.0000E+00
   40.300   0.0000E+00
   40.310   0.0000E+00
   40.320   0.0000E+00
   40.330   0.0000E+00
   40.340   0.0000E+00
   40.350   0.0000E+00
   40.360   0.0000E+00
   40.370   0.0000E+00
   40.380   0.0000E+00
   40.390   0.0000E+00
   40.400   0.0000E+00
   40.410   0.0000E+00
   40.420   0.0000E+00
   40.430   0.0000E+00
   40.440   0.0000E+00
   40.450   0.0000E+00
   40.460   0.0000E+00
   40.470   0.0000E+00
   40.480   0.0000E+00
   40.490   0.0000E+00
   40.500   0.0000E+00
   40.510   0.0000E+00
   40.520   0.0000E+00
   40.530   0.0000E+00
   40.540   0.0000E+00
   40.550   0.0000E+00
   40.560   0.0000E+00
   40.570   0.0000E+00
   40.580   0.0000E+00
   40.590   0.0000E+00
   40.600   0.0000E+00
   40.610   0.0000E+00
   40.620   0.0000E+00
   40.630   0.0000E+00
   40.640   0.0000E+00
   40.650   0.0000E+00
   40.660   0.0000E+00
   40.670   0.0000E+00
   40.680   0.0000E+00
   40.690   0.0000E+00
   40.700   0.0000E+00
   40.710   0.0000E+00
   40.720   0.0000E+00
   40.730   0.0000E+00
   40.740   0.0000E+00
   40.750   0.0000E+00
   40.760   0.0000E+00
   40.770   0.0000E+00
   40.780   0.0000E+00
   40.790   0.0000E+00
   40.800   0.0000E+00
   40.810   0.0000E+00
   40.820   0.0000E+00
   40.830   0.0000E+00
   40.840   0.0000E+00
   40.850   0.0000E+00
   40.860   0.0000E+00
   40.870   0.0000E+00
   40.880   0.0000E+00
   40.890   0.0000E+00
   40.900   0.0000E+00
   40.910   0.0000E+00
   40.920   0.0000E+00
   40.930   0.0000E+00
   40.940   0.0000E+00
   40.950   0.0000E+00
