**********************************************
*******  Acceleration Time Series ************
*** Site #   1
*** trial   37
Input Parameters file =  aqv_0604__parameters.out                                                                                                
  4096 samples
dt:  0.010 sec
data format: (1x,f8.3,1p,2x,e11.4)
maximum absolute acceleration: 292.34
fault Dis.(km)=    6.43
Hypo  Dis.(km)=   12.05
  time(s) acc(cm/s**2)
    0.000   0.0000E+00
    0.010   0.0000E+00
    0.020  -1.5066E-01
    0.030  -1.8459E-01
    0.040  -2.1321E-01
    0.050  -2.3196E-01
    0.060  -2.4007E-01
    0.070  -2.4094E-01
    0.080  -2.3815E-01
    0.090  -2.3299E-01
    0.100  -2.2606E-01
    0.110  -2.1851E-01
    0.120  -2.1043E-01
    0.130  -1.9948E-01
    0.140  -1.8278E-01
    0.150  -1.5984E-01
    0.160  -1.3282E-01
    0.170  -1.0511E-01
    0.180  -8.0826E-02
    0.190  -6.4827E-02
    0.200  -6.1197E-02
    0.210  -7.1368E-02
    0.220  -9.4512E-02
    0.230  -1.2855E-01
    0.240  -1.6841E-01
    0.250  -2.0323E-01
    0.260  -2.1857E-01
    0.270  -2.0434E-01
    0.280  -1.6122E-01
    0.290  -9.9113E-02
    0.300  -3.0594E-02
    0.310   3.3678E-02
    0.320   8.5548E-02
    0.330   1.1959E-01
    0.340   1.3458E-01
    0.350   1.3404E-01
    0.360   1.2436E-01
    0.370   1.1226E-01
    0.380   1.0331E-01
    0.390   1.0109E-01
    0.400   1.0672E-01
    0.410   1.1953E-01
    0.420   1.3865E-01
    0.430   1.6310E-01
    0.440   1.8969E-01
    0.450   2.1223E-01
    0.460  -3.9303E-01
    0.470  -4.2685E-01
    0.480  -4.4238E-01
    0.490  -4.1874E-01
    0.500  -3.4411E-01
    0.510  -2.2133E-01
    0.520  -6.7540E-02
    0.530   8.9236E-02
    0.540   2.1956E-01
    0.550   3.0664E-01
    0.560   3.5405E-01
    0.570   3.7987E-01
    0.580   4.0433E-01
    0.590   4.4172E-01
    0.600   4.9802E-01
    0.610   5.6970E-01
    0.620   6.4458E-01
    0.630   7.0823E-01
    0.640   7.5177E-01
    0.650   7.7261E-01
    0.660   4.1155E-01
    0.670   4.1224E-01
    0.680   3.9850E-01
    0.690   3.7700E-01
    0.700   3.4196E-01
    0.710   2.7820E-01
    0.720   1.7607E-01
    0.730   4.1184E-02
    0.740  -1.0903E-01
    0.750  -2.5337E-01
    0.760  -3.6991E-01
    0.770  -4.3775E-01
    0.780  -4.4424E-01
    0.790  -3.9410E-01
    0.800  -3.0965E-01
    0.810  -2.1958E-01
    0.820  -1.4605E-01
    0.830  -1.0005E-01
    0.840  -8.5006E-02
    0.850  -1.0243E-01
    0.860  -1.5453E-01
    0.870  -2.4231E-01
    0.880  -3.6061E-01
    0.890  -6.7643E-01
    0.900  -8.5714E-01
    0.910  -1.5488E+00
    0.920  -1.5753E+00
    0.930  -1.5031E+00
    0.940  -1.3423E+00
    0.950  -1.2777E+00
    0.960  -1.0687E+00
    0.970  -8.4555E-01
    0.980  -6.5038E-01
    0.990  -5.0589E-01
    1.000  -4.0340E-01
    1.010  -3.1889E-01
    1.020  -2.3653E-01
    1.030  -1.5413E-01
    1.040  -1.0269E-01
    1.050  -2.1358E-01
    1.060  -3.5773E-01
    1.070  -3.7284E-01
    1.080  -3.7892E-01
    1.090  -3.6811E-01
    1.100  -3.4505E-01
    1.110  -3.1316E-01
    1.120  -2.5799E-01
    1.130  -1.5372E-01
    1.140   1.1160E-02
    1.150   2.1964E-01
    1.160   4.3987E-01
    1.170   6.4670E-01
    1.180   8.2376E-01
    1.190   9.4941E-01
    1.200   9.9210E-01
    1.210   9.2604E-01
    1.220   7.5110E-01
    1.230   4.9817E-01
    1.240   2.1948E-01
    1.250  -3.5485E-02
    1.260  -1.9044E-01
    1.270  -2.4711E-01
    1.280   5.6046E-02
    1.290  -3.0547E-01
    1.300   1.0658E-01
    1.310   2.3555E-01
    1.320   3.4349E-01
    1.330   3.6859E-01
    1.340   2.8853E-01
    1.350   1.3860E-01
    1.360  -1.7547E-02
    1.370  -1.3205E-01
    1.380  -1.8131E-01
    1.390  -1.4407E-01
    1.400   4.3637E-04
    1.410   2.4122E-01
    1.420   5.1866E-01
    1.430   7.5523E-01
    1.440   9.0020E-01
    1.450   1.4051E+00
    1.460   1.2486E+00
    1.470   1.6182E+00
    1.480   1.3119E+00
    1.490   9.7054E-01
    1.500   6.9342E-01
    1.510   5.7063E-01
    1.520   9.6743E-01
    1.530   1.2374E+00
    1.540   1.6546E+00
    1.550   2.1267E+00
    1.560   2.5677E+00
    1.570   2.9247E+00
    1.580   3.2909E+00
    1.590   3.3716E+00
    1.600   3.2912E+00
    1.610   3.0498E+00
    1.620   2.6670E+00
    1.630   2.1827E+00
    1.640   1.6642E+00
    1.650   1.1978E+00
    1.660   8.4630E-01
    1.670   6.0755E-01
    1.680   4.2743E-01
    1.690   2.5550E-01
    1.700  -1.6628E-01
    1.710  -4.5868E-01
    1.720  -6.0047E-01
    1.730  -8.0508E-01
    1.740  -1.0413E+00
    1.750  -1.2399E+00
    1.760  -1.4350E+00
    1.770  -1.4650E+00
    1.780  -1.5657E+00
    1.790  -1.6562E+00
    1.800  -1.6976E+00
    1.810  -1.6621E+00
    1.820  -1.7194E+00
    1.830  -1.5308E+00
    1.840  -1.2913E+00
    1.850  -9.7655E-01
    1.860  -6.5779E-01
    1.870  -3.9882E-01
    1.880  -2.0815E-01
    1.890  -5.1203E-02
    1.900   1.0372E-01
    1.910   2.6589E-01
    1.920   4.0289E-01
    1.930   5.5580E-01
    1.940   6.7922E-01
    1.950   7.5389E-01
    1.960   9.2977E-01
    1.970   9.4377E-01
    1.980   9.7169E-01
    1.990   1.1444E+00
    2.000   1.1981E+00
    2.010   1.2143E+00
    2.020   1.1740E+00
    2.030   8.7239E-01
    2.040   6.8694E-01
    2.050   3.5261E-01
    2.060  -7.4962E-02
    2.070  -5.7495E-01
    2.080  -1.1051E+00
    2.090  -1.6191E+00
    2.100  -1.8854E+00
    2.110  -2.3034E+00
    2.120  -2.7144E+00
    2.130  -2.9989E+00
    2.140  -3.1750E+00
    2.150  -4.0120E+00
    2.160  -3.9264E+00
    2.170  -3.6282E+00
    2.180  -3.2892E+00
    2.190  -2.7098E+00
    2.200  -2.2143E+00
    2.210  -1.8100E+00
    2.220  -1.4580E+00
    2.230  -1.0491E+00
    2.240  -5.4190E-01
    2.250  -6.2452E-03
    2.260   5.1310E-01
    2.270   9.7376E-01
    2.280   1.2855E+00
    2.290   1.5437E+00
    2.300   1.6694E+00
    2.310   1.6571E+00
    2.320   1.5630E+00
    2.330   1.4660E+00
    2.340   1.4131E+00
    2.350   1.5407E+00
    2.360   1.5966E+00
    2.370   1.6850E+00
    2.380   1.6741E+00
    2.390   1.5823E+00
    2.400   1.4762E+00
    2.410   1.4188E+00
    2.420   1.3785E+00
    2.430   1.2330E+00
    2.440   9.8653E-01
    2.450   3.7403E-01
    2.460  -3.1689E-01
    2.470  -9.8902E-01
    2.480  -1.5834E+00
    2.490  -1.8929E+00
    2.500  -2.1944E+00
    2.510  -2.3693E+00
    2.520  -2.4010E+00
    2.530  -2.4444E+00
    2.540  -1.9292E+00
    2.550  -1.8989E+00
    2.560  -1.8992E+00
    2.570  -1.9127E+00
    2.580  -1.9289E+00
    2.590  -1.9329E+00
    2.600  -1.9643E+00
    2.610  -1.8091E+00
    2.620  -1.4289E+00
    2.630  -9.1526E-01
    2.640  -1.0203E-01
    2.650   3.7847E-01
    2.660   8.3571E-01
    2.670   1.2600E+00
    2.680   1.5779E+00
    2.690   1.7069E+00
    2.700   1.5226E+00
    2.710   1.2326E+00
    2.720   7.9208E-01
    2.730  -6.4389E-01
    2.740  -1.1986E+00
    2.750  -1.4971E+00
    2.760  -1.6245E+00
    2.770  -1.5997E+00
    2.780  -1.5571E+00
    2.790  -1.5878E+00
    2.800  -1.6929E+00
    2.810  -1.8198E+00
    2.820  -1.9738E+00
    2.830  -2.0197E+00
    2.840  -1.9748E+00
    2.850  -1.8130E+00
    2.860  -1.5915E+00
    2.870  -1.3347E+00
    2.880  -1.0960E+00
    2.890  -9.1075E-01
    2.900  -5.9487E-01
    2.910  -5.6467E-01
    2.920  -5.8635E-01
    2.930  -5.5737E-01
    2.940  -1.5319E-01
    2.950   5.7651E-02
    2.960   4.1061E-01
    2.970   7.5137E-01
    2.980   1.6152E+00
    2.990   1.2829E+00
    3.000   1.7300E+00
    3.010   2.6861E+00
    3.020   2.6417E+00
    3.030   2.4185E+00
    3.040   2.1315E+00
    3.050   2.1331E+00
    3.060   2.0183E+00
    3.070   1.9913E+00
    3.080   1.9857E+00
    3.090   1.8023E+00
    3.100   1.2945E+00
    3.110   6.6476E-01
    3.120  -1.0805E+00
    3.130  -2.2405E+00
    3.140  -3.4386E+00
    3.150  -5.2962E+00
    3.160  -6.3402E+00
    3.170  -7.2676E+00
    3.180  -7.9642E+00
    3.190  -8.2598E+00
    3.200  -8.0077E+00
    3.210  -7.4263E+00
    3.220  -6.8015E+00
    3.230  -6.2486E+00
    3.240  -5.6873E+00
    3.250  -5.0358E+00
    3.260  -4.3167E+00
    3.270  -3.5655E+00
    3.280  -2.7773E+00
    3.290  -2.0315E+00
    3.300  -1.3413E+00
    3.310  -8.9892E-01
    3.320  -7.9302E-01
    3.330  -5.3898E-01
    3.340  -7.3352E-02
    3.350   5.8245E-01
    3.360   1.2978E+00
    3.370   1.9892E+00
    3.380   2.6248E+00
    3.390   3.4709E+00
    3.400   3.8638E+00
    3.410   4.0642E+00
    3.420   4.1704E+00
    3.430   4.3073E+00
    3.440   4.2690E+00
    3.450   4.1081E+00
    3.460   3.9325E+00
    3.470   3.8821E+00
    3.480   3.9488E+00
    3.490   3.9608E+00
    3.500   3.7288E+00
    3.510   3.1453E+00
    3.520   2.1628E+00
    3.530   7.7973E-01
    3.540  -9.0311E-01
    3.550  -2.6693E+00
    3.560  -4.2900E+00
    3.570  -5.6403E+00
    3.580  -6.7144E+00
    3.590  -8.1361E+00
    3.600  -8.6969E+00
    3.610  -9.0007E+00
    3.620  -8.9071E+00
    3.630  -8.2672E+00
    3.640  -7.0164E+00
    3.650  -5.2831E+00
    3.660  -3.2477E+00
    3.670  -1.0797E+00
    3.680   1.0203E+00
    3.690   2.8571E+00
    3.700   3.8965E+00
    3.710   4.9447E+00
    3.720   6.2149E+00
    3.730   7.1879E+00
    3.740   7.7230E+00
    3.750   7.9305E+00
    3.760   8.3029E+00
    3.770   8.9063E+00
    3.780   9.7220E+00
    3.790   1.0241E+01
    3.800   1.1083E+01
    3.810   1.1075E+01
    3.820   1.0938E+01
    3.830   1.0333E+01
    3.840   9.7180E+00
    3.850   9.1284E+00
    3.860   8.9908E+00
    3.870   9.0878E+00
    3.880   8.9414E+00
    3.890   8.2033E+00
    3.900   6.8789E+00
    3.910   5.6350E+00
    3.920   4.6004E+00
    3.930   3.9060E+00
    3.940   3.3754E+00
    3.950   2.8535E+00
    3.960   2.4512E+00
    3.970   2.2207E+00
    3.980   2.2278E+00
    3.990   2.2921E+00
    4.000   2.3055E+00
    4.010   2.0155E+00
    4.020   1.2523E+00
    4.030   1.6479E-01
    4.040  -7.2020E-01
    4.050  -8.3664E-01
    4.060   9.0320E-02
    4.070   1.4171E+00
    4.080   2.6763E+00
    4.090   3.6041E+00
    4.100   4.3457E+00
    4.110   5.1338E+00
    4.120   5.9578E+00
    4.130   6.6097E+00
    4.140   7.0021E+00
    4.150   7.3225E+00
    4.160   7.8228E+00
    4.170   8.5165E+00
    4.180   9.2684E+00
    4.190   9.4131E+00
    4.200   8.9129E+00
    4.210   7.6712E+00
    4.220   6.0678E+00
    4.230   4.2801E+00
    4.240   2.3873E+00
    4.250   2.9489E-01
    4.260  -2.0296E+00
    4.270  -4.3896E+00
    4.280  -6.4959E+00
    4.290  -8.2539E+00
    4.300  -9.6969E+00
    4.310  -1.0902E+01
    4.320  -1.1750E+01
    4.330  -1.2210E+01
    4.340  -1.2425E+01
    4.350  -1.2491E+01
    4.360  -1.2833E+01
    4.370  -1.3180E+01
    4.380  -1.3216E+01
    4.390  -1.2693E+01
    4.400  -1.1651E+01
    4.410  -1.0350E+01
    4.420  -8.9733E+00
    4.430  -7.4129E+00
    4.440  -5.7253E+00
    4.450  -4.0296E+00
    4.460  -2.6485E+00
    4.470  -1.7390E+00
    4.480  -1.3752E+00
    4.490  -1.2783E+00
    4.500  -1.0644E+00
    4.510  -3.0332E-01
    4.520   6.7061E-01
    4.530   9.5936E-01
    4.540   3.9800E-02
    4.550  -2.6068E+00
    4.560  -5.9220E+00
    4.570  -9.1274E+00
    4.580  -1.2145E+01
    4.590  -1.5068E+01
    4.600  -1.7658E+01
    4.610  -1.9526E+01
    4.620  -2.0453E+01
    4.630  -2.0207E+01
    4.640  -1.8551E+01
    4.650  -1.5622E+01
    4.660  -1.2662E+01
    4.670  -1.0005E+01
    4.680  -8.5755E+00
    4.690  -8.2144E+00
    4.700  -9.0616E+00
    4.710  -1.1184E+01
    4.720  -1.4049E+01
    4.730  -1.5613E+01
    4.740  -1.5055E+01
    4.750  -1.2150E+01
    4.760  -7.6405E+00
    4.770  -2.5325E+00
    4.780   2.6185E+00
    4.790   7.5745E+00
    4.800   1.2001E+01
    4.810   1.5842E+01
    4.820   1.9037E+01
    4.830   2.1365E+01
    4.840   2.2722E+01
    4.850   2.3519E+01
    4.860   2.4176E+01
    4.870   2.4785E+01
    4.880   2.5144E+01
    4.890   2.4468E+01
    4.900   2.3750E+01
    4.910   2.3518E+01
    4.920   2.3708E+01
    4.930   2.3428E+01
    4.940   2.1608E+01
    4.950   1.8761E+01
    4.960   1.5210E+01
    4.970   1.0988E+01
    4.980   7.2965E+00
    4.990   3.9758E+00
    5.000   1.2062E+00
    5.010  -1.2154E+00
    5.020  -3.5301E+00
    5.030  -5.6827E+00
    5.040  -7.6640E+00
    5.050  -9.7143E+00
    5.060  -1.2069E+01
    5.070  -1.3433E+01
    5.080  -1.1920E+01
    5.090  -6.9673E+00
    5.100   3.9853E-01
    5.110   6.5786E+00
    5.120   1.0543E+01
    5.130   1.3375E+01
    5.140   1.6145E+01
    5.150   1.7950E+01
    5.160   1.7651E+01
    5.170   1.6522E+01
    5.180   1.5589E+01
    5.190   1.4879E+01
    5.200   1.3260E+01
    5.210   1.1889E+01
    5.220   1.2768E+01
    5.230   1.6040E+01
    5.240   1.9466E+01
    5.250   2.2866E+01
    5.260   2.8481E+01
    5.270   3.6349E+01
    5.280   4.2298E+01
    5.290   4.2283E+01
    5.300   3.6718E+01
    5.310   2.8327E+01
    5.320   1.9548E+01
    5.330   1.3391E+01
    5.340   1.0152E+01
    5.350   5.6648E+00
    5.360   2.4543E-02
    5.370  -5.4535E+00
    5.380  -1.0760E+01
    5.390  -1.5979E+01
    5.400  -2.2058E+01
    5.410  -2.9940E+01
    5.420  -3.9134E+01
    5.430  -4.5947E+01
    5.440  -4.9007E+01
    5.450  -4.8740E+01
    5.460  -4.8895E+01
    5.470  -5.0410E+01
    5.480  -4.8531E+01
    5.490  -4.0323E+01
    5.500  -2.9682E+01
    5.510  -2.0297E+01
    5.520  -1.0550E+01
    5.530  -1.8598E+00
    5.540   2.4671E+00
    5.550   6.5156E+00
    5.560   1.3979E+01
    5.570   2.1803E+01
    5.580   2.6255E+01
    5.590   2.4428E+01
    5.600   1.3962E+01
    5.610  -1.7348E+00
    5.620  -1.4082E+01
    5.630  -1.8901E+01
    5.640  -2.0137E+01
    5.650  -2.1854E+01
    5.660  -2.3821E+01
    5.670  -2.5137E+01
    5.680  -2.6070E+01
    5.690  -2.8390E+01
    5.700  -3.0248E+01
    5.710  -3.0598E+01
    5.720  -2.7657E+01
    5.730  -1.9646E+01
    5.740  -7.3045E+00
    5.750   7.9064E+00
    5.760   2.3413E+01
    5.770   3.7050E+01
    5.780   4.5550E+01
    5.790   4.8729E+01
    5.800   4.5577E+01
    5.810   3.7153E+01
    5.820   2.8335E+01
    5.830   1.8649E+01
    5.840   7.0756E+00
    5.850  -3.6200E+00
    5.860  -9.3258E+00
    5.870  -7.9524E+00
    5.880  -5.0353E+00
    5.890   2.1091E+00
    5.900   1.6514E+01
    5.910   3.0785E+01
    5.920   3.7807E+01
    5.930   3.7409E+01
    5.940   3.3095E+01
    5.950   2.9358E+01
    5.960   2.8847E+01
    5.970   2.9787E+01
    5.980   2.9960E+01
    5.990   3.1929E+01
    6.000   4.2029E+01
    6.010   5.8459E+01
    6.020   7.2264E+01
    6.030   8.3245E+01
    6.040   9.0119E+01
    6.050   8.5575E+01
    6.060   6.9884E+01
    6.070   4.9806E+01
    6.080   3.1117E+01
    6.090   1.3423E+01
    6.100  -5.8823E+00
    6.110  -2.9037E+01
    6.120  -5.3540E+01
    6.130  -6.9288E+01
    6.140  -6.8876E+01
    6.150  -5.7116E+01
    6.160  -4.0859E+01
    6.170  -2.6536E+01
    6.180  -1.8833E+01
    6.190  -1.2127E+01
    6.200   7.9304E-01
    6.210   1.6083E+01
    6.220   2.8547E+01
    6.230   4.1334E+01
    6.240   5.0197E+01
    6.250   4.8233E+01
    6.260   3.6791E+01
    6.270   2.0960E+01
    6.280   3.7990E+00
    6.290  -1.2962E+01
    6.300  -2.4601E+01
    6.310  -2.9633E+01
    6.320  -2.8411E+01
    6.330  -1.7731E+01
    6.340  -6.4339E-01
    6.350   2.2518E+01
    6.360   4.6793E+01
    6.370   5.9094E+01
    6.380   6.0626E+01
    6.390   5.4438E+01
    6.400   4.6518E+01
    6.410   4.1418E+01
    6.420   2.9223E+01
    6.430   1.2434E+01
    6.440  -3.0075E+00
    6.450  -1.7550E+01
    6.460  -2.9720E+01
    6.470  -3.2929E+01
    6.480  -3.0787E+01
    6.490  -2.9639E+01
    6.500  -2.8025E+01
    6.510  -3.1643E+01
    6.520  -4.5161E+01
    6.530  -6.4234E+01
    6.540  -8.8799E+01
    6.550  -1.1493E+02
    6.560  -1.3481E+02
    6.570  -1.5096E+02
    6.580  -1.5902E+02
    6.590  -1.4987E+02
    6.600  -1.2902E+02
    6.610  -1.0853E+02
    6.620  -8.9640E+01
    6.630  -6.9099E+01
    6.640  -5.3011E+01
    6.650  -3.7187E+01
    6.660  -1.6279E+01
    6.670   1.1290E+00
    6.680   4.7626E+00
    6.690  -1.1872E+01
    6.700  -3.4800E+01
    6.710  -4.9332E+01
    6.720  -5.1338E+01
    6.730  -3.8772E+01
    6.740  -2.1512E+01
    6.750  -1.0584E+01
    6.760  -7.3340E+00
    6.770  -4.6883E+00
    6.780  -2.2100E-01
    6.790   7.0845E+00
    6.800   1.5202E+01
    6.810   2.1375E+01
    6.820   1.8418E+01
    6.830   1.2992E+00
    6.840  -1.5208E+01
    6.850  -1.7610E+01
    6.860  -1.2320E+01
    6.870  -7.4776E+00
    6.880   2.7081E+00
    6.890   1.3102E+01
    6.900   1.5891E+01
    6.910   1.9827E+01
    6.920   3.2975E+01
    6.930   4.9134E+01
    6.940   5.3971E+01
    6.950   3.5307E+01
    6.960  -4.6784E+00
    6.970  -4.3147E+01
    6.980  -7.0141E+01
    6.990  -8.2932E+01
    7.000  -7.9390E+01
    7.010  -6.7809E+01
    7.020  -5.6368E+01
    7.030  -4.2557E+01
    7.040  -2.7004E+01
    7.050  -1.1771E+01
    7.060   1.6580E+00
    7.070   1.4415E+01
    7.080   2.2669E+01
    7.090   2.6373E+01
    7.100   3.1070E+01
    7.110   4.1096E+01
    7.120   5.8363E+01
    7.130   7.8475E+01
    7.140   8.7063E+01
    7.150   7.3061E+01
    7.160   4.9351E+01
    7.170   2.6168E+01
    7.180   3.9603E+00
    7.190  -1.0129E+01
    7.200  -1.2433E+01
    7.210  -6.7563E+00
    7.220   1.2439E+00
    7.230   5.4874E+00
    7.240   5.7667E+00
    7.250   3.4748E+00
    7.260  -3.1210E+00
    7.270  -2.1488E+01
    7.280  -4.3916E+01
    7.290  -6.7373E+01
    7.300  -8.9144E+01
    7.310  -9.8660E+01
    7.320  -8.9191E+01
    7.330  -7.3922E+01
    7.340  -6.8745E+01
    7.350  -6.6885E+01
    7.360  -5.9686E+01
    7.370  -5.1781E+01
    7.380  -4.1789E+01
    7.390  -3.0559E+01
    7.400  -2.7922E+01
    7.410  -4.1670E+01
    7.420  -6.2033E+01
    7.430  -8.1550E+01
    7.440  -1.0363E+02
    7.450  -1.2309E+02
    7.460  -1.4009E+02
    7.470  -1.6050E+02
    7.480  -1.7749E+02
    7.490  -1.7222E+02
    7.500  -1.3245E+02
    7.510  -7.2492E+01
    7.520  -1.3977E+01
    7.530   3.7242E+01
    7.540   8.0355E+01
    7.550   1.1681E+02
    7.560   1.4930E+02
    7.570   1.7279E+02
    7.580   1.8417E+02
    7.590   1.8379E+02
    7.600   1.8186E+02
    7.610   1.8201E+02
    7.620   1.6639E+02
    7.630   1.2917E+02
    7.640   8.5821E+01
    7.650   5.0992E+01
    7.660   3.1050E+01
    7.670   1.9860E+01
    7.680   6.6784E+00
    7.690  -6.3338E+00
    7.700  -1.1597E+01
    7.710   1.5941E-01
    7.720   3.1486E+01
    7.730   6.7617E+01
    7.740   9.3895E+01
    7.750   1.1253E+02
    7.760   1.2796E+02
    7.770   1.3771E+02
    7.780   1.5053E+02
    7.790   1.7066E+02
    7.800   1.8719E+02
    7.810   2.0140E+02
    7.820   2.1142E+02
    7.830   2.0947E+02
    7.840   1.9700E+02
    7.850   1.7065E+02
    7.860   1.3503E+02
    7.870   1.0644E+02
    7.880   1.0603E+02
    7.890   1.3636E+02
    7.900   1.6875E+02
    7.910   1.6579E+02
    7.920   1.2643E+02
    7.930   7.8737E+01
    7.940   2.8581E+01
    7.950  -3.1708E+01
    7.960  -9.5221E+01
    7.970  -1.3399E+02
    7.980  -1.3545E+02
    7.990  -1.2209E+02
    8.000  -9.5799E+01
    8.010  -5.5945E+01
    8.020  -1.2138E+01
    8.030   2.5389E+01
    8.040   4.2973E+01
    8.050   3.8432E+01
    8.060   2.6998E+01
    8.070   9.4265E+00
    8.080  -9.3982E+00
    8.090  -3.4780E+01
    8.100  -6.4094E+01
    8.110  -7.9168E+01
    8.120  -7.7642E+01
    8.130  -6.0812E+01
    8.140  -3.8539E+01
    8.150  -2.0827E+01
    8.160  -7.2453E+00
    8.170   1.3734E+01
    8.180   3.1320E+01
    8.190   2.8916E+01
    8.200   2.6013E+01
    8.210   3.9471E+01
    8.220   6.2144E+01
    8.230   8.2736E+01
    8.240   9.8675E+01
    8.250   9.6277E+01
    8.260   6.3887E+01
    8.270   1.3557E+01
    8.280  -3.8263E+01
    8.290  -7.9816E+01
    8.300  -1.0926E+02
    8.310  -1.2583E+02
    8.320  -1.3849E+02
    8.330  -1.5418E+02
    8.340  -1.7492E+02
    8.350  -2.0337E+02
    8.360  -2.3444E+02
    8.370  -2.5629E+02
    8.380  -2.6329E+02
    8.390  -2.5658E+02
    8.400  -2.3028E+02
    8.410  -1.8800E+02
    8.420  -1.4731E+02
    8.430  -1.2038E+02
    8.440  -1.1114E+02
    8.450  -9.8599E+01
    8.460  -7.8305E+01
    8.470  -6.6647E+01
    8.480  -5.5826E+01
    8.490  -2.6301E+01
    8.500   2.0443E+01
    8.510   7.4488E+01
    8.520   1.3136E+02
    8.530   1.6861E+02
    8.540   1.7859E+02
    8.550   1.7255E+02
    8.560   1.6034E+02
    8.570   1.5618E+02
    8.580   1.6294E+02
    8.590   1.6386E+02
    8.600   1.5014E+02
    8.610   1.2447E+02
    8.620   8.5487E+01
    8.630   5.2197E+01
    8.640   3.8425E+01
    8.650   4.0185E+01
    8.660   3.9016E+01
    8.670   2.1190E+01
    8.680  -4.7274E+00
    8.690  -2.6777E+01
    8.700  -4.0043E+01
    8.710  -3.9758E+01
    8.720  -3.8590E+01
    8.730  -4.7102E+01
    8.740  -6.9079E+01
    8.750  -1.0531E+02
    8.760  -1.4769E+02
    8.770  -1.9043E+02
    8.780  -2.1992E+02
    8.790  -2.2412E+02
    8.800  -1.9825E+02
    8.810  -1.5022E+02
    8.820  -1.0144E+02
    8.830  -6.8397E+01
    8.840  -5.7769E+01
    8.850  -6.8071E+01
    8.860  -7.9248E+01
    8.870  -7.4547E+01
    8.880  -5.7725E+01
    8.890  -2.7866E+01
    8.900   1.1743E+01
    8.910   4.4996E+01
    8.920   5.8884E+01
    8.930   5.6036E+01
    8.940   5.0488E+01
    8.950   4.7609E+01
    8.960   5.2310E+01
    8.970   5.7430E+01
    8.980   5.5161E+01
    8.990   5.8112E+01
    9.000   6.8802E+01
    9.010   8.2100E+01
    9.020   8.7719E+01
    9.030   6.8666E+01
    9.040   3.3034E+01
    9.050  -2.2746E+00
    9.060  -3.3404E+01
    9.070  -6.1099E+01
    9.080  -9.2274E+01
    9.090  -1.1601E+02
    9.100  -1.1601E+02
    9.110  -1.0235E+02
    9.120  -8.4442E+01
    9.130  -7.2662E+01
    9.140  -7.6776E+01
    9.150  -8.9795E+01
    9.160  -9.0256E+01
    9.170  -7.1531E+01
    9.180  -5.9989E+01
    9.190  -7.3588E+01
    9.200  -9.5775E+01
    9.210  -1.1691E+02
    9.220  -1.2694E+02
    9.230  -1.2305E+02
    9.240  -1.1736E+02
    9.250  -1.1298E+02
    9.260  -1.0051E+02
    9.270  -7.8999E+01
    9.280  -5.4052E+01
    9.290  -3.2150E+01
    9.300  -1.6861E+01
    9.310   1.8264E-01
    9.320   1.7618E+01
    9.330   2.9255E+01
    9.340   3.2894E+01
    9.350   1.8535E+01
    9.360  -9.0062E+00
    9.370  -2.9495E+01
    9.380  -3.5777E+01
    9.390  -3.2793E+01
    9.400  -3.0774E+01
    9.410  -3.9829E+01
    9.420  -6.3667E+01
    9.430  -8.9360E+01
    9.440  -1.0078E+02
    9.450  -1.0412E+02
    9.460  -1.0372E+02
    9.470  -8.9715E+01
    9.480  -6.4533E+01
    9.490  -3.9897E+01
    9.500  -1.9575E+01
    9.510  -1.8676E+01
    9.520  -3.9237E+01
    9.530  -6.7909E+01
    9.540  -9.5506E+01
    9.550  -1.1168E+02
    9.560  -1.1389E+02
    9.570  -1.0020E+02
    9.580  -8.0940E+01
    9.590  -6.6962E+01
    9.600  -5.1282E+01
    9.610  -2.1399E+01
    9.620   2.8232E+01
    9.630   8.6103E+01
    9.640   1.3155E+02
    9.650   1.5235E+02
    9.660   1.5999E+02
    9.670   1.7607E+02
    9.680   1.9449E+02
    9.690   2.1069E+02
    9.700   2.2601E+02
    9.710   2.2488E+02
    9.720   1.9348E+02
    9.730   1.4326E+02
    9.740   1.0070E+02
    9.750   8.3578E+01
    9.760   9.0848E+01
    9.770   1.0651E+02
    9.780   1.2298E+02
    9.790   1.3838E+02
    9.800   1.4582E+02
    9.810   1.4768E+02
    9.820   1.4449E+02
    9.830   1.2680E+02
    9.840   1.0728E+02
    9.850   1.0682E+02
    9.860   1.1205E+02
    9.870   1.0854E+02
    9.880   1.0601E+02
    9.890   1.1393E+02
    9.900   1.3220E+02
    9.910   1.6508E+02
    9.920   2.1305E+02
    9.930   2.6194E+02
    9.940   2.9190E+02
    9.950   2.9234E+02
    9.960   2.7533E+02
    9.970   2.4232E+02
    9.980   1.9418E+02
    9.990   1.4294E+02
   10.000   9.8868E+01
   10.010   6.0023E+01
   10.020   2.8021E+01
   10.030   1.9399E+01
   10.040   2.4725E+01
   10.050   3.1562E+01
   10.060   4.2262E+01
   10.070   5.5301E+01
   10.080   6.3858E+01
   10.090   6.7943E+01
   10.100   6.4731E+01
   10.110   6.0624E+01
   10.120   5.9792E+01
   10.130   7.1301E+01
   10.140   8.8475E+01
   10.150   8.8302E+01
   10.160   5.5180E+01
   10.170  -1.5856E+01
   10.180  -9.9444E+01
   10.190  -1.5794E+02
   10.200  -1.8388E+02
   10.210  -1.9775E+02
   10.220  -1.9786E+02
   10.230  -1.9409E+02
   10.240  -2.0323E+02
   10.250  -2.1277E+02
   10.260  -2.0780E+02
   10.270  -1.9602E+02
   10.280  -1.8156E+02
   10.290  -1.5809E+02
   10.300  -1.3502E+02
   10.310  -1.2240E+02
   10.320  -1.0576E+02
   10.330  -7.1032E+01
   10.340  -3.3556E+01
   10.350  -5.2195E+00
   10.360   1.9826E+01
   10.370   4.0700E+01
   10.380   5.5626E+01
   10.390   5.7163E+01
   10.400   4.9021E+01
   10.410   4.4771E+01
   10.420   4.6602E+01
   10.430   4.2878E+01
   10.440   2.4303E+01
   10.450  -4.1036E-01
   10.460  -2.2738E+01
   10.470  -4.0314E+01
   10.480  -4.2951E+01
   10.490  -3.9498E+01
   10.500  -3.6612E+01
   10.510  -3.3054E+01
   10.520  -2.4549E+01
   10.530  -5.3326E+00
   10.540   2.4718E+01
   10.550   5.7048E+01
   10.560   8.4010E+01
   10.570   1.0502E+02
   10.580   1.0707E+02
   10.590   8.8789E+01
   10.600   7.0858E+01
   10.610   6.5825E+01
   10.620   5.4219E+01
   10.630   1.8113E+01
   10.640  -2.9954E+01
   10.650  -7.1739E+01
   10.660  -1.0518E+02
   10.670  -1.3072E+02
   10.680  -1.3729E+02
   10.690  -1.1392E+02
   10.700  -6.0063E+01
   10.710   1.6204E+01
   10.720   1.0481E+02
   10.730   1.8308E+02
   10.740   2.1775E+02
   10.750   2.1055E+02
   10.760   1.8290E+02
   10.770   1.4990E+02
   10.780   1.1782E+02
   10.790   9.1234E+01
   10.800   7.5535E+01
   10.810   7.1118E+01
   10.820   6.4106E+01
   10.830   5.2371E+01
   10.840   4.2391E+01
   10.850   3.6299E+01
   10.860   4.3346E+01
   10.870   6.1186E+01
   10.880   7.3713E+01
   10.890   7.4851E+01
   10.900   6.2235E+01
   10.910   3.6493E+01
   10.920   1.2257E+01
   10.930  -4.7668E+00
   10.940  -2.3600E+01
   10.950  -3.7934E+01
   10.960  -3.9754E+01
   10.970  -2.5678E+01
   10.980   3.8627E+00
   10.990   4.0590E+01
   11.000   6.7973E+01
   11.010   8.0659E+01
   11.020   8.5559E+01
   11.030   8.3603E+01
   11.040   7.2325E+01
   11.050   4.8630E+01
   11.060   1.2361E+01
   11.070  -2.3486E+01
   11.080  -5.0291E+01
   11.090  -7.4830E+01
   11.100  -1.0142E+02
   11.110  -1.1982E+02
   11.120  -1.2407E+02
   11.130  -1.1730E+02
   11.140  -1.0461E+02
   11.150  -9.3540E+01
   11.160  -8.6499E+01
   11.170  -7.1564E+01
   11.180  -4.5975E+01
   11.190  -1.7766E+01
   11.200   6.5498E+00
   11.210   1.8257E+01
   11.220   1.7686E+01
   11.230   6.9335E+00
   11.240  -1.8608E+01
   11.250  -6.1119E+01
   11.260  -1.0764E+02
   11.270  -1.5399E+02
   11.280  -1.9357E+02
   11.290  -2.0781E+02
   11.300  -2.0098E+02
   11.310  -1.8521E+02
   11.320  -1.7215E+02
   11.330  -1.7019E+02
   11.340  -1.7644E+02
   11.350  -1.8358E+02
   11.360  -1.8148E+02
   11.370  -1.7573E+02
   11.380  -1.7220E+02
   11.390  -1.7462E+02
   11.400  -1.8316E+02
   11.410  -1.8835E+02
   11.420  -1.8949E+02
   11.430  -1.9034E+02
   11.440  -1.8396E+02
   11.450  -1.6828E+02
   11.460  -1.4169E+02
   11.470  -1.0473E+02
   11.480  -6.7165E+01
   11.490  -4.0664E+01
   11.500  -2.8175E+01
   11.510  -3.3555E+01
   11.520  -4.9074E+01
   11.530  -6.6205E+01
   11.540  -7.7658E+01
   11.550  -8.1468E+01
   11.560  -7.9993E+01
   11.570  -6.7122E+01
   11.580  -4.4418E+01
   11.590  -2.0149E+01
   11.600  -2.4390E+00
   11.610   1.1607E+01
   11.620   2.5098E+01
   11.630   4.2007E+01
   11.640   6.0860E+01
   11.650   7.2637E+01
   11.660   6.5197E+01
   11.670   3.5457E+01
   11.680   3.4816E+00
   11.690  -1.1324E+01
   11.700  -9.7730E+00
   11.710  -7.8240E-01
   11.720   2.0506E+00
   11.730  -6.6228E+00
   11.740  -1.4573E+01
   11.750  -1.4304E+01
   11.760  -1.3294E+01
   11.770  -7.1906E+00
   11.780   1.1236E+01
   11.790   3.8410E+01
   11.800   6.8384E+01
   11.810   1.0499E+02
   11.820   1.3790E+02
   11.830   1.6210E+02
   11.840   1.8335E+02
   11.850   1.9079E+02
   11.860   1.7146E+02
   11.870   1.4044E+02
   11.880   1.2009E+02
   11.890   1.0984E+02
   11.900   1.0416E+02
   11.910   1.0555E+02
   11.920   1.0952E+02
   11.930   1.2043E+02
   11.940   1.4794E+02
   11.950   1.8266E+02
   11.960   2.1566E+02
   11.970   2.4155E+02
   11.980   2.6345E+02
   11.990   2.8147E+02
   12.000   2.8907E+02
   12.010   2.8588E+02
   12.020   2.7045E+02
   12.030   2.4192E+02
   12.040   2.0129E+02
   12.050   1.5773E+02
   12.060   1.2569E+02
   12.070   1.1350E+02
   12.080   1.1375E+02
   12.090   1.2202E+02
   12.100   1.3502E+02
   12.110   1.3739E+02
   12.120   1.2347E+02
   12.130   1.0469E+02
   12.140   9.1888E+01
   12.150   8.1101E+01
   12.160   6.3095E+01
   12.170   4.5968E+01
   12.180   3.1045E+01
   12.190   1.1753E+01
   12.200  -1.4057E+01
   12.210  -3.3825E+01
   12.220  -3.8905E+01
   12.230  -3.4802E+01
   12.240  -3.1718E+01
   12.250  -2.9603E+01
   12.260  -2.3281E+01
   12.270  -1.0338E+01
   12.280   6.2906E+00
   12.290   1.6618E+01
   12.300   1.0685E+01
   12.310  -7.6543E+00
   12.320  -2.2058E+01
   12.330  -3.4560E+01
   12.340  -4.8264E+01
   12.350  -5.9389E+01
   12.360  -6.6076E+01
   12.370  -6.6848E+01
   12.380  -6.3798E+01
   12.390  -5.8948E+01
   12.400  -5.4438E+01
   12.410  -5.0236E+01
   12.420  -4.3638E+01
   12.430  -3.9073E+01
   12.440  -4.9282E+01
   12.450  -7.3012E+01
   12.460  -1.0390E+02
   12.470  -1.3299E+02
   12.480  -1.5664E+02
   12.490  -1.8186E+02
   12.500  -2.1075E+02
   12.510  -2.3613E+02
   12.520  -2.5123E+02
   12.530  -2.5010E+02
   12.540  -2.3913E+02
   12.550  -2.3224E+02
   12.560  -2.2667E+02
   12.570  -2.1388E+02
   12.580  -1.9528E+02
   12.590  -1.7321E+02
   12.600  -1.4841E+02
   12.610  -1.2259E+02
   12.620  -9.5806E+01
   12.630  -6.9707E+01
   12.640  -5.2093E+01
   12.650  -4.6349E+01
   12.660  -4.0074E+01
   12.670  -2.3161E+01
   12.680  -2.7269E-01
   12.690   2.2868E+01
   12.700   4.2749E+01
   12.710   5.4452E+01
   12.720   5.4252E+01
   12.730   4.8851E+01
   12.740   4.6973E+01
   12.750   4.1867E+01
   12.760   2.6077E+01
   12.770  -2.9915E-01
   12.780  -3.2575E+01
   12.790  -5.7864E+01
   12.800  -6.7014E+01
   12.810  -6.2392E+01
   12.820  -5.0884E+01
   12.830  -3.7154E+01
   12.840  -2.1889E+01
   12.850  -7.1356E+00
   12.860   8.1573E+00
   12.870   2.1893E+01
   12.880   3.2357E+01
   12.890   4.0741E+01
   12.900   4.6351E+01
   12.910   4.4908E+01
   12.920   3.4565E+01
   12.930   2.0092E+01
   12.940   3.8958E+00
   12.950  -1.1508E+01
   12.960  -2.1055E+01
   12.970  -1.5984E+01
   12.980   6.5027E+00
   12.990   3.8264E+01
   13.000   6.8278E+01
   13.010   8.6836E+01
   13.020   8.8388E+01
   13.030   8.4855E+01
   13.040   8.9181E+01
   13.050   1.0138E+02
   13.060   1.0982E+02
   13.070   1.0883E+02
   13.080   1.0021E+02
   13.090   9.1325E+01
   13.100   9.0889E+01
   13.110   9.9420E+01
   13.120   1.0941E+02
   13.130   1.0730E+02
   13.140   8.9560E+01
   13.150   6.9689E+01
   13.160   5.5808E+01
   13.170   4.1362E+01
   13.180   2.4806E+01
   13.190   1.2236E+01
   13.200   6.8767E+00
   13.210   7.6244E+00
   13.220   1.5413E+01
   13.230   2.7578E+01
   13.240   3.7942E+01
   13.250   4.1064E+01
   13.260   3.2418E+01
   13.270   1.6122E+01
   13.280   3.8538E+00
   13.290  -3.3081E+00
   13.300  -8.9221E+00
   13.310  -1.2886E+01
   13.320  -1.2840E+01
   13.330  -1.1673E+01
   13.340  -1.6262E+01
   13.350  -2.7739E+01
   13.360  -4.0014E+01
   13.370  -5.1581E+01
   13.380  -6.7968E+01
   13.390  -8.4390E+01
   13.400  -8.9911E+01
   13.410  -8.4978E+01
   13.420  -7.7599E+01
   13.430  -6.9221E+01
   13.440  -6.8151E+01
   13.450  -7.6700E+01
   13.460  -8.3278E+01
   13.470  -8.0432E+01
   13.480  -6.6509E+01
   13.490  -4.1798E+01
   13.500  -1.7364E+01
   13.510  -6.3090E-01
   13.520  -1.9460E-01
   13.530  -2.2949E+01
   13.540  -5.5567E+01
   13.550  -8.5231E+01
   13.560  -1.0490E+02
   13.570  -1.1170E+02
   13.580  -1.1631E+02
   13.590  -1.2195E+02
   13.600  -1.2377E+02
   13.610  -1.1308E+02
   13.620  -8.5316E+01
   13.630  -5.1124E+01
   13.640  -2.7102E+01
   13.650  -2.2053E+01
   13.660  -3.0421E+01
   13.670  -3.9294E+01
   13.680  -4.0915E+01
   13.690  -3.7063E+01
   13.700  -3.4118E+01
   13.710  -3.6369E+01
   13.720  -4.0329E+01
   13.730  -4.4023E+01
   13.740  -4.5163E+01
   13.750  -4.1681E+01
   13.760  -3.6057E+01
   13.770  -3.3520E+01
   13.780  -3.8536E+01
   13.790  -4.7593E+01
   13.800  -5.4318E+01
   13.810  -5.6810E+01
   13.820  -5.2596E+01
   13.830  -4.0328E+01
   13.840  -2.4393E+01
   13.850  -9.5193E+00
   13.860   1.2488E-01
   13.870   5.9426E+00
   13.880   1.2942E+01
   13.890   2.3948E+01
   13.900   4.1199E+01
   13.910   5.8433E+01
   13.920   7.0119E+01
   13.930   7.9437E+01
   13.940   8.4076E+01
   13.950   8.1562E+01
   13.960   7.2064E+01
   13.970   6.5020E+01
   13.980   6.4983E+01
   13.990   6.9266E+01
   14.000   7.7034E+01
   14.010   8.4239E+01
   14.020   8.3772E+01
   14.030   7.3642E+01
   14.040   5.7626E+01
   14.050   4.5006E+01
   14.060   4.4307E+01
   14.070   5.2954E+01
   14.080   6.5726E+01
   14.090   8.2349E+01
   14.100   9.5908E+01
   14.110   1.0175E+02
   14.120   1.0287E+02
   14.130   1.0440E+02
   14.140   1.0725E+02
   14.150   1.0661E+02
   14.160   9.7509E+01
   14.170   7.7754E+01
   14.180   5.5529E+01
   14.190   4.2090E+01
   14.200   4.2213E+01
   14.210   5.3975E+01
   14.220   6.6535E+01
   14.230   7.0077E+01
   14.240   6.4629E+01
   14.250   5.2677E+01
   14.260   3.8420E+01
   14.270   2.5944E+01
   14.280   1.5568E+01
   14.290   3.3919E+00
   14.300  -8.9851E+00
   14.310  -1.6284E+01
   14.320  -1.9602E+01
   14.330  -1.8277E+01
   14.340  -1.6680E+01
   14.350  -1.6424E+01
   14.360  -1.7553E+01
   14.370  -1.9196E+01
   14.380  -2.1706E+01
   14.390  -2.4693E+01
   14.400  -2.2869E+01
   14.410  -1.6912E+01
   14.420  -1.5271E+01
   14.430  -2.3519E+01
   14.440  -3.7492E+01
   14.450  -4.9067E+01
   14.460  -5.6427E+01
   14.470  -6.1598E+01
   14.480  -6.9125E+01
   14.490  -7.6903E+01
   14.500  -7.5658E+01
   14.510  -6.0894E+01
   14.520  -3.9212E+01
   14.530  -2.0529E+01
   14.540  -7.8201E+00
   14.550  -1.6456E+00
   14.560   1.4886E+00
   14.570   5.6946E+00
   14.580   9.8819E+00
   14.590   1.3799E+01
   14.600   1.7279E+01
   14.610   1.7496E+01
   14.620   1.1976E+01
   14.630   3.3832E+00
   14.640  -5.4053E+00
   14.650  -1.2638E+01
   14.660  -1.7075E+01
   14.670  -2.2369E+01
   14.680  -2.9236E+01
   14.690  -3.7435E+01
   14.700  -4.6836E+01
   14.710  -5.3703E+01
   14.720  -5.3339E+01
   14.730  -4.7719E+01
   14.740  -4.1410E+01
   14.750  -3.7252E+01
   14.760  -3.5491E+01
   14.770  -3.8342E+01
   14.780  -4.4901E+01
   14.790  -4.8166E+01
   14.800  -4.8317E+01
   14.810  -4.7673E+01
   14.820  -4.7153E+01
   14.830  -4.5021E+01
   14.840  -3.9944E+01
   14.850  -3.4739E+01
   14.860  -3.0897E+01
   14.870  -2.5253E+01
   14.880  -1.6339E+01
   14.890  -6.9921E+00
   14.900  -4.9964E-01
   14.910   1.6427E+00
   14.920   1.2536E-01
   14.930  -2.9666E+00
   14.940  -5.7351E+00
   14.950  -1.0642E+01
   14.960  -1.5121E+01
   14.970  -1.4193E+01
   14.980  -6.6726E+00
   14.990   4.4054E+00
   15.000   1.5749E+01
   15.010   2.6022E+01
   15.020   3.5644E+01
   15.030   4.2813E+01
   15.040   4.4885E+01
   15.050   4.1674E+01
   15.060   3.4114E+01
   15.070   2.4405E+01
   15.080   1.5460E+01
   15.090   8.9792E+00
   15.100   5.1423E+00
   15.110   4.6829E+00
   15.120   5.1426E+00
   15.130   5.1990E+00
   15.140   5.3493E+00
   15.150   4.5147E+00
   15.160   5.5358E+00
   15.170   1.0557E+01
   15.180   1.8341E+01
   15.190   2.7608E+01
   15.200   3.4595E+01
   15.210   3.8145E+01
   15.220   3.9681E+01
   15.230   3.9722E+01
   15.240   3.7815E+01
   15.250   3.2485E+01
   15.260   2.4743E+01
   15.270   1.6442E+01
   15.280   9.0568E+00
   15.290   4.8705E+00
   15.300   4.3306E+00
   15.310   4.5485E+00
   15.320   4.6180E+00
   15.330   3.3930E+00
   15.340   1.4369E+00
   15.350  -1.7277E-02
   15.360  -9.5542E-01
   15.370  -2.7634E+00
   15.380  -5.7729E+00
   15.390  -7.0265E+00
   15.400  -3.7063E+00
   15.410   3.4577E+00
   15.420   9.5812E+00
   15.430   9.2848E+00
   15.440   4.3571E+00
   15.450   5.4765E-01
   15.460   1.9482E+00
   15.470   8.8663E+00
   15.480   1.7490E+01
   15.490   2.5503E+01
   15.500   3.1966E+01
   15.510   3.5184E+01
   15.520   3.2363E+01
   15.530   2.3482E+01
   15.540   1.3439E+01
   15.550   4.0752E+00
   15.560  -4.0519E+00
   15.570  -9.4182E+00
   15.580  -1.2995E+01
   15.590  -1.3969E+01
   15.600  -1.1119E+01
   15.610  -5.1380E+00
   15.620   9.3817E-01
   15.630   3.4118E+00
   15.640   2.3007E+00
   15.650  -1.0988E+00
   15.660  -5.5498E+00
   15.670  -7.8540E+00
   15.680  -7.1751E+00
   15.690  -4.3440E+00
   15.700  -1.2076E+00
   15.710  -2.7857E-02
   15.720  -1.6467E+00
   15.730  -5.6421E+00
   15.740  -9.6726E+00
   15.750  -1.3097E+01
   15.760  -1.7016E+01
   15.770  -2.1005E+01
   15.780  -2.3216E+01
   15.790  -2.3189E+01
   15.800  -2.0405E+01
   15.810  -1.6409E+01
   15.820  -1.2582E+01
   15.830  -8.2432E+00
   15.840  -4.0321E+00
   15.850  -6.3387E-01
   15.860   2.4007E+00
   15.870   5.5212E+00
   15.880   8.2257E+00
   15.890   1.2376E+01
   15.900   1.7833E+01
   15.910   2.1819E+01
   15.920   2.3717E+01
   15.930   2.4294E+01
   15.940   2.4545E+01
   15.950   2.2686E+01
   15.960   1.7300E+01
   15.970   1.0780E+01
   15.980   5.9846E+00
   15.990   3.2512E+00
   16.000   2.6135E+00
   16.010   4.6602E+00
   16.020   7.5338E+00
   16.030   8.7639E+00
   16.040   7.3569E+00
   16.050   3.8135E+00
   16.060   7.1562E-02
   16.070  -2.6904E+00
   16.080  -2.5820E+00
   16.090   2.4715E+00
   16.100   1.0439E+01
   16.110   1.7471E+01
   16.120   2.1867E+01
   16.130   2.2753E+01
   16.140   2.0079E+01
   16.150   1.4989E+01
   16.160   9.0858E+00
   16.170   4.7321E+00
   16.180   4.6580E+00
   16.190   8.0153E+00
   16.200   1.2072E+01
   16.210   1.5454E+01
   16.220   1.7700E+01
   16.230   1.6959E+01
   16.240   1.2855E+01
   16.250   7.8885E+00
   16.260   3.4480E+00
   16.270  -2.8003E-01
   16.280  -3.2151E+00
   16.290  -4.5644E+00
   16.300  -3.6180E+00
   16.310  -2.1785E-02
   16.320   4.4357E+00
   16.330   6.4113E+00
   16.340   5.8219E+00
   16.350   4.0285E+00
   16.360   1.8831E+00
   16.370   1.1319E+00
   16.380   2.6975E+00
   16.390   4.6704E+00
   16.400   5.0383E+00
   16.410   2.9506E+00
   16.420  -1.3274E-01
   16.430  -2.9878E+00
   16.440  -5.7183E+00
   16.450  -7.8320E+00
   16.460  -1.0009E+01
   16.470  -1.2691E+01
   16.480  -1.5553E+01
   16.490  -1.7029E+01
   16.500  -1.4713E+01
   16.510  -9.7477E+00
   16.520  -5.6848E+00
   16.530  -4.2388E+00
   16.540  -4.7538E+00
   16.550  -5.9660E+00
   16.560  -7.2808E+00
   16.570  -7.7509E+00
   16.580  -6.7509E+00
   16.590  -5.5179E+00
   16.600  -5.1179E+00
   16.610  -4.5726E+00
   16.620  -4.5301E+00
   16.630  -5.8934E+00
   16.640  -8.3111E+00
   16.650  -1.0881E+01
   16.660  -1.2711E+01
   16.670  -1.3494E+01
   16.680  -1.2620E+01
   16.690  -9.3923E+00
   16.700  -4.6210E+00
   16.710  -1.4099E+00
   16.720  -6.0248E-01
   16.730  -1.8797E+00
   16.740  -5.3730E+00
   16.750  -9.5686E+00
   16.760  -1.2365E+01
   16.770  -1.3364E+01
   16.780  -1.2333E+01
   16.790  -9.6811E+00
   16.800  -7.3742E+00
   16.810  -5.8910E+00
   16.820  -5.1212E+00
   16.830  -5.9856E+00
   16.840  -7.8580E+00
   16.850  -9.9129E+00
   16.860  -1.0935E+01
   16.870  -9.7779E+00
   16.880  -6.7576E+00
   16.890  -3.0530E+00
   16.900  -4.2090E-01
   16.910   9.0136E-02
   16.920  -1.6155E+00
   16.930  -5.2234E+00
   16.940  -9.9345E+00
   16.950  -1.3639E+01
   16.960  -1.4508E+01
   16.970  -1.2418E+01
   16.980  -8.6147E+00
   16.990  -4.6279E+00
   17.000  -1.6673E+00
   17.010   2.4437E-02
   17.020   1.1341E+00
   17.030   2.0097E+00
   17.040   2.6852E+00
   17.050   3.1248E+00
   17.060   4.4363E+00
   17.070   6.1061E+00
   17.080   7.0742E+00
   17.090   7.7413E+00
   17.100   8.3045E+00
   17.110   8.5536E+00
   17.120   8.1161E+00
   17.130   5.9410E+00
   17.140   3.0211E+00
   17.150   3.9952E-01
   17.160  -1.4506E+00
   17.170  -2.7985E+00
   17.180  -3.4974E+00
   17.190  -4.0094E+00
   17.200  -4.9505E+00
   17.210  -6.5462E+00
   17.220  -7.8266E+00
   17.230  -8.4555E+00
   17.240  -8.9893E+00
   17.250  -9.4081E+00
   17.260  -1.0314E+01
   17.270  -1.1015E+01
   17.280  -9.5469E+00
   17.290  -6.1078E+00
   17.300  -2.0273E+00
   17.310   1.3757E+00
   17.320   3.3025E+00
   17.330   3.3612E+00
   17.340   2.1402E+00
   17.350   6.0648E-01
   17.360  -4.1791E-01
   17.370  -4.9479E-01
   17.380   6.9148E-01
   17.390   2.8233E+00
   17.400   4.9799E+00
   17.410   6.7100E+00
   17.420   7.6303E+00
   17.430   7.4099E+00
   17.440   7.0629E+00
   17.450   7.7140E+00
   17.460   9.3717E+00
   17.470   1.1693E+01
   17.480   1.3925E+01
   17.490   1.5059E+01
   17.500   1.5050E+01
   17.510   1.3342E+01
   17.520   9.9205E+00
   17.530   6.9465E+00
   17.540   5.2655E+00
   17.550   3.9880E+00
   17.560   3.0128E+00
   17.570   2.4831E+00
   17.580   1.9784E+00
   17.590   1.4134E+00
   17.600   2.3270E-01
   17.610  -1.3865E+00
   17.620  -2.8329E+00
   17.630  -3.6668E+00
   17.640  -3.6076E+00
   17.650  -3.0767E+00
   17.660  -2.5109E+00
   17.670  -1.9457E+00
   17.680  -1.6671E+00
   17.690  -1.6203E+00
   17.700  -1.9995E+00
   17.710  -2.7864E+00
   17.720  -3.0933E+00
   17.730  -2.5344E+00
   17.740  -1.7316E+00
   17.750  -9.2222E-01
   17.760  -5.9291E-02
   17.770   4.6134E-01
   17.780   8.1147E-01
   17.790   1.3614E+00
   17.800   2.0741E+00
   17.810   3.1253E+00
   17.820   3.7221E+00
   17.830   2.6935E+00
   17.840   2.2482E-01
   17.850  -2.1695E+00
   17.860  -3.0427E+00
   17.870  -1.9692E+00
   17.880   1.9007E-01
   17.890   2.3806E+00
   17.900   4.0788E+00
   17.910   4.6016E+00
   17.920   4.0316E+00
   17.930   3.0697E+00
   17.940   2.0759E+00
   17.950   1.0936E+00
   17.960   1.3033E-01
   17.970  -5.9696E-01
   17.980  -7.8003E-01
   17.990  -8.1013E-01
   18.000  -1.3273E+00
   18.010  -2.2533E+00
   18.020  -3.4140E+00
   18.030  -4.7325E+00
   18.040  -5.8125E+00
   18.050  -6.3632E+00
   18.060  -6.1921E+00
   18.070  -5.3270E+00
   18.080  -4.2969E+00
   18.090  -3.3492E+00
   18.100  -2.5323E+00
   18.110  -2.0104E+00
   18.120  -1.7148E+00
   18.130  -1.3054E+00
   18.140  -3.1094E-01
   18.150   9.8546E-01
   18.160   2.2063E+00
   18.170   2.9915E+00
   18.180   3.0984E+00
   18.190   2.7075E+00
   18.200   2.0898E+00
   18.210   1.7598E+00
   18.220   1.7816E+00
   18.230   2.0793E+00
   18.240   2.5869E+00
   18.250   2.9046E+00
   18.260   3.1270E+00
   18.270   3.6741E+00
   18.280   4.4155E+00
   18.290   5.0349E+00
   18.300   5.1328E+00
   18.310   4.5850E+00
   18.320   3.8310E+00
   18.330   3.2638E+00
   18.340   3.0972E+00
   18.350   3.0174E+00
   18.360   2.6774E+00
   18.370   2.7632E+00
   18.380   3.7320E+00
   18.390   5.0824E+00
   18.400   6.0194E+00
   18.410   6.0557E+00
   18.420   5.2722E+00
   18.430   4.0790E+00
   18.440   2.9174E+00
   18.450   2.0991E+00
   18.460   1.6922E+00
   18.470   1.5215E+00
   18.480   1.3550E+00
   18.490   1.0564E+00
   18.500   7.0287E-01
   18.510   4.0628E-01
   18.520   2.4241E-01
   18.530   1.8008E-01
   18.540   2.0131E-01
   18.550   2.5500E-01
   18.560   3.8225E-01
   18.570   6.5429E-01
   18.580   8.7464E-01
   18.590   7.6464E-01
   18.600   1.8284E-01
   18.610  -6.3548E-01
   18.620  -1.3897E+00
   18.630  -2.0640E+00
   18.640  -2.6704E+00
   18.650  -2.9190E+00
   18.660  -2.7600E+00
   18.670  -2.4232E+00
   18.680  -2.1314E+00
   18.690  -1.9593E+00
   18.700  -1.8599E+00
   18.710  -1.8187E+00
   18.720  -1.8432E+00
   18.730  -1.8266E+00
   18.740  -1.5748E+00
   18.750  -1.0695E+00
   18.760  -4.8301E-01
   18.770  -1.5599E-03
   18.780   2.0380E-01
   18.790   2.3074E-01
   18.800   3.1533E-01
   18.810   4.7838E-01
   18.820   4.7341E-01
   18.830   7.8345E-02
   18.840  -4.9323E-01
   18.850  -9.4030E-01
   18.860  -1.2413E+00
   18.870  -1.5604E+00
   18.880  -1.8262E+00
   18.890  -1.9299E+00
   18.900  -1.9759E+00
   18.910  -2.0408E+00
   18.920  -2.0821E+00
   18.930  -2.2261E+00
   18.940  -2.5053E+00
   18.950  -2.6384E+00
   18.960  -2.5742E+00
   18.970  -2.4570E+00
   18.980  -2.3653E+00
   18.990  -2.3330E+00
   19.000  -2.5225E+00
   19.010  -2.8400E+00
   19.020  -3.0704E+00
   19.030  -3.1635E+00
   19.040  -3.1512E+00
   19.050  -3.2112E+00
   19.060  -3.3626E+00
   19.070  -3.4565E+00
   19.080  -3.4591E+00
   19.090  -3.3984E+00
   19.100  -3.3141E+00
   19.110  -3.2754E+00
   19.120  -3.3035E+00
   19.130  -3.3034E+00
   19.140  -3.1476E+00
   19.150  -2.8002E+00
   19.160  -2.3300E+00
   19.170  -1.8647E+00
   19.180  -1.5381E+00
   19.190  -1.4327E+00
   19.200  -1.5658E+00
   19.210  -1.8454E+00
   19.220  -2.0882E+00
   19.230  -2.1161E+00
   19.240  -1.8790E+00
   19.250  -1.4944E+00
   19.260  -1.1051E+00
   19.270  -8.0189E-01
   19.280  -6.1962E-01
   19.290  -5.3746E-01
   19.300  -5.0867E-01
   19.310  -4.7445E-01
   19.320  -4.0277E-01
   19.330  -3.3073E-01
   19.340  -3.1192E-01
   19.350  -3.2891E-01
   19.360  -2.9431E-01
   19.370  -1.2301E-01
   19.380   1.7902E-01
   19.390   5.2884E-01
   19.400   8.3598E-01
   19.410   1.0441E+00
   19.420   1.1210E+00
   19.430   1.0297E+00
   19.440   7.7904E-01
   19.450   4.5464E-01
   19.460   1.8299E-01
   19.470   3.8208E-02
   19.480   7.4569E-05
   19.490   6.8605E-03
   19.500   6.2023E-03
   19.510  -3.5890E-02
   19.520  -1.6356E-01
   19.530  -3.9284E-01
   19.540  -6.6092E-01
   19.550  -8.4679E-01
   19.560  -8.4339E-01
   19.570  -6.0958E-01
   19.580  -1.6200E-01
   19.590   4.4629E-01
   19.600   1.1113E+00
   19.610   1.6864E+00
   19.620   2.0557E+00
   19.630   2.2086E+00
   19.640   2.2277E+00
   19.650   2.2176E+00
   19.660   2.2366E+00
   19.670   2.2639E+00
   19.680   2.2409E+00
   19.690   2.1305E+00
   19.700   1.9417E+00
   19.710   1.7306E+00
   19.720   1.5673E+00
   19.730   1.5229E+00
   19.740   1.6587E+00
   19.750   1.9864E+00
   19.760   2.4326E+00
   19.770   2.8633E+00
   19.780   3.1621E+00
   19.790   3.2868E+00
   19.800   3.2601E+00
   19.810   3.1263E+00
   19.820   2.9309E+00
   19.830   2.7047E+00
   19.840   2.4607E+00
   19.850   2.1931E+00
   19.860   1.9064E+00
   19.870   1.6326E+00
   19.880   1.4111E+00
   19.890   1.2489E+00
   19.900   1.1041E+00
   19.910   9.0936E-01
   19.920   6.3036E-01
   19.930   3.0239E-01
   19.940  -6.7635E-03
   19.950  -2.6663E-01
   19.960  -4.9996E-01
   19.970  -7.1743E-01
   19.980  -8.7629E-01
   19.990  -9.4926E-01
   20.000  -9.7498E-01
   20.010  -1.0129E+00
   20.020  -1.0743E+00
   20.030  -1.1270E+00
   20.040  -1.1428E+00
   20.050  -1.1053E+00
   20.060  -9.4811E-01
   20.070  -5.8071E-01
   20.080  -1.0792E-03
   20.090   6.4871E-01
   20.100   1.1683E+00
   20.110   1.4348E+00
   20.120   1.4475E+00
   20.130   1.2573E+00
   20.140   9.3272E-01
   20.150   5.7279E-01
   20.160   2.9112E-01
   20.170   1.6984E-01
   20.180   2.1670E-01
   20.190   3.7578E-01
   20.200   5.7147E-01
   20.210   7.3594E-01
   20.220   8.0288E-01
   20.230   7.1650E-01
   20.240   4.8321E-01
   20.250   1.9881E-01
   20.260  -1.6347E-02
   20.270  -1.1654E-01
   20.280  -1.6652E-01
   20.290  -2.7163E-01
   20.300  -4.7674E-01
   20.310  -7.4246E-01
   20.320  -9.9945E-01
   20.330  -1.1977E+00
   20.340  -1.3063E+00
   20.350  -1.3084E+00
   20.360  -1.2072E+00
   20.370  -1.0404E+00
   20.380  -8.6492E-01
   20.390  -7.1743E-01
   20.400  -6.0027E-01
   20.410  -5.1102E-01
   20.420  -4.5828E-01
   20.430  -4.5870E-01
   20.440  -5.1538E-01
   20.450  -5.8536E-01
   20.460  -5.8397E-01
   20.470  -4.4928E-01
   20.480  -2.0208E-01
   20.490   7.6504E-02
   20.500   4.7441E-01
   20.510   7.1506E-01
   20.520   9.2136E-01
   20.530   1.0948E+00
   20.540   1.2532E+00
   20.550   1.4340E+00
   20.560   1.6513E+00
   20.570   1.8760E+00
   20.580   2.0786E+00
   20.590   2.2570E+00
   20.600   2.3878E+00
   20.610   2.3833E+00
   20.620   2.1519E+00
   20.630   1.7028E+00
   20.640   1.1580E+00
   20.650   6.5622E-01
   20.660   2.7413E-01
   20.670   3.1469E-02
   20.680  -7.6161E-02
   20.690  -8.3836E-02
   20.700  -7.5545E-02
   20.710  -1.5182E-01
   20.720  -3.5359E-01
   20.730  -6.1981E-01
   20.740  -8.3566E-01
   20.750  -9.3398E-01
   20.760  -9.4401E-01
   20.770  -9.3293E-01
   20.780  -9.1725E-01
   20.790  -8.6341E-01
   20.800  -7.7086E-01
   20.810  -7.0581E-01
   20.820  -7.2494E-01
   20.830  -7.9740E-01
   20.840  -8.3977E-01
   20.850  -8.1311E-01
   20.860  -7.5075E-01
   20.870  -7.0151E-01
   20.880  -6.8437E-01
   20.890  -7.0019E-01
   20.900  -7.5008E-01
   20.910  -8.2520E-01
   20.920  -8.9540E-01
   20.930  -9.2120E-01
   20.940  -2.5357E-01
   20.950  -8.2571E-02
   20.960   1.2430E-01
   20.970   2.8965E-01
   20.980   3.3993E-01
   20.990   2.5688E-01
   21.000   8.1456E-02
   21.010  -1.3160E-01
   21.020  -3.5161E-01
   21.030  -5.6663E-01
   21.040  -7.5831E-01
   21.050  -8.9343E-01
   21.060  -9.4131E-01
   21.070  -9.0580E-01
   21.080  -8.4624E-01
   21.090  -8.5338E-01
   21.100  -9.8048E-01
   21.110  -1.1936E+00
   21.120  -1.4033E+00
   21.130  -1.5454E+00
   21.140  -1.2614E+00
   21.150  -1.3199E+00
   21.160  -1.3377E+00
   21.170  -1.2823E+00
   21.180  -1.1258E+00
   21.190  -8.8289E-01
   21.200  -6.1154E-01
   21.210  -3.7685E-01
   21.220  -2.1180E-01
   21.230  -1.0822E-01
   21.240  -3.5693E-02
   21.250   3.9699E-02
   21.260   1.4964E-01
   21.270   3.1030E-01
   21.280   4.9997E-01
   21.290   6.6125E-01
   21.300   7.4041E-01
   21.310   7.1584E-01
   21.320   5.8326E-01
   21.330   3.3836E-01
   21.340   3.0209E-03
   21.350  -3.4707E-01
   21.360  -6.1683E-01
   21.370  -5.7721E-01
   21.380  -5.5466E-01
   21.390   8.2005E-02
   21.400   1.4194E-01
   21.410   1.6362E-01
   21.420   1.1729E-01
   21.430   1.6284E-01
   21.440   5.8610E-02
   21.450  -6.7491E-02
   21.460  -1.8976E-01
   21.470  -2.9989E-01
   21.480  -4.0989E-01
   21.490  -5.4765E-01
   21.500  -7.3207E-01
   21.510  -9.5135E-01
   21.520  -1.1527E+00
   21.530  -1.2027E+00
   21.540  -1.2315E+00
   21.550  -1.3528E+00
   21.560  -1.3486E+00
   21.570  -1.1614E+00
   21.580  -8.1328E-01
   21.590  -3.7785E-01
   21.600   7.2705E-02
   21.610   4.7509E-01
   21.620   7.6861E-01
   21.630   9.2960E-01
   21.640   1.0001E+00
   21.650   1.0356E+00
   21.660   1.0199E+00
   21.670   8.7416E-01
   21.680   5.6647E-01
   21.690   1.8598E-01
   21.700  -1.1584E-01
   21.710  -2.4719E-01
   21.720  -2.2953E-01
   21.730  -1.3972E-01
   21.740  -8.0401E-02
   21.750  -6.3285E-02
   21.760  -3.7711E-01
   21.770  -4.6394E-02
   21.780  -5.5065E-01
   21.790  -8.4160E-01
   21.800  -1.1731E+00
   21.810  -1.4843E+00
   21.820  -1.7415E+00
   21.830  -1.9051E+00
   21.840  -1.9034E+00
   21.850  -1.6721E+00
   21.860  -1.2257E+00
   21.870  -6.7003E-01
   21.880  -1.3684E-01
   21.890   2.9305E-01
   21.900   6.1373E-01
   21.910   8.7293E-01
   21.920   1.1383E+00
   21.930   9.9614E-01
   21.940   1.4766E+00
   21.950   1.3600E+00
   21.960   1.8170E+00
   21.970   2.2137E+00
   21.980   2.4874E+00
   21.990   2.5861E+00
   22.000   2.1737E+00
   22.010   1.9207E+00
   22.020   1.5690E+00
   22.030   1.2063E+00
   22.040   8.8366E-01
   22.050   5.9816E-01
   22.060   2.1921E-01
   22.070   6.7731E-02
   22.080   9.4512E-02
   22.090   3.2938E-01
   22.100   6.6418E-01
   22.110   9.1042E-01
   22.120   9.3525E-01
   22.130   7.1894E-01
   22.140   2.9359E-01
   22.150  -3.1626E-01
   22.160  -1.0608E+00
   22.170  -1.8126E+00
   22.180  -2.1648E+00
   22.190  -2.4012E+00
   22.200  -2.5665E+00
   22.210  -2.5200E+00
   22.220  -2.3278E+00
   22.230  -2.0727E+00
   22.240  -1.7719E+00
   22.250  -1.6620E+00
   22.260  -1.5332E+00
   22.270  -1.4216E+00
   22.280  -1.3037E+00
   22.290  -1.1766E+00
   22.300  -8.5578E-01
   22.310  -6.5460E-01
   22.320  -3.6063E-01
   22.330  -2.5887E-02
   22.340   3.5713E-01
   22.350   8.0124E-01
   22.360   1.2995E+00
   22.370   1.8053E+00
   22.380   2.2449E+00
   22.390   2.5533E+00
   22.400   2.7395E+00
   22.410   2.7791E+00
   22.420   2.7380E+00
   22.430   2.6324E+00
   22.440   2.3015E+00
   22.450   2.0104E+00
   22.460   1.5830E+00
   22.470   8.6955E-01
   22.480   1.3201E-01
   22.490  -6.3521E-01
   22.500  -1.2677E+00
   22.510  -1.4461E+00
   22.520  -1.5602E+00
   22.530  -1.4706E+00
   22.540  -1.3663E+00
   22.550  -1.3166E+00
   22.560  -1.3180E+00
   22.570  -1.3248E+00
   22.580  -1.4818E+00
   22.590  -1.3361E+00
   22.600  -1.0360E+00
   22.610  -7.3751E-01
   22.620  -4.9384E-01
   22.630   3.9939E-01
   22.640   3.5854E-01
   22.650   1.7815E-01
   22.660   1.3970E-01
   22.670   8.7466E-02
   22.680   3.0646E-01
   22.690   7.4939E-01
   22.700   1.3556E+00
   22.710   1.9815E+00
   22.720   2.4811E+00
   22.730   2.7896E+00
   22.740   2.8810E+00
   22.750   2.8046E+00
   22.760   2.6620E+00
   22.770   2.3457E+00
   22.780   1.9595E+00
   22.790   1.6030E+00
   22.800   1.3132E+00
   22.810   1.0367E+00
   22.820   7.2723E-01
   22.830   3.0050E-01
   22.840   7.8137E-02
   22.850  -6.0724E-02
   22.860  -8.9983E-02
   22.870  -1.0056E-01
   22.880  -1.2727E-01
   22.890  -1.9151E-01
   22.900  -3.4525E-01
   22.910  -6.5221E-01
   22.920  -1.2284E+00
   22.930  -1.7118E+00
   22.940  -2.1355E+00
   22.950  -2.3560E+00
   22.960  -2.3238E+00
   22.970  -2.2478E+00
   22.980  -1.8729E+00
   22.990  -1.3236E+00
   23.000  -6.5493E-01
   23.010   1.6886E-01
   23.020   4.0925E-01
   23.030   9.7969E-01
   23.040   1.3858E+00
   23.050   1.6413E+00
   23.060   1.8000E+00
   23.070   1.9351E+00
   23.080   2.1923E+00
   23.090   2.4343E+00
   23.100   2.6008E+00
   23.110   2.6524E+00
   23.120   2.2612E+00
   23.130   1.9666E+00
   23.140   1.4686E+00
   23.150   8.4349E-01
   23.160   2.3044E-01
   23.170  -2.4848E-01
   23.180  -4.6258E-01
   23.190  -6.5267E-01
   23.200  -8.2524E-01
   23.210  -1.3980E-01
   23.220  -3.8195E-01
   23.230  -7.8034E-01
   23.240  -1.1507E+00
   23.250  -1.4743E+00
   23.260  -1.6735E+00
   23.270  -1.7080E+00
   23.280  -1.6111E+00
   23.290  -1.4665E+00
   23.300  -1.2798E+00
   23.310  -1.1578E+00
   23.320  -1.0489E+00
   23.330  -9.8694E-01
   23.340  -9.4666E-01
   23.350  -8.9794E-01
   23.360  -7.4233E-01
   23.370  -4.4268E-01
   23.380  -2.7055E-01
   23.390   8.9030E-02
   23.400   3.9753E-01
   23.410   6.4121E-01
   23.420   5.7039E-01
   23.430   7.5633E-01
   23.440   8.5994E-01
   23.450   1.0997E+00
   23.460   1.0185E+00
   23.470   2.2929E+00
   23.480   2.7448E+00
   23.490   2.4010E+00
   23.500   2.6420E+00
   23.510   2.6767E+00
   23.520   2.5187E+00
   23.530   1.9574E+00
   23.540   1.4899E+00
   23.550   9.1219E-01
   23.560   2.0292E-01
   23.570  -5.4242E-01
   23.580  -1.2160E+00
   23.590  -1.9794E+00
   23.600  -1.7508E+00
   23.610  -2.1103E+00
   23.620  -2.2960E+00
   23.630  -1.5991E+00
   23.640  -1.5129E+00
   23.650  -1.3952E+00
   23.660  -1.3064E+00
   23.670  -1.2623E+00
   23.680  -1.3590E+00
   23.690  -1.5611E+00
   23.700  -1.8479E+00
   23.710  -2.1919E+00
   23.720  -2.5454E+00
   23.730  -2.8301E+00
   23.740  -2.9561E+00
   23.750  -2.8587E+00
   23.760  -2.5072E+00
   23.770  -1.8810E+00
   23.780  -1.1981E+00
   23.790  -5.3662E-01
   23.800   1.1197E-01
   23.810   4.1571E-01
   23.820   5.1165E-01
   23.830   4.9587E-01
   23.840   4.5627E-01
   23.850   4.1364E-01
   23.860   3.4865E-01
   23.870  -6.0894E-02
   23.880  -1.8168E-01
   23.890  -2.3223E-01
   23.900  -2.4348E-01
   23.910  -3.4979E-01
   23.920  -4.2068E-01
   23.930  -5.0601E-01
   23.940  -5.6199E-01
   23.950  -5.7280E-01
   23.960  -5.6330E-01
   23.970  -5.7535E-01
   23.980  -6.3433E-01
   23.990  -7.3951E-01
   24.000  -8.8531E-01
   24.010  -1.0821E+00
   24.020  -1.3440E+00
   24.030  -1.6583E+00
   24.040  -1.9784E+00
   24.050  -2.2495E+00
   24.060  -2.4335E+00
   24.070  -1.9398E+00
   24.080  -2.0065E+00
   24.090  -1.9826E+00
   24.100  -1.8485E+00
   24.110  -1.5643E+00
   24.120  -1.1496E+00
   24.130  -6.5738E-01
   24.140  -2.0931E-01
   24.150   8.5634E-02
   24.160   2.0475E-01
   24.170   1.6952E-01
   24.180   4.6325E-01
   24.190   4.0001E-01
   24.200  -6.4491E-02
   24.210  -3.5631E-01
   24.220  -3.5395E-01
   24.230  -7.9868E-02
   24.240   1.9035E-01
   24.250   5.3503E-01
   24.260   8.9055E-01
   24.270   1.5235E+00
   24.280   1.5528E+00
   24.290   1.9265E+00
   24.300   1.7803E+00
   24.310   1.5307E+00
   24.320   1.0884E+00
   24.330   8.8525E-01
   24.340   7.0396E-01
   24.350   5.3764E-01
   24.360   4.0477E-01
   24.370   3.5695E-01
   24.380   4.9091E-01
   24.390   5.1842E-01
   24.400   6.2634E-01
   24.410   7.2127E-01
   24.420   8.2309E-01
   24.430   9.6403E-01
   24.440   1.0465E+00
   24.450   1.0886E+00
   24.460   1.0461E+00
   24.470   1.0349E+00
   24.480   1.0025E+00
   24.490   9.7395E-01
   24.500   9.7847E-01
   24.510   1.0372E+00
   24.520   1.1342E+00
   24.530   1.2424E+00
   24.540   1.2359E+00
   24.550   1.4051E+00
   24.560   1.6794E+00
   24.570   2.0246E+00
   24.580   2.3535E+00
   24.590   2.5879E+00
   24.600   2.7008E+00
   24.610   2.7003E+00
   24.620   2.5863E+00
   24.630   2.3383E+00
   24.640   1.9455E+00
   24.650   1.4418E+00
   24.660   7.6990E-01
   24.670   3.3766E-01
   24.680   4.1634E-02
   24.690   2.7291E-02
   24.700   1.2274E-01
   24.710   3.7854E-01
   24.720   7.7347E-01
   24.730   1.2585E+00
   24.740   1.7363E+00
   24.750   2.1034E+00
   24.760   2.2997E+00
   24.770   2.3393E+00
   24.780   2.1940E+00
   24.790   1.9118E+00
   24.800   1.4962E+00
   24.810   1.0387E+00
   24.820   6.2745E-01
   24.830   1.6727E-01
   24.840  -2.1172E-02
   24.850  -7.9528E-02
   24.860  -4.2505E-02
   24.870   3.2808E-02
   24.880   1.1235E-01
   24.890   2.1583E-01
   24.900   3.8582E-01
   24.910   5.5961E-01
   24.920   8.0127E-01
   24.930   9.8454E-01
   24.940   1.0551E+00
   24.950   9.4778E-01
   24.960   7.9079E-01
   24.970   6.0551E-01
   24.980   4.8290E-01
   24.990   3.5891E-01
   25.000   3.1904E-01
   25.010   3.0377E-01
   25.020  -5.4865E-02
   25.030  -1.6667E-01
   25.040  -1.9910E-01
   25.050  -2.1355E-01
   25.060  -2.3290E-01
   25.070  -2.6853E-01
   25.080  -3.2795E-01
   25.090  -4.4823E-01
   25.100  -6.7747E-01
   25.110  -1.0451E+00
   25.120  -1.4601E+00
   25.130  -1.8510E+00
   25.140  -1.8267E+00
   25.150  -2.0982E+00
   25.160  -2.1704E+00
   25.170  -2.1385E+00
   25.180  -1.9738E+00
   25.190  -1.7612E+00
   25.200  -1.3880E+00
   25.210  -1.3803E+00
   25.220  -1.2848E+00
   25.230  -1.2318E+00
   25.240  -1.2742E+00
   25.250  -1.2414E+00
   25.260  -1.1311E+00
   25.270  -1.1061E+00
   25.280  -1.0856E+00
   25.290  -1.0668E+00
   25.300  -1.0473E+00
   25.310  -1.0310E+00
   25.320  -1.0196E+00
   25.330  -1.0537E+00
   25.340  -1.0132E+00
   25.350  -9.4601E-01
   25.360  -1.1250E+00
   25.370  -9.8461E-01
   25.380  -9.8011E-01
   25.390  -9.2325E-01
   25.400  -8.1879E-01
   25.410  -6.7287E-01
   25.420  -2.2578E-01
   25.430  -7.4020E-03
   25.440   1.7012E-01
   25.450   7.1692E-01
   25.460   7.1599E-01
   25.470   6.4938E-01
   25.480   5.2498E-01
   25.490   3.4628E-01
   25.500   1.2871E-01
   25.510  -1.0535E-01
   25.520  -3.6519E-01
   25.530  -5.8252E-01
   25.540  -7.4435E-01
   25.550  -7.9827E-01
   25.560  -7.1450E-01
   25.570  -5.1015E-01
   25.580  -2.3826E-01
   25.590   3.8786E-02
   25.600   2.3674E-01
   25.610   3.4982E-01
   25.620   3.8467E-01
   25.630   3.6447E-01
   25.640   3.2466E-01
   25.650   3.0225E-01
   25.660   3.2441E-01
   25.670   1.5508E-01
   25.680   1.4491E-01
   25.690   2.2036E-01
   25.700   2.3484E-01
   25.710   2.7639E-01
   25.720   3.4005E-01
   25.730   4.0460E-01
   25.740   4.6353E-01
   25.750   5.3985E-01
   25.760   6.6251E-01
   25.770   8.2857E-01
   25.780   9.9269E-01
   25.790   1.0969E+00
   25.800   1.1131E+00
   25.810   1.0580E+00
   25.820   9.3845E-01
   25.830   8.2781E-01
   25.840   7.7830E-01
   25.850   6.0860E-01
   25.860   4.3279E-01
   25.870   2.8279E-01
   25.880   1.7505E-01
   25.890   1.0287E-01
   25.900   8.6778E-02
   25.910   1.0490E-01
   25.920   1.3514E-01
   25.930   1.4933E-01
   25.940   1.3157E-01
   25.950   8.0350E-02
   25.960  -1.7360E-02
   25.970  -1.0658E-01
   25.980  -1.6805E-01
   25.990  -1.5798E-01
   26.000  -6.3860E-02
   26.010  -3.3153E-01
   26.020  -1.8831E-01
   26.030  -7.0247E-03
   26.040   1.2776E-01
   26.050   2.4325E-01
   26.060   3.9160E-01
   26.070   5.4423E-01
   26.080   7.0205E-01
   26.090   8.5168E-01
   26.100   9.7382E-01
   26.110   1.0602E+00
   26.120   1.1139E+00
   26.130   1.1340E+00
   26.140   1.1104E+00
   26.150   1.0361E+00
   26.160   9.1943E-01
   26.170   7.7636E-01
   26.180   6.1638E-01
   26.190   1.7413E-01
   26.200   3.3150E-02
   26.210  -6.0602E-02
   26.220  -1.3934E-01
   26.230  -2.0643E-01
   26.240  -2.7436E-01
   26.250  -3.5467E-01
   26.260  -4.5730E-01
   26.270  -5.9086E-01
   26.280  -7.5755E-01
   26.290  -9.3082E-01
   26.300  -1.1377E+00
   26.310  -1.3397E+00
   26.320  -1.5298E+00
   26.330  -1.6912E+00
   26.340  -1.7878E+00
   26.350  -1.8040E+00
   26.360  -1.6704E+00
   26.370  -1.4266E+00
   26.380  -1.1210E+00
   26.390  -7.9467E-01
   26.400  -4.8737E-01
   26.410  -2.8663E-01
   26.420  -6.1737E-02
   26.430   1.2281E-01
   26.440   2.7714E-01
   26.450   3.8696E-01
   26.460   4.6788E-01
   26.470   5.2862E-01
   26.480   5.8961E-01
   26.490   6.6408E-01
   26.500   7.8753E-01
   26.510   8.8129E-01
   26.520   9.4172E-01
   26.530   9.6576E-01
   26.540   8.8857E-01
   26.550   8.0302E-01
   26.560   7.2731E-01
   26.570   6.6438E-01
   26.580   6.0411E-01
   26.590   5.3883E-01
   26.600   4.5845E-01
   26.610   2.2118E-01
   26.620   8.3665E-02
   26.630  -7.3256E-02
   26.640  -2.3771E-01
   26.650  -3.8720E-01
   26.660  -9.7704E-02
   26.670  -1.2885E-01
   26.680  -1.0193E-01
   26.690  -2.2681E-02
   26.700   1.2472E-01
   26.710   2.5113E-01
   26.720   3.6413E-01
   26.730   4.5541E-01
   26.740   5.3076E-01
   26.750   5.1982E-01
   26.760   5.8201E-01
   26.770   5.7843E-01
   26.780   5.2063E-01
   26.790   4.3833E-01
   26.800   3.5387E-01
   26.810   2.8108E-01
   26.820   2.3981E-01
   26.830   2.5183E-01
   26.840   3.1904E-01
   26.850   4.1961E-01
   26.860   5.2604E-01
   26.870   6.2257E-01
   26.880   6.6891E-01
   26.890   7.0085E-01
   26.900   6.7004E-01
   26.910   5.8141E-01
   26.920   4.5359E-01
   26.930   4.8659E-01
   26.940   3.1474E-01
   26.950   1.6108E-01
   26.960   5.7673E-02
   26.970   1.4600E-02
   26.980   1.4996E-02
   26.990  -8.2646E-02
   27.000   2.0110E-01
   27.010   2.2787E-01
   27.020   2.1554E-01
   27.030   1.7121E-01
   27.040   1.1036E-01
   27.050   5.0779E-02
   27.060   6.2970E-02
   27.070   4.7140E-02
   27.080   4.8964E-02
   27.090   8.4686E-02
   27.100   1.0935E-01
   27.110   1.1868E-01
   27.120   9.2992E-02
   27.130   2.5809E-02
   27.140  -6.5989E-02
   27.150  -1.4864E-01
   27.160  -1.9134E-01
   27.170  -1.8737E-01
   27.180  -1.2735E-01
   27.190  -4.8977E-02
   27.200   2.5374E-02
   27.210   9.3745E-02
   27.220   1.1054E-01
   27.230   1.1001E-01
   27.240   4.9039E-02
   27.250  -2.6494E-02
   27.260  -1.0530E-01
   27.270  -1.7752E-01
   27.280  -2.4564E-01
   27.290  -2.9469E-01
   27.300  -3.4569E-01
   27.310  -3.7113E-01
   27.320  -3.6451E-01
   27.330  -3.2613E-01
   27.340  -2.5573E-01
   27.350  -1.5598E-01
   27.360  -4.5813E-02
   27.370   4.0820E-02
   27.380   7.7573E-02
   27.390   5.6733E-02
   27.400   2.2484E-01
   27.410   1.4018E-01
   27.420   1.0372E-01
   27.430   8.7042E-02
   27.440   9.5391E-02
   27.450   1.2676E-01
   27.460   1.7205E-01
   27.470   2.1433E-01
   27.480   2.4594E-01
   27.490   2.5589E-01
   27.500   2.3149E-01
   27.510   1.6538E-01
   27.520   4.6304E-02
   27.530  -4.4404E-02
   27.540  -1.5884E-01
   27.550  -2.5109E-01
   27.560  -3.1397E-01
   27.570  -3.7664E-01
   27.580  -3.9272E-01
   27.590  -3.9539E-01
   27.600  -3.9444E-01
   27.610  -3.9862E-01
   27.620  -3.9608E-01
   27.630  -2.4974E-01
   27.640  -2.6782E-01
   27.650  -2.5128E-01
   27.660  -1.9916E-01
   27.670  -9.7963E-02
   27.680  -4.6858E-03
   27.690   8.3752E-02
   27.700   1.4756E-01
   27.710   1.7603E-01
   27.720   1.7463E-01
   27.730   1.5922E-01
   27.740   1.4287E-01
   27.750   1.2930E-01
   27.760   1.1641E-01
   27.770   1.0252E-01
   27.780   8.7382E-02
   27.790   6.9478E-02
   27.800   4.5688E-02
   27.810   1.5347E-02
   27.820  -1.7313E-02
   27.830  -4.3211E-02
   27.840  -7.3543E-02
   27.850  -1.0975E-01
   27.860  -1.6023E-01
   27.870  -2.1767E-01
   27.880  -2.6932E-01
   27.890  -3.0607E-01
   27.900  -3.2035E-01
   27.910  -3.1285E-01
   27.920  -2.2759E-01
   27.930  -1.8441E-01
   27.940  -1.4021E-01
   27.950  -1.0332E-01
   27.960  -7.5992E-02
   27.970  -5.7305E-02
   27.980  -4.7047E-02
   27.990  -4.4918E-02
   28.000  -4.8006E-02
   28.010  -5.2454E-02
   28.020  -5.3479E-02
   28.030  -5.0491E-02
   28.040  -4.1646E-02
   28.050  -2.3123E-02
   28.060  -3.2327E-02
   28.070   4.1010E-02
   28.080   6.9726E-02
   28.090   8.0621E-02
   28.100   6.7829E-02
   28.110   3.8772E-02
   28.120   9.7623E-03
   28.130  -5.1822E-03
   28.140  -2.0439E-03
   28.150   1.4372E-02
   28.160   3.8584E-02
   28.170   5.4847E-02
   28.180   5.8930E-02
   28.190   4.4534E-02
   28.200   8.1679E-03
   28.210  -5.0423E-02
   28.220  -1.2710E-01
   28.230  -2.1082E-01
   28.240  -2.8370E-01
   28.250  -3.2741E-01
   28.260  -3.3301E-01
   28.270  -3.0616E-01
   28.280  -2.6138E-01
   28.290  -2.1924E-01
   28.300  -1.8683E-01
   28.310  -1.4247E-01
   28.320  -1.2656E-01
   28.330  -1.0769E-01
   28.340  -8.3911E-02
   28.350  -5.5488E-02
   28.360  -2.5811E-02
   28.370   1.9868E-04
   28.380   1.9802E-02
   28.390   3.4588E-02
   28.400   4.8248E-02
   28.410   6.3129E-02
   28.420   8.0332E-02
   28.430   1.0259E-01
   28.440   1.3407E-01
   28.450   1.7582E-01
   28.460   2.2268E-01
   28.470   1.8148E-01
   28.480   2.1100E-01
   28.490   2.2985E-01
   28.500   2.3438E-01
   28.510   2.2314E-01
   28.520   1.5926E-01
   28.530   1.2961E-01
   28.540   9.7203E-02
   28.550   6.5503E-02
   28.560   3.7755E-02
   28.570   1.7681E-02
   28.580   1.1224E-03
   28.590  -1.1938E-02
   28.600  -2.2861E-02
   28.610  -3.1497E-02
   28.620  -3.7846E-02
   28.630  -3.0707E-02
   28.640  -1.5360E-02
   28.650   1.1115E-02
   28.660   4.5965E-02
   28.670   8.4294E-02
   28.680   1.2181E-01
   28.690   1.5476E-01
   28.700   1.7882E-01
   28.710   1.9137E-01
   28.720   1.9544E-01
   28.730   1.9896E-01
   28.740   2.0843E-01
   28.750   2.2431E-01
   28.760   2.4286E-01
   28.770   2.6024E-01
   28.780   2.7296E-01
   28.790   2.7666E-01
   28.800   2.6798E-01
   28.810   2.4848E-01
   28.820   2.2465E-01
   28.830   2.0849E-01
   28.840   1.7703E-01
   28.850   1.4991E-01
   28.860   1.2694E-01
   28.870   1.0695E-01
   28.880   8.6505E-02
   28.890   6.8959E-02
   28.900   3.7096E-02
   28.910  -3.2908E-03
   28.920  -6.3489E-03
   28.930  -2.9699E-02
   28.940  -4.6714E-02
   28.950  -5.8482E-02
   28.960  -6.4552E-02
   28.970  -6.7946E-02
   28.980  -6.7646E-02
   28.990  -6.6865E-02
   29.000  -6.8515E-02
   29.010  -7.2415E-02
   29.020  -7.5091E-02
   29.030  -7.2656E-02
   29.040  -6.3999E-02
   29.050  -6.7841E-02
   29.060  -2.5021E-02
   29.070  -1.0457E-02
   29.080   1.8877E-03
   29.090   1.2007E-02
   29.100   2.0022E-02
   29.110   2.8855E-02
   29.120   3.5140E-02
   29.130   4.3468E-02
   29.140   5.7014E-02
   29.150   7.5121E-02
   29.160   9.4682E-02
   29.170   1.1140E-01
   29.180   1.2153E-01
   29.190   1.2316E-01
   29.200   1.1683E-01
   29.210   1.0541E-01
   29.220   9.3045E-02
   29.230   8.3257E-02
   29.240   7.7580E-02
   29.250   7.5679E-02
   29.260   7.6047E-02
   29.270   7.5892E-02
   29.280   7.1165E-02
   29.290   5.8543E-02
   29.300   3.8292E-02
   29.310   1.4485E-02
   29.320  -8.0108E-03
   29.330  -2.8232E-02
   29.340  -4.1087E-02
   29.350  -4.7377E-02
   29.360  -4.7029E-02
   29.370  -4.1740E-02
   29.380  -3.4510E-02
   29.390  -2.8133E-02
   29.400  -2.4561E-02
   29.410  -2.5005E-02
   29.420  -2.9435E-02
   29.430  -3.5229E-02
   29.440  -3.9145E-02
   29.450  -1.7662E-03
   29.460  -4.9979E-03
   29.470  -7.9213E-03
   29.480  -1.0496E-02
   29.490  -1.2270E-02
   29.500  -1.3023E-02
   29.510  -1.3686E-02
   29.520  -1.5990E-02
   29.530  -2.0876E-02
   29.540  -2.7505E-02
   29.550  -3.4013E-02
   29.560  -3.9041E-02
   29.570  -4.2301E-02
   29.580  -4.3981E-02
   29.590  -4.4114E-02
   29.600  -4.2639E-02
   29.610  -3.9696E-02
   29.620  -3.5105E-02
   29.630  -3.0923E-02
   29.640  -2.6949E-02
   29.650  -2.3569E-02
   29.660  -2.0783E-02
   29.670  -1.8665E-02
   29.680  -1.8012E-02
   29.690  -2.0046E-02
   29.700  -2.4989E-02
   29.710  -3.1003E-02
   29.720  -3.4783E-02
   29.730  -3.3304E-02
   29.740  -2.5267E-02
   29.750  -1.1558E-02
   29.760   5.1150E-03
   29.770   2.1171E-02
   29.780   3.3379E-02
   29.790   3.9688E-02
   29.800   3.9460E-02
   29.810   3.3640E-02
   29.820   2.5773E-02
   29.830   1.7835E-02
   29.840   8.1071E-03
   29.850   5.0386E-03
   29.860   1.2595E-02
   29.870   1.0095E-02
   29.880   6.7541E-03
   29.890   3.3190E-03
   29.900  -1.4160E-04
   29.910  -3.6695E-03
   29.920  -6.9110E-03
   29.930  -9.2940E-03
   29.940  -1.0499E-02
   29.950  -1.0354E-02
   29.960  -8.5241E-03
   29.970  -4.9444E-03
   29.980  -6.5083E-04
   29.990   2.3573E-03
   30.000  -7.1536E-03
   30.010  -6.2405E-03
   30.020  -5.1606E-03
   30.030  -4.2688E-03
   30.040  -3.8362E-03
   30.050  -3.9159E-03
   30.060  -4.3263E-03
   30.070  -4.8508E-03
   30.080  -4.4849E-03
   30.090  -3.8986E-03
   30.100  -3.5159E-03
   30.110  -3.6199E-03
   30.120  -4.2319E-03
   30.130  -5.1969E-03
   30.140  -5.4022E-03
   30.150  -6.4682E-03
   30.160  -7.3199E-03
   30.170  -7.6987E-03
   30.180  -7.4131E-03
   30.190  -6.4012E-03
   30.200  -4.7308E-03
   30.210  -3.7275E-04
   30.220   1.3559E-04
   30.230   7.4392E-04
   30.240   1.2904E-03
   30.250   1.6138E-03
   30.260   1.6484E-03
   30.270   1.4226E-03
   30.280   9.8447E-04
   30.290   3.6844E-04
   30.300  -3.6141E-04
   30.310  -1.0838E-03
   30.320  -1.6752E-03
   30.330  -2.0821E-03
   30.340  -2.3221E-03
   30.350  -2.4383E-03
   30.360  -2.4827E-03
   30.370  -2.5270E-03
   30.380  -2.6449E-03
   30.390  -2.8761E-03
   30.400  -3.2254E-03
   30.410  -3.6808E-03
   30.420  -4.1913E-03
   30.430  -4.6282E-03
   30.440   6.1227E-06
   30.450   2.7236E-05
   30.460   1.4906E-04
   30.470   3.2972E-04
   30.480   5.2577E-04
   30.490   6.9591E-04
   30.500   7.9069E-04
   30.510   7.7592E-04
   30.520   6.7008E-04
   30.530   5.3611E-04
   30.540   4.2940E-04
   30.550   3.7194E-04
   30.560   3.7495E-04
   30.570   4.5494E-04
   30.580   6.0651E-04
   30.590   7.7883E-04
   30.600   9.0115E-04
   30.610   9.2973E-04
   30.620   8.6192E-04
   30.630   7.2071E-04
   30.640   5.4186E-04
   30.650   3.6596E-04
   30.660   2.1892E-04
   30.670   9.7892E-05
   30.680  -1.2685E-05
   30.690  -1.1076E-04
   30.700  -1.7283E-04
   30.710  -1.7540E-04
   30.720  -1.0836E-04
   30.730   3.1833E-05
   30.740   2.4439E-04
   30.750   5.1314E-04
   30.760   8.0136E-04
   30.770   1.0663E-03
   30.780   1.2752E-03
   30.790   1.4054E-03
   30.800   1.4384E-03
   30.810   1.3672E-03
   30.820   1.2142E-03
   30.830   1.0345E-03
   30.840   8.8807E-04
   30.850   8.0030E-04
   30.860   7.5073E-04
   30.870   7.0380E-04
   30.880   6.4327E-04
   30.890   5.7064E-04
   30.900   4.8074E-04
   30.910   3.6227E-04
   30.920   2.2485E-04
   30.930   1.0586E-04
   30.940   3.4397E-05
   30.950  -2.3718E-06
   30.960  -4.8968E-05
   30.970  -1.4547E-04
   30.980  -3.0999E-04
   30.990  -5.4300E-04
   31.000  -8.3335E-04
   31.010  -1.1608E-03
   31.020  -1.5013E-03
   31.030  -1.8245E-03
   31.040  -2.0854E-03
   31.050  -2.2396E-03
   31.060  -2.2872E-03
   31.070  -2.2895E-03
   31.080  -2.3171E-03
   31.090  -2.3794E-03
   31.100  -2.4259E-03
   31.110  -2.4129E-03
   31.120  -2.3471E-03
   31.130  -2.2587E-03
   31.140  -2.1611E-03
   31.150  -2.0490E-03
   31.160  -1.9193E-03
   31.170  -1.7730E-03
   31.180  -1.6037E-03
   31.190  -1.3985E-03
   31.200  -1.1477E-03
   31.210  -8.4545E-04
   31.220  -4.9017E-04
   31.230  -9.4367E-05
   31.240   3.0697E-04
   31.250   6.6969E-04
   31.260   9.6031E-04
   31.270   1.1586E-03
   31.280   1.2482E-03
   31.290   1.2220E-03
   31.300   1.0996E-03
   31.310   9.2784E-04
   31.320   7.5334E-04
   31.330   5.9770E-04
   31.340   4.6364E-04
   31.350   3.6022E-04
   31.360   0.0000E+00
   31.370   0.0000E+00
   31.380   0.0000E+00
   31.390   0.0000E+00
   31.400   0.0000E+00
   31.410   0.0000E+00
   31.420   0.0000E+00
   31.430   0.0000E+00
   31.440   0.0000E+00
   31.450   0.0000E+00
   31.460   0.0000E+00
   31.470   0.0000E+00
   31.480   0.0000E+00
   31.490   0.0000E+00
   31.500   0.0000E+00
   31.510   0.0000E+00
   31.520   0.0000E+00
   31.530   0.0000E+00
   31.540   0.0000E+00
   31.550   0.0000E+00
   31.560   0.0000E+00
   31.570   0.0000E+00
   31.580   0.0000E+00
   31.590   0.0000E+00
   31.600   0.0000E+00
   31.610   0.0000E+00
   31.620   0.0000E+00
   31.630   0.0000E+00
   31.640   0.0000E+00
   31.650   0.0000E+00
   31.660   0.0000E+00
   31.670   0.0000E+00
   31.680   0.0000E+00
   31.690   0.0000E+00
   31.700   0.0000E+00
   31.710   0.0000E+00
   31.720   0.0000E+00
   31.730   0.0000E+00
   31.740   0.0000E+00
   31.750   0.0000E+00
   31.760   0.0000E+00
   31.770   0.0000E+00
   31.780   0.0000E+00
   31.790   0.0000E+00
   31.800   0.0000E+00
   31.810   0.0000E+00
   31.820   0.0000E+00
   31.830   0.0000E+00
   31.840   0.0000E+00
   31.850   0.0000E+00
   31.860   0.0000E+00
   31.870   0.0000E+00
   31.880   0.0000E+00
   31.890   0.0000E+00
   31.900   0.0000E+00
   31.910   0.0000E+00
   31.920   0.0000E+00
   31.930   0.0000E+00
   31.940   0.0000E+00
   31.950   0.0000E+00
   31.960   0.0000E+00
   31.970   0.0000E+00
   31.980   0.0000E+00
   31.990   0.0000E+00
   32.000   0.0000E+00
   32.010   0.0000E+00
   32.020   0.0000E+00
   32.030   0.0000E+00
   32.040   0.0000E+00
   32.050   0.0000E+00
   32.060   0.0000E+00
   32.070   0.0000E+00
   32.080   0.0000E+00
   32.090   0.0000E+00
   32.100   0.0000E+00
   32.110   0.0000E+00
   32.120   0.0000E+00
   32.130   0.0000E+00
   32.140   0.0000E+00
   32.150   0.0000E+00
   32.160   0.0000E+00
   32.170   0.0000E+00
   32.180   0.0000E+00
   32.190   0.0000E+00
   32.200   0.0000E+00
   32.210   0.0000E+00
   32.220   0.0000E+00
   32.230   0.0000E+00
   32.240   0.0000E+00
   32.250   0.0000E+00
   32.260   0.0000E+00
   32.270   0.0000E+00
   32.280   0.0000E+00
   32.290   0.0000E+00
   32.300   0.0000E+00
   32.310   0.0000E+00
   32.320   0.0000E+00
   32.330   0.0000E+00
   32.340   0.0000E+00
   32.350   0.0000E+00
   32.360   0.0000E+00
   32.370   0.0000E+00
   32.380   0.0000E+00
   32.390   0.0000E+00
   32.400   0.0000E+00
   32.410   0.0000E+00
   32.420   0.0000E+00
   32.430   0.0000E+00
   32.440   0.0000E+00
   32.450   0.0000E+00
   32.460   0.0000E+00
   32.470   0.0000E+00
   32.480   0.0000E+00
   32.490   0.0000E+00
   32.500   0.0000E+00
   32.510   0.0000E+00
   32.520   0.0000E+00
   32.530   0.0000E+00
   32.540   0.0000E+00
   32.550   0.0000E+00
   32.560   0.0000E+00
   32.570   0.0000E+00
   32.580   0.0000E+00
   32.590   0.0000E+00
   32.600   0.0000E+00
   32.610   0.0000E+00
   32.620   0.0000E+00
   32.630   0.0000E+00
   32.640   0.0000E+00
   32.650   0.0000E+00
   32.660   0.0000E+00
   32.670   0.0000E+00
   32.680   0.0000E+00
   32.690   0.0000E+00
   32.700   0.0000E+00
   32.710   0.0000E+00
   32.720   0.0000E+00
   32.730   0.0000E+00
   32.740   0.0000E+00
   32.750   0.0000E+00
   32.760   0.0000E+00
   32.770   0.0000E+00
   32.780   0.0000E+00
   32.790   0.0000E+00
   32.800   0.0000E+00
   32.810   0.0000E+00
   32.820   0.0000E+00
   32.830   0.0000E+00
   32.840   0.0000E+00
   32.850   0.0000E+00
   32.860   0.0000E+00
   32.870   0.0000E+00
   32.880   0.0000E+00
   32.890   0.0000E+00
   32.900   0.0000E+00
   32.910   0.0000E+00
   32.920   0.0000E+00
   32.930   0.0000E+00
   32.940   0.0000E+00
   32.950   0.0000E+00
   32.960   0.0000E+00
   32.970   0.0000E+00
   32.980   0.0000E+00
   32.990   0.0000E+00
   33.000   0.0000E+00
   33.010   0.0000E+00
   33.020   0.0000E+00
   33.030   0.0000E+00
   33.040   0.0000E+00
   33.050   0.0000E+00
   33.060   0.0000E+00
   33.070   0.0000E+00
   33.080   0.0000E+00
   33.090   0.0000E+00
   33.100   0.0000E+00
   33.110   0.0000E+00
   33.120   0.0000E+00
   33.130   0.0000E+00
   33.140   0.0000E+00
   33.150   0.0000E+00
   33.160   0.0000E+00
   33.170   0.0000E+00
   33.180   0.0000E+00
   33.190   0.0000E+00
   33.200   0.0000E+00
   33.210   0.0000E+00
   33.220   0.0000E+00
   33.230   0.0000E+00
   33.240   0.0000E+00
   33.250   0.0000E+00
   33.260   0.0000E+00
   33.270   0.0000E+00
   33.280   0.0000E+00
   33.290   0.0000E+00
   33.300   0.0000E+00
   33.310   0.0000E+00
   33.320   0.0000E+00
   33.330   0.0000E+00
   33.340   0.0000E+00
   33.350   0.0000E+00
   33.360   0.0000E+00
   33.370   0.0000E+00
   33.380   0.0000E+00
   33.390   0.0000E+00
   33.400   0.0000E+00
   33.410   0.0000E+00
   33.420   0.0000E+00
   33.430   0.0000E+00
   33.440   0.0000E+00
   33.450   0.0000E+00
   33.460   0.0000E+00
   33.470   0.0000E+00
   33.480   0.0000E+00
   33.490   0.0000E+00
   33.500   0.0000E+00
   33.510   0.0000E+00
   33.520   0.0000E+00
   33.530   0.0000E+00
   33.540   0.0000E+00
   33.550   0.0000E+00
   33.560   0.0000E+00
   33.570   0.0000E+00
   33.580   0.0000E+00
   33.590   0.0000E+00
   33.600   0.0000E+00
   33.610   0.0000E+00
   33.620   0.0000E+00
   33.630   0.0000E+00
   33.640   0.0000E+00
   33.650   0.0000E+00
   33.660   0.0000E+00
   33.670   0.0000E+00
   33.680   0.0000E+00
   33.690   0.0000E+00
   33.700   0.0000E+00
   33.710   0.0000E+00
   33.720   0.0000E+00
   33.730   0.0000E+00
   33.740   0.0000E+00
   33.750   0.0000E+00
   33.760   0.0000E+00
   33.770   0.0000E+00
   33.780   0.0000E+00
   33.790   0.0000E+00
   33.800   0.0000E+00
   33.810   0.0000E+00
   33.820   0.0000E+00
   33.830   0.0000E+00
   33.840   0.0000E+00
   33.850   0.0000E+00
   33.860   0.0000E+00
   33.870   0.0000E+00
   33.880   0.0000E+00
   33.890   0.0000E+00
   33.900   0.0000E+00
   33.910   0.0000E+00
   33.920   0.0000E+00
   33.930   0.0000E+00
   33.940   0.0000E+00
   33.950   0.0000E+00
   33.960   0.0000E+00
   33.970   0.0000E+00
   33.980   0.0000E+00
   33.990   0.0000E+00
   34.000   0.0000E+00
   34.010   0.0000E+00
   34.020   0.0000E+00
   34.030   0.0000E+00
   34.040   0.0000E+00
   34.050   0.0000E+00
   34.060   0.0000E+00
   34.070   0.0000E+00
   34.080   0.0000E+00
   34.090   0.0000E+00
   34.100   0.0000E+00
   34.110   0.0000E+00
   34.120   0.0000E+00
   34.130   0.0000E+00
   34.140   0.0000E+00
   34.150   0.0000E+00
   34.160   0.0000E+00
   34.170   0.0000E+00
   34.180   0.0000E+00
   34.190   0.0000E+00
   34.200   0.0000E+00
   34.210   0.0000E+00
   34.220   0.0000E+00
   34.230   0.0000E+00
   34.240   0.0000E+00
   34.250   0.0000E+00
   34.260   0.0000E+00
   34.270   0.0000E+00
   34.280   0.0000E+00
   34.290   0.0000E+00
   34.300   0.0000E+00
   34.310   0.0000E+00
   34.320   0.0000E+00
   34.330   0.0000E+00
   34.340   0.0000E+00
   34.350   0.0000E+00
   34.360   0.0000E+00
   34.370   0.0000E+00
   34.380   0.0000E+00
   34.390   0.0000E+00
   34.400   0.0000E+00
   34.410   0.0000E+00
   34.420   0.0000E+00
   34.430   0.0000E+00
   34.440   0.0000E+00
   34.450   0.0000E+00
   34.460   0.0000E+00
   34.470   0.0000E+00
   34.480   0.0000E+00
   34.490   0.0000E+00
   34.500   0.0000E+00
   34.510   0.0000E+00
   34.520   0.0000E+00
   34.530   0.0000E+00
   34.540   0.0000E+00
   34.550   0.0000E+00
   34.560   0.0000E+00
   34.570   0.0000E+00
   34.580   0.0000E+00
   34.590   0.0000E+00
   34.600   0.0000E+00
   34.610   0.0000E+00
   34.620   0.0000E+00
   34.630   0.0000E+00
   34.640   0.0000E+00
   34.650   0.0000E+00
   34.660   0.0000E+00
   34.670   0.0000E+00
   34.680   0.0000E+00
   34.690   0.0000E+00
   34.700   0.0000E+00
   34.710   0.0000E+00
   34.720   0.0000E+00
   34.730   0.0000E+00
   34.740   0.0000E+00
   34.750   0.0000E+00
   34.760   0.0000E+00
   34.770   0.0000E+00
   34.780   0.0000E+00
   34.790   0.0000E+00
   34.800   0.0000E+00
   34.810   0.0000E+00
   34.820   0.0000E+00
   34.830   0.0000E+00
   34.840   0.0000E+00
   34.850   0.0000E+00
   34.860   0.0000E+00
   34.870   0.0000E+00
   34.880   0.0000E+00
   34.890   0.0000E+00
   34.900   0.0000E+00
   34.910   0.0000E+00
   34.920   0.0000E+00
   34.930   0.0000E+00
   34.940   0.0000E+00
   34.950   0.0000E+00
   34.960   0.0000E+00
   34.970   0.0000E+00
   34.980   0.0000E+00
   34.990   0.0000E+00
   35.000   0.0000E+00
   35.010   0.0000E+00
   35.020   0.0000E+00
   35.030   0.0000E+00
   35.040   0.0000E+00
   35.050   0.0000E+00
   35.060   0.0000E+00
   35.070   0.0000E+00
   35.080   0.0000E+00
   35.090   0.0000E+00
   35.100   0.0000E+00
   35.110   0.0000E+00
   35.120   0.0000E+00
   35.130   0.0000E+00
   35.140   0.0000E+00
   35.150   0.0000E+00
   35.160   0.0000E+00
   35.170   0.0000E+00
   35.180   0.0000E+00
   35.190   0.0000E+00
   35.200   0.0000E+00
   35.210   0.0000E+00
   35.220   0.0000E+00
   35.230   0.0000E+00
   35.240   0.0000E+00
   35.250   0.0000E+00
   35.260   0.0000E+00
   35.270   0.0000E+00
   35.280   0.0000E+00
   35.290   0.0000E+00
   35.300   0.0000E+00
   35.310   0.0000E+00
   35.320   0.0000E+00
   35.330   0.0000E+00
   35.340   0.0000E+00
   35.350   0.0000E+00
   35.360   0.0000E+00
   35.370   0.0000E+00
   35.380   0.0000E+00
   35.390   0.0000E+00
   35.400   0.0000E+00
   35.410   0.0000E+00
   35.420   0.0000E+00
   35.430   0.0000E+00
   35.440   0.0000E+00
   35.450   0.0000E+00
   35.460   0.0000E+00
   35.470   0.0000E+00
   35.480   0.0000E+00
   35.490   0.0000E+00
   35.500   0.0000E+00
   35.510   0.0000E+00
   35.520   0.0000E+00
   35.530   0.0000E+00
   35.540   0.0000E+00
   35.550   0.0000E+00
   35.560   0.0000E+00
   35.570   0.0000E+00
   35.580   0.0000E+00
   35.590   0.0000E+00
   35.600   0.0000E+00
   35.610   0.0000E+00
   35.620   0.0000E+00
   35.630   0.0000E+00
   35.640   0.0000E+00
   35.650   0.0000E+00
   35.660   0.0000E+00
   35.670   0.0000E+00
   35.680   0.0000E+00
   35.690   0.0000E+00
   35.700   0.0000E+00
   35.710   0.0000E+00
   35.720   0.0000E+00
   35.730   0.0000E+00
   35.740   0.0000E+00
   35.750   0.0000E+00
   35.760   0.0000E+00
   35.770   0.0000E+00
   35.780   0.0000E+00
   35.790   0.0000E+00
   35.800   0.0000E+00
   35.810   0.0000E+00
   35.820   0.0000E+00
   35.830   0.0000E+00
   35.840   0.0000E+00
   35.850   0.0000E+00
   35.860   0.0000E+00
   35.870   0.0000E+00
   35.880   0.0000E+00
   35.890   0.0000E+00
   35.900   0.0000E+00
   35.910   0.0000E+00
   35.920   0.0000E+00
   35.930   0.0000E+00
   35.940   0.0000E+00
   35.950   0.0000E+00
   35.960   0.0000E+00
   35.970   0.0000E+00
   35.980   0.0000E+00
   35.990   0.0000E+00
   36.000   0.0000E+00
   36.010   0.0000E+00
   36.020   0.0000E+00
   36.030   0.0000E+00
   36.040   0.0000E+00
   36.050   0.0000E+00
   36.060   0.0000E+00
   36.070   0.0000E+00
   36.080   0.0000E+00
   36.090   0.0000E+00
   36.100   0.0000E+00
   36.110   0.0000E+00
   36.120   0.0000E+00
   36.130   0.0000E+00
   36.140   0.0000E+00
   36.150   0.0000E+00
   36.160   0.0000E+00
   36.170   0.0000E+00
   36.180   0.0000E+00
   36.190   0.0000E+00
   36.200   0.0000E+00
   36.210   0.0000E+00
   36.220   0.0000E+00
   36.230   0.0000E+00
   36.240   0.0000E+00
   36.250   0.0000E+00
   36.260   0.0000E+00
   36.270   0.0000E+00
   36.280   0.0000E+00
   36.290   0.0000E+00
   36.300   0.0000E+00
   36.310   0.0000E+00
   36.320   0.0000E+00
   36.330   0.0000E+00
   36.340   0.0000E+00
   36.350   0.0000E+00
   36.360   0.0000E+00
   36.370   0.0000E+00
   36.380   0.0000E+00
   36.390   0.0000E+00
   36.400   0.0000E+00
   36.410   0.0000E+00
   36.420   0.0000E+00
   36.430   0.0000E+00
   36.440   0.0000E+00
   36.450   0.0000E+00
   36.460   0.0000E+00
   36.470   0.0000E+00
   36.480   0.0000E+00
   36.490   0.0000E+00
   36.500   0.0000E+00
   36.510   0.0000E+00
   36.520   0.0000E+00
   36.530   0.0000E+00
   36.540   0.0000E+00
   36.550   0.0000E+00
   36.560   0.0000E+00
   36.570   0.0000E+00
   36.580   0.0000E+00
   36.590   0.0000E+00
   36.600   0.0000E+00
   36.610   0.0000E+00
   36.620   0.0000E+00
   36.630   0.0000E+00
   36.640   0.0000E+00
   36.650   0.0000E+00
   36.660   0.0000E+00
   36.670   0.0000E+00
   36.680   0.0000E+00
   36.690   0.0000E+00
   36.700   0.0000E+00
   36.710   0.0000E+00
   36.720   0.0000E+00
   36.730   0.0000E+00
   36.740   0.0000E+00
   36.750   0.0000E+00
   36.760   0.0000E+00
   36.770   0.0000E+00
   36.780   0.0000E+00
   36.790   0.0000E+00
   36.800   0.0000E+00
   36.810   0.0000E+00
   36.820   0.0000E+00
   36.830   0.0000E+00
   36.840   0.0000E+00
   36.850   0.0000E+00
   36.860   0.0000E+00
   36.870   0.0000E+00
   36.880   0.0000E+00
   36.890   0.0000E+00
   36.900   0.0000E+00
   36.910   0.0000E+00
   36.920   0.0000E+00
   36.930   0.0000E+00
   36.940   0.0000E+00
   36.950   0.0000E+00
   36.960   0.0000E+00
   36.970   0.0000E+00
   36.980   0.0000E+00
   36.990   0.0000E+00
   37.000   0.0000E+00
   37.010   0.0000E+00
   37.020   0.0000E+00
   37.030   0.0000E+00
   37.040   0.0000E+00
   37.050   0.0000E+00
   37.060   0.0000E+00
   37.070   0.0000E+00
   37.080   0.0000E+00
   37.090   0.0000E+00
   37.100   0.0000E+00
   37.110   0.0000E+00
   37.120   0.0000E+00
   37.130   0.0000E+00
   37.140   0.0000E+00
   37.150   0.0000E+00
   37.160   0.0000E+00
   37.170   0.0000E+00
   37.180   0.0000E+00
   37.190   0.0000E+00
   37.200   0.0000E+00
   37.210   0.0000E+00
   37.220   0.0000E+00
   37.230   0.0000E+00
   37.240   0.0000E+00
   37.250   0.0000E+00
   37.260   0.0000E+00
   37.270   0.0000E+00
   37.280   0.0000E+00
   37.290   0.0000E+00
   37.300   0.0000E+00
   37.310   0.0000E+00
   37.320   0.0000E+00
   37.330   0.0000E+00
   37.340   0.0000E+00
   37.350   0.0000E+00
   37.360   0.0000E+00
   37.370   0.0000E+00
   37.380   0.0000E+00
   37.390   0.0000E+00
   37.400   0.0000E+00
   37.410   0.0000E+00
   37.420   0.0000E+00
   37.430   0.0000E+00
   37.440   0.0000E+00
   37.450   0.0000E+00
   37.460   0.0000E+00
   37.470   0.0000E+00
   37.480   0.0000E+00
   37.490   0.0000E+00
   37.500   0.0000E+00
   37.510   0.0000E+00
   37.520   0.0000E+00
   37.530   0.0000E+00
   37.540   0.0000E+00
   37.550   0.0000E+00
   37.560   0.0000E+00
   37.570   0.0000E+00
   37.580   0.0000E+00
   37.590   0.0000E+00
   37.600   0.0000E+00
   37.610   0.0000E+00
   37.620   0.0000E+00
   37.630   0.0000E+00
   37.640   0.0000E+00
   37.650   0.0000E+00
   37.660   0.0000E+00
   37.670   0.0000E+00
   37.680   0.0000E+00
   37.690   0.0000E+00
   37.700   0.0000E+00
   37.710   0.0000E+00
   37.720   0.0000E+00
   37.730   0.0000E+00
   37.740   0.0000E+00
   37.750   0.0000E+00
   37.760   0.0000E+00
   37.770   0.0000E+00
   37.780   0.0000E+00
   37.790   0.0000E+00
   37.800   0.0000E+00
   37.810   0.0000E+00
   37.820   0.0000E+00
   37.830   0.0000E+00
   37.840   0.0000E+00
   37.850   0.0000E+00
   37.860   0.0000E+00
   37.870   0.0000E+00
   37.880   0.0000E+00
   37.890   0.0000E+00
   37.900   0.0000E+00
   37.910   0.0000E+00
   37.920   0.0000E+00
   37.930   0.0000E+00
   37.940   0.0000E+00
   37.950   0.0000E+00
   37.960   0.0000E+00
   37.970   0.0000E+00
   37.980   0.0000E+00
   37.990   0.0000E+00
   38.000   0.0000E+00
   38.010   0.0000E+00
   38.020   0.0000E+00
   38.030   0.0000E+00
   38.040   0.0000E+00
   38.050   0.0000E+00
   38.060   0.0000E+00
   38.070   0.0000E+00
   38.080   0.0000E+00
   38.090   0.0000E+00
   38.100   0.0000E+00
   38.110   0.0000E+00
   38.120   0.0000E+00
   38.130   0.0000E+00
   38.140   0.0000E+00
   38.150   0.0000E+00
   38.160   0.0000E+00
   38.170   0.0000E+00
   38.180   0.0000E+00
   38.190   0.0000E+00
   38.200   0.0000E+00
   38.210   0.0000E+00
   38.220   0.0000E+00
   38.230   0.0000E+00
   38.240   0.0000E+00
   38.250   0.0000E+00
   38.260   0.0000E+00
   38.270   0.0000E+00
   38.280   0.0000E+00
   38.290   0.0000E+00
   38.300   0.0000E+00
   38.310   0.0000E+00
   38.320   0.0000E+00
   38.330   0.0000E+00
   38.340   0.0000E+00
   38.350   0.0000E+00
   38.360   0.0000E+00
   38.370   0.0000E+00
   38.380   0.0000E+00
   38.390   0.0000E+00
   38.400   0.0000E+00
   38.410   0.0000E+00
   38.420   0.0000E+00
   38.430   0.0000E+00
   38.440   0.0000E+00
   38.450   0.0000E+00
   38.460   0.0000E+00
   38.470   0.0000E+00
   38.480   0.0000E+00
   38.490   0.0000E+00
   38.500   0.0000E+00
   38.510   0.0000E+00
   38.520   0.0000E+00
   38.530   0.0000E+00
   38.540   0.0000E+00
   38.550   0.0000E+00
   38.560   0.0000E+00
   38.570   0.0000E+00
   38.580   0.0000E+00
   38.590   0.0000E+00
   38.600   0.0000E+00
   38.610   0.0000E+00
   38.620   0.0000E+00
   38.630   0.0000E+00
   38.640   0.0000E+00
   38.650   0.0000E+00
   38.660   0.0000E+00
   38.670   0.0000E+00
   38.680   0.0000E+00
   38.690   0.0000E+00
   38.700   0.0000E+00
   38.710   0.0000E+00
   38.720   0.0000E+00
   38.730   0.0000E+00
   38.740   0.0000E+00
   38.750   0.0000E+00
   38.760   0.0000E+00
   38.770   0.0000E+00
   38.780   0.0000E+00
   38.790   0.0000E+00
   38.800   0.0000E+00
   38.810   0.0000E+00
   38.820   0.0000E+00
   38.830   0.0000E+00
   38.840   0.0000E+00
   38.850   0.0000E+00
   38.860   0.0000E+00
   38.870   0.0000E+00
   38.880   0.0000E+00
   38.890   0.0000E+00
   38.900   0.0000E+00
   38.910   0.0000E+00
   38.920   0.0000E+00
   38.930   0.0000E+00
   38.940   0.0000E+00
   38.950   0.0000E+00
   38.960   0.0000E+00
   38.970   0.0000E+00
   38.980   0.0000E+00
   38.990   0.0000E+00
   39.000   0.0000E+00
   39.010   0.0000E+00
   39.020   0.0000E+00
   39.030   0.0000E+00
   39.040   0.0000E+00
   39.050   0.0000E+00
   39.060   0.0000E+00
   39.070   0.0000E+00
   39.080   0.0000E+00
   39.090   0.0000E+00
   39.100   0.0000E+00
   39.110   0.0000E+00
   39.120   0.0000E+00
   39.130   0.0000E+00
   39.140   0.0000E+00
   39.150   0.0000E+00
   39.160   0.0000E+00
   39.170   0.0000E+00
   39.180   0.0000E+00
   39.190   0.0000E+00
   39.200   0.0000E+00
   39.210   0.0000E+00
   39.220   0.0000E+00
   39.230   0.0000E+00
   39.240   0.0000E+00
   39.250   0.0000E+00
   39.260   0.0000E+00
   39.270   0.0000E+00
   39.280   0.0000E+00
   39.290   0.0000E+00
   39.300   0.0000E+00
   39.310   0.0000E+00
   39.320   0.0000E+00
   39.330   0.0000E+00
   39.340   0.0000E+00
   39.350   0.0000E+00
   39.360   0.0000E+00
   39.370   0.0000E+00
   39.380   0.0000E+00
   39.390   0.0000E+00
   39.400   0.0000E+00
   39.410   0.0000E+00
   39.420   0.0000E+00
   39.430   0.0000E+00
   39.440   0.0000E+00
   39.450   0.0000E+00
   39.460   0.0000E+00
   39.470   0.0000E+00
   39.480   0.0000E+00
   39.490   0.0000E+00
   39.500   0.0000E+00
   39.510   0.0000E+00
   39.520   0.0000E+00
   39.530   0.0000E+00
   39.540   0.0000E+00
   39.550   0.0000E+00
   39.560   0.0000E+00
   39.570   0.0000E+00
   39.580   0.0000E+00
   39.590   0.0000E+00
   39.600   0.0000E+00
   39.610   0.0000E+00
   39.620   0.0000E+00
   39.630   0.0000E+00
   39.640   0.0000E+00
   39.650   0.0000E+00
   39.660   0.0000E+00
   39.670   0.0000E+00
   39.680   0.0000E+00
   39.690   0.0000E+00
   39.700   0.0000E+00
   39.710   0.0000E+00
   39.720   0.0000E+00
   39.730   0.0000E+00
   39.740   0.0000E+00
   39.750   0.0000E+00
   39.760   0.0000E+00
   39.770   0.0000E+00
   39.780   0.0000E+00
   39.790   0.0000E+00
   39.800   0.0000E+00
   39.810   0.0000E+00
   39.820   0.0000E+00
   39.830   0.0000E+00
   39.840   0.0000E+00
   39.850   0.0000E+00
   39.860   0.0000E+00
   39.870   0.0000E+00
   39.880   0.0000E+00
   39.890   0.0000E+00
   39.900   0.0000E+00
   39.910   0.0000E+00
   39.920   0.0000E+00
   39.930   0.0000E+00
   39.940   0.0000E+00
   39.950   0.0000E+00
   39.960   0.0000E+00
   39.970   0.0000E+00
   39.980   0.0000E+00
   39.990   0.0000E+00
   40.000   0.0000E+00
   40.010   0.0000E+00
   40.020   0.0000E+00
   40.030   0.0000E+00
   40.040   0.0000E+00
   40.050   0.0000E+00
   40.060   0.0000E+00
   40.070   0.0000E+00
   40.080   0.0000E+00
   40.090   0.0000E+00
   40.100   0.0000E+00
   40.110   0.0000E+00
   40.120   0.0000E+00
   40.130   0.0000E+00
   40.140   0.0000E+00
   40.150   0.0000E+00
   40.160   0.0000E+00
   40.170   0.0000E+00
   40.180   0.0000E+00
   40.190   0.0000E+00
   40.200   0.0000E+00
   40.210   0.0000E+00
   40.220   0.0000E+00
   40.230   0.0000E+00
   40.240   0.0000E+00
   40.250   0.0000E+00
   40.260   0.0000E+00
   40.270   0.0000E+00
   40.280   0.0000E+00
   40.290   0.0000E+00
   40.300   0.0000E+00
   40.310   0.0000E+00
   40.320   0.0000E+00
   40.330   0.0000E+00
   40.340   0.0000E+00
   40.350   0.0000E+00
   40.360   0.0000E+00
   40.370   0.0000E+00
   40.380   0.0000E+00
   40.390   0.0000E+00
   40.400   0.0000E+00
   40.410   0.0000E+00
   40.420   0.0000E+00
   40.430   0.0000E+00
   40.440   0.0000E+00
   40.450   0.0000E+00
   40.460   0.0000E+00
   40.470   0.0000E+00
   40.480   0.0000E+00
   40.490   0.0000E+00
   40.500   0.0000E+00
   40.510   0.0000E+00
   40.520   0.0000E+00
   40.530   0.0000E+00
   40.540   0.0000E+00
   40.550   0.0000E+00
   40.560   0.0000E+00
   40.570   0.0000E+00
   40.580   0.0000E+00
   40.590   0.0000E+00
   40.600   0.0000E+00
   40.610   0.0000E+00
   40.620   0.0000E+00
   40.630   0.0000E+00
   40.640   0.0000E+00
   40.650   0.0000E+00
   40.660   0.0000E+00
   40.670   0.0000E+00
   40.680   0.0000E+00
   40.690   0.0000E+00
   40.700   0.0000E+00
   40.710   0.0000E+00
   40.720   0.0000E+00
   40.730   0.0000E+00
   40.740   0.0000E+00
   40.750   0.0000E+00
   40.760   0.0000E+00
   40.770   0.0000E+00
   40.780   0.0000E+00
   40.790   0.0000E+00
   40.800   0.0000E+00
   40.810   0.0000E+00
   40.820   0.0000E+00
   40.830   0.0000E+00
   40.840   0.0000E+00
   40.850   0.0000E+00
   40.860   0.0000E+00
   40.870   0.0000E+00
   40.880   0.0000E+00
   40.890   0.0000E+00
   40.900   0.0000E+00
   40.910   0.0000E+00
   40.920   0.0000E+00
   40.930   0.0000E+00
   40.940   0.0000E+00
   40.950   0.0000E+00
