**********************************************
*******  Acceleration Time Series ************
*** Site #   1
*** trial   25
Input Parameters file =  aqk_0604__parameters.out                                                                                                
  4096 samples
dt:  0.010 sec
data format: (1x,f8.3,1p,2x,e11.4)
maximum absolute acceleration: 428.64
fault Dis.(km)=    5.06
Hypo  Dis.(km)=   11.45
  time(s) acc(cm/s**2)
    0.000   0.0000E+00
    0.010   0.0000E+00
    0.020   0.0000E+00
    0.030   0.0000E+00
    0.040   0.0000E+00
    0.050   0.0000E+00
    0.060   0.0000E+00
    0.070   0.0000E+00
    0.080   0.0000E+00
    0.090   0.0000E+00
    0.100   0.0000E+00
    0.110   0.0000E+00
    0.120  -7.2039E-01
    0.130  -8.0840E-01
    0.140  -9.0433E-01
    0.150  -1.0119E+00
    0.160  -1.1317E+00
    0.170  -1.2589E+00
    0.180  -1.3807E+00
    0.190  -1.4773E+00
    0.200  -1.5324E+00
    0.210  -1.5442E+00
    0.220  -1.5259E+00
    0.230  -1.4953E+00
    0.240  -1.4658E+00
    0.250  -1.4440E+00
    0.260  -1.4286E+00
    0.270  -1.4055E+00
    0.280  -1.3456E+00
    0.290  -1.2149E+00
    0.300  -9.9347E-01
    0.310  -6.8659E-01
    0.320  -3.2202E-01
    0.330   6.0152E-02
    0.340   4.1684E-01
    0.350   7.1097E-01
    0.360   9.2219E-01
    0.370   1.0532E+00
    0.380   1.1251E+00
    0.390   1.1647E+00
    0.400   1.1951E+00
    0.410   1.2316E+00
    0.420   1.2799E+00
    0.430   1.3345E+00
    0.440   1.3816E+00
    0.450   1.4076E+00
    0.460   1.4026E+00
    0.470   1.1169E+00
    0.480   1.0541E+00
    0.490   9.3247E-01
    0.500   7.5573E-01
    0.510   5.3574E-01
    0.520   2.7929E-01
    0.530  -1.0703E-02
    0.540  -3.1662E-01
    0.550  -6.0051E-01
    0.560  -8.2653E-01
    0.570  -9.8451E-01
    0.580  -1.0870E+00
    0.590  -1.1525E+00
    0.600  -1.2017E+00
    0.610  -1.2608E+00
    0.620  -1.3498E+00
    0.630  -1.4607E+00
    0.640  -1.5575E+00
    0.650  -1.6006E+00
    0.660  -1.5693E+00
    0.670  -1.4636E+00
    0.680  -1.2957E+00
    0.690  -1.0866E+00
    0.700  -8.6002E-01
    0.710  -6.3034E-01
    0.720  -3.9837E-01
    0.730  -1.6475E-01
    0.740   5.8732E-02
    0.750   2.6028E-01
    0.760   4.4768E-01
    0.770   6.4665E-01
    0.780   8.7785E-01
    0.790   1.1434E+00
    0.800   1.4352E+00
    0.810   1.7421E+00
    0.820   2.0375E+00
    0.830   2.2689E+00
    0.840   2.5959E+00
    0.850   2.6547E+00
    0.860   2.5787E+00
    0.870   2.4943E+00
    0.880   2.1472E+00
    0.890   1.5865E+00
    0.900   7.1780E-01
    0.910   4.1977E-01
    0.920   1.3880E-01
    0.930  -1.2979E-01
    0.940  -3.6935E-01
    0.950  -5.6678E-01
    0.960  -7.3696E-01
    0.970  -9.1315E-01
    0.980  -1.1171E+00
    0.990  -1.3453E+00
    1.000  -3.5147E-01
    1.010  -6.6847E-01
    1.020  -9.0696E-01
    1.030  -1.3288E+00
    1.040  -9.7733E-01
    1.050  -8.0794E-01
    1.060  -5.0209E-01
    1.070  -1.1277E+00
    1.080  -8.0430E-01
    1.090  -5.1767E-01
    1.100  -2.5973E-01
    1.110   2.4461E-02
    1.120   3.8605E-01
    1.130   8.2458E-01
    1.140   1.2993E+00
    1.150   1.7851E+00
    1.160   2.4306E+00
    1.170   3.7349E+00
    1.180   4.5100E+00
    1.190   5.2589E+00
    1.200   5.9257E+00
    1.210   6.4598E+00
    1.220   6.8079E+00
    1.230   6.9213E+00
    1.240   6.7859E+00
    1.250   6.4495E+00
    1.260   6.0196E+00
    1.270   5.6236E+00
    1.280   5.3515E+00
    1.290   5.2157E+00
    1.300   4.5464E+00
    1.310   4.3515E+00
    1.320   3.9757E+00
    1.330   2.5729E+00
    1.340   1.6728E+00
    1.350   6.4888E-01
    1.360  -3.6118E-01
    1.370  -1.2244E+00
    1.380  -1.8364E+00
    1.390  -2.1413E+00
    1.400  -2.1436E+00
    1.410  -1.8942E+00
    1.420  -1.4575E+00
    1.430  -8.8855E-01
    1.440  -2.3997E-01
    1.450  -1.4564E+00
    1.460  -7.9923E-01
    1.470  -2.1909E-01
    1.480   2.5885E-01
    1.490   6.3404E-01
    1.500   9.6777E-01
    1.510   1.4016E+00
    1.520   2.0815E+00
    1.530   3.0214E+00
    1.540   4.0443E+00
    1.550   4.9883E+00
    1.560   5.4936E+00
    1.570   5.5796E+00
    1.580   5.3616E+00
    1.590   5.0010E+00
    1.600   4.6307E+00
    1.610   4.3235E+00
    1.620   4.0874E+00
    1.630   3.8660E+00
    1.640   3.9423E+00
    1.650   3.4430E+00
    1.660   2.4509E+00
    1.670   9.4523E-01
    1.680  -9.2852E-01
    1.690  -2.8937E+00
    1.700  -4.8252E+00
    1.710  -5.4172E+00
    1.720  -6.5976E+00
    1.730  -7.6281E+00
    1.740  -8.5656E+00
    1.750  -9.4225E+00
    1.760  -1.0182E+01
    1.770  -1.0812E+01
    1.780  -1.1258E+01
    1.790  -1.1464E+01
    1.800  -1.1408E+01
    1.810  -1.0515E+01
    1.820  -1.0107E+01
    1.830  -9.6443E+00
    1.840  -1.0633E+01
    1.850  -1.0077E+01
    1.860  -9.3119E+00
    1.870  -9.2128E+00
    1.880  -8.1944E+00
    1.890  -6.9174E+00
    1.900  -5.2488E+00
    1.910  -1.8787E+00
    1.920  -5.0605E-01
    1.930   1.5735E+00
    1.940   3.5688E+00
    1.950   4.5215E+00
    1.960   6.3558E+00
    1.970   8.6626E+00
    1.980   9.6570E+00
    1.990   1.0955E+01
    2.000   1.1420E+01
    2.010   1.1287E+01
    2.020   1.0775E+01
    2.030   1.1077E+01
    2.040   1.1297E+01
    2.050   1.0801E+01
    2.060   1.0191E+01
    2.070   9.1964E+00
    2.080   7.9289E+00
    2.090   6.5584E+00
    2.100   5.1956E+00
    2.110   3.8394E+00
    2.120   1.7029E+00
    2.130   1.1736E-01
    2.140  -7.7057E-01
    2.150  -2.9367E+00
    2.160  -5.2649E+00
    2.170  -8.6225E+00
    2.180  -1.0320E+01
    2.190  -1.2325E+01
    2.200  -1.4023E+01
    2.210  -1.5151E+01
    2.220  -1.5908E+01
    2.230  -1.5736E+01
    2.240  -1.5058E+01
    2.250  -1.3907E+01
    2.260  -1.2499E+01
    2.270  -1.2760E+01
    2.280  -1.1524E+01
    2.290  -1.0555E+01
    2.300  -9.8890E+00
    2.310  -9.5237E+00
    2.320  -9.3169E+00
    2.330  -8.7161E+00
    2.340  -7.5993E+00
    2.350  -6.0859E+00
    2.360  -4.2878E+00
    2.370  -2.4191E+00
    2.380  -7.0291E-01
    2.390   6.9055E-01
    2.400   1.7035E+00
    2.410   2.7397E+00
    2.420   3.4292E+00
    2.430   3.4752E+00
    2.440   3.2997E+00
    2.450   2.6538E+00
    2.460   2.0861E+00
    2.470   1.3125E+00
    2.480   2.4876E-01
    2.490  -6.4726E-01
    2.500  -3.0838E+00
    2.510  -3.4093E+00
    2.520  -2.9698E+00
    2.530  -2.0205E+00
    2.540  -1.1702E+00
    2.550  -3.4959E-01
    2.560   2.6462E-03
    2.570  -4.2306E-02
    2.580  -3.8989E-02
    2.590  -7.2860E-02
    2.600   1.8535E-01
    2.610   7.1743E-01
    2.620   1.4079E+00
    2.630   2.0559E+00
    2.640   2.7585E+00
    2.650   4.0192E+00
    2.660   4.7279E+00
    2.670   6.3869E+00
    2.680   6.5719E+00
    2.690   9.0815E+00
    2.700   8.3975E+00
    2.710   7.3808E+00
    2.720   6.1183E+00
    2.730   5.5497E+00
    2.740   5.5897E+00
    2.750   5.4425E+00
    2.760   6.0095E+00
    2.770   6.3852E+00
    2.780   6.5627E+00
    2.790   5.4811E+00
    2.800   3.6389E+00
    2.810   1.2569E+00
    2.820  -6.7524E-01
    2.830  -1.6891E+00
    2.840  -2.0953E+00
    2.850  -1.7689E+00
    2.860  -1.0682E+00
    2.870  -3.5569E-01
    2.880   3.3092E-01
    2.890   8.2869E-01
    2.900   1.5775E+00
    2.910   2.8047E+00
    2.920   5.7368E+00
    2.930   8.2503E+00
    2.940   1.0274E+01
    2.950   1.2099E+01
    2.960   1.3678E+01
    2.970   1.5096E+01
    2.980   1.5905E+01
    2.990   1.7358E+01
    3.000   1.8894E+01
    3.010   1.8378E+01
    3.020   1.9852E+01
    3.030   2.0755E+01
    3.040   2.0807E+01
    3.050   1.9842E+01
    3.060   1.7913E+01
    3.070   1.5305E+01
    3.080   1.2581E+01
    3.090   9.8332E+00
    3.100   7.6474E+00
    3.110   5.9540E+00
    3.120   4.5511E+00
    3.130   3.1681E+00
    3.140   1.7038E+00
    3.150   2.7875E-01
    3.160  -8.2100E-01
    3.170  -2.2964E+00
    3.180  -4.4921E+00
    3.190  -7.3642E+00
    3.200  -1.0967E+01
    3.210  -1.5197E+01
    3.220  -1.9503E+01
    3.230  -2.3423E+01
    3.240  -2.6212E+01
    3.250  -2.7873E+01
    3.260  -2.9306E+01
    3.270  -2.9322E+01
    3.280  -2.9209E+01
    3.290  -2.9561E+01
    3.300  -2.9476E+01
    3.310  -2.9133E+01
    3.320  -2.9020E+01
    3.330  -2.6708E+01
    3.340  -2.4400E+01
    3.350  -2.2051E+01
    3.360  -1.9908E+01
    3.370  -1.7924E+01
    3.380  -1.5492E+01
    3.390  -1.6878E+01
    3.400  -1.4064E+01
    3.410  -1.0350E+01
    3.420  -5.7666E+00
    3.430  -3.1938E-01
    3.440   6.0319E+00
    3.450   1.0639E+01
    3.460   1.4126E+01
    3.470   1.7184E+01
    3.480   2.1259E+01
    3.490   2.4756E+01
    3.500   2.7406E+01
    3.510   2.9144E+01
    3.520   3.0174E+01
    3.530   3.0886E+01
    3.540   3.1330E+01
    3.550   3.2731E+01
    3.560   3.4710E+01
    3.570   3.6863E+01
    3.580   3.9244E+01
    3.590   4.0546E+01
    3.600   3.8513E+01
    3.610   3.6831E+01
    3.620   3.3860E+01
    3.630   3.0106E+01
    3.640   2.5116E+01
    3.650   2.0926E+01
    3.660   1.6727E+01
    3.670   1.2304E+01
    3.680   7.8060E+00
    3.690   3.6825E+00
    3.700   4.1554E-01
    3.710  -1.8246E+00
    3.720  -3.1939E+00
    3.730  -3.8578E+00
    3.740  -3.8266E+00
    3.750  -3.2301E+00
    3.760  -2.8276E+00
    3.770  -3.6622E+00
    3.780  -6.4279E+00
    3.790  -1.0936E+01
    3.800  -1.7630E+01
    3.810  -2.2634E+01
    3.820  -2.6745E+01
    3.830  -2.9621E+01
    3.840  -3.1745E+01
    3.850  -3.3301E+01
    3.860  -3.4485E+01
    3.870  -3.5284E+01
    3.880  -3.5562E+01
    3.890  -3.5238E+01
    3.900  -3.4398E+01
    3.910  -3.3295E+01
    3.920  -3.2226E+01
    3.930  -3.1212E+01
    3.940  -2.9622E+01
    3.950  -2.6330E+01
    3.960  -2.0598E+01
    3.970  -1.3321E+01
    3.980  -6.5734E+00
    3.990  -1.6380E+00
    4.000   2.8338E-01
    4.010  -9.8015E-02
    4.020  -1.5792E+00
    4.030  -2.8816E+00
    4.040  -2.9642E+00
    4.050  -1.3069E+00
    4.060   1.7690E+00
    4.070   5.3368E+00
    4.080   8.2257E+00
    4.090   9.8026E+00
    4.100   9.9600E+00
    4.110   9.0893E+00
    4.120   7.9877E+00
    4.130   6.9837E+00
    4.140   7.4531E+00
    4.150   8.4657E+00
    4.160   9.0915E+00
    4.170   8.4799E+00
    4.180   6.2894E+00
    4.190   3.1507E+00
    4.200  -1.1644E-01
    4.210  -2.6717E+00
    4.220  -4.1897E+00
    4.230  -5.0550E+00
    4.240  -5.9451E+00
    4.250  -7.2358E+00
    4.260  -8.7119E+00
    4.270  -9.8236E+00
    4.280  -1.0316E+01
    4.290  -1.0416E+01
    4.300  -1.0825E+01
    4.310  -1.0454E+01
    4.320  -9.2097E+00
    4.330  -6.9058E+00
    4.340  -4.1650E+00
    4.350  -1.8105E+00
    4.360  -3.7023E-01
    4.370   1.9970E-01
    4.380  -4.0256E-02
    4.390   1.7156E+00
    4.400   4.0283E+00
    4.410   5.9747E+00
    4.420   7.8206E+00
    4.430   9.3262E+00
    4.440   1.1429E+01
    4.450   1.4797E+01
    4.460   1.8875E+01
    4.470   2.2352E+01
    4.480   2.4517E+01
    4.490   2.5759E+01
    4.500   2.6789E+01
    4.510   2.7902E+01
    4.520   2.8779E+01
    4.530   3.0796E+01
    4.540   3.1605E+01
    4.550   3.2537E+01
    4.560   3.3807E+01
    4.570   3.4616E+01
    4.580   3.4140E+01
    4.590   3.1429E+01
    4.600   2.6128E+01
    4.610   1.9058E+01
    4.620   1.3721E+01
    4.630   9.7007E+00
    4.640   6.3001E+00
    4.650   2.7513E+00
    4.660  -9.8226E-01
    4.670  -4.3312E+00
    4.680  -6.3825E+00
    4.690  -7.2770E+00
    4.700  -7.1919E+00
    4.710  -9.0235E+00
    4.720  -1.1707E+01
    4.730  -1.6900E+01
    4.740  -2.3112E+01
    4.750  -2.8071E+01
    4.760  -3.0566E+01
    4.770  -3.1108E+01
    4.780  -3.0896E+01
    4.790  -3.0596E+01
    4.800  -3.0109E+01
    4.810  -2.9690E+01
    4.820  -3.0541E+01
    4.830  -3.3823E+01
    4.840  -3.9170E+01
    4.850  -4.4282E+01
    4.860  -4.6690E+01
    4.870  -4.5445E+01
    4.880  -4.1298E+01
    4.890  -3.6042E+01
    4.900  -3.0788E+01
    4.910  -2.5763E+01
    4.920  -2.0411E+01
    4.930  -1.4297E+01
    4.940  -8.1976E+00
    4.950  -4.0514E+00
    4.960  -3.4447E+00
    4.970  -6.1809E+00
    4.980  -1.0639E+01
    4.990  -1.5289E+01
    5.000  -1.9339E+01
    5.010  -2.2405E+01
    5.020  -2.3386E+01
    5.030  -2.0997E+01
    5.040  -1.4343E+01
    5.050  -3.2527E+00
    5.060   1.0201E+01
    5.070   2.2822E+01
    5.080   3.1499E+01
    5.090   3.4652E+01
    5.100   3.3308E+01
    5.110   2.9561E+01
    5.120   2.4858E+01
    5.130   2.0471E+01
    5.140   1.6863E+01
    5.150   1.2492E+01
    5.160   8.5546E+00
    5.170   6.4315E+00
    5.180   6.0101E+00
    5.190   7.9190E+00
    5.200   1.0943E+01
    5.210   8.1015E+00
    5.220  -4.8459E+00
    5.230  -2.5027E+01
    5.240  -4.5440E+01
    5.250  -6.0242E+01
    5.260  -6.8405E+01
    5.270  -7.0312E+01
    5.280  -6.7643E+01
    5.290  -6.2020E+01
    5.300  -5.5544E+01
    5.310  -5.0175E+01
    5.320  -4.7198E+01
    5.330  -4.7302E+01
    5.340  -4.6293E+01
    5.350  -4.0377E+01
    5.360  -3.0098E+01
    5.370  -1.7264E+01
    5.380  -3.6067E+00
    5.390   6.6542E+00
    5.400   9.5091E+00
    5.410   7.0612E+00
    5.420   4.7297E+00
    5.430   5.9706E+00
    5.440   1.0466E+01
    5.450   1.9241E+01
    5.460   3.1034E+01
    5.470   4.2008E+01
    5.480   4.7934E+01
    5.490   4.7798E+01
    5.500   4.4272E+01
    5.510   4.0604E+01
    5.520   3.8598E+01
    5.530   3.6934E+01
    5.540   3.5610E+01
    5.550   3.2701E+01
    5.560   2.9446E+01
    5.570   2.4830E+01
    5.580   1.7485E+01
    5.590   4.7298E+00
    5.600  -9.5802E+00
    5.610  -1.9466E+01
    5.620  -2.3571E+01
    5.630  -2.3679E+01
    5.640  -2.2889E+01
    5.650  -2.1492E+01
    5.660  -2.1722E+01
    5.670  -2.5667E+01
    5.680  -3.0273E+01
    5.690  -3.1267E+01
    5.700  -2.9613E+01
    5.710  -3.0071E+01
    5.720  -3.2465E+01
    5.730  -3.3353E+01
    5.740  -3.1319E+01
    5.750  -3.0367E+01
    5.760  -3.2687E+01
    5.770  -3.4390E+01
    5.780  -3.4585E+01
    5.790  -3.5958E+01
    5.800  -3.9860E+01
    5.810  -4.3388E+01
    5.820  -4.4422E+01
    5.830  -4.3856E+01
    5.840  -3.8411E+01
    5.850  -2.5724E+01
    5.860  -6.2337E+00
    5.870   1.5152E+01
    5.880   3.2306E+01
    5.890   4.3615E+01
    5.900   5.0436E+01
    5.910   5.5506E+01
    5.920   5.7852E+01
    5.930   5.7158E+01
    5.940   5.2514E+01
    5.950   4.5346E+01
    5.960   3.7601E+01
    5.970   2.9349E+01
    5.980   2.6978E+01
    5.990   3.9006E+01
    6.000   5.7029E+01
    6.010   6.6738E+01
    6.020   6.6230E+01
    6.030   5.7225E+01
    6.040   3.9153E+01
    6.050   1.1527E+01
    6.060  -1.6217E+01
    6.070  -3.0100E+01
    6.080  -2.6929E+01
    6.090  -6.9510E+00
    6.100   3.0421E+01
    6.110   7.3619E+01
    6.120   1.0833E+02
    6.130   1.2747E+02
    6.140   1.3415E+02
    6.150   1.3530E+02
    6.160   1.3064E+02
    6.170   1.1906E+02
    6.180   1.0310E+02
    6.190   8.2066E+01
    6.200   5.5542E+01
    6.210   3.6152E+01
    6.220   3.5558E+01
    6.230   4.9061E+01
    6.240   6.4397E+01
    6.250   7.9383E+01
    6.260   9.9838E+01
    6.270   1.1855E+02
    6.280   1.2621E+02
    6.290   1.1913E+02
    6.300   9.4063E+01
    6.310   5.4914E+01
    6.320   1.3350E+01
    6.330  -1.7418E+01
    6.340  -2.9985E+01
    6.350  -2.5580E+01
    6.360  -1.7286E+01
    6.370  -1.5621E+01
    6.380  -2.0995E+01
    6.390  -3.4677E+01
    6.400  -5.6858E+01
    6.410  -8.3906E+01
    6.420  -1.0720E+02
    6.430  -1.1653E+02
    6.440  -1.2351E+02
    6.450  -1.3451E+02
    6.460  -1.4563E+02
    6.470  -1.4985E+02
    6.480  -1.3263E+02
    6.490  -8.7657E+01
    6.500  -2.5565E+01
    6.510   2.7890E+01
    6.520   6.0015E+01
    6.530   7.2988E+01
    6.540   7.5459E+01
    6.550   6.6135E+01
    6.560   4.8715E+01
    6.570   3.9254E+01
    6.580   4.1828E+01
    6.590   4.6544E+01
    6.600   4.8621E+01
    6.610   4.6085E+01
    6.620   3.2159E+01
    6.630   1.0840E+01
    6.640  -1.0869E+01
    6.650  -2.6808E+01
    6.660  -2.3599E+01
    6.670  -3.7524E+00
    6.680   1.4724E+01
    6.690   1.5269E+01
    6.700  -1.0971E+01
    6.710  -6.0208E+01
    6.720  -1.1189E+02
    6.730  -1.4432E+02
    6.740  -1.5372E+02
    6.750  -1.4487E+02
    6.760  -1.2341E+02
    6.770  -9.8131E+01
    6.780  -7.5533E+01
    6.790  -5.6936E+01
    6.800  -4.5763E+01
    6.810  -4.9112E+01
    6.820  -6.6648E+01
    6.830  -8.6514E+01
    6.840  -9.7265E+01
    6.850  -9.8158E+01
    6.860  -1.0156E+02
    6.870  -1.1538E+02
    6.880  -1.3126E+02
    6.890  -1.3617E+02
    6.900  -1.1847E+02
    6.910  -7.6948E+01
    6.920  -1.9909E+01
    6.930   3.2845E+01
    6.940   6.2437E+01
    6.950   7.3938E+01
    6.960   7.9212E+01
    6.970   8.6590E+01
    6.980   9.8006E+01
    6.990   1.0914E+02
    7.000   1.1345E+02
    7.010   1.1241E+02
    7.020   1.1010E+02
    7.030   1.2368E+02
    7.040   1.6572E+02
    7.050   2.0684E+02
    7.060   2.1864E+02
    7.070   2.1513E+02
    7.080   2.0935E+02
    7.090   1.9406E+02
    7.100   1.6115E+02
    7.110   1.1157E+02
    7.120   4.6936E+01
    7.130  -3.0383E+01
    7.140  -1.0107E+02
    7.150  -1.5465E+02
    7.160  -1.9800E+02
    7.170  -2.3403E+02
    7.180  -2.6237E+02
    7.190  -2.8464E+02
    7.200  -2.9719E+02
    7.210  -2.8808E+02
    7.220  -2.5102E+02
    7.230  -2.0733E+02
    7.240  -1.9830E+02
    7.250  -2.3104E+02
    7.260  -2.7897E+02
    7.270  -3.1532E+02
    7.280  -3.2785E+02
    7.290  -3.1990E+02
    7.300  -3.0067E+02
    7.310  -2.8141E+02
    7.320  -2.6403E+02
    7.330  -2.4558E+02
    7.340  -2.3319E+02
    7.350  -2.3021E+02
    7.360  -2.2521E+02
    7.370  -2.0940E+02
    7.380  -1.8027E+02
    7.390  -1.2761E+02
    7.400  -5.4386E+01
    7.410   2.3103E+01
    7.420   9.4302E+01
    7.430   1.4147E+02
    7.440   1.4501E+02
    7.450   1.1557E+02
    7.460   9.5566E+01
    7.470   1.0343E+02
    7.480   1.2992E+02
    7.490   1.5023E+02
    7.500   1.5584E+02
    7.510   1.5173E+02
    7.520   1.4552E+02
    7.530   1.4615E+02
    7.540   1.4733E+02
    7.550   1.4872E+02
    7.560   1.6935E+02
    7.570   2.0858E+02
    7.580   2.5564E+02
    7.590   3.0352E+02
    7.600   3.2741E+02
    7.610   3.1011E+02
    7.620   2.7710E+02
    7.630   2.5580E+02
    7.640   2.4091E+02
    7.650   2.1941E+02
    7.660   1.9219E+02
    7.670   1.6490E+02
    7.680   1.4911E+02
    7.690   1.6444E+02
    7.700   2.2530E+02
    7.710   3.0557E+02
    7.720   3.6191E+02
    7.730   3.7577E+02
    7.740   3.4212E+02
    7.750   2.6084E+02
    7.760   1.5921E+02
    7.770   6.7303E+01
    7.780  -1.0478E+01
    7.790  -7.8126E+01
    7.800  -1.4816E+02
    7.810  -2.0595E+02
    7.820  -2.1484E+02
    7.830  -1.8330E+02
    7.840  -1.3063E+02
    7.850  -5.8800E+01
    7.860   1.5808E+01
    7.870   8.0160E+01
    7.880   1.2892E+02
    7.890   1.6075E+02
    7.900   1.7523E+02
    7.910   1.6515E+02
    7.920   1.3338E+02
    7.930   8.6397E+01
    7.940   4.4739E+01
    7.950   2.5415E+01
    7.960   2.5923E+01
    7.970   3.5307E+01
    7.980   4.5273E+01
    7.990   5.0755E+01
    8.000   4.6726E+01
    8.010   4.2365E+01
    8.020   3.2743E+01
    8.030   4.4551E+00
    8.040  -3.3737E+01
    8.050  -5.4096E+01
    8.060  -5.1833E+01
    8.070  -3.5545E+01
    8.080  -2.1164E+01
    8.090  -2.7203E+01
    8.100  -4.5285E+01
    8.110  -5.3727E+01
    8.120  -4.6631E+01
    8.130  -3.3900E+01
    8.140  -1.3661E+01
    8.150   1.2574E+01
    8.160   3.5273E+01
    8.170   4.2834E+01
    8.180   2.9670E+01
    8.190  -1.3603E+00
    8.200  -4.3046E+01
    8.210  -9.0032E+01
    8.220  -1.3296E+02
    8.230  -1.5162E+02
    8.240  -1.5220E+02
    8.250  -1.5857E+02
    8.260  -1.6525E+02
    8.270  -1.6851E+02
    8.280  -1.6687E+02
    8.290  -1.5606E+02
    8.300  -1.3119E+02
    8.310  -1.0126E+02
    8.320  -7.8157E+01
    8.330  -6.5808E+01
    8.340  -8.1506E+01
    8.350  -1.2812E+02
    8.360  -1.8527E+02
    8.370  -2.2561E+02
    8.380  -2.4058E+02
    8.390  -2.3996E+02
    8.400  -2.2348E+02
    8.410  -1.9182E+02
    8.420  -1.4128E+02
    8.430  -7.0295E+01
    8.440   1.0979E+01
    8.450   9.1394E+01
    8.460   1.6020E+02
    8.470   2.1046E+02
    8.480   2.4525E+02
    8.490   2.6893E+02
    8.500   2.8442E+02
    8.510   2.8123E+02
    8.520   2.5134E+02
    8.530   2.0647E+02
    8.540   1.5450E+02
    8.550   9.3353E+01
    8.560   2.9930E+01
    8.570  -8.3398E+00
    8.580   1.4459E+01
    8.590   9.6154E+01
    8.600   1.9407E+02
    8.610   2.8411E+02
    8.620   3.6324E+02
    8.630   4.1693E+02
    8.640   4.2628E+02
    8.650   3.8923E+02
    8.660   3.2582E+02
    8.670   2.4369E+02
    8.680   1.5021E+02
    8.690   8.7643E+01
    8.700   9.6638E+01
    8.710   1.6242E+02
    8.720   2.5617E+02
    8.730   3.3715E+02
    8.740   3.5741E+02
    8.750   3.0459E+02
    8.760   1.8046E+02
    8.770   1.4865E+01
    8.780  -1.3267E+02
    8.790  -2.3205E+02
    8.800  -2.9203E+02
    8.810  -3.3675E+02
    8.820  -3.8298E+02
    8.830  -4.1984E+02
    8.840  -4.2864E+02
    8.850  -4.0932E+02
    8.860  -3.7375E+02
    8.870  -3.2635E+02
    8.880  -2.6737E+02
    8.890  -2.1187E+02
    8.900  -1.6131E+02
    8.910  -1.1244E+02
    8.920  -9.3362E+01
    8.930  -1.0472E+02
    8.940  -1.3054E+02
    8.950  -1.6815E+02
    8.960  -2.1123E+02
    8.970  -2.5332E+02
    8.980  -2.9684E+02
    8.990  -3.4186E+02
    9.000  -3.6113E+02
    9.010  -3.2695E+02
    9.020  -2.5010E+02
    9.030  -1.5594E+02
    9.040  -7.7491E+01
    9.050  -2.9001E+01
    9.060  -8.6597E+00
    9.070  -2.0958E+01
    9.080  -4.8126E+01
    9.090  -7.3337E+01
    9.100  -9.9235E+01
    9.110  -1.2060E+02
    9.120  -1.3948E+02
    9.130  -1.6426E+02
    9.140  -1.9232E+02
    9.150  -2.0394E+02
    9.160  -1.8661E+02
    9.170  -1.3776E+02
    9.180  -7.6465E+01
    9.190  -3.0534E+01
    9.200  -6.9281E+00
    9.210  -5.1085E+00
    9.220  -6.0473E+00
    9.230   2.7057E+00
    9.240   4.3613E+00
    9.250  -3.5571E+00
    9.260  -1.6411E+01
    9.270  -4.1067E+01
    9.280  -7.4438E+01
    9.290  -8.9747E+01
    9.300  -8.0127E+01
    9.310  -5.8987E+01
    9.320  -2.9941E+01
    9.330   5.5512E+00
    9.340   3.9021E+01
    9.350   5.0255E+01
    9.360   3.9577E+01
    9.370   1.2969E+01
    9.380  -1.8792E+01
    9.390  -3.3908E+01
    9.400  -2.5392E+01
    9.410   9.0371E+00
    9.420   4.5862E+01
    9.430   6.4411E+01
    9.440   6.3712E+01
    9.450   5.7744E+01
    9.460   5.2502E+01
    9.470   4.9931E+01
    9.480   4.7544E+01
    9.490   3.3402E+01
    9.500   2.5809E+01
    9.510   5.6678E+01
    9.520   1.2124E+02
    9.530   1.7642E+02
    9.540   1.8926E+02
    9.550   1.7645E+02
    9.560   1.6300E+02
    9.570   1.4624E+02
    9.580   1.2134E+02
    9.590   1.0797E+02
    9.600   1.3076E+02
    9.610   1.8833E+02
    9.620   2.5649E+02
    9.630   3.0864E+02
    9.640   3.2591E+02
    9.650   3.1028E+02
    9.660   2.7504E+02
    9.670   2.3945E+02
    9.680   2.1440E+02
    9.690   1.8388E+02
    9.700   1.3868E+02
    9.710   9.2708E+01
    9.720   6.9937E+01
    9.730   6.9315E+01
    9.740   7.4819E+01
    9.750   7.6805E+01
    9.760   5.9680E+01
    9.770   2.5828E+01
    9.780  -3.8511E+00
    9.790  -1.1731E+01
    9.800  -1.4480E+00
    9.810   2.0237E+01
    9.820   4.6856E+01
    9.830   6.6998E+01
    9.840   7.1631E+01
    9.850   5.3814E+01
    9.860   1.4598E+01
    9.870  -3.4675E+01
    9.880  -8.3584E+01
    9.890  -1.2914E+02
    9.900  -1.6580E+02
    9.910  -1.9068E+02
    9.920  -2.0142E+02
    9.930  -1.8910E+02
    9.940  -1.5963E+02
    9.950  -1.2970E+02
    9.960  -1.1874E+02
    9.970  -1.3543E+02
    9.980  -1.6295E+02
    9.990  -1.7399E+02
   10.000  -1.5738E+02
   10.010  -1.1551E+02
   10.020  -6.0165E+01
   10.030  -1.6536E+01
   10.040  -8.7714E+00
   10.050  -4.8092E+01
   10.060  -1.0897E+02
   10.070  -1.3955E+02
   10.080  -1.2411E+02
   10.090  -9.2888E+01
   10.100  -7.7494E+01
   10.110  -8.3155E+01
   10.120  -1.0715E+02
   10.130  -1.3680E+02
   10.140  -1.7028E+02
   10.150  -2.1391E+02
   10.160  -2.6055E+02
   10.170  -2.9783E+02
   10.180  -3.1550E+02
   10.190  -2.9980E+02
   10.200  -2.5053E+02
   10.210  -1.8326E+02
   10.220  -1.1224E+02
   10.230  -2.9193E+01
   10.240   6.7842E+01
   10.250   1.4743E+02
   10.260   1.7768E+02
   10.270   1.5463E+02
   10.280   1.1269E+02
   10.290   7.9265E+01
   10.300   5.9565E+01
   10.310   5.0891E+01
   10.320   4.2656E+01
   10.330   2.9515E+01
   10.340   1.9679E+01
   10.350   2.5500E+01
   10.360   4.2851E+01
   10.370   6.6329E+01
   10.380   1.0122E+02
   10.390   1.4650E+02
   10.400   1.8243E+02
   10.410   1.8978E+02
   10.420   1.7340E+02
   10.430   1.5794E+02
   10.440   1.5457E+02
   10.450   1.6474E+02
   10.460   1.8692E+02
   10.470   2.0479E+02
   10.480   2.0817E+02
   10.490   2.0277E+02
   10.500   2.0877E+02
   10.510   2.2640E+02
   10.520   2.3360E+02
   10.530   2.2480E+02
   10.540   2.0364E+02
   10.550   1.7343E+02
   10.560   1.4233E+02
   10.570   1.1175E+02
   10.580   7.8130E+01
   10.590   3.9489E+01
   10.600   1.0953E+01
   10.610   1.2248E+01
   10.620   4.3282E+01
   10.630   8.3784E+01
   10.640   1.1439E+02
   10.650   1.2947E+02
   10.660   1.3930E+02
   10.670   1.4053E+02
   10.680   1.3614E+02
   10.690   1.2768E+02
   10.700   1.1393E+02
   10.710   1.0144E+02
   10.720   8.7097E+01
   10.730   6.8400E+01
   10.740   6.2878E+01
   10.750   6.9566E+01
   10.760   7.1826E+01
   10.770   6.3588E+01
   10.780   5.6667E+01
   10.790   5.2089E+01
   10.800   3.7048E+01
   10.810   1.0838E+01
   10.820  -3.0901E+01
   10.830  -8.8632E+01
   10.840  -1.4913E+02
   10.850  -1.9944E+02
   10.860  -2.3191E+02
   10.870  -2.4120E+02
   10.880  -2.3887E+02
   10.890  -2.3555E+02
   10.900  -2.3522E+02
   10.910  -2.4081E+02
   10.920  -2.4078E+02
   10.930  -2.3292E+02
   10.940  -2.2787E+02
   10.950  -2.2530E+02
   10.960  -2.1987E+02
   10.970  -2.1336E+02
   10.980  -2.0426E+02
   10.990  -1.9738E+02
   11.000  -1.9837E+02
   11.010  -1.8945E+02
   11.020  -1.5079E+02
   11.030  -9.4019E+01
   11.040  -3.6976E+01
   11.050   7.2352E-01
   11.060   7.9524E+00
   11.070  -2.1928E+00
   11.080  -9.0055E+00
   11.090   3.9135E-01
   11.100   1.8326E+01
   11.110   3.3852E+01
   11.120   5.3957E+01
   11.130   8.0308E+01
   11.140   8.9850E+01
   11.150   7.2648E+01
   11.160   4.2700E+01
   11.170   1.3522E+01
   11.180  -4.1938E+00
   11.190  -3.7569E+00
   11.200   1.5379E+01
   11.210   4.1876E+01
   11.220   6.4226E+01
   11.230   7.5448E+01
   11.240   6.6611E+01
   11.250   4.7717E+01
   11.260   2.9669E+01
   11.270   1.2032E+01
   11.280  -3.1897E+00
   11.290  -2.3420E+00
   11.300   2.7253E+01
   11.310   7.7581E+01
   11.320   1.3204E+02
   11.330   1.8048E+02
   11.340   2.0859E+02
   11.350   2.1067E+02
   11.360   1.9877E+02
   11.370   1.7380E+02
   11.380   1.4133E+02
   11.390   1.2411E+02
   11.400   1.3023E+02
   11.410   1.4848E+02
   11.420   1.5762E+02
   11.430   1.4273E+02
   11.440   1.1757E+02
   11.450   1.0116E+02
   11.460   9.9337E+01
   11.470   1.0419E+02
   11.480   1.0369E+02
   11.490   9.9826E+01
   11.500   9.5206E+01
   11.510   8.8235E+01
   11.520   8.9738E+01
   11.530   1.0508E+02
   11.540   1.2617E+02
   11.550   1.4421E+02
   11.560   1.5141E+02
   11.570   1.4494E+02
   11.580   1.3002E+02
   11.590   1.1096E+02
   11.600   9.5351E+01
   11.610   8.2042E+01
   11.620   6.0319E+01
   11.630   2.7696E+01
   11.640  -3.2340E+00
   11.650  -3.0974E+01
   11.660  -5.8712E+01
   11.670  -8.0586E+01
   11.680  -9.2484E+01
   11.690  -9.9360E+01
   11.700  -1.0340E+02
   11.710  -1.0530E+02
   11.720  -1.1194E+02
   11.730  -1.2825E+02
   11.740  -1.6471E+02
   11.750  -2.2141E+02
   11.760  -2.7929E+02
   11.770  -3.1679E+02
   11.780  -3.2766E+02
   11.790  -3.1555E+02
   11.800  -2.8817E+02
   11.810  -2.5370E+02
   11.820  -2.1653E+02
   11.830  -1.7610E+02
   11.840  -1.2935E+02
   11.850  -8.2301E+01
   11.860  -5.2374E+01
   11.870  -4.7807E+01
   11.880  -6.3150E+01
   11.890  -8.8552E+01
   11.900  -1.1483E+02
   11.910  -1.3686E+02
   11.920  -1.4763E+02
   11.930  -1.4440E+02
   11.940  -1.2810E+02
   11.950  -1.0315E+02
   11.960  -7.8311E+01
   11.970  -5.8030E+01
   11.980  -4.5511E+01
   11.990  -3.6980E+01
   12.000  -3.1888E+01
   12.010  -3.3034E+01
   12.020  -4.0323E+01
   12.030  -4.5511E+01
   12.040  -4.0991E+01
   12.050  -2.5620E+01
   12.060  -4.4856E+00
   12.070   1.7556E+01
   12.080   3.3961E+01
   12.090   4.4674E+01
   12.100   5.6572E+01
   12.110   7.1973E+01
   12.120   8.3243E+01
   12.130   9.2128E+01
   12.140   9.6760E+01
   12.150   9.5466E+01
   12.160   9.2262E+01
   12.170   8.8975E+01
   12.180   8.7653E+01
   12.190   8.5502E+01
   12.200   8.4104E+01
   12.210   8.0384E+01
   12.220   6.8843E+01
   12.230   5.3346E+01
   12.240   4.3057E+01
   12.250   4.0558E+01
   12.260   4.1196E+01
   12.270   4.0151E+01
   12.280   3.3531E+01
   12.290   1.6513E+01
   12.300  -4.6872E+00
   12.310  -1.9213E+01
   12.320  -2.9113E+01
   12.330  -3.3777E+01
   12.340  -3.4138E+01
   12.350  -3.9107E+01
   12.360  -4.8029E+01
   12.370  -5.4034E+01
   12.380  -5.5069E+01
   12.390  -4.9600E+01
   12.400  -3.2596E+01
   12.410  -8.1637E+00
   12.420   1.0113E+01
   12.430   1.5182E+01
   12.440   8.4129E+00
   12.450  -7.1905E+00
   12.460  -2.6821E+01
   12.470  -4.9797E+01
   12.480  -7.1690E+01
   12.490  -8.2750E+01
   12.500  -8.0807E+01
   12.510  -7.0781E+01
   12.520  -5.6209E+01
   12.530  -3.7286E+01
   12.540  -1.4661E+01
   12.550   7.8289E+00
   12.560   2.6047E+01
   12.570   3.4109E+01
   12.580   3.3439E+01
   12.590   2.9886E+01
   12.600   2.6406E+01
   12.610   2.6265E+01
   12.620   3.0161E+01
   12.630   3.5928E+01
   12.640   3.9126E+01
   12.650   3.6101E+01
   12.660   2.5100E+01
   12.670   6.3534E+00
   12.680  -1.5779E+01
   12.690  -3.0414E+01
   12.700  -3.2223E+01
   12.710  -2.8338E+01
   12.720  -2.5623E+01
   12.730  -2.6107E+01
   12.740  -2.9515E+01
   12.750  -2.9306E+01
   12.760  -2.4555E+01
   12.770  -1.9750E+01
   12.780  -1.7992E+01
   12.790  -2.1995E+01
   12.800  -2.9759E+01
   12.810  -3.7900E+01
   12.820  -4.5433E+01
   12.830  -5.0199E+01
   12.840  -5.2736E+01
   12.850  -4.9546E+01
   12.860  -4.3870E+01
   12.870  -4.2518E+01
   12.880  -3.9742E+01
   12.890  -3.2579E+01
   12.900  -2.3914E+01
   12.910  -1.3820E+01
   12.920  -5.1455E+00
   12.930  -5.2006E+00
   12.940  -1.6025E+01
   12.950  -3.2505E+01
   12.960  -4.6064E+01
   12.970  -5.0534E+01
   12.980  -4.5650E+01
   12.990  -2.9233E+01
   13.000  -2.2143E+00
   13.010   3.0717E+01
   13.020   6.2129E+01
   13.030   8.2075E+01
   13.040   8.6224E+01
   13.050   8.1259E+01
   13.060   7.5310E+01
   13.070   7.0813E+01
   13.080   6.8484E+01
   13.090   6.6005E+01
   13.100   6.5653E+01
   13.110   6.8726E+01
   13.120   7.6841E+01
   13.130   8.6906E+01
   13.140   9.3863E+01
   13.150   9.5137E+01
   13.160   9.6179E+01
   13.170   1.0338E+02
   13.180   1.1344E+02
   13.190   1.1559E+02
   13.200   1.0699E+02
   13.210   9.5244E+01
   13.220   8.6778E+01
   13.230   8.4520E+01
   13.240   8.8819E+01
   13.250   9.2999E+01
   13.260   8.9214E+01
   13.270   7.8128E+01
   13.280   6.4394E+01
   13.290   5.0234E+01
   13.300   3.4356E+01
   13.310   1.6215E+01
   13.320  -1.0565E+00
   13.330  -1.4758E+01
   13.340  -2.3273E+01
   13.350  -2.8094E+01
   13.360  -3.1596E+01
   13.370  -3.4678E+01
   13.380  -4.5066E+01
   13.390  -6.4852E+01
   13.400  -8.3884E+01
   13.410  -9.3762E+01
   13.420  -9.6193E+01
   13.430  -9.3989E+01
   13.440  -8.9392E+01
   13.450  -8.6282E+01
   13.460  -8.3520E+01
   13.470  -7.9139E+01
   13.480  -7.3529E+01
   13.490  -6.5594E+01
   13.500  -5.6145E+01
   13.510  -4.8594E+01
   13.520  -4.4817E+01
   13.530  -4.4829E+01
   13.540  -4.5952E+01
   13.550  -4.4048E+01
   13.560  -3.5205E+01
   13.570  -1.6703E+01
   13.580   6.6337E+00
   13.590   2.7825E+01
   13.600   4.6865E+01
   13.610   6.0869E+01
   13.620   6.6436E+01
   13.630   6.5574E+01
   13.640   5.7845E+01
   13.650   4.4676E+01
   13.660   3.2910E+01
   13.670   2.6599E+01
   13.680   2.6168E+01
   13.690   3.0969E+01
   13.700   3.5521E+01
   13.710   3.6196E+01
   13.720   3.0086E+01
   13.730   1.9292E+01
   13.740   9.5313E+00
   13.750   3.8818E+00
   13.760   1.0628E+00
   13.770  -1.2143E+00
   13.780  -6.4367E+00
   13.790  -1.3781E+01
   13.800  -2.2558E+01
   13.810  -3.3346E+01
   13.820  -4.4819E+01
   13.830  -5.2748E+01
   13.840  -5.6954E+01
   13.850  -5.9344E+01
   13.860  -5.7270E+01
   13.870  -4.8713E+01
   13.880  -4.0499E+01
   13.890  -3.6502E+01
   13.900  -3.2205E+01
   13.910  -2.6282E+01
   13.920  -1.9533E+01
   13.930  -1.1859E+01
   13.940  -2.9730E+00
   13.950   5.7003E+00
   13.960   1.3699E+01
   13.970   2.0979E+01
   13.980   2.8015E+01
   13.990   3.5816E+01
   14.000   4.4715E+01
   14.010   5.2315E+01
   14.020   5.5519E+01
   14.030   5.0856E+01
   14.040   3.7560E+01
   14.050   1.7630E+01
   14.060  -5.8577E+00
   14.070  -2.4381E+01
   14.080  -3.1448E+01
   14.090  -3.0444E+01
   14.100  -2.5013E+01
   14.110  -1.4315E+01
   14.120   2.9279E+00
   14.130   2.5413E+01
   14.140   4.6118E+01
   14.150   5.8725E+01
   14.160   6.6366E+01
   14.170   7.0597E+01
   14.180   7.1527E+01
   14.190   6.9138E+01
   14.200   6.1788E+01
   14.210   5.1517E+01
   14.220   4.1980E+01
   14.230   3.5595E+01
   14.240   3.1081E+01
   14.250   2.6437E+01
   14.260   1.9491E+01
   14.270   7.8441E+00
   14.280  -5.4459E+00
   14.290  -1.6149E+01
   14.300  -2.2479E+01
   14.310  -2.4531E+01
   14.320  -2.3112E+01
   14.330  -1.9733E+01
   14.340  -1.9080E+01
   14.350  -2.4589E+01
   14.360  -3.4842E+01
   14.370  -4.5186E+01
   14.380  -5.2042E+01
   14.390  -5.4677E+01
   14.400  -5.6965E+01
   14.410  -6.0955E+01
   14.420  -6.3765E+01
   14.430  -6.5512E+01
   14.440  -6.6525E+01
   14.450  -6.3778E+01
   14.460  -5.7743E+01
   14.470  -5.0793E+01
   14.480  -4.4212E+01
   14.490  -4.2165E+01
   14.500  -4.4674E+01
   14.510  -4.5574E+01
   14.520  -3.9808E+01
   14.530  -2.8176E+01
   14.540  -1.3886E+01
   14.550  -8.5095E-01
   14.560   8.5837E+00
   14.570   1.5473E+01
   14.580   2.1914E+01
   14.590   2.7714E+01
   14.600   3.0808E+01
   14.610   3.0942E+01
   14.620   2.9815E+01
   14.630   2.9930E+01
   14.640   3.2347E+01
   14.650   3.6392E+01
   14.660   3.9097E+01
   14.670   3.8201E+01
   14.680   3.4507E+01
   14.690   2.9569E+01
   14.700   2.6386E+01
   14.710   2.5384E+01
   14.720   2.5763E+01
   14.730   2.6694E+01
   14.740   2.8144E+01
   14.750   3.0653E+01
   14.760   3.4182E+01
   14.770   3.7545E+01
   14.780   3.7968E+01
   14.790   3.4392E+01
   14.800   2.7733E+01
   14.810   1.9811E+01
   14.820   1.3154E+01
   14.830   1.0054E+01
   14.840   9.0808E+00
   14.850   6.9882E+00
   14.860   4.0723E+00
   14.870   1.7254E+00
   14.880   4.1487E-01
   14.890  -2.0918E-02
   14.900  -2.7555E-01
   14.910  -8.2396E-01
   14.920  -3.0241E+00
   14.930  -8.2744E+00
   14.940  -1.4329E+01
   14.950  -1.8728E+01
   14.960  -1.9652E+01
   14.970  -1.6321E+01
   14.980  -1.0865E+01
   14.990  -6.4887E+00
   15.000  -4.5986E+00
   15.010  -5.3947E+00
   15.020  -8.4665E+00
   15.030  -1.1958E+01
   15.040  -1.4494E+01
   15.050  -1.3614E+01
   15.060  -8.7510E+00
   15.070  -2.5756E+00
   15.080   3.4067E+00
   15.090   8.2528E+00
   15.100   1.3094E+01
   15.110   1.8847E+01
   15.120   2.4301E+01
   15.130   2.6059E+01
   15.140   2.2878E+01
   15.150   1.8324E+01
   15.160   1.5521E+01
   15.170   1.4416E+01
   15.180   1.3468E+01
   15.190   1.0285E+01
   15.200   3.5216E+00
   15.210  -5.7704E+00
   15.220  -1.5063E+01
   15.230  -2.1324E+01
   15.240  -2.4914E+01
   15.250  -2.8580E+01
   15.260  -3.2533E+01
   15.270  -3.5225E+01
   15.280  -3.5916E+01
   15.290  -3.3735E+01
   15.300  -2.8225E+01
   15.310  -2.0330E+01
   15.320  -1.1605E+01
   15.330  -3.4421E+00
   15.340   3.3447E+00
   15.350   8.9514E+00
   15.360   1.3400E+01
   15.370   1.5145E+01
   15.380   1.2778E+01
   15.390   6.8626E+00
   15.400   1.1715E-01
   15.410  -5.1940E+00
   15.420  -8.9056E+00
   15.430  -1.1118E+01
   15.440  -1.1464E+01
   15.450  -1.0127E+01
   15.460  -8.1983E+00
   15.470  -6.5357E+00
   15.480  -5.4147E+00
   15.490  -4.9987E+00
   15.500  -5.1102E+00
   15.510  -5.1175E+00
   15.520  -4.5552E+00
   15.530  -3.0863E+00
   15.540  -3.0684E-01
   15.550   3.0832E+00
   15.560   5.9324E+00
   15.570   8.0647E+00
   15.580   9.6470E+00
   15.590   1.0831E+01
   15.600   1.1551E+01
   15.610   1.2325E+01
   15.620   1.3510E+01
   15.630   1.4907E+01
   15.640   1.6408E+01
   15.650   1.8081E+01
   15.660   2.0173E+01
   15.670   2.2841E+01
   15.680   2.5636E+01
   15.690   2.8014E+01
   15.700   2.9660E+01
   15.710   2.9938E+01
   15.720   2.8599E+01
   15.730   2.6199E+01
   15.740   2.3416E+01
   15.750   2.0518E+01
   15.760   1.7723E+01
   15.770   1.5034E+01
   15.780   1.2081E+01
   15.790   8.6079E+00
   15.800   4.7311E+00
   15.810   9.1403E-01
   15.820  -2.6679E+00
   15.830  -6.1453E+00
   15.840  -9.9662E+00
   15.850  -1.3912E+01
   15.860  -1.7431E+01
   15.870  -1.9968E+01
   15.880  -2.1438E+01
   15.890  -2.2520E+01
   15.900  -2.3465E+01
   15.910  -2.4239E+01
   15.920  -2.4171E+01
   15.930  -2.3067E+01
   15.940  -2.1679E+01
   15.950  -2.0578E+01
   15.960  -1.9777E+01
   15.970  -1.9000E+01
   15.980  -1.7971E+01
   15.990  -1.6849E+01
   16.000  -1.6069E+01
   16.010  -1.5907E+01
   16.020  -1.6273E+01
   16.030  -1.6701E+01
   16.040  -1.6484E+01
   16.050  -1.4709E+01
   16.060  -1.1164E+01
   16.070  -6.4436E+00
   16.080  -1.7211E+00
   16.090   2.2493E+00
   16.100   5.0961E+00
   16.110   6.9244E+00
   16.120   8.0305E+00
   16.130   8.6328E+00
   16.140   8.6037E+00
   16.150   8.1078E+00
   16.160   7.6847E+00
   16.170   7.5788E+00
   16.180   8.0817E+00
   16.190   9.2450E+00
   16.200   1.0427E+01
   16.210   1.0927E+01
   16.220   1.0352E+01
   16.230   8.4722E+00
   16.240   5.5620E+00
   16.250   2.4607E+00
   16.260  -2.0571E-01
   16.270  -1.9832E+00
   16.280  -2.6763E+00
   16.290  -2.5497E+00
   16.300  -2.2866E+00
   16.310  -2.5432E+00
   16.320  -3.6357E+00
   16.330  -5.4149E+00
   16.340  -7.3234E+00
   16.350  -8.9371E+00
   16.360  -1.0289E+01
   16.370  -1.1249E+01
   16.380  -1.1651E+01
   16.390  -1.1482E+01
   16.400  -1.0702E+01
   16.410  -1.0062E+01
   16.420  -1.0459E+01
   16.430  -1.1772E+01
   16.440  -1.2965E+01
   16.450  -1.2803E+01
   16.460  -1.0722E+01
   16.470  -7.1506E+00
   16.480  -3.0808E+00
   16.490   9.0797E-01
   16.500   4.5106E+00
   16.510   7.6442E+00
   16.520   1.0295E+01
   16.530   1.2044E+01
   16.540   1.2348E+01
   16.550   1.1130E+01
   16.560   8.7006E+00
   16.570   5.7841E+00
   16.580   3.3160E+00
   16.590   1.7112E+00
   16.600   6.4020E-01
   16.610  -5.7918E-02
   16.620  -1.7530E-01
   16.630   5.4407E-01
   16.640   2.0611E+00
   16.650   3.8969E+00
   16.660   5.7029E+00
   16.670   6.9879E+00
   16.680   7.4194E+00
   16.690   7.1647E+00
   16.700   6.3182E+00
   16.710   4.8334E+00
   16.720   2.9816E+00
   16.730   1.3204E+00
   16.740  -6.8927E-02
   16.750  -1.2983E+00
   16.760  -2.3238E+00
   16.770  -3.1005E+00
   16.780  -3.8678E+00
   16.790  -4.8212E+00
   16.800  -5.9980E+00
   16.810  -7.3183E+00
   16.820  -8.4815E+00
   16.830  -9.1278E+00
   16.840  -9.2521E+00
   16.850  -9.2328E+00
   16.860  -9.3914E+00
   16.870  -9.7298E+00
   16.880  -1.0230E+01
   16.890  -1.1025E+01
   16.900  -1.2192E+01
   16.910  -1.3693E+01
   16.920  -1.5268E+01
   16.930  -1.6581E+01
   16.940  -1.7361E+01
   16.950  -1.7580E+01
   16.960  -1.7306E+01
   16.970  -1.6516E+01
   16.980  -1.5092E+01
   16.990  -1.2987E+01
   17.000  -1.0573E+01
   17.010  -8.4046E+00
   17.020  -6.7319E+00
   17.030  -5.4692E+00
   17.040  -4.2731E+00
   17.050  -2.7885E+00
   17.060  -9.5413E-01
   17.070   1.0622E+00
   17.080   3.1016E+00
   17.090   5.1896E+00
   17.100   7.3949E+00
   17.110   9.6259E+00
   17.120   1.1673E+01
   17.130   1.3426E+01
   17.140   1.4771E+01
   17.150   1.5574E+01
   17.160   1.5827E+01
   17.170   1.5526E+01
   17.180   1.4776E+01
   17.190   1.3822E+01
   17.200   1.2868E+01
   17.210   1.2015E+01
   17.220   1.1258E+01
   17.230   1.0565E+01
   17.240   9.8386E+00
   17.250   9.0442E+00
   17.260   8.2592E+00
   17.270   7.5389E+00
   17.280   6.8888E+00
   17.290   6.2494E+00
   17.300   5.4420E+00
   17.310   4.2116E+00
   17.320   2.4523E+00
   17.330   3.1225E-01
   17.340  -1.8980E+00
   17.350  -3.9147E+00
   17.360  -5.5853E+00
   17.370  -6.8632E+00
   17.380  -7.7898E+00
   17.390  -8.4431E+00
   17.400  -8.8236E+00
   17.410  -8.8951E+00
   17.420  -8.7031E+00
   17.430  -8.4010E+00
   17.440  -8.1453E+00
   17.450  -7.9223E+00
   17.460  -7.5540E+00
   17.470  -6.8637E+00
   17.480  -5.7713E+00
   17.490  -4.3142E+00
   17.500  -2.6225E+00
   17.510  -9.3877E-01
   17.520   3.9101E-01
   17.530   1.1268E+00
   17.540   1.2840E+00
   17.550   1.1070E+00
   17.560   9.1690E-01
   17.570   9.6919E-01
   17.580   1.3438E+00
   17.590   1.9382E+00
   17.600   2.5848E+00
   17.610   3.1852E+00
   17.620   3.7248E+00
   17.630   4.1868E+00
   17.640   4.5242E+00
   17.650   4.7206E+00
   17.660   4.9076E+00
   17.670   5.2964E+00
   17.680   5.9639E+00
   17.690   6.7050E+00
   17.700   7.1699E+00
   17.710   7.1238E+00
   17.720   6.5640E+00
   17.730   5.6345E+00
   17.740   4.4635E+00
   17.750   3.1175E+00
   17.760   1.6857E+00
   17.770   3.2808E-01
   17.780  -7.8809E-01
   17.790  -1.5625E+00
   17.800  -1.9935E+00
   17.810  -2.1702E+00
   17.820  -2.2238E+00
   17.830  -2.2718E+00
   17.840  -2.4155E+00
   17.850  -2.6899E+00
   17.860  -3.0462E+00
   17.870  -3.4005E+00
   17.880  -3.7177E+00
   17.890  -4.0521E+00
   17.900  -4.4740E+00
   17.910  -4.9870E+00
   17.920  -5.4816E+00
   17.930  -5.7919E+00
   17.940  -5.7625E+00
   17.950  -5.2905E+00
   17.960  -4.3536E+00
   17.970  -3.0340E+00
   17.980  -1.5366E+00
   17.990  -1.6534E-01
   18.000   8.2159E-01
   18.010   1.3756E+00
   18.020   1.6948E+00
   18.030   2.0784E+00
   18.040   2.7131E+00
   18.050   3.5552E+00
   18.060   4.4218E+00
   18.070   5.1753E+00
   18.080   5.8578E+00
   18.090   6.5835E+00
   18.100   7.3704E+00
   18.110   8.1180E+00
   18.120   8.6930E+00
   18.130   9.0809E+00
   18.140   9.3866E+00
   18.150   9.6754E+00
   18.160   9.9292E+00
   18.170   1.0114E+01
   18.180   1.0235E+01
   18.190   1.0291E+01
   18.200   1.0229E+01
   18.210   9.9503E+00
   18.220   9.3215E+00
   18.230   8.2324E+00
   18.240   6.7220E+00
   18.250   5.0533E+00
   18.260   3.6054E+00
   18.270   2.6154E+00
   18.280   2.0444E+00
   18.290   1.6513E+00
   18.300   1.1636E+00
   18.310   4.2852E-01
   18.320  -5.5648E-01
   18.330  -1.7251E+00
   18.340  -2.9896E+00
   18.350  -4.2355E+00
   18.360  -5.3503E+00
   18.370  -6.2498E+00
   18.380  -6.8869E+00
   18.390  -7.3036E+00
   18.400  -7.6048E+00
   18.410  -7.8706E+00
   18.420  -8.1103E+00
   18.430  -8.2579E+00
   18.440  -8.2412E+00
   18.450  -8.0418E+00
   18.460  -7.7382E+00
   18.470  -7.4217E+00
   18.480  -7.0900E+00
   18.490  -6.6471E+00
   18.500  -5.9753E+00
   18.510  -5.0798E+00
   18.520  -4.1042E+00
   18.530  -3.1924E+00
   18.540  -2.3873E+00
   18.550  -1.6016E+00
   18.560  -6.9824E-01
   18.570   3.7455E-01
   18.580   1.5484E+00
   18.590   2.7106E+00
   18.600   3.7777E+00
   18.610   4.7109E+00
   18.620   5.4726E+00
   18.630   6.0032E+00
   18.640   6.2633E+00
   18.650   6.2725E+00
   18.660   6.1329E+00
   18.670   5.9511E+00
   18.680   5.7570E+00
   18.690   5.5469E+00
   18.700   5.3029E+00
   18.710   4.9389E+00
   18.720   4.3519E+00
   18.730   3.5345E+00
   18.740   2.6061E+00
   18.750   1.7318E+00
   18.760   9.9194E-01
   18.770   4.0019E-01
   18.780  -8.5025E-05
   18.790  -1.5294E-01
   18.800  -1.0880E-01
   18.810  -7.0136E-02
   18.820  -2.7395E-01
   18.830  -8.2946E-01
   18.840  -1.6603E+00
   18.850  -2.5680E+00
   18.860  -3.3424E+00
   18.870  -3.8552E+00
   18.880  -4.1031E+00
   18.890  -4.1779E+00
   18.900  -4.1813E+00
   18.910  -4.1622E+00
   18.920  -4.1282E+00
   18.930  -4.1042E+00
   18.940  -4.1549E+00
   18.950  -4.3243E+00
   18.960  -4.5398E+00
   18.970  -4.5901E+00
   18.980  -4.2420E+00
   18.990  -3.4251E+00
   19.000  -2.3068E+00
   19.010  -1.1761E+00
   19.020  -2.4522E-01
   19.030   4.4305E-01
   19.040   9.5479E-01
   19.050   1.3625E+00
   19.060   1.7040E+00
   19.070   1.9942E+00
   19.080   2.2366E+00
   19.090   2.4283E+00
   19.100   2.5732E+00
   19.110   2.6932E+00
   19.120   2.8139E+00
   19.130   2.9342E+00
   19.140   3.0177E+00
   19.150   3.0253E+00
   19.160   2.9617E+00
   19.170   2.8803E+00
   19.180   2.8164E+00
   19.190   2.7092E+00
   19.200   2.4119E+00
   19.210   1.8133E+00
   19.220   9.5866E-01
   19.230   5.2193E-02
   19.240  -6.4829E-01
   19.250  -9.4044E-01
   19.260  -7.4414E-01
   19.270  -1.4872E-01
   19.280   5.7685E-01
   19.290   1.0790E+00
   19.300   1.1035E+00
   19.310   6.2216E-01
   19.320  -2.0632E-01
   19.330  -1.1811E+00
   19.340  -2.1566E+00
   19.350  -3.0445E+00
   19.360  -3.7911E+00
   19.370  -4.3896E+00
   19.380  -4.8928E+00
   19.390  -5.3727E+00
   19.400  -5.8478E+00
   19.410  -6.2549E+00
   19.420  -6.4999E+00
   19.430  -6.5394E+00
   19.440  -6.4067E+00
   19.450  -6.1523E+00
   19.460  -5.7595E+00
   19.470  -5.1299E+00
   19.480  -4.1722E+00
   19.490  -2.9206E+00
   19.500  -1.5649E+00
   19.510  -3.4335E-01
   19.520   6.1798E-01
   19.530   1.3705E+00
   19.540   2.0503E+00
   19.550   2.7275E+00
   19.560   3.3573E+00
   19.570   3.8641E+00
   19.580   4.2351E+00
   19.590   4.5119E+00
   19.600   4.7125E+00
   19.610   4.7964E+00
   19.620   4.7069E+00
   19.630   4.4312E+00
   19.640   4.0211E+00
   19.650   3.5751E+00
   19.660   3.1904E+00
   19.670   2.8936E+00
   19.680   2.5953E+00
   19.690   2.1385E+00
   19.700   1.4335E+00
   19.710   5.6846E-01
   19.720  -2.2175E-01
   19.730  -7.1567E-01
   19.740  -8.6196E-01
   19.750  -8.0210E-01
   19.760  -7.4843E-01
   19.770  -8.2858E-01
   19.780  -1.0307E+00
   19.790  -1.2800E+00
   19.800  -1.5492E+00
   19.810  -1.8821E+00
   19.820  -2.3183E+00
   19.830  -2.8226E+00
   19.840  -3.3044E+00
   19.850  -3.7025E+00
   19.860  -4.0352E+00
   19.870  -4.3617E+00
   19.880  -4.6950E+00
   19.890  -4.9497E+00
   19.900  -4.9797E+00
   19.910  -4.6810E+00
   19.920  -4.0873E+00
   19.930  -3.3799E+00
   19.940  -2.7880E+00
   19.950  -2.4302E+00
   19.960  -2.2192E+00
   19.970  -1.9247E+00
   19.980  -1.3572E+00
   19.990  -5.0110E-01
   20.000   5.3149E-01
   20.010   1.6526E+00
   20.020   2.8545E+00
   20.030   4.1123E+00
   20.040   5.2922E+00
   20.050   6.2193E+00
   20.060   6.8290E+00
   20.070   7.2107E+00
   20.080   7.4942E+00
   20.090   7.7222E+00
   20.100   7.8294E+00
   20.110   7.7041E+00
   20.120   7.2548E+00
   20.130   6.4640E+00
   20.140   5.4291E+00
   20.150   4.3409E+00
   20.160   3.3745E+00
   20.170   2.5763E+00
   20.180   1.8745E+00
   20.190   1.2151E+00
   20.200   6.7142E-01
   20.210   3.9305E-01
   20.220   4.3767E-01
   20.230   6.6583E-01
   20.240   8.1166E-01
   20.250   6.5726E-01
   20.260   1.4445E-01
   20.270  -6.5255E-01
   20.280  -1.6269E+00
   20.290  -2.7087E+00
   20.300  -3.8688E+00
   20.310  -5.0845E+00
   20.320  -6.3003E+00
   20.330  -7.4117E+00
   20.340  -8.2985E+00
   20.350  -8.8873E+00
   20.360  -9.1825E+00
   20.370  -9.2296E+00
   20.380  -9.0548E+00
   20.390  -8.6545E+00
   20.400  -8.0465E+00
   20.410  -7.3313E+00
   20.420  -6.6946E+00
   20.430  -6.3160E+00
   20.440  -6.2201E+00
   20.450  -6.1920E+00
   20.460  -5.8799E+00
   20.470  -5.0424E+00
   20.480  -3.7216E+00
   20.490  -2.1827E+00
   20.500  -7.1047E-01
   20.510   5.2156E-01
   20.520   1.4407E+00
   20.530   2.0388E+00
   20.540   2.3922E+00
   20.550   2.6781E+00
   20.560   3.1018E+00
   20.570   3.7707E+00
   20.580   4.6122E+00
   20.590   5.3991E+00
   20.600   6.5948E+00
   20.610   6.7201E+00
   20.620   6.5090E+00
   20.630   6.2132E+00
   20.640   6.0536E+00
   20.650   6.0736E+00
   20.660   6.1462E+00
   20.670   6.1134E+00
   20.680   5.9328E+00
   20.690   5.7150E+00
   20.700   5.6176E+00
   20.710   5.6755E+00
   20.720   5.7136E+00
   20.730   5.4330E+00
   20.740   4.6006E+00
   20.750   3.1801E+00
   20.760   1.3205E+00
   20.770  -7.3945E-01
   20.780  -2.7574E+00
   20.790  -4.5326E+00
   20.800  -5.9229E+00
   20.810  -6.8484E+00
   20.820  -7.2978E+00
   20.830  -7.3491E+00
   20.840  -7.1691E+00
   20.850  -6.9369E+00
   20.860  -6.7189E+00
   20.870  -6.4138E+00
   20.880  -5.8464E+00
   20.890  -4.9391E+00
   20.900  -3.8039E+00
   20.910  -2.6699E+00
   20.920  -1.7030E+00
   20.930  -8.7065E-01
   20.940   1.8252E-02
   20.950   1.3632E+00
   20.960   2.6143E+00
   20.970   3.8460E+00
   20.980   4.8719E+00
   20.990   5.6507E+00
   21.000   6.2568E+00
   21.010   6.7602E+00
   21.020   7.1575E+00
   21.030   7.3983E+00
   21.040   7.4466E+00
   21.050   7.3060E+00
   21.060   6.9999E+00
   21.070   6.5424E+00
   21.080   5.9447E+00
   21.090   5.2549E+00
   21.100   4.5774E+00
   21.110   4.0193E+00
   21.120   3.5980E+00
   21.130   3.2020E+00
   21.140   2.6521E+00
   21.150   1.8137E+00
   21.160   6.7719E-01
   21.170  -6.4130E-01
   21.180  -1.9737E+00
   21.190  -3.1962E+00
   21.200  -4.2679E+00
   21.210  -5.1878E+00
   21.220  -5.9489E+00
   21.230  -6.5659E+00
   21.240  -7.1233E+00
   21.250  -7.7276E+00
   21.260  -8.3910E+00
   21.270  -8.9967E+00
   21.280  -9.3950E+00
   21.290  -9.5040E+00
   21.300  -9.3171E+00
   21.310  -8.8921E+00
   21.320  -8.6049E+00
   21.330  -8.3513E+00
   21.340  -8.3739E+00
   21.350  -8.5984E+00
   21.360  -8.3443E+00
   21.370  -7.3028E+00
   21.380  -5.3044E+00
   21.390  -3.3900E+00
   21.400  -1.2050E+00
   21.410   1.1439E+00
   21.420   3.5770E+00
   21.430   5.9603E+00
   21.440   8.0959E+00
   21.450   9.7905E+00
   21.460   1.0939E+01
   21.470   1.1558E+01
   21.480   1.0524E+01
   21.490   1.0532E+01
   21.500   1.0366E+01
   21.510   1.0451E+01
   21.520   9.9201E+00
   21.530   9.6999E+00
   21.540   9.3682E+00
   21.550   9.9308E+00
   21.560   9.5510E+00
   21.570   9.3140E+00
   21.580   9.2719E+00
   21.590   9.3462E+00
   21.600   9.4015E+00
   21.610   9.3249E+00
   21.620   9.0276E+00
   21.630   8.4108E+00
   21.640   7.2662E+00
   21.650   5.1657E+00
   21.660   3.5025E+00
   21.670   2.0256E+00
   21.680   9.7299E-01
   21.690   4.3762E-01
   21.700   3.6268E-01
   21.710   5.4495E-01
   21.720   6.4454E-01
   21.730   2.6689E-01
   21.740  -8.7365E-01
   21.750  -2.8018E+00
   21.760  -5.2412E+00
   21.770  -7.7149E+00
   21.780  -9.1536E+00
   21.790  -1.0445E+01
   21.800  -1.1135E+01
   21.810  -1.0709E+01
   21.820  -1.0870E+01
   21.830  -1.0887E+01
   21.840  -1.0658E+01
   21.850  -1.0158E+01
   21.860  -9.4667E+00
   21.870  -8.6771E+00
   21.880  -7.8248E+00
   21.890  -6.9218E+00
   21.900  -6.0040E+00
   21.910  -5.1403E+00
   21.920  -4.4199E+00
   21.930  -2.0439E+00
   21.940  -1.8469E+00
   21.950  -1.8864E+00
   21.960  -2.0979E+00
   21.970  -2.4320E+00
   21.980  -2.8170E+00
   21.990  -3.0894E+00
   22.000  -3.0273E+00
   22.010  -2.4978E+00
   22.020  -1.5499E+00
   22.030  -4.6349E-01
   22.040   7.4220E-01
   22.050   1.8502E+00
   22.060   2.6722E+00
   22.070   3.0510E+00
   22.080   2.9649E+00
   22.090   2.5530E+00
   22.100   2.0108E+00
   22.110   1.4624E+00
   22.120   5.3557E-01
   22.130  -4.3379E-02
   22.140  -4.2468E-01
   22.150  -5.0653E-01
   22.160  -2.5398E-01
   22.170   2.1447E-01
   22.180   8.2533E-01
   22.190   2.3340E-01
   22.200   3.0242E-01
   22.210   2.3572E-01
   22.220   3.0294E-02
   22.230  -3.4432E-01
   22.240  -8.7030E-01
   22.250  -1.4419E+00
   22.260  -1.9348E+00
   22.270  -2.3028E+00
   22.280  -2.5795E+00
   22.290  -3.4251E+00
   22.300  -3.5894E+00
   22.310  -3.6567E+00
   22.320  -2.1461E+00
   22.330  -2.0481E+00
   22.340  -1.9589E+00
   22.350  -9.1342E-01
   22.360  -4.8505E-01
   22.370  -1.2697E-01
   22.380  -1.2147E-01
   22.390  -1.8269E+00
   22.400  -1.4708E+00
   22.410  -1.6665E+00
   22.420  -1.6156E+00
   22.430  -4.4588E-01
   22.440  -2.1963E-01
   22.450  -6.8340E-01
   22.460  -1.9273E-01
   22.470  -4.3777E-01
   22.480  -2.4476E-01
   22.490   2.9055E-01
   22.500   1.1229E+00
   22.510   1.1651E+00
   22.520   1.2674E+00
   22.530   1.8798E+00
   22.540   2.2071E+00
   22.550   2.4750E+00
   22.560   2.7166E+00
   22.570   3.0073E+00
   22.580   3.4611E+00
   22.590   4.1935E+00
   22.600   5.9326E+00
   22.610   7.0977E+00
   22.620   7.1917E+00
   22.630   7.9167E+00
   22.640   8.0850E+00
   22.650   8.6738E+00
   22.660   7.2019E+00
   22.670   5.9096E+00
   22.680   4.5115E+00
   22.690   3.0491E+00
   22.700   1.8834E+00
   22.710   4.5862E-01
   22.720  -8.9095E-01
   22.730  -2.2584E+00
   22.740  -3.6204E+00
   22.750  -3.3152E+00
   22.760  -4.7462E+00
   22.770  -6.2270E+00
   22.780  -7.6124E+00
   22.790  -8.6908E+00
   22.800  -9.3590E+00
   22.810  -9.9248E+00
   22.820  -1.0330E+01
   22.830  -1.0465E+01
   22.840  -1.0496E+01
   22.850  -1.0654E+01
   22.860  -1.1085E+01
   22.870  -1.1714E+01
   22.880  -1.2299E+01
   22.890  -1.2949E+01
   22.900  -1.3083E+01
   22.910  -1.2360E+01
   22.920  -1.1297E+01
   22.930  -9.7779E+00
   22.940  -8.4705E+00
   22.950  -7.1701E+00
   22.960  -5.7940E+00
   22.970  -4.6383E+00
   22.980  -1.6308E+00
   22.990   2.3829E-02
   23.000   1.9440E+00
   23.010   4.2637E+00
   23.020   7.0672E+00
   23.030   9.5852E+00
   23.040   1.1731E+01
   23.050   1.3355E+01
   23.060   1.4378E+01
   23.070   1.5381E+01
   23.080   1.6270E+01
   23.090   1.6900E+01
   23.100   1.7029E+01
   23.110   1.6601E+01
   23.120   1.5488E+01
   23.130   1.3333E+01
   23.140   1.1469E+01
   23.150   8.5767E+00
   23.160   7.1106E+00
   23.170   3.1460E+00
   23.180   2.1004E+00
   23.190   1.2458E+00
   23.200   8.5730E-01
   23.210   3.6580E-01
   23.220   2.3467E-02
   23.230   5.1903E-01
   23.240   5.8656E-01
   23.250   5.7286E-01
   23.260  -8.8565E-02
   23.270  -6.4112E-01
   23.280  -1.4146E+00
   23.290  -2.0338E+00
   23.300  -2.7241E+00
   23.310  -3.3398E+00
   23.320  -3.3541E+00
   23.330  -3.1517E+00
   23.340  -2.9482E+00
   23.350  -2.9248E+00
   23.360  -3.2488E+00
   23.370  -3.5527E+00
   23.380  -3.8512E+00
   23.390  -4.0306E+00
   23.400  -5.2895E+00
   23.410  -5.7924E+00
   23.420  -5.8423E+00
   23.430  -5.9166E+00
   23.440  -5.8898E+00
   23.450  -5.6636E+00
   23.460  -4.6729E+00
   23.470  -4.1432E+00
   23.480  -3.5201E+00
   23.490  -7.4544E-01
   23.500  -1.0450E-01
   23.510   5.7720E-01
   23.520   1.2206E+00
   23.530   1.8553E+00
   23.540   2.5659E+00
   23.550   3.3719E+00
   23.560   4.0351E+00
   23.570   4.7289E+00
   23.580   5.0495E+00
   23.590   5.1393E+00
   23.600   5.1491E+00
   23.610   5.2355E+00
   23.620   5.4534E+00
   23.630   5.7466E+00
   23.640   5.8497E+00
   23.650   6.2345E+00
   23.660   6.7782E+00
   23.670   7.0147E+00
   23.680   6.9301E+00
   23.690   6.7865E+00
   23.700   6.6673E+00
   23.710   6.7329E+00
   23.720   6.6332E+00
   23.730   6.4439E+00
   23.740   6.8715E+00
   23.750   6.3761E+00
   23.760   5.8536E+00
   23.770   5.6245E+00
   23.780   4.8405E+00
   23.790   4.1269E+00
   23.800   4.5031E+00
   23.810   3.6896E+00
   23.820   3.4956E+00
   23.830   3.2729E+00
   23.840   2.9164E+00
   23.850   2.4257E+00
   23.860   1.5055E+00
   23.870   4.7978E+00
   23.880   4.5686E+00
   23.890   4.1418E+00
   23.900   3.2662E+00
   23.910   1.5735E+00
   23.920  -1.1559E+00
   23.930  -2.2040E+00
   23.940  -2.0923E+00
   23.950  -1.5806E+00
   23.960  -2.3620E+00
   23.970  -3.1496E+00
   23.980  -3.8989E+00
   23.990  -4.5503E+00
   24.000  -5.0154E+00
   24.010  -5.2090E+00
   24.020  -4.7576E+00
   24.030  -4.6815E+00
   24.040  -4.6271E+00
   24.050  -4.4158E+00
   24.060  -4.5552E+00
   24.070  -4.3673E+00
   24.080  -2.1512E+00
   24.090  -1.7928E+00
   24.100  -1.4179E+00
   24.110  -1.0534E+00
   24.120   1.9917E-01
   24.130   5.1506E-01
   24.140   6.6654E-01
   24.150   7.8458E-01
   24.160   8.6435E-01
   24.170   8.9964E-01
   24.180   8.8908E-01
   24.190   8.4077E-01
   24.200   7.7963E-01
   24.210   7.3843E-01
   24.220   7.2800E-01
   24.230   6.8652E-01
   24.240   6.1771E-01
   24.250   4.5762E-01
   24.260   2.0219E-01
   24.270  -6.3413E-02
   24.280   1.1499E+00
   24.290   1.0786E+00
   24.300   1.1546E+00
   24.310   1.1273E+00
   24.320   1.2485E+00
   24.330   1.4088E+00
   24.340   1.6126E+00
   24.350   1.8139E+00
   24.360   1.9262E+00
   24.370   1.9030E+00
   24.380   1.7928E+00
   24.390   1.6990E+00
   24.400   1.6921E+00
   24.410   1.7702E+00
   24.420   1.8922E+00
   24.430   2.0325E+00
   24.440   2.1512E+00
   24.450   2.4557E+00
   24.460   3.0473E+00
   24.470   3.2331E+00
   24.480   3.4324E+00
   24.490   3.4744E+00
   24.500   3.3730E+00
   24.510   3.1711E+00
   24.520   2.9420E+00
   24.530   2.7239E+00
   24.540   2.5370E+00
   24.550   2.3056E+00
   24.560   2.0943E+00
   24.570   1.8563E+00
   24.580   1.5988E+00
   24.590   1.3343E+00
   24.600   1.0076E+00
   24.610   1.0428E+00
   24.620   3.9311E-01
   24.630  -3.3158E-01
   24.640  -9.7274E-01
   24.650  -1.4224E+00
   24.660  -1.6069E+00
   24.670  -1.7686E+00
   24.680  -1.8791E+00
   24.690  -1.9805E+00
   24.700  -2.1604E+00
   24.710  -2.4678E+00
   24.720  -2.9228E+00
   24.730  -3.5064E+00
   24.740  -4.1562E+00
   24.750  -4.7996E+00
   24.760  -5.3184E+00
   24.770  -5.6211E+00
   24.780  -5.2597E+00
   24.790  -5.1738E+00
   24.800  -4.9924E+00
   24.810  -4.7889E+00
   24.820  -4.5237E+00
   24.830  -4.2086E+00
   24.840  -3.7163E+00
   24.850  -2.8705E+00
   24.860  -1.2069E+00
   24.870  -1.1045E+00
   24.880  -1.1060E+00
   24.890  -7.5584E-01
   24.900  -8.3083E-01
   24.910  -8.9994E-01
   24.920  -9.4939E-01
   24.930  -9.6968E-01
   24.940  -9.5397E-01
   24.950  -8.9993E-01
   24.960  -8.0335E-01
   24.970  -6.5519E-01
   24.980  -4.5255E-01
   24.990  -2.8332E-01
   25.000  -2.3901E-03
   25.010  -1.0480E+00
   25.020  -9.2779E-01
   25.030  -8.0025E-01
   25.040  -8.5346E-01
   25.050  -6.7372E-01
   25.060  -4.3958E-01
   25.070  -2.8333E-01
   25.080   1.2217E-01
   25.090   1.3431E+00
   25.100   1.5430E+00
   25.110   1.6764E+00
   25.120   1.7793E+00
   25.130   1.8597E+00
   25.140   1.8999E+00
   25.150   1.8847E+00
   25.160   1.5952E+00
   25.170   1.5522E+00
   25.180   1.4792E+00
   25.190   2.7913E+00
   25.200   2.7369E+00
   25.210   2.5671E+00
   25.220   2.2897E+00
   25.230   1.9157E+00
   25.240   1.4751E+00
   25.250   1.0089E+00
   25.260   5.1499E-01
   25.270   5.5987E-02
   25.280  -3.6836E-01
   25.290  -7.6092E-01
   25.300  -1.1324E+00
   25.310  -1.5124E+00
   25.320  -1.8450E+00
   25.330  -2.1754E+00
   25.340  -2.4828E+00
   25.350  -2.7341E+00
   25.360  -2.9847E+00
   25.370  -3.0202E+00
   25.380  -2.9432E+00
   25.390  -2.8021E+00
   25.400  -2.6341E+00
   25.410  -2.4644E+00
   25.420  -2.3019E+00
   25.430  -2.1440E+00
   25.440  -1.9688E+00
   25.450  -1.7555E+00
   25.460  -1.5127E+00
   25.470  -1.2720E+00
   25.480  -1.1130E+00
   25.490  -8.4272E-01
   25.500  -4.9833E-01
   25.510  -5.8458E-02
   25.520   4.6143E-01
   25.530   7.6922E-01
   25.540   1.2293E+00
   25.550   1.7822E+00
   25.560   2.1202E+00
   25.570   2.3527E+00
   25.580   2.4898E+00
   25.590   2.5422E+00
   25.600   2.5160E+00
   25.610   2.4755E+00
   25.620   2.3869E+00
   25.630   2.2494E+00
   25.640   2.0922E+00
   25.650   1.9171E+00
   25.660   1.7454E+00
   25.670   1.6004E+00
   25.680   1.4810E+00
   25.690   1.8061E+00
   25.700   1.6315E+00
   25.710   1.1023E+00
   25.720   8.2373E-01
   25.730   4.8510E-01
   25.740   1.5547E-01
   25.750  -9.7847E-02
   25.760  -2.1973E-01
   25.770  -2.8638E-01
   25.780  -2.8303E-01
   25.790  -2.3642E-01
   25.800  -1.8494E-01
   25.810  -1.5205E-01
   25.820  -2.1789E-01
   25.830  -3.4433E-01
   25.840  -5.0677E-01
   25.850  -6.8825E-01
   25.860  -8.3425E-01
   25.870  -8.7510E-01
   25.880  -9.9834E-01
   25.890  -1.0963E+00
   25.900  -1.0790E+00
   25.910  -1.2742E+00
   25.920  -1.0988E+00
   25.930  -1.1213E+00
   25.940  -1.0764E+00
   25.950  -9.6436E-01
   25.960  -7.9659E-01
   25.970  -5.8859E-01
   25.980  -7.0791E-01
   25.990  -5.5785E-01
   26.000  -4.3253E-01
   26.010  -3.3509E-01
   26.020  -1.0534E+00
   26.030  -1.9525E-01
   26.040  -6.1596E-02
   26.050   6.2745E-02
   26.060   2.0865E-01
   26.070   3.8247E-01
   26.080   5.8331E-01
   26.090   8.0438E-01
   26.100   1.1400E+00
   26.110   1.3782E+00
   26.120   1.5995E+00
   26.130   1.4620E+00
   26.140   1.5816E+00
   26.150   1.6509E+00
   26.160   1.6982E+00
   26.170   1.7576E+00
   26.180   1.8170E+00
   26.190   1.9003E+00
   26.200   1.9728E+00
   26.210   1.9221E+00
   26.220   1.9286E+00
   26.230   1.8488E+00
   26.240   1.7005E+00
   26.250   1.5635E+00
   26.260   1.4414E+00
   26.270   1.4194E+00
   26.280   1.1728E+00
   26.290   1.0985E+00
   26.300   1.0275E+00
   26.310   9.5739E-01
   26.320   8.2401E-01
   26.330   6.2422E-01
   26.340   3.7189E-01
   26.350   8.9125E-02
   26.360  -2.1041E-01
   26.370  -5.1891E-01
   26.380  -7.6000E-01
   26.390  -1.0142E+00
   26.400  -1.1943E+00
   26.410  -1.3008E+00
   26.420  -7.9373E-01
   26.430  -8.3400E-01
   26.440  -8.3332E-01
   26.450  -9.5775E-01
   26.460  -9.0141E-01
   26.470  -8.3798E-01
   26.480  -7.9929E-01
   26.490  -7.9660E-01
   26.500  -9.2106E-01
   26.510  -9.4429E-01
   26.520  -9.1076E-01
   26.530  -7.4683E-01
   26.540  -6.0117E-01
   26.550  -4.2920E-01
   26.560  -2.5706E-01
   26.570  -1.0312E-01
   26.580   2.2990E-02
   26.590   1.2754E-01
   26.600   2.1671E-01
   26.610   2.8579E-01
   26.620   4.8530E-01
   26.630   5.0909E-01
   26.640   5.2473E-01
   26.650   4.9561E-01
   26.660   5.1459E-01
   26.670   6.2978E-01
   26.680   5.8893E-01
   26.690   5.1256E-01
   26.700   3.9568E-01
   26.710   2.4280E-01
   26.720   2.3892E-01
   26.730   2.4838E-01
   26.740   2.5413E-01
   26.750   2.4666E-01
   26.760   2.1527E-01
   26.770   1.5827E-01
   26.780   8.0932E-02
   26.790  -1.6508E-02
   26.800  -1.4149E-01
   26.810  -2.9566E-01
   26.820  -4.6354E-01
   26.830  -6.1736E-01
   26.840  -7.4862E-01
   26.850  -6.7470E-01
   26.860  -6.8296E-01
   26.870  -6.8482E-01
   26.880  -6.8592E-01
   26.890  -7.0220E-01
   26.900  -7.4905E-01
   26.910  -8.1042E-01
   26.920  -8.7410E-01
   26.930  -8.8859E-01
   26.940  -8.3558E-01
   26.950  -7.3316E-01
   26.960  -6.1866E-01
   26.970  -5.1877E-01
   26.980  -4.3879E-01
   26.990  -3.7861E-01
   27.000  -2.6793E-01
   27.010  -2.7149E-01
   27.020  -3.1551E-01
   27.030  -3.7175E-01
   27.040  -4.0960E-01
   27.050  -4.1139E-01
   27.060  -3.6964E-01
   27.070  -2.7908E-01
   27.080  -1.4687E-01
   27.090   1.2694E-02
   27.100   1.8339E-01
   27.110   3.9370E-01
   27.120   6.2086E-01
   27.130   8.6161E-01
   27.140   9.9070E-01
   27.150   1.2053E+00
   27.160   8.3470E-01
   27.170   8.3061E-01
   27.180   8.0443E-01
   27.190   7.4220E-01
   27.200   6.4301E-01
   27.210   5.2255E-01
   27.220   3.9972E-01
   27.230   2.8309E-01
   27.240   1.7014E-01
   27.250   4.9586E-02
   27.260  -7.9836E-02
   27.270  -2.4384E-01
   27.280  -3.5596E-01
   27.290  -2.6643E-01
   27.300  -2.5436E-01
   27.310  -1.7394E-01
   27.320  -1.9950E-01
   27.330  -2.3222E-01
   27.340  -2.6775E-01
   27.350  -2.9621E-01
   27.360  -3.0810E-01
   27.370  -3.0021E-01
   27.380  -2.7585E-01
   27.390  -2.4058E-01
   27.400  -1.9872E-01
   27.410  -1.5283E-01
   27.420  -1.7322E-01
   27.430  -1.2710E-01
   27.440  -7.6172E-02
   27.450  -2.3667E-02
   27.460   2.6206E-02
   27.470  -8.4477E-03
   27.480  -3.2777E-03
   27.490  -2.3679E-03
   27.500  -6.0514E-04
   27.510   6.8053E-03
   27.520   2.0732E-02
   27.530   3.8219E-02
   27.540   5.5560E-02
   27.550   7.1065E-02
   27.560   8.3995E-02
   27.570   9.5577E-02
   27.580   1.1753E-01
   27.590   1.2945E-01
   27.600   1.4381E-01
   27.610   1.5695E-01
   27.620   1.6397E-01
   27.630   1.6198E-01
   27.640   1.5160E-01
   27.650   1.3603E-01
   27.660   1.1941E-01
   27.670   1.0545E-01
   27.680   9.6046E-02
   27.690   1.3421E-01
   27.700   1.1014E-01
   27.710   1.0249E-01
   27.720   8.9723E-02
   27.730   7.5619E-02
   27.740   6.4504E-02
   27.750   5.8834E-02
   27.760   5.7980E-02
   27.770   5.8134E-02
   27.780   5.3631E-02
   27.790   3.9910E-02
   27.800   1.6449E-02
   27.810  -1.2804E-02
   27.820  -4.1764E-02
   27.830  -6.4925E-02
   27.840  -7.8565E-02
   27.850  -8.1199E-02
   27.860  -7.4257E-02
   27.870  -6.2085E-02
   27.880  -4.9968E-02
   27.890  -4.1468E-02
   27.900  -3.7688E-02
   27.910  -5.1170E-02
   27.920  -8.2896E-02
   27.930  -9.1590E-02
   27.940  -1.0384E-01
   27.950  -1.1700E-01
   27.960  -1.2696E-01
   27.970  -1.2903E-01
   27.980  -1.1959E-01
   27.990  -9.8310E-02
   28.000  -6.9285E-02
   28.010  -3.9634E-02
   28.020  -1.6131E-02
   28.030  -2.3498E-03
   28.040   2.0851E-03
   28.050   4.5650E-04
   28.060  -2.7875E-03
   28.070  -3.9105E-03
   28.080  -1.3955E-03
   28.090   3.7515E-03
   28.100   9.2381E-03
   28.110   1.3129E-02
   28.120   1.4557E-02
   28.130   1.3641E-02
   28.140   1.1715E-02
   28.150   1.1639E-02
   28.160   1.6761E-02
   28.170   2.8148E-02
   28.180   4.3310E-02
   28.190   5.9019E-02
   28.200   7.2333E-02
   28.210   8.2476E-02
   28.220   8.9730E-02
   28.230   9.3814E-02
   28.240   9.3486E-02
   28.250   8.4106E-02
   28.260   6.5657E-02
   28.270   5.0411E-02
   28.280   3.4218E-02
   28.290   1.9619E-02
   28.300  -1.5931E-02
   28.310  -1.8674E-02
   28.320  -2.5851E-02
   28.330  -3.7116E-02
   28.340  -5.0298E-02
   28.350  -6.5563E-02
   28.360  -7.7866E-02
   28.370  -8.6591E-02
   28.380  -9.1703E-02
   28.390  -1.5603E-02
   28.400  -8.9772E-03
   28.410  -2.2787E-03
   28.420   4.9257E-03
   28.430   1.3101E-02
   28.440   2.2400E-02
   28.450   3.2419E-02
   28.460   4.2130E-02
   28.470   5.0175E-02
   28.480   5.5519E-02
   28.490   5.7904E-02
   28.500   5.7660E-02
   28.510   7.3494E-02
   28.520   7.0461E-02
   28.530   6.6066E-02
   28.540   6.1084E-02
   28.550   5.5648E-02
   28.560   4.9067E-02
   28.570   4.0531E-02
   28.580   3.0063E-02
   28.590   1.8649E-02
   28.600   7.4539E-03
   28.610  -2.9598E-03
   28.620  -1.2659E-02
   28.630  -2.1835E-02
   28.640  -3.0349E-02
   28.650  -3.7594E-02
   28.660  -4.2599E-02
   28.670  -4.4462E-02
   28.680  -4.3054E-02
   28.690  -3.9605E-02
   28.700  -3.6501E-02
   28.710  -3.6188E-02
   28.720  -3.9776E-02
   28.730  -4.6307E-02
   28.740  -5.3198E-02
   28.750  -5.7685E-02
   28.760  -5.8437E-02
   28.770  -5.6339E-02
   28.780  -5.3825E-02
   28.790  -5.3170E-02
   28.800  -5.5022E-02
   28.810  -5.8305E-02
   28.820  -6.1328E-02
   28.830  -6.2867E-02
   28.840  -6.2327E-02
   28.850   1.0648E-02
   28.860   1.1890E-02
   28.870   1.2560E-02
   28.880   5.8022E-03
   28.890   8.3034E-03
   28.900   1.1010E-02
   28.910   1.4594E-02
   28.920   1.9274E-02
   28.930   2.4514E-02
   28.940   2.9323E-02
   28.950   3.2794E-02
   28.960   3.4398E-02
   28.970   3.4013E-02
   28.980   3.1967E-02
   28.990   2.9031E-02
   29.000   2.6129E-02
   29.010   2.4103E-02
   29.020   2.2938E-02
   29.030   2.1910E-02
   29.040   2.1082E-02
   29.050   2.0619E-02
   29.060   2.0485E-02
   29.070   2.2268E-03
   29.080   2.7812E-03
   29.090   3.3610E-03
   29.100   3.7733E-03
   29.110   3.9482E-03
   29.120   3.8708E-03
   29.130   3.5434E-03
   29.140   3.0127E-03
   29.150   2.3918E-03
   29.160   1.8376E-03
   29.170   1.4877E-03
   29.180   1.3818E-03
   29.190   1.4038E-03
   29.200   1.3246E-03
   29.210   9.6581E-04
   29.220   3.5929E-04
   29.230  -2.8246E-04
   29.240  -7.7495E-04
   29.250  -1.1296E-03
   29.260  -1.4978E-03
   29.270  -1.9701E-03
   29.280  -2.4439E-03
   29.290  -2.6711E-03
   29.300  -2.4257E-03
   29.310  -1.6828E-03
   29.320  -7.0184E-04
   29.330   7.5578E-05
   29.340   2.9583E-04
   29.350  -8.7074E-05
   29.360  -8.5789E-04
   29.370  -1.7902E-03
   29.380  -2.8042E-03
   29.390  -3.8997E-03
   29.400  -5.0412E-03
   29.410  -6.1786E-03
   29.420  -7.3069E-03
   29.430  -8.4059E-03
   29.440  -9.3436E-03
   29.450  -9.9486E-03
   29.460  -1.0185E-02
   29.470  -1.0161E-02
   29.480  -9.9181E-03
   29.490  -9.3018E-03
   29.500  -8.0907E-03
   29.510  -6.2098E-03
   29.520  -3.7634E-03
   29.530  -9.3704E-04
   29.540   1.7085E-03
   29.550   3.6276E-03
   29.560   5.2784E-03
   29.570   6.6105E-03
   29.580   7.6394E-03
   29.590   8.3161E-03
   29.600   8.5208E-03
   29.610   8.2136E-03
   29.620   7.5407E-03
   29.630   6.7529E-03
   29.640   6.0561E-03
   29.650   5.5734E-03
   29.660   5.4040E-03
   29.670   5.6259E-03
   29.680   6.2143E-03
   29.690   6.9977E-03
   29.700   7.7362E-03
   29.710   8.2397E-03
   29.720   8.4138E-03
   29.730   8.2275E-03
   29.740   7.6762E-03
   29.750   6.7686E-03
   29.760   5.5192E-03
   29.770   3.9633E-03
   29.780   2.2098E-03
   29.790   4.6138E-04
   29.800  -1.0972E-03
   29.810  -2.4686E-03
   29.820  -3.8481E-03
   29.830  -5.3976E-03
   29.840  -7.0422E-03
   29.850  -8.5498E-03
   29.860  -9.1139E-03
   29.870  -9.6461E-03
   29.880  -9.9111E-03
   29.890  -9.9698E-03
   29.900  -5.9356E-03
   29.910  -6.3464E-03
   29.920  -6.6193E-03
   29.930  -6.7931E-03
   29.940  -6.8868E-03
   29.950  -6.9112E-03
   29.960  -6.8607E-03
   29.970  -6.6810E-03
   29.980  -6.2789E-03
   29.990  -5.5952E-03
   30.000  -4.6619E-03
   30.010  -3.5835E-03
   30.020  -2.4735E-03
   30.030  -1.4067E-03
   30.040  -4.0148E-04
   30.050   5.5652E-04
   30.060   1.4436E-03
   30.070   2.1251E-03
   30.080   2.3804E-03
   30.090   2.0508E-03
   30.100   1.1824E-03
   30.110   2.8900E-05
   30.120  -1.0682E-03
   30.130  -1.7893E-03
   30.140  -1.8798E-03
   30.150  -1.1846E-03
   30.160   2.8178E-04
   30.170   2.2936E-03
   30.180   4.4775E-03
   30.190   6.4555E-03
   30.200   7.9628E-03
   30.210   8.8812E-03
   30.220   9.2155E-03
   30.230   9.0579E-03
   30.240   8.5459E-03
   30.250   7.8130E-03
   30.260   6.9659E-03
   30.270   6.1131E-03
   30.280   5.3851E-03
   30.290   4.8646E-03
   30.300   4.4720E-03
   30.310   3.9766E-03
   30.320   3.1971E-03
   30.330   2.1963E-03
   30.340   1.2305E-03
   30.350   5.0957E-04
   30.360   6.8440E-05
   30.370  -1.2666E-04
   30.380  -5.9780E-05
   30.390   2.5134E-04
   30.400   6.0432E-04
   30.410   6.6789E-04
   30.420   2.2147E-04
   30.430  -7.0870E-04
   30.440  -1.9382E-03
   30.450  -3.2481E-03
   30.460  -4.3883E-03
   30.470  -5.0698E-03
   30.480  -5.0832E-03
   30.490  -4.4369E-03
   30.500  -3.3321E-03
   30.510  -2.0216E-03
   30.520  -7.4748E-04
   30.530   2.1717E-04
   30.540   5.8319E-04
   30.550   1.7892E-04
   30.560  -9.3511E-04
   30.570   0.0000E+00
   30.580   0.0000E+00
   30.590   0.0000E+00
   30.600   0.0000E+00
   30.610   0.0000E+00
   30.620   0.0000E+00
   30.630   0.0000E+00
   30.640   0.0000E+00
   30.650   0.0000E+00
   30.660   0.0000E+00
   30.670   0.0000E+00
   30.680   0.0000E+00
   30.690   0.0000E+00
   30.700   0.0000E+00
   30.710   0.0000E+00
   30.720   0.0000E+00
   30.730   0.0000E+00
   30.740   0.0000E+00
   30.750   0.0000E+00
   30.760   0.0000E+00
   30.770   0.0000E+00
   30.780   0.0000E+00
   30.790   0.0000E+00
   30.800   0.0000E+00
   30.810   0.0000E+00
   30.820   0.0000E+00
   30.830   0.0000E+00
   30.840   0.0000E+00
   30.850   0.0000E+00
   30.860   0.0000E+00
   30.870   0.0000E+00
   30.880   0.0000E+00
   30.890   0.0000E+00
   30.900   0.0000E+00
   30.910   0.0000E+00
   30.920   0.0000E+00
   30.930   0.0000E+00
   30.940   0.0000E+00
   30.950   0.0000E+00
   30.960   0.0000E+00
   30.970   0.0000E+00
   30.980   0.0000E+00
   30.990   0.0000E+00
   31.000   0.0000E+00
   31.010   0.0000E+00
   31.020   0.0000E+00
   31.030   0.0000E+00
   31.040   0.0000E+00
   31.050   0.0000E+00
   31.060   0.0000E+00
   31.070   0.0000E+00
   31.080   0.0000E+00
   31.090   0.0000E+00
   31.100   0.0000E+00
   31.110   0.0000E+00
   31.120   0.0000E+00
   31.130   0.0000E+00
   31.140   0.0000E+00
   31.150   0.0000E+00
   31.160   0.0000E+00
   31.170   0.0000E+00
   31.180   0.0000E+00
   31.190   0.0000E+00
   31.200   0.0000E+00
   31.210   0.0000E+00
   31.220   0.0000E+00
   31.230   0.0000E+00
   31.240   0.0000E+00
   31.250   0.0000E+00
   31.260   0.0000E+00
   31.270   0.0000E+00
   31.280   0.0000E+00
   31.290   0.0000E+00
   31.300   0.0000E+00
   31.310   0.0000E+00
   31.320   0.0000E+00
   31.330   0.0000E+00
   31.340   0.0000E+00
   31.350   0.0000E+00
   31.360   0.0000E+00
   31.370   0.0000E+00
   31.380   0.0000E+00
   31.390   0.0000E+00
   31.400   0.0000E+00
   31.410   0.0000E+00
   31.420   0.0000E+00
   31.430   0.0000E+00
   31.440   0.0000E+00
   31.450   0.0000E+00
   31.460   0.0000E+00
   31.470   0.0000E+00
   31.480   0.0000E+00
   31.490   0.0000E+00
   31.500   0.0000E+00
   31.510   0.0000E+00
   31.520   0.0000E+00
   31.530   0.0000E+00
   31.540   0.0000E+00
   31.550   0.0000E+00
   31.560   0.0000E+00
   31.570   0.0000E+00
   31.580   0.0000E+00
   31.590   0.0000E+00
   31.600   0.0000E+00
   31.610   0.0000E+00
   31.620   0.0000E+00
   31.630   0.0000E+00
   31.640   0.0000E+00
   31.650   0.0000E+00
   31.660   0.0000E+00
   31.670   0.0000E+00
   31.680   0.0000E+00
   31.690   0.0000E+00
   31.700   0.0000E+00
   31.710   0.0000E+00
   31.720   0.0000E+00
   31.730   0.0000E+00
   31.740   0.0000E+00
   31.750   0.0000E+00
   31.760   0.0000E+00
   31.770   0.0000E+00
   31.780   0.0000E+00
   31.790   0.0000E+00
   31.800   0.0000E+00
   31.810   0.0000E+00
   31.820   0.0000E+00
   31.830   0.0000E+00
   31.840   0.0000E+00
   31.850   0.0000E+00
   31.860   0.0000E+00
   31.870   0.0000E+00
   31.880   0.0000E+00
   31.890   0.0000E+00
   31.900   0.0000E+00
   31.910   0.0000E+00
   31.920   0.0000E+00
   31.930   0.0000E+00
   31.940   0.0000E+00
   31.950   0.0000E+00
   31.960   0.0000E+00
   31.970   0.0000E+00
   31.980   0.0000E+00
   31.990   0.0000E+00
   32.000   0.0000E+00
   32.010   0.0000E+00
   32.020   0.0000E+00
   32.030   0.0000E+00
   32.040   0.0000E+00
   32.050   0.0000E+00
   32.060   0.0000E+00
   32.070   0.0000E+00
   32.080   0.0000E+00
   32.090   0.0000E+00
   32.100   0.0000E+00
   32.110   0.0000E+00
   32.120   0.0000E+00
   32.130   0.0000E+00
   32.140   0.0000E+00
   32.150   0.0000E+00
   32.160   0.0000E+00
   32.170   0.0000E+00
   32.180   0.0000E+00
   32.190   0.0000E+00
   32.200   0.0000E+00
   32.210   0.0000E+00
   32.220   0.0000E+00
   32.230   0.0000E+00
   32.240   0.0000E+00
   32.250   0.0000E+00
   32.260   0.0000E+00
   32.270   0.0000E+00
   32.280   0.0000E+00
   32.290   0.0000E+00
   32.300   0.0000E+00
   32.310   0.0000E+00
   32.320   0.0000E+00
   32.330   0.0000E+00
   32.340   0.0000E+00
   32.350   0.0000E+00
   32.360   0.0000E+00
   32.370   0.0000E+00
   32.380   0.0000E+00
   32.390   0.0000E+00
   32.400   0.0000E+00
   32.410   0.0000E+00
   32.420   0.0000E+00
   32.430   0.0000E+00
   32.440   0.0000E+00
   32.450   0.0000E+00
   32.460   0.0000E+00
   32.470   0.0000E+00
   32.480   0.0000E+00
   32.490   0.0000E+00
   32.500   0.0000E+00
   32.510   0.0000E+00
   32.520   0.0000E+00
   32.530   0.0000E+00
   32.540   0.0000E+00
   32.550   0.0000E+00
   32.560   0.0000E+00
   32.570   0.0000E+00
   32.580   0.0000E+00
   32.590   0.0000E+00
   32.600   0.0000E+00
   32.610   0.0000E+00
   32.620   0.0000E+00
   32.630   0.0000E+00
   32.640   0.0000E+00
   32.650   0.0000E+00
   32.660   0.0000E+00
   32.670   0.0000E+00
   32.680   0.0000E+00
   32.690   0.0000E+00
   32.700   0.0000E+00
   32.710   0.0000E+00
   32.720   0.0000E+00
   32.730   0.0000E+00
   32.740   0.0000E+00
   32.750   0.0000E+00
   32.760   0.0000E+00
   32.770   0.0000E+00
   32.780   0.0000E+00
   32.790   0.0000E+00
   32.800   0.0000E+00
   32.810   0.0000E+00
   32.820   0.0000E+00
   32.830   0.0000E+00
   32.840   0.0000E+00
   32.850   0.0000E+00
   32.860   0.0000E+00
   32.870   0.0000E+00
   32.880   0.0000E+00
   32.890   0.0000E+00
   32.900   0.0000E+00
   32.910   0.0000E+00
   32.920   0.0000E+00
   32.930   0.0000E+00
   32.940   0.0000E+00
   32.950   0.0000E+00
   32.960   0.0000E+00
   32.970   0.0000E+00
   32.980   0.0000E+00
   32.990   0.0000E+00
   33.000   0.0000E+00
   33.010   0.0000E+00
   33.020   0.0000E+00
   33.030   0.0000E+00
   33.040   0.0000E+00
   33.050   0.0000E+00
   33.060   0.0000E+00
   33.070   0.0000E+00
   33.080   0.0000E+00
   33.090   0.0000E+00
   33.100   0.0000E+00
   33.110   0.0000E+00
   33.120   0.0000E+00
   33.130   0.0000E+00
   33.140   0.0000E+00
   33.150   0.0000E+00
   33.160   0.0000E+00
   33.170   0.0000E+00
   33.180   0.0000E+00
   33.190   0.0000E+00
   33.200   0.0000E+00
   33.210   0.0000E+00
   33.220   0.0000E+00
   33.230   0.0000E+00
   33.240   0.0000E+00
   33.250   0.0000E+00
   33.260   0.0000E+00
   33.270   0.0000E+00
   33.280   0.0000E+00
   33.290   0.0000E+00
   33.300   0.0000E+00
   33.310   0.0000E+00
   33.320   0.0000E+00
   33.330   0.0000E+00
   33.340   0.0000E+00
   33.350   0.0000E+00
   33.360   0.0000E+00
   33.370   0.0000E+00
   33.380   0.0000E+00
   33.390   0.0000E+00
   33.400   0.0000E+00
   33.410   0.0000E+00
   33.420   0.0000E+00
   33.430   0.0000E+00
   33.440   0.0000E+00
   33.450   0.0000E+00
   33.460   0.0000E+00
   33.470   0.0000E+00
   33.480   0.0000E+00
   33.490   0.0000E+00
   33.500   0.0000E+00
   33.510   0.0000E+00
   33.520   0.0000E+00
   33.530   0.0000E+00
   33.540   0.0000E+00
   33.550   0.0000E+00
   33.560   0.0000E+00
   33.570   0.0000E+00
   33.580   0.0000E+00
   33.590   0.0000E+00
   33.600   0.0000E+00
   33.610   0.0000E+00
   33.620   0.0000E+00
   33.630   0.0000E+00
   33.640   0.0000E+00
   33.650   0.0000E+00
   33.660   0.0000E+00
   33.670   0.0000E+00
   33.680   0.0000E+00
   33.690   0.0000E+00
   33.700   0.0000E+00
   33.710   0.0000E+00
   33.720   0.0000E+00
   33.730   0.0000E+00
   33.740   0.0000E+00
   33.750   0.0000E+00
   33.760   0.0000E+00
   33.770   0.0000E+00
   33.780   0.0000E+00
   33.790   0.0000E+00
   33.800   0.0000E+00
   33.810   0.0000E+00
   33.820   0.0000E+00
   33.830   0.0000E+00
   33.840   0.0000E+00
   33.850   0.0000E+00
   33.860   0.0000E+00
   33.870   0.0000E+00
   33.880   0.0000E+00
   33.890   0.0000E+00
   33.900   0.0000E+00
   33.910   0.0000E+00
   33.920   0.0000E+00
   33.930   0.0000E+00
   33.940   0.0000E+00
   33.950   0.0000E+00
   33.960   0.0000E+00
   33.970   0.0000E+00
   33.980   0.0000E+00
   33.990   0.0000E+00
   34.000   0.0000E+00
   34.010   0.0000E+00
   34.020   0.0000E+00
   34.030   0.0000E+00
   34.040   0.0000E+00
   34.050   0.0000E+00
   34.060   0.0000E+00
   34.070   0.0000E+00
   34.080   0.0000E+00
   34.090   0.0000E+00
   34.100   0.0000E+00
   34.110   0.0000E+00
   34.120   0.0000E+00
   34.130   0.0000E+00
   34.140   0.0000E+00
   34.150   0.0000E+00
   34.160   0.0000E+00
   34.170   0.0000E+00
   34.180   0.0000E+00
   34.190   0.0000E+00
   34.200   0.0000E+00
   34.210   0.0000E+00
   34.220   0.0000E+00
   34.230   0.0000E+00
   34.240   0.0000E+00
   34.250   0.0000E+00
   34.260   0.0000E+00
   34.270   0.0000E+00
   34.280   0.0000E+00
   34.290   0.0000E+00
   34.300   0.0000E+00
   34.310   0.0000E+00
   34.320   0.0000E+00
   34.330   0.0000E+00
   34.340   0.0000E+00
   34.350   0.0000E+00
   34.360   0.0000E+00
   34.370   0.0000E+00
   34.380   0.0000E+00
   34.390   0.0000E+00
   34.400   0.0000E+00
   34.410   0.0000E+00
   34.420   0.0000E+00
   34.430   0.0000E+00
   34.440   0.0000E+00
   34.450   0.0000E+00
   34.460   0.0000E+00
   34.470   0.0000E+00
   34.480   0.0000E+00
   34.490   0.0000E+00
   34.500   0.0000E+00
   34.510   0.0000E+00
   34.520   0.0000E+00
   34.530   0.0000E+00
   34.540   0.0000E+00
   34.550   0.0000E+00
   34.560   0.0000E+00
   34.570   0.0000E+00
   34.580   0.0000E+00
   34.590   0.0000E+00
   34.600   0.0000E+00
   34.610   0.0000E+00
   34.620   0.0000E+00
   34.630   0.0000E+00
   34.640   0.0000E+00
   34.650   0.0000E+00
   34.660   0.0000E+00
   34.670   0.0000E+00
   34.680   0.0000E+00
   34.690   0.0000E+00
   34.700   0.0000E+00
   34.710   0.0000E+00
   34.720   0.0000E+00
   34.730   0.0000E+00
   34.740   0.0000E+00
   34.750   0.0000E+00
   34.760   0.0000E+00
   34.770   0.0000E+00
   34.780   0.0000E+00
   34.790   0.0000E+00
   34.800   0.0000E+00
   34.810   0.0000E+00
   34.820   0.0000E+00
   34.830   0.0000E+00
   34.840   0.0000E+00
   34.850   0.0000E+00
   34.860   0.0000E+00
   34.870   0.0000E+00
   34.880   0.0000E+00
   34.890   0.0000E+00
   34.900   0.0000E+00
   34.910   0.0000E+00
   34.920   0.0000E+00
   34.930   0.0000E+00
   34.940   0.0000E+00
   34.950   0.0000E+00
   34.960   0.0000E+00
   34.970   0.0000E+00
   34.980   0.0000E+00
   34.990   0.0000E+00
   35.000   0.0000E+00
   35.010   0.0000E+00
   35.020   0.0000E+00
   35.030   0.0000E+00
   35.040   0.0000E+00
   35.050   0.0000E+00
   35.060   0.0000E+00
   35.070   0.0000E+00
   35.080   0.0000E+00
   35.090   0.0000E+00
   35.100   0.0000E+00
   35.110   0.0000E+00
   35.120   0.0000E+00
   35.130   0.0000E+00
   35.140   0.0000E+00
   35.150   0.0000E+00
   35.160   0.0000E+00
   35.170   0.0000E+00
   35.180   0.0000E+00
   35.190   0.0000E+00
   35.200   0.0000E+00
   35.210   0.0000E+00
   35.220   0.0000E+00
   35.230   0.0000E+00
   35.240   0.0000E+00
   35.250   0.0000E+00
   35.260   0.0000E+00
   35.270   0.0000E+00
   35.280   0.0000E+00
   35.290   0.0000E+00
   35.300   0.0000E+00
   35.310   0.0000E+00
   35.320   0.0000E+00
   35.330   0.0000E+00
   35.340   0.0000E+00
   35.350   0.0000E+00
   35.360   0.0000E+00
   35.370   0.0000E+00
   35.380   0.0000E+00
   35.390   0.0000E+00
   35.400   0.0000E+00
   35.410   0.0000E+00
   35.420   0.0000E+00
   35.430   0.0000E+00
   35.440   0.0000E+00
   35.450   0.0000E+00
   35.460   0.0000E+00
   35.470   0.0000E+00
   35.480   0.0000E+00
   35.490   0.0000E+00
   35.500   0.0000E+00
   35.510   0.0000E+00
   35.520   0.0000E+00
   35.530   0.0000E+00
   35.540   0.0000E+00
   35.550   0.0000E+00
   35.560   0.0000E+00
   35.570   0.0000E+00
   35.580   0.0000E+00
   35.590   0.0000E+00
   35.600   0.0000E+00
   35.610   0.0000E+00
   35.620   0.0000E+00
   35.630   0.0000E+00
   35.640   0.0000E+00
   35.650   0.0000E+00
   35.660   0.0000E+00
   35.670   0.0000E+00
   35.680   0.0000E+00
   35.690   0.0000E+00
   35.700   0.0000E+00
   35.710   0.0000E+00
   35.720   0.0000E+00
   35.730   0.0000E+00
   35.740   0.0000E+00
   35.750   0.0000E+00
   35.760   0.0000E+00
   35.770   0.0000E+00
   35.780   0.0000E+00
   35.790   0.0000E+00
   35.800   0.0000E+00
   35.810   0.0000E+00
   35.820   0.0000E+00
   35.830   0.0000E+00
   35.840   0.0000E+00
   35.850   0.0000E+00
   35.860   0.0000E+00
   35.870   0.0000E+00
   35.880   0.0000E+00
   35.890   0.0000E+00
   35.900   0.0000E+00
   35.910   0.0000E+00
   35.920   0.0000E+00
   35.930   0.0000E+00
   35.940   0.0000E+00
   35.950   0.0000E+00
   35.960   0.0000E+00
   35.970   0.0000E+00
   35.980   0.0000E+00
   35.990   0.0000E+00
   36.000   0.0000E+00
   36.010   0.0000E+00
   36.020   0.0000E+00
   36.030   0.0000E+00
   36.040   0.0000E+00
   36.050   0.0000E+00
   36.060   0.0000E+00
   36.070   0.0000E+00
   36.080   0.0000E+00
   36.090   0.0000E+00
   36.100   0.0000E+00
   36.110   0.0000E+00
   36.120   0.0000E+00
   36.130   0.0000E+00
   36.140   0.0000E+00
   36.150   0.0000E+00
   36.160   0.0000E+00
   36.170   0.0000E+00
   36.180   0.0000E+00
   36.190   0.0000E+00
   36.200   0.0000E+00
   36.210   0.0000E+00
   36.220   0.0000E+00
   36.230   0.0000E+00
   36.240   0.0000E+00
   36.250   0.0000E+00
   36.260   0.0000E+00
   36.270   0.0000E+00
   36.280   0.0000E+00
   36.290   0.0000E+00
   36.300   0.0000E+00
   36.310   0.0000E+00
   36.320   0.0000E+00
   36.330   0.0000E+00
   36.340   0.0000E+00
   36.350   0.0000E+00
   36.360   0.0000E+00
   36.370   0.0000E+00
   36.380   0.0000E+00
   36.390   0.0000E+00
   36.400   0.0000E+00
   36.410   0.0000E+00
   36.420   0.0000E+00
   36.430   0.0000E+00
   36.440   0.0000E+00
   36.450   0.0000E+00
   36.460   0.0000E+00
   36.470   0.0000E+00
   36.480   0.0000E+00
   36.490   0.0000E+00
   36.500   0.0000E+00
   36.510   0.0000E+00
   36.520   0.0000E+00
   36.530   0.0000E+00
   36.540   0.0000E+00
   36.550   0.0000E+00
   36.560   0.0000E+00
   36.570   0.0000E+00
   36.580   0.0000E+00
   36.590   0.0000E+00
   36.600   0.0000E+00
   36.610   0.0000E+00
   36.620   0.0000E+00
   36.630   0.0000E+00
   36.640   0.0000E+00
   36.650   0.0000E+00
   36.660   0.0000E+00
   36.670   0.0000E+00
   36.680   0.0000E+00
   36.690   0.0000E+00
   36.700   0.0000E+00
   36.710   0.0000E+00
   36.720   0.0000E+00
   36.730   0.0000E+00
   36.740   0.0000E+00
   36.750   0.0000E+00
   36.760   0.0000E+00
   36.770   0.0000E+00
   36.780   0.0000E+00
   36.790   0.0000E+00
   36.800   0.0000E+00
   36.810   0.0000E+00
   36.820   0.0000E+00
   36.830   0.0000E+00
   36.840   0.0000E+00
   36.850   0.0000E+00
   36.860   0.0000E+00
   36.870   0.0000E+00
   36.880   0.0000E+00
   36.890   0.0000E+00
   36.900   0.0000E+00
   36.910   0.0000E+00
   36.920   0.0000E+00
   36.930   0.0000E+00
   36.940   0.0000E+00
   36.950   0.0000E+00
   36.960   0.0000E+00
   36.970   0.0000E+00
   36.980   0.0000E+00
   36.990   0.0000E+00
   37.000   0.0000E+00
   37.010   0.0000E+00
   37.020   0.0000E+00
   37.030   0.0000E+00
   37.040   0.0000E+00
   37.050   0.0000E+00
   37.060   0.0000E+00
   37.070   0.0000E+00
   37.080   0.0000E+00
   37.090   0.0000E+00
   37.100   0.0000E+00
   37.110   0.0000E+00
   37.120   0.0000E+00
   37.130   0.0000E+00
   37.140   0.0000E+00
   37.150   0.0000E+00
   37.160   0.0000E+00
   37.170   0.0000E+00
   37.180   0.0000E+00
   37.190   0.0000E+00
   37.200   0.0000E+00
   37.210   0.0000E+00
   37.220   0.0000E+00
   37.230   0.0000E+00
   37.240   0.0000E+00
   37.250   0.0000E+00
   37.260   0.0000E+00
   37.270   0.0000E+00
   37.280   0.0000E+00
   37.290   0.0000E+00
   37.300   0.0000E+00
   37.310   0.0000E+00
   37.320   0.0000E+00
   37.330   0.0000E+00
   37.340   0.0000E+00
   37.350   0.0000E+00
   37.360   0.0000E+00
   37.370   0.0000E+00
   37.380   0.0000E+00
   37.390   0.0000E+00
   37.400   0.0000E+00
   37.410   0.0000E+00
   37.420   0.0000E+00
   37.430   0.0000E+00
   37.440   0.0000E+00
   37.450   0.0000E+00
   37.460   0.0000E+00
   37.470   0.0000E+00
   37.480   0.0000E+00
   37.490   0.0000E+00
   37.500   0.0000E+00
   37.510   0.0000E+00
   37.520   0.0000E+00
   37.530   0.0000E+00
   37.540   0.0000E+00
   37.550   0.0000E+00
   37.560   0.0000E+00
   37.570   0.0000E+00
   37.580   0.0000E+00
   37.590   0.0000E+00
   37.600   0.0000E+00
   37.610   0.0000E+00
   37.620   0.0000E+00
   37.630   0.0000E+00
   37.640   0.0000E+00
   37.650   0.0000E+00
   37.660   0.0000E+00
   37.670   0.0000E+00
   37.680   0.0000E+00
   37.690   0.0000E+00
   37.700   0.0000E+00
   37.710   0.0000E+00
   37.720   0.0000E+00
   37.730   0.0000E+00
   37.740   0.0000E+00
   37.750   0.0000E+00
   37.760   0.0000E+00
   37.770   0.0000E+00
   37.780   0.0000E+00
   37.790   0.0000E+00
   37.800   0.0000E+00
   37.810   0.0000E+00
   37.820   0.0000E+00
   37.830   0.0000E+00
   37.840   0.0000E+00
   37.850   0.0000E+00
   37.860   0.0000E+00
   37.870   0.0000E+00
   37.880   0.0000E+00
   37.890   0.0000E+00
   37.900   0.0000E+00
   37.910   0.0000E+00
   37.920   0.0000E+00
   37.930   0.0000E+00
   37.940   0.0000E+00
   37.950   0.0000E+00
   37.960   0.0000E+00
   37.970   0.0000E+00
   37.980   0.0000E+00
   37.990   0.0000E+00
   38.000   0.0000E+00
   38.010   0.0000E+00
   38.020   0.0000E+00
   38.030   0.0000E+00
   38.040   0.0000E+00
   38.050   0.0000E+00
   38.060   0.0000E+00
   38.070   0.0000E+00
   38.080   0.0000E+00
   38.090   0.0000E+00
   38.100   0.0000E+00
   38.110   0.0000E+00
   38.120   0.0000E+00
   38.130   0.0000E+00
   38.140   0.0000E+00
   38.150   0.0000E+00
   38.160   0.0000E+00
   38.170   0.0000E+00
   38.180   0.0000E+00
   38.190   0.0000E+00
   38.200   0.0000E+00
   38.210   0.0000E+00
   38.220   0.0000E+00
   38.230   0.0000E+00
   38.240   0.0000E+00
   38.250   0.0000E+00
   38.260   0.0000E+00
   38.270   0.0000E+00
   38.280   0.0000E+00
   38.290   0.0000E+00
   38.300   0.0000E+00
   38.310   0.0000E+00
   38.320   0.0000E+00
   38.330   0.0000E+00
   38.340   0.0000E+00
   38.350   0.0000E+00
   38.360   0.0000E+00
   38.370   0.0000E+00
   38.380   0.0000E+00
   38.390   0.0000E+00
   38.400   0.0000E+00
   38.410   0.0000E+00
   38.420   0.0000E+00
   38.430   0.0000E+00
   38.440   0.0000E+00
   38.450   0.0000E+00
   38.460   0.0000E+00
   38.470   0.0000E+00
   38.480   0.0000E+00
   38.490   0.0000E+00
   38.500   0.0000E+00
   38.510   0.0000E+00
   38.520   0.0000E+00
   38.530   0.0000E+00
   38.540   0.0000E+00
   38.550   0.0000E+00
   38.560   0.0000E+00
   38.570   0.0000E+00
   38.580   0.0000E+00
   38.590   0.0000E+00
   38.600   0.0000E+00
   38.610   0.0000E+00
   38.620   0.0000E+00
   38.630   0.0000E+00
   38.640   0.0000E+00
   38.650   0.0000E+00
   38.660   0.0000E+00
   38.670   0.0000E+00
   38.680   0.0000E+00
   38.690   0.0000E+00
   38.700   0.0000E+00
   38.710   0.0000E+00
   38.720   0.0000E+00
   38.730   0.0000E+00
   38.740   0.0000E+00
   38.750   0.0000E+00
   38.760   0.0000E+00
   38.770   0.0000E+00
   38.780   0.0000E+00
   38.790   0.0000E+00
   38.800   0.0000E+00
   38.810   0.0000E+00
   38.820   0.0000E+00
   38.830   0.0000E+00
   38.840   0.0000E+00
   38.850   0.0000E+00
   38.860   0.0000E+00
   38.870   0.0000E+00
   38.880   0.0000E+00
   38.890   0.0000E+00
   38.900   0.0000E+00
   38.910   0.0000E+00
   38.920   0.0000E+00
   38.930   0.0000E+00
   38.940   0.0000E+00
   38.950   0.0000E+00
   38.960   0.0000E+00
   38.970   0.0000E+00
   38.980   0.0000E+00
   38.990   0.0000E+00
   39.000   0.0000E+00
   39.010   0.0000E+00
   39.020   0.0000E+00
   39.030   0.0000E+00
   39.040   0.0000E+00
   39.050   0.0000E+00
   39.060   0.0000E+00
   39.070   0.0000E+00
   39.080   0.0000E+00
   39.090   0.0000E+00
   39.100   0.0000E+00
   39.110   0.0000E+00
   39.120   0.0000E+00
   39.130   0.0000E+00
   39.140   0.0000E+00
   39.150   0.0000E+00
   39.160   0.0000E+00
   39.170   0.0000E+00
   39.180   0.0000E+00
   39.190   0.0000E+00
   39.200   0.0000E+00
   39.210   0.0000E+00
   39.220   0.0000E+00
   39.230   0.0000E+00
   39.240   0.0000E+00
   39.250   0.0000E+00
   39.260   0.0000E+00
   39.270   0.0000E+00
   39.280   0.0000E+00
   39.290   0.0000E+00
   39.300   0.0000E+00
   39.310   0.0000E+00
   39.320   0.0000E+00
   39.330   0.0000E+00
   39.340   0.0000E+00
   39.350   0.0000E+00
   39.360   0.0000E+00
   39.370   0.0000E+00
   39.380   0.0000E+00
   39.390   0.0000E+00
   39.400   0.0000E+00
   39.410   0.0000E+00
   39.420   0.0000E+00
   39.430   0.0000E+00
   39.440   0.0000E+00
   39.450   0.0000E+00
   39.460   0.0000E+00
   39.470   0.0000E+00
   39.480   0.0000E+00
   39.490   0.0000E+00
   39.500   0.0000E+00
   39.510   0.0000E+00
   39.520   0.0000E+00
   39.530   0.0000E+00
   39.540   0.0000E+00
   39.550   0.0000E+00
   39.560   0.0000E+00
   39.570   0.0000E+00
   39.580   0.0000E+00
   39.590   0.0000E+00
   39.600   0.0000E+00
   39.610   0.0000E+00
   39.620   0.0000E+00
   39.630   0.0000E+00
   39.640   0.0000E+00
   39.650   0.0000E+00
   39.660   0.0000E+00
   39.670   0.0000E+00
   39.680   0.0000E+00
   39.690   0.0000E+00
   39.700   0.0000E+00
   39.710   0.0000E+00
   39.720   0.0000E+00
   39.730   0.0000E+00
   39.740   0.0000E+00
   39.750   0.0000E+00
   39.760   0.0000E+00
   39.770   0.0000E+00
   39.780   0.0000E+00
   39.790   0.0000E+00
   39.800   0.0000E+00
   39.810   0.0000E+00
   39.820   0.0000E+00
   39.830   0.0000E+00
   39.840   0.0000E+00
   39.850   0.0000E+00
   39.860   0.0000E+00
   39.870   0.0000E+00
   39.880   0.0000E+00
   39.890   0.0000E+00
   39.900   0.0000E+00
   39.910   0.0000E+00
   39.920   0.0000E+00
   39.930   0.0000E+00
   39.940   0.0000E+00
   39.950   0.0000E+00
   39.960   0.0000E+00
   39.970   0.0000E+00
   39.980   0.0000E+00
   39.990   0.0000E+00
   40.000   0.0000E+00
   40.010   0.0000E+00
   40.020   0.0000E+00
   40.030   0.0000E+00
   40.040   0.0000E+00
   40.050   0.0000E+00
   40.060   0.0000E+00
   40.070   0.0000E+00
   40.080   0.0000E+00
   40.090   0.0000E+00
   40.100   0.0000E+00
   40.110   0.0000E+00
   40.120   0.0000E+00
   40.130   0.0000E+00
   40.140   0.0000E+00
   40.150   0.0000E+00
   40.160   0.0000E+00
   40.170   0.0000E+00
   40.180   0.0000E+00
   40.190   0.0000E+00
   40.200   0.0000E+00
   40.210   0.0000E+00
   40.220   0.0000E+00
   40.230   0.0000E+00
   40.240   0.0000E+00
   40.250   0.0000E+00
   40.260   0.0000E+00
   40.270   0.0000E+00
   40.280   0.0000E+00
   40.290   0.0000E+00
   40.300   0.0000E+00
   40.310   0.0000E+00
   40.320   0.0000E+00
   40.330   0.0000E+00
   40.340   0.0000E+00
   40.350   0.0000E+00
   40.360   0.0000E+00
   40.370   0.0000E+00
   40.380   0.0000E+00
   40.390   0.0000E+00
   40.400   0.0000E+00
   40.410   0.0000E+00
   40.420   0.0000E+00
   40.430   0.0000E+00
   40.440   0.0000E+00
   40.450   0.0000E+00
   40.460   0.0000E+00
   40.470   0.0000E+00
   40.480   0.0000E+00
   40.490   0.0000E+00
   40.500   0.0000E+00
   40.510   0.0000E+00
   40.520   0.0000E+00
   40.530   0.0000E+00
   40.540   0.0000E+00
   40.550   0.0000E+00
   40.560   0.0000E+00
   40.570   0.0000E+00
   40.580   0.0000E+00
   40.590   0.0000E+00
   40.600   0.0000E+00
   40.610   0.0000E+00
   40.620   0.0000E+00
   40.630   0.0000E+00
   40.640   0.0000E+00
   40.650   0.0000E+00
   40.660   0.0000E+00
   40.670   0.0000E+00
   40.680   0.0000E+00
   40.690   0.0000E+00
   40.700   0.0000E+00
   40.710   0.0000E+00
   40.720   0.0000E+00
   40.730   0.0000E+00
   40.740   0.0000E+00
   40.750   0.0000E+00
   40.760   0.0000E+00
   40.770   0.0000E+00
   40.780   0.0000E+00
   40.790   0.0000E+00
   40.800   0.0000E+00
   40.810   0.0000E+00
   40.820   0.0000E+00
   40.830   0.0000E+00
   40.840   0.0000E+00
   40.850   0.0000E+00
   40.860   0.0000E+00
   40.870   0.0000E+00
   40.880   0.0000E+00
   40.890   0.0000E+00
   40.900   0.0000E+00
   40.910   0.0000E+00
   40.920   0.0000E+00
   40.930   0.0000E+00
   40.940   0.0000E+00
   40.950   0.0000E+00
