**********************************************
*******  Acceleration Time Series ************
*** Site #   1
*** trial   38
Input Parameters file =  aqk_0604__parameters.out                                                                                                
  4096 samples
dt:  0.010 sec
data format: (1x,f8.3,1p,2x,e11.4)
maximum absolute acceleration: 505.48
fault Dis.(km)=    5.06
Hypo  Dis.(km)=   11.45
  time(s) acc(cm/s**2)
    0.000   0.0000E+00
    0.010   0.0000E+00
    0.020   0.0000E+00
    0.030   0.0000E+00
    0.040   0.0000E+00
    0.050   0.0000E+00
    0.060   0.0000E+00
    0.070   0.0000E+00
    0.080   0.0000E+00
    0.090   0.0000E+00
    0.100   0.0000E+00
    0.110   0.0000E+00
    0.120   0.0000E+00
    0.130   0.0000E+00
    0.140   0.0000E+00
    0.150   0.0000E+00
    0.160   0.0000E+00
    0.170   0.0000E+00
    0.180   0.0000E+00
    0.190   0.0000E+00
    0.200   0.0000E+00
    0.210   0.0000E+00
    0.220   0.0000E+00
    0.230   0.0000E+00
    0.240   0.0000E+00
    0.250   0.0000E+00
    0.260   0.0000E+00
    0.270   0.0000E+00
    0.280   0.0000E+00
    0.290   0.0000E+00
    0.300   0.0000E+00
    0.310   0.0000E+00
    0.320   0.0000E+00
    0.330   0.0000E+00
    0.340   0.0000E+00
    0.350   0.0000E+00
    0.360   0.0000E+00
    0.370   0.0000E+00
    0.380   0.0000E+00
    0.390   0.0000E+00
    0.400   0.0000E+00
    0.410   0.0000E+00
    0.420   0.0000E+00
    0.430   3.9575E-02
    0.440   9.3143E-02
    0.450   1.0191E-01
    0.460   7.8574E-02
    0.470   4.3951E-02
    0.480   1.7875E-02
    0.490   1.1537E-02
    0.500   2.5585E-02
    0.510   8.5639E-01
    0.520   9.0778E-01
    0.530   9.6871E-01
    0.540   1.0328E+00
    0.550   1.0978E+00
    0.560   1.1641E+00
    0.570   1.2314E+00
    0.580   1.2949E+00
    0.590   1.3447E+00
    0.600   1.3682E+00
    0.610   1.3564E+00
    0.620   1.3118E+00
    0.630   1.2539E+00
    0.640   1.2125E+00
    0.650   1.2095E+00
    0.660   1.2451E+00
    0.670   1.3028E+00
    0.680   1.3645E+00
    0.690   1.4142E+00
    0.700   1.4281E+00
    0.710   1.4519E+00
    0.720   1.4588E+00
    0.730   1.4059E+00
    0.740   1.3197E+00
    0.750   1.2339E+00
    0.760   1.1619E+00
    0.770   1.0975E+00
    0.780   1.0341E+00
    0.790   9.7307E-01
    0.800   9.1151E-01
    0.810   8.3447E-01
    0.820   7.2548E-01
    0.830   5.8502E-01
    0.840   4.3737E-01
    0.850   1.5247E-01
    0.860  -8.0490E-03
    0.870   1.6514E+00
    0.880   1.3714E+00
    0.890   9.8267E-01
    0.900   4.5382E-01
    0.910  -1.9856E-01
    0.920  -9.1621E-01
    0.930  -1.6337E+00
    0.940  -2.3122E+00
    0.950  -2.9455E+00
    0.960  -3.9977E+00
    0.970  -5.4587E+00
    0.980  -5.8813E+00
    0.990  -6.1813E+00
    1.000  -6.3233E+00
    1.010  -6.3031E+00
    1.020  -6.1520E+00
    1.030  -5.9100E+00
    1.040  -5.6002E+00
    1.050  -5.2375E+00
    1.060  -4.8539E+00
    1.070  -4.1445E+00
    1.080  -3.8542E+00
    1.090  -3.6585E+00
    1.100  -3.4789E+00
    1.110  -3.2506E+00
    1.120  -2.9396E+00
    1.130  -2.5184E+00
    1.140  -1.9555E+00
    1.150  -1.2358E+00
    1.160  -2.1102E+00
    1.170  -1.2680E+00
    1.180  -5.0000E-01
    1.190  -2.8437E-01
    1.200  -4.2911E-03
    1.210   4.5396E-02
    1.220  -7.1523E-02
    1.230  -2.8884E-01
    1.240  -5.6739E-01
    1.250  -1.4472E+00
    1.260  -1.9791E+00
    1.270  -2.7734E+00
    1.280  -3.3526E+00
    1.290  -4.0320E+00
    1.300  -4.8005E+00
    1.310  -5.5833E+00
    1.320  -6.2891E+00
    1.330  -6.8697E+00
    1.340  -7.3451E+00
    1.350  -4.9877E+00
    1.360  -5.4406E+00
    1.370  -6.0239E+00
    1.380  -6.7284E+00
    1.390  -7.3782E+00
    1.400  -7.4039E+00
    1.410  -7.3249E+00
    1.420  -6.9965E+00
    1.430  -6.5690E+00
    1.440  -6.1768E+00
    1.450  -5.8562E+00
    1.460  -6.4222E+00
    1.470  -5.9828E+00
    1.480  -5.3213E+00
    1.490  -4.4353E+00
    1.500  -4.0541E+00
    1.510  -3.1857E+00
    1.520  -2.7648E+00
    1.530  -2.5756E+00
    1.540  -3.0805E+00
    1.550  -3.2454E+00
    1.560  -4.2792E+00
    1.570  -4.6308E+00
    1.580  -5.0847E+00
    1.590  -5.6842E+00
    1.600  -6.4151E+00
    1.610  -7.1215E+00
    1.620  -7.5415E+00
    1.630  -6.5939E+00
    1.640  -5.9359E+00
    1.650  -4.9194E+00
    1.660  -4.1842E+00
    1.670  -3.2265E+00
    1.680  -2.4329E+00
    1.690  -1.8374E+00
    1.700  -1.4113E+00
    1.710  -1.1122E+00
    1.720  -8.7595E-01
    1.730  -6.3362E-01
    1.740  -3.5338E-01
    1.750  -5.5117E-02
    1.760   2.2471E-01
    1.770   4.7608E-01
    1.780   8.1394E-01
    1.790   1.3012E+00
    1.800   2.2146E+00
    1.810   2.9365E+00
    1.820   3.5026E+00
    1.830   3.8000E+00
    1.840   2.9916E+00
    1.850   2.2859E+00
    1.860   2.0939E+00
    1.870   1.9024E+00
    1.880   1.8032E+00
    1.890   1.8259E+00
    1.900   2.2303E+00
    1.910   2.2579E+00
    1.920   2.0045E+00
    1.930   7.7873E-01
    1.940  -2.7404E-01
    1.950  -5.0739E+00
    1.960  -6.7782E+00
    1.970  -8.5635E+00
    1.980  -9.1643E+00
    1.990  -9.3902E+00
    2.000  -9.3250E+00
    2.010  -9.4701E+00
    2.020  -1.0054E+01
    2.030  -1.1047E+01
    2.040  -1.1926E+01
    2.050  -1.2926E+01
    2.060  -1.3525E+01
    2.070  -1.3599E+01
    2.080  -1.3173E+01
    2.090  -1.2364E+01
    2.100  -1.1265E+01
    2.110  -9.9927E+00
    2.120  -8.4183E+00
    2.130  -6.3718E+00
    2.140  -3.6910E+00
    2.150  -3.3954E-01
    2.160   3.5024E+00
    2.170   7.4490E+00
    2.180   1.1051E+01
    2.190   1.4002E+01
    2.200   1.6256E+01
    2.210   1.7955E+01
    2.220   1.9242E+01
    2.230   2.0122E+01
    2.240   2.0507E+01
    2.250   2.0345E+01
    2.260   1.9717E+01
    2.270   1.9628E+01
    2.280   1.8420E+01
    2.290   1.9077E+01
    2.300   1.7719E+01
    2.310   1.6239E+01
    2.320   1.4685E+01
    2.330   1.3098E+01
    2.340   1.1461E+01
    2.350   9.7114E+00
    2.360   7.8303E+00
    2.370   5.8890E+00
    2.380   4.7002E+00
    2.390   2.7932E+00
    2.400   1.5660E+00
    2.410  -1.8684E+00
    2.420  -3.6011E+00
    2.430  -6.2764E+00
    2.440  -6.4685E+00
    2.450  -5.8198E+00
    2.460  -4.4720E+00
    2.470  -2.6428E+00
    2.480  -6.0751E-01
    2.490   1.4550E+00
    2.500   3.4084E+00
    2.510   6.0333E+00
    2.520   7.7224E+00
    2.530   9.2779E+00
    2.540   1.0932E+01
    2.550   1.2396E+01
    2.560   1.3712E+01
    2.570   1.6297E+01
    2.580   1.6468E+01
    2.590   1.6259E+01
    2.600   1.5949E+01
    2.610   1.6026E+01
    2.620   1.6745E+01
    2.630   1.8037E+01
    2.640   1.9745E+01
    2.650   2.1397E+01
    2.660   2.2521E+01
    2.670   2.2728E+01
    2.680   2.1870E+01
    2.690   2.0151E+01
    2.700   1.8241E+01
    2.710   1.6453E+01
    2.720   1.4931E+01
    2.730   1.3559E+01
    2.740   1.2112E+01
    2.750   9.8507E+00
    2.760   8.1066E+00
    2.770   6.0939E+00
    2.780   3.3921E+00
    2.790   9.8416E-01
    2.800  -1.3045E+00
    2.810  -3.4259E+00
    2.820  -6.2830E+00
    2.830  -8.2524E+00
    2.840  -9.5779E+00
    2.850  -1.0085E+01
    2.860  -9.9557E+00
    2.870  -9.7594E+00
    2.880  -1.0156E+01
    2.890  -1.1474E+01
    2.900  -1.2171E+01
    2.910  -1.4106E+01
    2.920  -1.5461E+01
    2.930  -1.5381E+01
    2.940  -1.4026E+01
    2.950  -1.1690E+01
    2.960  -9.2102E+00
    2.970  -7.0520E+00
    2.980  -4.7218E+00
    2.990  -3.1195E+00
    3.000  -2.3817E+00
    3.010  -1.7719E+00
    3.020  -1.1420E+00
    3.030  -3.7042E-01
    3.040   3.1225E-01
    3.050   4.8245E-01
    3.060  -7.4939E-02
    3.070  -1.0787E+00
    3.080  -2.2493E+00
    3.090  -1.7987E+00
    3.100  -1.0957E+00
    3.110   1.4504E-01
    3.120   1.5185E+00
    3.130   2.6927E+00
    3.140   3.0196E+00
    3.150   2.5751E+00
    3.160   1.4176E+00
    3.170   1.3134E-01
    3.180  -1.1715E+00
    3.190  -1.9267E+00
    3.200  -1.8480E+00
    3.210  -1.1180E+00
    3.220  -1.7069E-01
    3.230   4.1716E-01
    3.240   5.2378E-03
    3.250  -6.7976E-01
    3.260  -1.5660E+00
    3.270  -1.0723E+00
    3.280  -9.7201E-01
    3.290  -3.1324E-01
    3.300   1.3624E+00
    3.310   4.4824E+00
    3.320   6.9631E+00
    3.330   9.3066E+00
    3.340   1.1995E+01
    3.350   1.4072E+01
    3.360   1.2094E+01
    3.370   1.2528E+01
    3.380   1.0879E+01
    3.390   7.8708E+00
    3.400   3.3272E+00
    3.410  -2.3650E+00
    3.420  -8.5082E+00
    3.430  -1.2527E+01
    3.440  -1.7689E+01
    3.450  -2.1856E+01
    3.460  -2.5187E+01
    3.470  -2.7908E+01
    3.480  -3.0193E+01
    3.490  -3.1663E+01
    3.500  -3.2439E+01
    3.510  -3.2260E+01
    3.520  -3.1495E+01
    3.530  -3.0272E+01
    3.540  -2.8771E+01
    3.550  -2.6918E+01
    3.560  -2.4701E+01
    3.570  -2.2179E+01
    3.580  -1.9407E+01
    3.590  -1.7927E+01
    3.600  -1.4304E+01
    3.610  -9.8912E+00
    3.620  -5.1182E+00
    3.630  -2.9625E-01
    3.640   4.9720E+00
    3.650   8.6289E+00
    3.660   1.1846E+01
    3.670   1.4578E+01
    3.680   1.6532E+01
    3.690   1.7070E+01
    3.700   1.4329E+01
    3.710   1.1197E+01
    3.720   6.7156E+00
    3.730   1.3569E+00
    3.740  -4.1106E+00
    3.750  -9.1735E+00
    3.760  -1.5465E+01
    3.770  -1.9507E+01
    3.780  -2.1444E+01
    3.790  -2.2293E+01
    3.800  -2.2372E+01
    3.810  -2.2192E+01
    3.820  -2.0968E+01
    3.830  -2.1083E+01
    3.840  -2.0673E+01
    3.850  -1.9560E+01
    3.860  -1.9441E+01
    3.870  -1.9435E+01
    3.880  -2.1244E+01
    3.890  -2.4664E+01
    3.900  -2.8827E+01
    3.910  -3.2907E+01
    3.920  -3.6407E+01
    3.930  -3.8833E+01
    3.940  -3.9471E+01
    3.950  -3.7790E+01
    3.960  -3.4027E+01
    3.970  -2.9191E+01
    3.980  -2.4390E+01
    3.990  -2.0190E+01
    4.000  -1.6576E+01
    4.010  -1.2835E+01
    4.020  -9.7803E+00
    4.030  -6.6370E+00
    4.040  -3.0717E+00
    4.050   9.7101E-01
    4.060   6.2575E+00
    4.070   1.4329E+01
    4.080   2.1586E+01
    4.090   2.7873E+01
    4.100   3.1688E+01
    4.110   3.2130E+01
    4.120   2.9628E+01
    4.130   2.5991E+01
    4.140   2.3268E+01
    4.150   2.2586E+01
    4.160   2.4320E+01
    4.170   2.6470E+01
    4.180   2.7837E+01
    4.190   2.7698E+01
    4.200   2.5945E+01
    4.210   2.2891E+01
    4.220   1.9078E+01
    4.230   1.5159E+01
    4.240   1.1610E+01
    4.250   8.9734E+00
    4.260   7.1296E+00
    4.270   5.4533E+00
    4.280   3.7660E+00
    4.290   1.5467E+00
    4.300  -1.4040E-01
    4.310  -4.9348E-02
    4.320   2.5068E+00
    4.330   6.1542E+00
    4.340   8.9684E+00
    4.350   8.8753E+00
    4.360   5.8688E+00
    4.370   1.0699E+00
    4.380  -4.1688E+00
    4.390  -9.3659E+00
    4.400  -1.4620E+01
    4.410  -1.9316E+01
    4.420  -2.2932E+01
    4.430  -2.4953E+01
    4.440  -2.5609E+01
    4.450  -2.6091E+01
    4.460  -2.6864E+01
    4.470  -2.7932E+01
    4.480  -2.8325E+01
    4.490  -2.6585E+01
    4.500  -2.1935E+01
    4.510  -1.5102E+01
    4.520  -8.3565E+00
    4.530  -3.4607E+00
    4.540  -6.3255E-01
    4.550   6.8040E-01
    4.560   1.4193E+00
    4.570   1.6250E+00
    4.580   1.0302E+00
    4.590  -3.0817E-01
    4.600  -1.8103E+00
    4.610  -3.3025E+00
    4.620  -4.5482E+00
    4.630  -4.8580E+00
    4.640  -4.3036E+00
    4.650  -2.4254E+00
    4.660   1.3546E+00
    4.670   6.8644E+00
    4.680   1.2876E+01
    4.690   1.9074E+01
    4.700   2.4506E+01
    4.710   2.8907E+01
    4.720   3.2656E+01
    4.730   3.5483E+01
    4.740   3.7726E+01
    4.750   3.8825E+01
    4.760   3.9113E+01
    4.770   3.9330E+01
    4.780   3.9880E+01
    4.790   4.0588E+01
    4.800   4.1129E+01
    4.810   4.0724E+01
    4.820   3.8930E+01
    4.830   3.5219E+01
    4.840   2.9829E+01
    4.850   2.3425E+01
    4.860   1.6605E+01
    4.870   9.1530E+00
    4.880   1.4566E+00
    4.890  -5.5805E+00
    4.900  -9.6675E+00
    4.910  -1.1536E+01
    4.920  -1.2790E+01
    4.930  -1.4385E+01
    4.940  -1.4656E+01
    4.950  -1.1524E+01
    4.960  -4.1811E+00
    4.970   6.8282E+00
    4.980   2.0414E+01
    4.990   3.5835E+01
    5.000   5.0947E+01
    5.010   6.3343E+01
    5.020   7.1551E+01
    5.030   7.5642E+01
    5.040   7.6353E+01
    5.050   7.4194E+01
    5.060   7.0243E+01
    5.070   6.6254E+01
    5.080   6.3780E+01
    5.090   6.2285E+01
    5.100   5.8680E+01
    5.110   5.2890E+01
    5.120   4.5937E+01
    5.130   4.1513E+01
    5.140   4.1595E+01
    5.150   4.5056E+01
    5.160   4.9104E+01
    5.170   5.2457E+01
    5.180   5.5360E+01
    5.190   5.7400E+01
    5.200   5.6643E+01
    5.210   5.1690E+01
    5.220   4.3728E+01
    5.230   3.6655E+01
    5.240   3.2755E+01
    5.250   3.2493E+01
    5.260   3.4167E+01
    5.270   3.6380E+01
    5.280   3.8502E+01
    5.290   3.9896E+01
    5.300   3.9153E+01
    5.310   3.4298E+01
    5.320   2.2723E+01
    5.330   5.3225E+00
    5.340  -1.6104E+01
    5.350  -3.7108E+01
    5.360  -5.2737E+01
    5.370  -5.9964E+01
    5.380  -5.9176E+01
    5.390  -5.3762E+01
    5.400  -4.7901E+01
    5.410  -4.4348E+01
    5.420  -4.4063E+01
    5.430  -4.4701E+01
    5.440  -4.2569E+01
    5.450  -3.3973E+01
    5.460  -2.1161E+01
    5.470  -7.3837E+00
    5.480   5.9219E+00
    5.490   1.8184E+01
    5.500   2.8547E+01
    5.510   3.7620E+01
    5.520   4.4352E+01
    5.530   4.7054E+01
    5.540   4.8555E+01
    5.550   5.1346E+01
    5.560   5.3461E+01
    5.570   4.8914E+01
    5.580   3.4902E+01
    5.590   1.4596E+01
    5.600  -3.1807E+00
    5.610  -1.1263E+01
    5.620  -9.5559E+00
    5.630   3.5177E-01
    5.640   1.5580E+01
    5.650   3.3005E+01
    5.660   5.1975E+01
    5.670   6.8336E+01
    5.680   7.8806E+01
    5.690   8.3895E+01
    5.700   8.6883E+01
    5.710   8.9752E+01
    5.720   9.4236E+01
    5.730   1.0287E+02
    5.740   1.1292E+02
    5.750   1.1616E+02
    5.760   1.0738E+02
    5.770   8.6874E+01
    5.780   6.3467E+01
    5.790   4.5908E+01
    5.800   3.8013E+01
    5.810   3.6530E+01
    5.820   3.6192E+01
    5.830   3.7497E+01
    5.840   3.8152E+01
    5.850   3.4568E+01
    5.860   2.4848E+01
    5.870   1.0747E+01
    5.880  -9.7026E-01
    5.890  -5.2325E+00
    5.900  -6.3498E+00
    5.910  -1.0392E+01
    5.920  -1.8702E+01
    5.930  -2.8662E+01
    5.940  -4.6147E+01
    5.950  -6.7235E+01
    5.960  -8.5536E+01
    5.970  -1.0118E+02
    5.980  -1.1324E+02
    5.990  -1.1761E+02
    6.000  -1.1312E+02
    6.010  -1.0193E+02
    6.020  -8.9866E+01
    6.030  -8.4064E+01
    6.040  -8.6478E+01
    6.050  -9.3145E+01
    6.060  -9.8795E+01
    6.070  -1.0029E+02
    6.080  -9.7264E+01
    6.090  -8.8034E+01
    6.100  -7.3565E+01
    6.110  -5.8661E+01
    6.120  -4.5443E+01
    6.130  -2.9021E+01
    6.140  -6.0444E+00
    6.150   1.5366E+01
    6.160   2.6611E+01
    6.170   2.9130E+01
    6.180   3.1270E+01
    6.190   3.8783E+01
    6.200   4.7122E+01
    6.210   4.2317E+01
    6.220   1.8493E+01
    6.230  -2.0937E+01
    6.240  -7.4620E+01
    6.250  -1.3577E+02
    6.260  -1.9168E+02
    6.270  -2.3314E+02
    6.280  -2.5886E+02
    6.290  -2.6996E+02
    6.300  -2.6836E+02
    6.310  -2.5592E+02
    6.320  -2.3519E+02
    6.330  -2.1269E+02
    6.340  -1.9683E+02
    6.350  -1.8673E+02
    6.360  -1.6847E+02
    6.370  -1.3304E+02
    6.380  -8.9184E+01
    6.390  -6.1107E+01
    6.400  -6.2156E+01
    6.410  -8.3718E+01
    6.420  -1.0770E+02
    6.430  -1.2693E+02
    6.440  -1.4407E+02
    6.450  -1.5454E+02
    6.460  -1.5401E+02
    6.470  -1.3437E+02
    6.480  -1.0034E+02
    6.490  -8.0834E+01
    6.500  -8.2731E+01
    6.510  -9.7626E+01
    6.520  -1.1418E+02
    6.530  -1.1877E+02
    6.540  -1.1451E+02
    6.550  -1.0999E+02
    6.560  -1.0192E+02
    6.570  -8.5724E+01
    6.580  -5.4947E+01
    6.590  -4.2654E+00
    6.600   6.4534E+01
    6.610   1.3219E+02
    6.620   1.7442E+02
    6.630   1.7711E+02
    6.640   1.4323E+02
    6.650   9.3522E+01
    6.660   5.0577E+01
    6.670   2.3982E+01
    6.680   1.5958E+01
    6.690   1.9622E+01
    6.700   2.6267E+01
    6.710   2.5214E+01
    6.720   1.1554E+01
    6.730  -1.1238E+01
    6.740  -4.0031E+01
    6.750  -6.7338E+01
    6.760  -8.1057E+01
    6.770  -8.1689E+01
    6.780  -7.9416E+01
    6.790  -7.7481E+01
    6.800  -7.9011E+01
    6.810  -8.6382E+01
    6.820  -9.5945E+01
    6.830  -8.5152E+01
    6.840  -3.7891E+01
    6.850   3.3383E+01
    6.860   1.0053E+02
    6.870   1.4021E+02
    6.880   1.4598E+02
    6.890   1.2447E+02
    6.900   8.7632E+01
    6.910   3.9594E+01
    6.920  -1.1812E+01
    6.930  -5.6639E+01
    6.940  -8.6699E+01
    6.950  -9.8231E+01
    6.960  -9.4378E+01
    6.970  -9.5299E+01
    6.980  -1.1912E+02
    6.990  -1.6829E+02
    7.000  -2.2720E+02
    7.010  -2.6559E+02
    7.020  -2.6348E+02
    7.030  -2.2894E+02
    7.040  -1.8832E+02
    7.050  -1.7225E+02
    7.060  -1.8399E+02
    7.070  -2.0894E+02
    7.080  -2.2544E+02
    7.090  -2.2367E+02
    7.100  -2.0611E+02
    7.110  -1.6897E+02
    7.120  -1.1477E+02
    7.130  -6.1448E+01
    7.140  -2.1444E+01
    7.150   3.6816E+00
    7.160   1.7025E+01
    7.170   2.7436E+01
    7.180   3.8713E+01
    7.190   5.1267E+01
    7.200   6.7572E+01
    7.210   1.0152E+02
    7.220   1.5251E+02
    7.230   1.9838E+02
    7.240   2.3013E+02
    7.250   2.4442E+02
    7.260   2.4522E+02
    7.270   2.3709E+02
    7.280   2.3372E+02
    7.290   2.3844E+02
    7.300   2.3962E+02
    7.310   2.3090E+02
    7.320   2.0715E+02
    7.330   1.6671E+02
    7.340   1.0820E+02
    7.350   4.9642E+01
    7.360   5.2437E+00
    7.370  -3.2327E+01
    7.380  -6.6211E+01
    7.390  -8.8644E+01
    7.400  -9.0426E+01
    7.410  -6.6722E+01
    7.420  -3.1674E+01
    7.430  -3.0827E+00
    7.440   1.3580E+01
    7.450   1.2368E+01
    7.460   5.5637E+00
    7.470   2.3231E+01
    7.480   7.3834E+01
    7.490   1.4862E+02
    7.500   2.3097E+02
    7.510   3.0038E+02
    7.520   3.4690E+02
    7.530   3.6228E+02
    7.540   3.5001E+02
    7.550   3.2845E+02
    7.560   3.0990E+02
    7.570   2.8398E+02
    7.580   2.4558E+02
    7.590   2.1441E+02
    7.600   2.0850E+02
    7.610   2.2373E+02
    7.620   2.4155E+02
    7.630   2.4348E+02
    7.640   2.1122E+02
    7.650   1.5815E+02
    7.660   1.2283E+02
    7.670   1.2072E+02
    7.680   1.3884E+02
    7.690   1.7059E+02
    7.700   2.0897E+02
    7.710   2.3469E+02
    7.720   2.2826E+02
    7.730   1.8765E+02
    7.740   1.3532E+02
    7.750   8.8190E+01
    7.760   5.8584E+01
    7.770   4.7506E+01
    7.780   4.4815E+01
    7.790   5.9981E+01
    7.800   9.6719E+01
    7.810   1.3958E+02
    7.820   1.7229E+02
    7.830   1.7479E+02
    7.840   1.3368E+02
    7.850   5.5480E+01
    7.860  -4.0634E+01
    7.870  -1.3520E+02
    7.880  -2.0787E+02
    7.890  -2.3926E+02
    7.900  -2.3900E+02
    7.910  -2.3441E+02
    7.920  -2.4328E+02
    7.930  -2.7229E+02
    7.940  -3.0645E+02
    7.950  -3.1748E+02
    7.960  -2.8886E+02
    7.970  -2.2774E+02
    7.980  -1.5253E+02
    7.990  -7.3257E+01
    8.000  -6.9208E+00
    8.010   2.9709E+01
    8.020   3.9129E+01
    8.030   2.9260E+01
    8.040   6.1526E+00
    8.050  -9.7942E+00
    8.060   5.8527E+00
    8.070   3.6753E+01
    8.080   6.6976E+01
    8.090   9.9310E+01
    8.100   1.1483E+02
    8.110   1.0380E+02
    8.120   7.2380E+01
    8.130   2.9238E+01
    8.140  -1.3326E+01
    8.150  -4.4700E+01
    8.160  -5.3255E+01
    8.170  -3.4770E+01
    8.180  -8.3703E+00
    8.190  -1.0358E+01
    8.200  -5.9178E+01
    8.210  -1.3345E+02
    8.220  -1.9598E+02
    8.230  -2.2757E+02
    8.240  -2.2062E+02
    8.250  -1.8814E+02
    8.260  -1.4892E+02
    8.270  -1.2180E+02
    8.280  -1.1041E+02
    8.290  -8.9680E+01
    8.300  -4.0751E+01
    8.310   3.3824E+01
    8.320   1.1974E+02
    8.330   2.0775E+02
    8.340   2.8125E+02
    8.350   3.2726E+02
    8.360   3.4589E+02
    8.370   3.3155E+02
    8.380   3.0644E+02
    8.390   2.8945E+02
    8.400   2.7689E+02
    8.410   2.6132E+02
    8.420   2.3547E+02
    8.430   1.9387E+02
    8.440   1.4314E+02
    8.450   9.1337E+01
    8.460   4.3619E+01
    8.470  -1.1383E+00
    8.480  -5.1554E+01
    8.490  -8.6495E+01
    8.500  -7.6941E+01
    8.510  -3.3018E+01
    8.520   1.7677E+01
    8.530   4.8078E+01
    8.540   4.0380E+01
    8.550  -4.8034E+00
    8.560  -6.0746E+01
    8.570  -9.1515E+01
    8.580  -8.4618E+01
    8.590  -5.8195E+01
    8.600  -2.9009E+01
    8.610   6.7629E+00
    8.620   4.5112E+01
    8.630   7.3313E+01
    8.640   8.2673E+01
    8.650   8.1562E+01
    8.660   7.5562E+01
    8.670   6.3889E+01
    8.680   3.9167E+01
    8.690   9.1322E+00
    8.700  -1.1391E+01
    8.710  -2.1655E+01
    8.720  -4.2160E+01
    8.730  -8.5545E+01
    8.740  -1.5120E+02
    8.750  -2.1323E+02
    8.760  -2.3897E+02
    8.770  -2.3086E+02
    8.780  -2.1116E+02
    8.790  -1.8400E+02
    8.800  -1.5319E+02
    8.810  -1.3149E+02
    8.820  -1.2396E+02
    8.830  -1.2440E+02
    8.840  -1.2065E+02
    8.850  -1.1851E+02
    8.860  -1.3518E+02
    8.870  -1.6973E+02
    8.880  -2.0269E+02
    8.890  -2.1128E+02
    8.900  -1.8756E+02
    8.910  -1.4173E+02
    8.920  -1.0483E+02
    8.930  -8.6209E+01
    8.940  -8.6491E+01
    8.950  -1.1620E+02
    8.960  -1.6647E+02
    8.970  -2.1173E+02
    8.980  -2.4516E+02
    8.990  -2.6099E+02
    9.000  -2.4739E+02
    9.010  -2.0221E+02
    9.020  -1.3302E+02
    9.030  -4.6509E+01
    9.040   3.5098E+01
    9.050   7.0713E+01
    9.060   5.3874E+01
    9.070   1.4461E+01
    9.080  -8.9601E+00
    9.090   1.2020E+00
    9.100   4.7856E+01
    9.110   1.2383E+02
    9.120   2.0247E+02
    9.130   2.5352E+02
    9.140   2.5833E+02
    9.150   2.2257E+02
    9.160   1.7427E+02
    9.170   1.4160E+02
    9.180   1.3556E+02
    9.190   1.5127E+02
    9.200   1.7115E+02
    9.210   1.8828E+02
    9.220   2.1139E+02
    9.230   2.3351E+02
    9.240   2.4016E+02
    9.250   2.2847E+02
    9.260   1.8805E+02
    9.270   1.2006E+02
    9.280   5.0649E+01
    9.290  -1.7069E+00
    9.300  -3.2944E+01
    9.310  -6.7700E+01
    9.320  -1.2774E+02
    9.330  -2.0749E+02
    9.340  -2.9273E+02
    9.350  -3.4596E+02
    9.360  -3.3065E+02
    9.370  -2.5763E+02
    9.380  -1.6751E+02
    9.390  -9.3954E+01
    9.400  -4.7475E+01
    9.410  -1.8047E+01
    9.420  -4.9555E+00
    9.430   1.1466E+01
    9.440   4.9855E+01
    9.450   1.0024E+02
    9.460   1.5292E+02
    9.470   2.0395E+02
    9.480   2.4095E+02
    9.490   2.3793E+02
    9.500   1.8974E+02
    9.510   1.2362E+02
    9.520   8.2463E+01
    9.530   6.4629E+01
    9.540   4.7952E+01
    9.550   1.9561E+01
    9.560  -1.4974E+01
    9.570  -5.1196E+01
    9.580  -8.6435E+01
    9.590  -1.1652E+02
    9.600  -1.5209E+02
    9.610  -1.8213E+02
    9.620  -1.8578E+02
    9.630  -1.5683E+02
    9.640  -1.0290E+02
    9.650  -4.2979E+01
    9.660   1.4117E+01
    9.670   5.4226E+01
    9.680   6.6847E+01
    9.690   6.6052E+01
    9.700   6.2788E+01
    9.710   6.8307E+01
    9.720   8.0690E+01
    9.730   9.5504E+01
    9.740   1.0460E+02
    9.750   8.6589E+01
    9.760   4.9706E+01
    9.770   5.7355E+00
    9.780  -3.7004E+01
    9.790  -7.0019E+01
    9.800  -1.0430E+02
    9.810  -1.4887E+02
    9.820  -1.9369E+02
    9.830  -2.3078E+02
    9.840  -2.4549E+02
    9.850  -2.3877E+02
    9.860  -2.1625E+02
    9.870  -1.7730E+02
    9.880  -1.2606E+02
    9.890  -5.9097E+01
    9.900   4.9269E+00
    9.910   5.3274E+01
    9.920   9.7431E+01
    9.930   1.4367E+02
    9.940   1.8252E+02
    9.950   1.9811E+02
    9.960   1.8998E+02
    9.970   1.7141E+02
    9.980   1.5265E+02
    9.990   1.4115E+02
   10.000   1.3915E+02
   10.010   1.3576E+02
   10.020   1.2931E+02
   10.030   1.3285E+02
   10.040   1.5136E+02
   10.050   1.7968E+02
   10.060   2.1768E+02
   10.070   2.6028E+02
   10.080   2.9448E+02
   10.090   2.9979E+02
   10.100   2.6284E+02
   10.110   1.9465E+02
   10.120   1.3918E+02
   10.130   1.2308E+02
   10.140   1.3656E+02
   10.150   1.6050E+02
   10.160   1.7090E+02
   10.170   1.7305E+02
   10.180   1.7009E+02
   10.190   1.5645E+02
   10.200   1.3112E+02
   10.210   1.0412E+02
   10.220   7.7420E+01
   10.230   4.9326E+01
   10.240   1.5160E+01
   10.250  -3.3458E+01
   10.260  -9.1736E+01
   10.270  -1.5094E+02
   10.280  -1.8915E+02
   10.290  -1.9453E+02
   10.300  -1.6823E+02
   10.310  -1.2785E+02
   10.320  -8.9248E+01
   10.330  -4.1806E+01
   10.340   1.1564E+01
   10.350   5.2576E+01
   10.360   6.6831E+01
   10.370   4.3658E+01
   10.380  -1.7083E+01
   10.390  -9.0857E+01
   10.400  -1.4572E+02
   10.410  -1.8016E+02
   10.420  -1.9560E+02
   10.430  -1.9307E+02
   10.440  -1.8426E+02
   10.450  -1.8220E+02
   10.460  -2.0074E+02
   10.470  -2.4601E+02
   10.480  -3.1728E+02
   10.490  -4.0318E+02
   10.500  -4.7869E+02
   10.510  -5.0548E+02
   10.520  -4.7524E+02
   10.530  -4.1730E+02
   10.540  -3.6177E+02
   10.550  -3.3401E+02
   10.560  -3.1998E+02
   10.570  -2.9013E+02
   10.580  -2.4362E+02
   10.590  -1.8881E+02
   10.600  -1.3513E+02
   10.610  -9.4855E+01
   10.620  -7.0178E+01
   10.630  -5.2251E+01
   10.640  -3.8562E+01
   10.650  -3.5077E+01
   10.660  -3.3968E+01
   10.670  -1.7445E+01
   10.680   1.6318E+01
   10.690   6.2400E+01
   10.700   1.1082E+02
   10.710   1.5915E+02
   10.720   1.9948E+02
   10.730   2.2535E+02
   10.740   2.3233E+02
   10.750   2.2278E+02
   10.760   2.0010E+02
   10.770   1.8070E+02
   10.780   1.7297E+02
   10.790   1.6406E+02
   10.800   1.4978E+02
   10.810   1.2933E+02
   10.820   1.0881E+02
   10.830   9.4074E+01
   10.840   8.6710E+01
   10.850   9.4662E+01
   10.860   1.1184E+02
   10.870   1.0977E+02
   10.880   7.4345E+01
   10.890   2.8309E+01
   10.900  -5.7779E+00
   10.910  -2.6528E+01
   10.920  -3.6769E+01
   10.930  -2.9429E+01
   10.940  -1.5552E+01
   10.950  -1.5584E+01
   10.960  -2.7105E+01
   10.970  -4.4497E+01
   10.980  -6.3504E+01
   10.990  -6.5571E+01
   11.000  -4.7196E+01
   11.010  -2.6167E+01
   11.020  -7.2147E+00
   11.030   2.2834E+01
   11.040   6.3158E+01
   11.050   9.2677E+01
   11.060   1.0251E+02
   11.070   1.0412E+02
   11.080   1.0567E+02
   11.090   1.0061E+02
   11.100   8.3215E+01
   11.110   5.5578E+01
   11.120   1.8989E+01
   11.130  -2.4762E+01
   11.140  -7.1571E+01
   11.150  -1.1975E+02
   11.160  -1.6024E+02
   11.170  -1.7907E+02
   11.180  -1.6871E+02
   11.190  -1.4499E+02
   11.200  -1.2309E+02
   11.210  -1.1079E+02
   11.220  -1.1370E+02
   11.230  -1.3673E+02
   11.240  -1.6943E+02
   11.250  -1.9020E+02
   11.260  -1.9529E+02
   11.270  -1.9650E+02
   11.280  -1.9573E+02
   11.290  -1.9415E+02
   11.300  -1.9467E+02
   11.310  -1.9827E+02
   11.320  -1.9915E+02
   11.330  -2.0176E+02
   11.340  -2.0182E+02
   11.350  -1.9346E+02
   11.360  -1.8304E+02
   11.370  -1.7623E+02
   11.380  -1.6953E+02
   11.390  -1.5745E+02
   11.400  -1.4870E+02
   11.410  -1.4411E+02
   11.420  -1.3103E+02
   11.430  -1.0293E+02
   11.440  -6.5074E+01
   11.450  -2.0159E+01
   11.460   3.0698E+01
   11.470   8.4068E+01
   11.480   1.2558E+02
   11.490   1.4469E+02
   11.500   1.4455E+02
   11.510   1.3674E+02
   11.520   1.2684E+02
   11.530   1.1371E+02
   11.540   9.5437E+01
   11.550   6.6102E+01
   11.560   3.0701E+01
   11.570   3.5026E+00
   11.580  -5.7641E+00
   11.590  -9.2323E+00
   11.600  -1.5645E+01
   11.610  -2.4175E+01
   11.620  -2.5415E+01
   11.630  -7.4175E+00
   11.640   3.5916E+01
   11.650   9.7358E+01
   11.660   1.5738E+02
   11.670   2.0491E+02
   11.680   2.3428E+02
   11.690   2.4322E+02
   11.700   2.3128E+02
   11.710   1.9236E+02
   11.720   1.4243E+02
   11.730   1.1492E+02
   11.740   1.1991E+02
   11.750   1.5274E+02
   11.760   2.0123E+02
   11.770   2.4603E+02
   11.780   2.7177E+02
   11.790   2.7677E+02
   11.800   2.6883E+02
   11.810   2.5311E+02
   11.820   2.2733E+02
   11.830   1.9283E+02
   11.840   1.6227E+02
   11.850   1.4991E+02
   11.860   1.5071E+02
   11.870   1.5918E+02
   11.880   1.7465E+02
   11.890   1.8967E+02
   11.900   1.9600E+02
   11.910   1.8886E+02
   11.920   1.7277E+02
   11.930   1.5979E+02
   11.940   1.5362E+02
   11.950   1.4424E+02
   11.960   1.2313E+02
   11.970   9.5395E+01
   11.980   6.3888E+01
   11.990   3.2744E+01
   12.000   1.4367E+01
   12.010   4.1739E+00
   12.020  -1.0158E+01
   12.030  -2.8210E+01
   12.040  -5.0564E+01
   12.050  -7.2588E+01
   12.060  -9.1405E+01
   12.070  -1.0402E+02
   12.080  -1.0861E+02
   12.090  -1.0227E+02
   12.100  -8.7117E+01
   12.110  -7.0447E+01
   12.120  -5.1192E+01
   12.130  -3.3105E+01
   12.140  -1.3691E+01
   12.150   1.1621E+01
   12.160   3.3344E+01
   12.170   4.7827E+01
   12.180   5.0935E+01
   12.190   3.6233E+01
   12.200   8.3478E+00
   12.210  -1.7002E+01
   12.220  -2.7496E+01
   12.230  -2.2397E+01
   12.240  -6.3465E+00
   12.250   1.0097E+01
   12.260   2.3514E+01
   12.270   3.5319E+01
   12.280   3.9549E+01
   12.290   3.0677E+01
   12.300   7.6666E+00
   12.310  -1.5021E+01
   12.320  -2.8431E+01
   12.330  -3.7397E+01
   12.340  -4.7925E+01
   12.350  -5.9729E+01
   12.360  -6.7134E+01
   12.370  -6.6775E+01
   12.380  -6.1885E+01
   12.390  -5.4515E+01
   12.400  -4.3616E+01
   12.410  -3.2890E+01
   12.420  -2.1335E+01
   12.430  -9.4981E+00
   12.440   8.1798E-01
   12.450   7.3113E+00
   12.460   9.7138E+00
   12.470   1.0428E+01
   12.480   1.4746E+01
   12.490   2.3761E+01
   12.500   3.5137E+01
   12.510   4.5288E+01
   12.520   5.3109E+01
   12.530   5.4385E+01
   12.540   5.1551E+01
   12.550   5.2403E+01
   12.560   5.5784E+01
   12.570   6.2089E+01
   12.580   7.1554E+01
   12.590   7.8282E+01
   12.600   7.6776E+01
   12.610   7.0192E+01
   12.620   6.1956E+01
   12.630   4.9586E+01
   12.640   3.0442E+01
   12.650   1.2125E+01
   12.660   6.8539E+00
   12.670   1.7074E+01
   12.680   3.5494E+01
   12.690   4.8853E+01
   12.700   5.2480E+01
   12.710   4.9319E+01
   12.720   3.9293E+01
   12.730   2.3179E+01
   12.740   8.6702E+00
   12.750  -3.6779E+00
   12.760  -1.6067E+01
   12.770  -2.9346E+01
   12.780  -3.9550E+01
   12.790  -4.2439E+01
   12.800  -3.8345E+01
   12.810  -3.0516E+01
   12.820  -2.5721E+01
   12.830  -2.6959E+01
   12.840  -3.3648E+01
   12.850  -3.9828E+01
   12.860  -4.0168E+01
   12.870  -4.0243E+01
   12.880  -4.3883E+01
   12.890  -5.0054E+01
   12.900  -5.5690E+01
   12.910  -5.7770E+01
   12.920  -6.0170E+01
   12.930  -6.6369E+01
   12.940  -7.4869E+01
   12.950  -8.2960E+01
   12.960  -8.7455E+01
   12.970  -8.6312E+01
   12.980  -7.8621E+01
   12.990  -7.1481E+01
   13.000  -7.5113E+01
   13.010  -9.0102E+01
   13.020  -1.0970E+02
   13.030  -1.2425E+02
   13.040  -1.3010E+02
   13.050  -1.3090E+02
   13.060  -1.2770E+02
   13.070  -1.2030E+02
   13.080  -1.1021E+02
   13.090  -9.3568E+01
   13.100  -7.4007E+01
   13.110  -6.0924E+01
   13.120  -5.8859E+01
   13.130  -6.6912E+01
   13.140  -8.1443E+01
   13.150  -9.6005E+01
   13.160  -1.0436E+02
   13.170  -1.0514E+02
   13.180  -1.0001E+02
   13.190  -9.2929E+01
   13.200  -8.6532E+01
   13.210  -7.9134E+01
   13.220  -6.9668E+01
   13.230  -5.8024E+01
   13.240  -4.2644E+01
   13.250  -2.6992E+01
   13.260  -1.4805E+01
   13.270  -7.8524E+00
   13.280  -5.0003E+00
   13.290  -3.1846E+00
   13.300   7.6686E-01
   13.310   8.0862E+00
   13.320   1.5755E+01
   13.330   2.3538E+01
   13.340   3.1593E+01
   13.350   3.3476E+01
   13.360   2.6400E+01
   13.370   1.3369E+01
   13.380   1.8041E+00
   13.390  -2.0631E+00
   13.400   1.1438E+00
   13.410   1.1419E+01
   13.420   2.5947E+01
   13.430   3.8241E+01
   13.440   4.2272E+01
   13.450   3.7411E+01
   13.460   2.9579E+01
   13.470   2.5433E+01
   13.480   2.2297E+01
   13.490   1.5281E+01
   13.500   6.3502E+00
   13.510  -2.0020E+00
   13.520  -9.3124E+00
   13.530  -1.3750E+01
   13.540  -1.3269E+01
   13.550  -9.1039E+00
   13.560  -2.3109E+00
   13.570   6.5825E+00
   13.580   1.8033E+01
   13.590   3.0274E+01
   13.600   4.0289E+01
   13.610   4.6750E+01
   13.620   4.8789E+01
   13.630   4.7068E+01
   13.640   4.2696E+01
   13.650   3.8299E+01
   13.660   3.5584E+01
   13.670   3.0255E+01
   13.680   2.0885E+01
   13.690   9.4470E+00
   13.700  -4.0435E+00
   13.710  -1.8258E+01
   13.720  -2.9346E+01
   13.730  -3.4770E+01
   13.740  -3.7138E+01
   13.750  -3.8198E+01
   13.760  -3.6533E+01
   13.770  -3.4582E+01
   13.780  -3.3982E+01
   13.790  -3.2122E+01
   13.800  -2.9181E+01
   13.810  -2.7963E+01
   13.820  -2.9702E+01
   13.830  -3.4135E+01
   13.840  -4.1780E+01
   13.850  -4.9709E+01
   13.860  -5.3985E+01
   13.870  -5.2290E+01
   13.880  -4.5310E+01
   13.890  -3.7841E+01
   13.900  -3.6917E+01
   13.910  -4.1743E+01
   13.920  -4.6654E+01
   13.930  -4.7839E+01
   13.940  -4.3034E+01
   13.950  -3.4113E+01
   13.960  -2.1255E+01
   13.970  -6.8426E+00
   13.980   4.2738E+00
   13.990   1.0466E+01
   14.000   1.2762E+01
   14.010   1.1764E+01
   14.020   8.8200E+00
   14.030   8.0958E+00
   14.040   1.0730E+01
   14.050   1.3966E+01
   14.060   1.4907E+01
   14.070   1.2719E+01
   14.080   7.2696E+00
   14.090   1.8794E-01
   14.100  -4.2105E+00
   14.110  -4.1240E+00
   14.120  -1.4751E+00
   14.130   2.3316E+00
   14.140   6.2971E+00
   14.150   1.0476E+01
   14.160   1.6323E+01
   14.170   2.2816E+01
   14.180   2.7576E+01
   14.190   3.0352E+01
   14.200   3.3108E+01
   14.210   3.8446E+01
   14.220   4.5138E+01
   14.230   5.1887E+01
   14.240   5.8910E+01
   14.250   6.4698E+01
   14.260   6.7716E+01
   14.270   6.9752E+01
   14.280   7.1019E+01
   14.290   7.0123E+01
   14.300   6.6323E+01
   14.310   5.9679E+01
   14.320   5.4268E+01
   14.330   5.2502E+01
   14.340   5.1637E+01
   14.350   4.8481E+01
   14.360   4.3015E+01
   14.370   3.5441E+01
   14.380   2.6740E+01
   14.390   1.9248E+01
   14.400   1.3897E+01
   14.410   9.6418E+00
   14.420   5.7205E+00
   14.430   3.2368E+00
   14.440   2.9496E+00
   14.450   2.7637E+00
   14.460   2.1267E+00
   14.470   2.8226E+00
   14.480   4.2959E+00
   14.490   5.5922E+00
   14.500   6.2028E+00
   14.510   4.4540E+00
   14.520   5.8575E-01
   14.530  -3.6841E+00
   14.540  -8.0803E+00
   14.550  -1.1383E+01
   14.560  -1.2812E+01
   14.570  -1.3083E+01
   14.580  -1.2431E+01
   14.590  -1.1062E+01
   14.600  -9.3671E+00
   14.610  -7.6587E+00
   14.620  -6.2448E+00
   14.630  -5.4062E+00
   14.640  -5.2379E+00
   14.650  -5.9447E+00
   14.660  -8.4084E+00
   14.670  -1.1855E+01
   14.680  -1.4606E+01
   14.690  -1.4805E+01
   14.700  -1.1112E+01
   14.710  -5.3572E+00
   14.720  -4.3401E-01
   14.730   2.1669E+00
   14.740   2.8318E+00
   14.750   2.7098E+00
   14.760   2.0349E+00
   14.770   2.2972E+00
   14.780   4.4023E+00
   14.790   6.7367E+00
   14.800   7.9706E+00
   14.810   6.4681E+00
   14.820   1.9045E+00
   14.830  -3.2415E+00
   14.840  -7.8884E+00
   14.850  -1.2100E+01
   14.860  -1.6001E+01
   14.870  -1.9213E+01
   14.880  -2.1653E+01
   14.890  -2.2895E+01
   14.900  -2.1382E+01
   14.910  -1.6861E+01
   14.920  -1.0347E+01
   14.930  -3.0123E+00
   14.940   4.8764E+00
   14.950   1.1585E+01
   14.960   1.5303E+01
   14.970   1.6884E+01
   14.980   1.7912E+01
   14.990   1.8939E+01
   15.000   2.0444E+01
   15.010   2.3215E+01
   15.020   2.6728E+01
   15.030   2.9697E+01
   15.040   3.1419E+01
   15.050   3.2046E+01
   15.060   3.1907E+01
   15.070   3.0832E+01
   15.080   2.9921E+01
   15.090   3.0193E+01
   15.100   3.0803E+01
   15.110   3.1283E+01
   15.120   3.0535E+01
   15.130   2.8118E+01
   15.140   2.5548E+01
   15.150   2.3597E+01
   15.160   2.2356E+01
   15.170   2.1747E+01
   15.180   2.1906E+01
   15.190   2.2470E+01
   15.200   2.2127E+01
   15.210   1.9595E+01
   15.220   1.4717E+01
   15.230   8.0509E+00
   15.240   1.0655E+00
   15.250  -3.8910E+00
   15.260  -5.7696E+00
   15.270  -4.9714E+00
   15.280  -3.3216E+00
   15.290  -1.8086E+00
   15.300   8.3274E-01
   15.310   4.8090E+00
   15.320   8.3287E+00
   15.330   1.0780E+01
   15.340   1.1982E+01
   15.350   1.1503E+01
   15.360   9.2758E+00
   15.370   5.7117E+00
   15.380   1.7976E+00
   15.390  -9.9039E-01
   15.400  -2.1892E+00
   15.410  -1.7703E+00
   15.420  -4.0538E-01
   15.430   1.0468E+00
   15.440   1.5539E+00
   15.450   1.0648E-01
   15.460  -2.7485E+00
   15.470  -6.0550E+00
   15.480  -9.8019E+00
   15.490  -1.3733E+01
   15.500  -1.7404E+01
   15.510  -2.1170E+01
   15.520  -2.3913E+01
   15.530  -2.5126E+01
   15.540  -2.5666E+01
   15.550  -2.5356E+01
   15.560  -2.4078E+01
   15.570  -2.1885E+01
   15.580  -1.9767E+01
   15.590  -1.8505E+01
   15.600  -1.6464E+01
   15.610  -1.3516E+01
   15.620  -1.0739E+01
   15.630  -9.5992E+00
   15.640  -1.0178E+01
   15.650  -1.0947E+01
   15.660  -1.0636E+01
   15.670  -9.4332E+00
   15.680  -7.9141E+00
   15.690  -6.6032E+00
   15.700  -5.9030E+00
   15.710  -5.1080E+00
   15.720  -3.3627E+00
   15.730  -1.5337E+00
   15.740  -4.0327E-01
   15.750   4.6862E-01
   15.760   1.3154E+00
   15.770   1.7948E+00
   15.780   1.7733E+00
   15.790   8.5050E-01
   15.800  -1.4145E+00
   15.810  -4.0463E+00
   15.820  -6.2563E+00
   15.830  -7.8819E+00
   15.840  -1.0051E+01
   15.850  -1.3073E+01
   15.860  -1.5676E+01
   15.870  -1.6718E+01
   15.880  -1.5350E+01
   15.890  -1.2008E+01
   15.900  -7.8687E+00
   15.910  -4.3150E+00
   15.920  -1.8469E+00
   15.930  -4.5503E-01
   15.940   3.8044E-01
   15.950   9.0247E-01
   15.960   1.1697E+00
   15.970   1.8065E+00
   15.980   2.9845E+00
   15.990   4.3358E+00
   16.000   5.5050E+00
   16.010   6.0187E+00
   16.020   5.3684E+00
   16.030   4.3418E+00
   16.040   3.5615E+00
   16.050   3.0179E+00
   16.060   3.0751E+00
   16.070   3.7466E+00
   16.080   4.5539E+00
   16.090   4.9653E+00
   16.100   4.9481E+00
   16.110   5.2635E+00
   16.120   6.2771E+00
   16.130   7.6963E+00
   16.140   9.0656E+00
   16.150   1.0221E+01
   16.160   1.0371E+01
   16.170   8.7563E+00
   16.180   5.8338E+00
   16.190   2.2735E+00
   16.200  -1.7960E+00
   16.210  -6.3672E+00
   16.220  -1.0614E+01
   16.230  -1.3992E+01
   16.240  -1.6490E+01
   16.250  -1.7924E+01
   16.260  -1.8221E+01
   16.270  -1.7996E+01
   16.280  -1.8010E+01
   16.290  -1.8436E+01
   16.300  -1.9031E+01
   16.310  -1.9101E+01
   16.320  -1.8150E+01
   16.330  -1.6233E+01
   16.340  -1.4268E+01
   16.350  -1.3559E+01
   16.360  -1.4450E+01
   16.370  -1.5831E+01
   16.380  -1.6855E+01
   16.390  -1.7563E+01
   16.400  -1.7646E+01
   16.410  -1.7184E+01
   16.420  -1.6362E+01
   16.430  -1.5127E+01
   16.440  -1.3829E+01
   16.450  -1.2632E+01
   16.460  -1.1516E+01
   16.470  -9.8754E+00
   16.480  -7.0802E+00
   16.490  -3.0885E+00
   16.500   1.2786E+00
   16.510   4.7883E+00
   16.520   6.5250E+00
   16.530   6.6187E+00
   16.540   5.5623E+00
   16.550   3.7199E+00
   16.560   1.7220E+00
   16.570   3.3637E-01
   16.580  -2.9742E-01
   16.590  -7.1165E-01
   16.600  -8.8157E-01
   16.610  -4.6397E-01
   16.620   6.4376E-01
   16.630   2.1031E+00
   16.640   3.1790E+00
   16.650   3.5139E+00
   16.660   3.1775E+00
   16.670   2.5791E+00
   16.680   2.0387E+00
   16.690   1.9525E+00
   16.700   2.5212E+00
   16.710   3.6078E+00
   16.720   5.1265E+00
   16.730   6.8248E+00
   16.740   8.4306E+00
   16.750   9.9625E+00
   16.760   1.1620E+01
   16.770   1.3424E+01
   16.780   1.5088E+01
   16.790   1.6358E+01
   16.800   1.7173E+01
   16.810   1.7633E+01
   16.820   1.7845E+01
   16.830   1.7824E+01
   16.840   1.7725E+01
   16.850   1.7605E+01
   16.860   1.7080E+01
   16.870   1.5807E+01
   16.880   1.4091E+01
   16.890   1.2512E+01
   16.900   1.1388E+01
   16.910   1.0640E+01
   16.920   9.9252E+00
   16.930   8.9975E+00
   16.940   7.8715E+00
   16.950   6.6415E+00
   16.960   5.0831E+00
   16.970   2.9871E+00
   16.980   5.3357E-01
   16.990  -1.8945E+00
   17.000  -3.9782E+00
   17.010  -5.6181E+00
   17.020  -6.9100E+00
   17.030  -7.8617E+00
   17.040  -8.2718E+00
   17.050  -7.8933E+00
   17.060  -6.7219E+00
   17.070  -5.0904E+00
   17.080  -3.4030E+00
   17.090  -1.8152E+00
   17.100  -2.3416E-01
   17.110   1.2896E+00
   17.120   2.4620E+00
   17.130   2.9974E+00
   17.140   2.8113E+00
   17.150   2.1386E+00
   17.160   1.3749E+00
   17.170   8.4473E-01
   17.180   7.0447E-01
   17.190   9.6478E-01
   17.200   1.4958E+00
   17.210   2.1130E+00
   17.220   2.6194E+00
   17.230   2.8453E+00
   17.240   2.6913E+00
   17.250   2.1057E+00
   17.260   1.1912E+00
   17.270   2.7295E-01
   17.280  -4.0106E-01
   17.290  -8.1047E-01
   17.300  -1.0860E+00
   17.310  -1.3525E+00
   17.320  -1.7078E+00
   17.330  -2.1959E+00
   17.340  -2.6961E+00
   17.350  -2.9891E+00
   17.360  -2.9163E+00
   17.370  -2.5348E+00
   17.380  -2.0103E+00
   17.390  -1.5043E+00
   17.400  -1.0959E+00
   17.410  -7.2832E-01
   17.420  -2.5453E-01
   17.430   4.1934E-01
   17.440   1.2091E+00
   17.450   1.9840E+00
   17.460   2.7725E+00
   17.470   3.6181E+00
   17.480   4.4282E+00
   17.490   5.0644E+00
   17.500   5.4271E+00
   17.510   5.6085E+00
   17.520   5.8850E+00
   17.530   6.4981E+00
   17.540   7.4046E+00
   17.550   8.3249E+00
   17.560   8.8995E+00
   17.570   8.8537E+00
   17.580   8.1527E+00
   17.590   7.0357E+00
   17.600   5.9030E+00
   17.610   5.0237E+00
   17.620   4.3572E+00
   17.630   3.7327E+00
   17.640   3.0627E+00
   17.650   2.3596E+00
   17.660   1.7331E+00
   17.670   1.2343E+00
   17.680   8.0422E-01
   17.690   3.8822E-01
   17.700  -2.0958E-02
   17.710  -4.6747E-01
   17.720  -1.0667E+00
   17.730  -1.9191E+00
   17.740  -3.0075E+00
   17.750  -4.1677E+00
   17.760  -5.1261E+00
   17.770  -5.6738E+00
   17.780  -5.7606E+00
   17.790  -5.4392E+00
   17.800  -4.8256E+00
   17.810  -4.0534E+00
   17.820  -3.2144E+00
   17.830  -2.4115E+00
   17.840  -1.7815E+00
   17.850  -1.4255E+00
   17.860  -1.3684E+00
   17.870  -1.5765E+00
   17.880  -1.9372E+00
   17.890  -2.3264E+00
   17.900  -2.6579E+00
   17.910  -2.8635E+00
   17.920  -2.9314E+00
   17.930  -2.9060E+00
   17.940  -2.8838E+00
   17.950  -2.9657E+00
   17.960  -3.2667E+00
   17.970  -3.8474E+00
   17.980  -4.5495E+00
   17.990  -5.0809E+00
   18.000  -5.2704E+00
   18.010  -5.1667E+00
   18.020  -4.9464E+00
   18.030  -4.7503E+00
   18.040  -4.5960E+00
   18.050  -4.4220E+00
   18.060  -4.2125E+00
   18.070  -4.0474E+00
   18.080  -4.0594E+00
   18.090  -4.3587E+00
   18.100  -4.9506E+00
   18.110  -5.6583E+00
   18.120  -6.1492E+00
   18.130  -6.1565E+00
   18.140  -5.6597E+00
   18.150  -4.8445E+00
   18.160  -3.9566E+00
   18.170  -3.1535E+00
   18.180  -2.4564E+00
   18.190  -1.8083E+00
   18.200  -1.1737E+00
   18.210  -5.1877E-01
   18.220   2.5676E-01
   18.230   1.2478E+00
   18.240   2.3843E+00
   18.250   3.4475E+00
   18.260   4.2229E+00
   18.270   4.6363E+00
   18.280   4.7552E+00
   18.290   4.6753E+00
   18.300   4.3966E+00
   18.310   3.8942E+00
   18.320   3.2361E+00
   18.330   2.5649E+00
   18.340   2.0082E+00
   18.350   1.6153E+00
   18.360   1.3499E+00
   18.370   1.1193E+00
   18.380   8.4618E-01
   18.390   5.0749E-01
   18.400   1.6238E-01
   18.410  -1.1572E-01
   18.420  -2.9884E-01
   18.430  -4.6438E-01
   18.440  -7.4804E-01
   18.450  -1.2072E+00
   18.460  -1.7886E+00
   18.470  -2.3679E+00
   18.480  -2.7891E+00
   18.490  -2.8960E+00
   18.500  -2.6057E+00
   18.510  -1.9789E+00
   18.520  -1.1861E+00
   18.530  -3.7682E-01
   18.540   3.8647E-01
   18.550   1.0623E+00
   18.560   1.5399E+00
   18.570   1.6622E+00
   18.580   1.3726E+00
   18.590   8.1712E-01
   18.600   2.6047E-01
   18.610  -1.2068E-01
   18.620  -2.6425E-01
   18.630  -1.2035E-01
   18.640   3.3064E-01
   18.650   1.0377E+00
   18.660   1.8568E+00
   18.670   2.5830E+00
   18.680   3.0940E+00
   18.690   3.3821E+00
   18.700   3.5092E+00
   18.710   3.5752E+00
   18.720   3.6168E+00
   18.730   3.5517E+00
   18.740   3.2622E+00
   18.750   2.6751E+00
   18.760   1.8135E+00
   18.770   7.8602E-01
   18.780  -2.5619E-01
   18.790  -1.1543E+00
   18.800  -1.7933E+00
   18.810  -2.1160E+00
   18.820  -2.1274E+00
   18.830  -1.8542E+00
   18.840  -1.3666E+00
   18.850  -8.7242E-01
   18.860  -6.4385E-01
   18.870  -7.9711E-01
   18.880  -1.1927E+00
   18.890  -1.5618E+00
   18.900  -1.7250E+00
   18.910  -1.6875E+00
   18.920  -1.5539E+00
   18.930  -1.4179E+00
   18.940  -1.3375E+00
   18.950  -1.3402E+00
   18.960  -1.3872E+00
   18.970  -1.3571E+00
   18.980  -1.1248E+00
   18.990  -6.8225E-01
   19.000  -1.7095E-01
   19.010   2.0358E-01
   19.020   2.9167E-01
   19.030   6.5269E-02
   19.040  -3.8654E-01
   19.050  -9.1405E-01
   19.060  -1.3937E+00
   19.070  -1.7935E+00
   19.080  -2.1480E+00
   19.090  -2.4470E+00
   19.100  -2.5551E+00
   19.110  -2.2754E+00
   19.120  -1.5162E+00
   19.130  -3.9636E-01
   19.140   8.1859E-01
   19.150   1.8829E+00
   19.160   2.6886E+00
   19.170   3.2558E+00
   19.180   3.6422E+00
   19.190   3.8658E+00
   19.200   3.9036E+00
   19.210   3.7480E+00
   19.220   3.4424E+00
   19.230   3.0458E+00
   19.240   2.5728E+00
   19.250   2.0090E+00
   19.260   1.3979E+00
   19.270   8.7184E-01
   19.280   5.5820E-01
   19.290   4.7338E-01
   19.300   5.4139E-01
   19.310   6.9310E-01
   19.320   8.9316E-01
   19.330   1.0858E+00
   19.340   1.1992E+00
   19.350   1.2414E+00
   19.360   1.3293E+00
   19.370   1.5595E+00
   19.380   1.8675E+00
   19.390   2.0650E+00
   19.400   2.0039E+00
   19.410   1.6631E+00
   19.420   1.0960E+00
   19.430   3.6631E-01
   19.440  -4.2865E-01
   19.450  -1.1230E+00
   19.460  -1.5406E+00
   19.470  -1.6241E+00
   19.480  -1.5131E+00
   19.490  -1.4845E+00
   19.500  -1.7795E+00
   19.510  -2.4375E+00
   19.520  -3.2717E+00
   19.530  -4.0156E+00
   19.540  -4.5101E+00
   19.550  -4.7599E+00
   19.560  -4.8313E+00
   19.570  -4.7245E+00
   19.580  -4.3528E+00
   19.590  -3.6253E+00
   19.600  -2.5476E+00
   19.610  -1.2658E+00
   19.620  -2.8657E-02
   19.630   9.2783E-01
   19.640   1.5042E+00
   19.650   1.7680E+00
   19.660   1.8606E+00
   19.670   1.8769E+00
   19.680   1.8384E+00
   19.690   1.7513E+00
   19.700   1.6429E+00
   19.710   1.5316E+00
   19.720   1.3955E+00
   19.730   1.1999E+00
   19.740   9.4231E-01
   19.750   6.4906E-01
   19.760   3.3708E-01
   19.770   1.3585E-02
   19.780  -2.8450E-01
   19.790  -4.8583E-01
   19.800  -5.4592E-01
   19.810  -4.9643E-01
   19.820  -4.0706E-01
   19.830  -3.0826E-01
   19.840  -1.8450E-01
   19.850  -4.4695E-02
   19.860   3.6627E-02
   19.870  -3.2381E-02
   19.880  -2.9835E-01
   19.890  -7.7221E-01
   19.900  -1.4729E+00
   19.910  -2.4093E+00
   19.920  -3.5038E+00
   19.930  -4.5646E+00
   19.940  -5.3649E+00
   19.950  -5.7666E+00
   19.960  -5.7852E+00
   19.970  -5.5637E+00
   19.980  -5.2812E+00
   19.990  -5.0505E+00
   20.000  -4.8641E+00
   20.010  -4.6357E+00
   20.020  -4.3052E+00
   20.030  -3.9082E+00
   20.040  -3.5425E+00
   20.050  -3.2736E+00
   20.060  -3.0750E+00
   20.070  -2.8407E+00
   20.080  -2.4416E+00
   20.090  -1.7860E+00
   20.100  -8.6627E-01
   20.110   2.2739E-01
   20.120   1.3393E+00
   20.130   2.3121E+00
   20.140   3.0417E+00
   20.150   3.4996E+00
   20.160   3.7255E+00
   20.170   3.8000E+00
   20.180   3.8045E+00
   20.190   3.7890E+00
   20.200   3.7655E+00
   20.210   3.7194E+00
   20.220   3.6107E+00
   20.230   3.3761E+00
   20.240   2.9675E+00
   20.250   2.4241E+00
   20.260   1.9032E+00
   20.270   1.6071E+00
   20.280   1.6450E+00
   20.290   1.9515E+00
   20.300   2.3314E+00
   20.310   2.5806E+00
   20.320   2.5801E+00
   20.330   2.3121E+00
   20.340   1.8236E+00
   20.350   1.1797E+00
   20.360   4.2643E-01
   20.370  -4.2642E-01
   20.380  -1.3869E+00
   20.390  -2.4287E+00
   20.400  -3.4544E+00
   20.410  -4.3216E+00
   20.420  -4.9142E+00
   20.430  -5.1800E+00
   20.440  -5.1015E+00
   20.450  -4.6569E+00
   20.460  -3.8479E+00
   20.470  -2.7625E+00
   20.480  -1.5765E+00
   20.490  -4.6119E-01
   20.500   4.9877E-01
   20.510   1.2845E+00
   20.520   1.8669E+00
   20.530   2.2039E+00
   20.540   2.3308E+00
   20.550   2.4160E+00
   20.560   2.6882E+00
   20.570   3.2948E+00
   20.580   4.2296E+00
   20.590   5.3576E+00
   20.600   6.4589E+00
   20.610   7.2582E+00
   20.620   7.4990E+00
   20.630   7.0866E+00
   20.640   6.1906E+00
   20.650   5.1741E+00
   20.660   4.3779E+00
   20.670   3.9428E+00
   20.680   3.8023E+00
   20.690   3.7911E+00
   20.700   3.7365E+00
   20.710   3.4955E+00
   20.720   3.0019E+00
   20.730   2.3337E+00
   20.740   1.7046E+00
   20.750   1.3276E+00
   20.760   1.2646E+00
   20.770   1.4251E+00
   20.780   1.7079E+00
   20.790   2.1034E+00
   20.800   2.6379E+00
   20.810   3.2529E+00
   20.820   3.7741E+00
   20.830   3.9905E+00
   20.840   3.7454E+00
   20.850   2.9838E+00
   20.860   1.7799E+00
   20.870   3.3659E-01
   20.880  -1.0918E+00
   20.890  -2.3268E+00
   20.900  -3.3217E+00
   20.910  -4.1274E+00
   20.920  -4.6921E+00
   20.930  -4.9026E+00
   20.940  -4.7765E+00
   20.950  -4.4320E+00
   20.960  -4.0088E+00
   20.970  -3.5792E+00
   20.980  -3.1411E+00
   20.990  -3.4737E+00
   21.000  -2.9851E+00
   21.010  -2.4899E+00
   21.020  -2.0116E+00
   21.030  -1.5567E+00
   21.040  -1.0827E+00
   21.050  -4.9284E-01
   21.060   3.0218E-01
   21.070   1.2821E+00
   21.080   2.2769E+00
   21.090   3.0538E+00
   21.100   3.4708E+00
   21.110   3.5589E+00
   21.120   3.4701E+00
   21.130   3.3648E+00
   21.140   3.3502E+00
   21.150   3.4878E+00
   21.160   3.8022E+00
   21.170   4.2549E+00
   21.180   4.7318E+00
   21.190   5.0183E+00
   21.200   5.0554E+00
   21.210   4.9571E+00
   21.220   4.8816E+00
   21.230   4.9632E+00
   21.240   5.2278E+00
   21.250   5.5840E+00
   21.260   5.8882E+00
   21.270   6.0346E+00
   21.280   5.9976E+00
   21.290   5.8114E+00
   21.300   5.5193E+00
   21.310   5.1379E+00
   21.320   4.6385E+00
   21.330   4.1126E+00
   21.340   3.2337E+00
   21.350   2.4855E-01
   21.360  -1.1048E+00
   21.370  -2.6273E+00
   21.380  -4.1817E+00
   21.390  -5.5795E+00
   21.400  -6.6239E+00
   21.410  -7.2148E+00
   21.420  -7.4214E+00
   21.430  -7.4155E+00
   21.440  -6.8570E+00
   21.450  -5.7364E+00
   21.460  -5.3974E+00
   21.470  -4.8454E+00
   21.480  -4.0842E+00
   21.490  -3.1014E+00
   21.500  -1.8759E+00
   21.510  -4.6441E-01
   21.520   9.6125E-01
   21.530   2.1990E+00
   21.540   3.1369E+00
   21.550   3.4417E+00
   21.560   3.9276E+00
   21.570   4.3941E+00
   21.580   4.8861E+00
   21.590   5.4062E+00
   21.600   5.9019E+00
   21.610   6.2705E+00
   21.620   6.4105E+00
   21.630   6.2754E+00
   21.640   7.5888E+00
   21.650   6.9596E+00
   21.660   6.0587E+00
   21.670   5.3149E+00
   21.680   4.2341E+00
   21.690   3.3532E+00
   21.700   2.7721E+00
   21.710   2.3635E+00
   21.720   1.8839E+00
   21.730   1.7511E+00
   21.740   1.0920E+00
   21.750   6.7584E-01
   21.760   9.3049E-02
   21.770  -3.7333E-01
   21.780  -7.3259E-01
   21.790  -9.6431E-01
   21.800  -1.0885E+00
   21.810  -1.2411E+00
   21.820  -1.6216E+00
   21.830  -5.1509E+00
   21.840  -6.2383E+00
   21.850  -7.4622E+00
   21.860  -8.5888E+00
   21.870  -9.4208E+00
   21.880  -1.0130E+01
   21.890  -9.9920E+00
   21.900  -9.3111E+00
   21.910  -8.3868E+00
   21.920  -7.5574E+00
   21.930  -7.0336E+00
   21.940  -5.9599E+00
   21.950  -5.9979E+00
   21.960  -6.0850E+00
   21.970  -6.0091E+00
   21.980  -4.9575E+00
   21.990  -3.9809E+00
   22.000  -2.3115E+00
   22.010  -3.7955E-01
   22.020   2.0791E+00
   22.030   3.9003E+00
   22.040   6.2369E+00
   22.050   7.5035E+00
   22.060   8.4218E+00
   22.070   8.9876E+00
   22.080   9.2863E+00
   22.090   9.4801E+00
   22.100   9.7236E+00
   22.110   9.1932E+00
   22.120   9.4581E+00
   22.130   9.4839E+00
   22.140   9.4734E+00
   22.150   8.6953E+00
   22.160   7.6098E+00
   22.170   6.5121E+00
   22.180   5.6228E+00
   22.190   5.0190E+00
   22.200   4.6520E+00
   22.210   4.4456E+00
   22.220   4.3465E+00
   22.230   4.2655E+00
   22.240   4.0157E+00
   22.250   3.3872E+00
   22.260   2.2312E+00
   22.270   6.9003E-01
   22.280  -1.2276E+00
   22.290  -2.7687E+00
   22.300  -4.0707E+00
   22.310  -5.2404E+00
   22.320  -5.5840E+00
   22.330  -6.2586E+00
   22.340  -7.4345E+00
   22.350  -8.2693E+00
   22.360  -8.5904E+00
   22.370  -8.3646E+00
   22.380  -8.0242E+00
   22.390  -7.1279E+00
   22.400  -6.1041E+00
   22.410  -4.5217E+00
   22.420  -3.6552E+00
   22.430   4.8558E-01
   22.440   1.3426E+00
   22.450   2.4673E+00
   22.460   2.8383E+00
   22.470   3.2339E+00
   22.480   3.4755E+00
   22.490   3.7526E+00
   22.500   4.1114E+00
   22.510   4.5496E+00
   22.520   4.7281E+00
   22.530   5.0826E+00
   22.540   5.1946E+00
   22.550   4.9421E+00
   22.560   4.3366E+00
   22.570   3.5310E+00
   22.580   2.6946E+00
   22.590   2.0521E+00
   22.600   1.6242E+00
   22.610   1.4082E+00
   22.620   1.3376E+00
   22.630   1.3135E+00
   22.640   1.2748E+00
   22.650   1.2294E+00
   22.660   1.2004E+00
   22.670   1.1673E+00
   22.680   1.0947E+00
   22.690   9.9751E-01
   22.700   9.3524E-01
   22.710   9.4345E-01
   22.720   1.0031E+00
   22.730   1.0633E+00
   22.740   1.0379E+00
   22.750  -4.4638E-02
   22.760  -5.3319E-01
   22.770  -3.4225E+00
   22.780  -4.7441E+00
   22.790  -6.1596E+00
   22.800  -7.4205E+00
   22.810  -8.3449E+00
   22.820  -8.8546E+00
   22.830  -8.9742E+00
   22.840  -8.8060E+00
   22.850  -8.4716E+00
   22.860  -8.7451E+00
   22.870  -8.0860E+00
   22.880  -7.8393E+00
   22.890  -5.0780E+00
   22.900  -3.6618E+00
   22.910  -8.8300E-01
   22.920  -1.0704E-01
   22.930   3.2791E-01
   22.940   4.9997E-01
   22.950   4.8537E-01
   22.960   4.1208E-01
   22.970   3.7708E-01
   22.980   4.8517E-01
   22.990  -8.6626E-02
   23.000   2.1936E-01
   23.010   6.1042E-01
   23.020   9.1703E-01
   23.030   1.4167E+00
   23.040   1.8777E+00
   23.050   5.9436E-01
   23.060   1.0955E+00
   23.070   1.4909E+00
   23.080   1.9065E+00
   23.090   2.3027E+00
   23.100   2.6899E+00
   23.110   3.1240E+00
   23.120   3.5022E+00
   23.130   3.8798E+00
   23.140   4.2418E+00
   23.150   4.5594E+00
   23.160   4.8249E+00
   23.170   5.0600E+00
   23.180   5.0644E+00
   23.190   4.9231E+00
   23.200   4.6121E+00
   23.210   4.1567E+00
   23.220   3.6504E+00
   23.230   3.7028E+00
   23.240   2.8126E+00
   23.250   1.6198E+00
   23.260   5.9521E-01
   23.270  -9.4479E-01
   23.280  -2.4503E+00
   23.290  -3.7270E+00
   23.300  -3.7708E+00
   23.310  -4.0762E+00
   23.320  -4.1534E+00
   23.330  -3.9784E+00
   23.340  -3.5157E+00
   23.350  -2.8072E+00
   23.360  -1.9998E+00
   23.370  -1.2736E+00
   23.380  -2.0451E+00
   23.390  -1.7953E+00
   23.400  -1.5679E+00
   23.410  -1.7065E+00
   23.420  -1.9367E+00
   23.430  -2.1742E+00
   23.440  -2.0094E+00
   23.450  -1.5105E+00
   23.460  -1.6802E+00
   23.470  -1.9368E+00
   23.480  -2.1242E+00
   23.490  -2.5942E+00
   23.500  -2.9408E+00
   23.510  -2.9482E+00
   23.520  -2.5651E+00
   23.530  -1.9376E+00
   23.540  -1.2820E+00
   23.550  -7.2266E-01
   23.560   1.1017E-01
   23.570   3.4308E-02
   23.580   5.4967E-01
   23.590   1.0499E+00
   23.600   1.4605E+00
   23.610   1.6866E+00
   23.620   2.0599E+00
   23.630   2.3685E+00
   23.640   2.7139E+00
   23.650   2.9608E+00
   23.660   3.5220E+00
   23.670   4.1694E+00
   23.680   4.6368E+00
   23.690   4.8357E+00
   23.700   4.7259E+00
   23.710   4.3556E+00
   23.720   4.0350E+00
   23.730   3.1573E+00
   23.740   2.2351E+00
   23.750   4.2412E-01
   23.760  -2.2685E-02
   23.770  -1.3479E-02
   23.780  -2.6465E-01
   23.790  -1.5271E+00
   23.800  -1.9876E+00
   23.810  -2.3663E+00
   23.820  -3.3134E+00
   23.830  -3.9767E+00
   23.840  -1.0135E+00
   23.850  -1.1108E+00
   23.860  -1.6078E-01
   23.870   6.9786E-01
   23.880   1.4635E+00
   23.890   1.9886E+00
   23.900   2.2112E+00
   23.910   3.6765E-01
   23.920   4.0025E-01
   23.930   4.7177E-01
   23.940   6.5487E-01
   23.950   9.4952E-01
   23.960   1.4326E+00
   23.970   1.8140E+00
   23.980   2.3012E+00
   23.990   2.5497E+00
   24.000   2.7070E+00
   24.010   2.7377E+00
   24.020   2.8141E+00
   24.030   2.9358E+00
   24.040   3.1050E+00
   24.050   3.3041E+00
   24.060   3.5317E+00
   24.070   5.4045E+00
   24.080   5.6287E+00
   24.090   5.5437E+00
   24.100   5.2439E+00
   24.110   4.5127E+00
   24.120   2.5803E+00
   24.130   1.5016E+00
   24.140   3.1044E-01
   24.150  -8.9792E-01
   24.160  -2.1140E+00
   24.170  -3.1606E+00
   24.180  -2.5039E+00
   24.190  -3.0480E+00
   24.200  -3.5378E+00
   24.210  -3.9455E+00
   24.220  -4.4568E+00
   24.230  -5.0209E+00
   24.240  -3.5237E+00
   24.250  -3.0835E+00
   24.260  -3.3855E+00
   24.270  -3.5249E+00
   24.280  -3.6111E+00
   24.290  -3.7045E+00
   24.300  -4.9373E+00
   24.310  -4.7844E+00
   24.320  -4.6509E+00
   24.330  -4.5431E+00
   24.340  -3.3445E+00
   24.350  -3.0284E+00
   24.360  -2.6612E+00
   24.370  -2.2780E+00
   24.380  -1.8942E+00
   24.390  -1.5054E+00
   24.400  -1.1146E+00
   24.410  -7.3614E-01
   24.420  -3.6555E-01
   24.430   3.7747E-02
   24.440   5.1184E-01
   24.450   1.0209E+00
   24.460   1.4349E+00
   24.470   1.6111E+00
   24.480   1.5212E+00
   24.490   8.2525E-01
   24.500   7.3950E-01
   24.510   8.1412E-01
   24.520   1.0163E+00
   24.530   1.5998E+00
   24.540   2.0216E+00
   24.550   6.5088E-01
   24.560   4.3293E-01
   24.570   2.6179E-01
   24.580   1.7400E-01
   24.590   1.9453E-01
   24.600   3.1893E-01
   24.610   4.6517E-01
   24.620   6.8516E-01
   24.630   1.0715E+00
   24.640   9.6637E-01
   24.650   1.0395E+00
   24.660   1.1077E+00
   24.670   1.1322E+00
   24.680   1.0998E+00
   24.690   9.7632E-01
   24.700   7.4713E-01
   24.710   4.5545E-01
   24.720   3.1589E-01
   24.730   1.9434E-01
   24.740   1.5153E-01
   24.750   3.0970E-01
   24.760   2.2885E-01
   24.770   2.8703E-01
   24.780   1.6613E-01
   24.790  -1.3092E-01
   24.800  -7.1279E-01
   24.810  -1.2080E+00
   24.820  -1.8260E+00
   24.830  -2.2060E+00
   24.840  -2.4878E+00
   24.850  -2.6855E+00
   24.860  -2.9822E+00
   24.870  -3.3148E+00
   24.880  -3.3636E+00
   24.890  -3.3039E+00
   24.900  -3.0199E+00
   24.910  -2.6933E+00
   24.920  -2.4211E+00
   24.930  -1.8542E+00
   24.940  -1.3162E+00
   24.950  -8.7773E-01
   24.960  -5.3028E-01
   24.970  -1.9038E-01
   24.980   2.2612E-01
   24.990   6.2266E-01
   25.000   1.1103E+00
   25.010   1.5253E+00
   25.020   1.6672E+00
   25.030   1.8163E+00
   25.040   1.8519E+00
   25.050   1.8155E+00
   25.060   1.7474E+00
   25.070   1.7546E+00
   25.080   1.8035E+00
   25.090   2.1300E+00
   25.100   2.5710E+00
   25.110   2.4986E+00
   25.120   2.3345E+00
   25.130   2.1557E+00
   25.140   1.7684E+00
   25.150   1.2849E+00
   25.160   1.3040E+00
   25.170   1.1332E+00
   25.180   8.9776E-01
   25.190   7.1872E-01
   25.200   5.6388E-01
   25.210   8.2300E-01
   25.220   7.6785E-01
   25.230   6.3896E-01
   25.240   4.6069E-01
   25.250   2.6703E-01
   25.260   9.8989E-02
   25.270  -6.5747E-03
   25.280  -1.3675E-01
   25.290  -3.2166E-02
   25.300   8.4332E-02
   25.310   2.5279E-01
   25.320   4.5562E-01
   25.330   7.4873E-01
   25.340   8.9689E-01
   25.350   9.9129E-01
   25.360   1.0662E+00
   25.370   1.7178E+00
   25.380   1.9505E+00
   25.390   2.0147E+00
   25.400   1.8290E+00
   25.410   1.7570E+00
   25.420   1.6606E+00
   25.430   1.6090E+00
   25.440   1.6379E+00
   25.450   1.7317E+00
   25.460   2.0189E+00
   25.470   2.0427E+00
   25.480   1.9749E+00
   25.490   1.8538E+00
   25.500   1.7385E+00
   25.510   1.6547E+00
   25.520   1.5704E+00
   25.530   1.5184E+00
   25.540   1.3473E+00
   25.550   1.1520E+00
   25.560   9.8292E-01
   25.570   8.4718E-01
   25.580   1.4048E+00
   25.590   1.2397E+00
   25.600   1.0771E+00
   25.610   9.3835E-01
   25.620   9.1964E-01
   25.630   8.4241E-01
   25.640   7.7906E-01
   25.650   7.0800E-01
   25.660   6.0979E-01
   25.670   4.7062E-01
   25.680   2.7891E-01
   25.690   9.8355E-03
   25.700  -1.5253E-01
   25.710  -5.8693E-01
   25.720  -8.0682E-01
   25.730  -1.0827E+00
   25.740  -1.2308E+00
   25.750  -1.2440E+00
   25.760  -1.1489E+00
   25.770  -9.9335E-01
   25.780  -8.3147E-01
   25.790  -8.0183E-01
   25.800  -1.1332E-01
   25.810   6.0502E-02
   25.820   1.3348E-01
   25.830   1.3007E-01
   25.840   9.3715E-02
   25.850   5.7565E-02
   25.860   5.7752E-02
   25.870   1.7879E-01
   25.880   4.1547E-01
   25.890   5.8367E-01
   25.900   1.0775E+00
   25.910   1.1464E+00
   25.920   1.1835E+00
   25.930   1.2051E+00
   25.940   1.2365E+00
   25.950   1.2449E+00
   25.960   1.2524E+00
   25.970   1.0937E+00
   25.980   1.1281E+00
   25.990   1.0177E+00
   26.000   9.3843E-01
   26.010   7.7141E-01
   26.020  -5.1682E-02
   26.030  -4.4910E-01
   26.040  -8.2084E-01
   26.050  -1.1814E+00
   26.060  -1.4895E+00
   26.070  -1.6823E+00
   26.080  -1.7423E+00
   26.090  -1.6572E+00
   26.100  -1.3467E+00
   26.110  -1.1216E+00
   26.120  -9.2764E-01
   26.130  -8.2656E-01
   26.140  -7.6112E-01
   26.150  -7.4884E-01
   26.160  -6.6477E-01
   26.170  -6.4926E-01
   26.180  -5.7268E-01
   26.190  -4.4138E-01
   26.200  -3.2804E-01
   26.210  -1.7320E-01
   26.220  -3.8929E-02
   26.230   9.2110E-02
   26.240   2.3924E-01
   26.250   8.5684E-01
   26.260   1.1589E+00
   26.270   1.1948E+00
   26.280   1.1942E+00
   26.290   1.1252E+00
   26.300   1.0107E+00
   26.310   8.6907E-01
   26.320   7.3030E-01
   26.330   6.2139E-01
   26.340   5.0478E-01
   26.350   4.2630E-01
   26.360   3.1756E-01
   26.370   1.4588E-01
   26.380  -7.1141E-02
   26.390  -3.3499E-01
   26.400   3.9203E-01
   26.410   9.0833E-02
   26.420   3.8766E-02
   26.430  -1.9880E-02
   26.440  -1.0612E-01
   26.450  -2.1568E-01
   26.460  -6.2320E-01
   26.470  -7.1008E-01
   26.480  -7.6606E-01
   26.490  -8.0761E-01
   26.500  -8.4800E-01
   26.510  -8.8685E-01
   26.520  -9.1338E-01
   26.530  -7.5185E-01
   26.540  -7.3085E-01
   26.550  -7.0270E-01
   26.560  -7.1531E-01
   26.570  -6.8183E-01
   26.580  -6.3965E-01
   26.590  -5.9235E-01
   26.600  -5.4766E-01
   26.610  -5.0922E-01
   26.620  -4.7370E-01
   26.630  -4.3665E-01
   26.640  -3.9917E-01
   26.650  -6.1818E-01
   26.660  -6.3754E-01
   26.670  -6.6404E-01
   26.680  -6.9522E-01
   26.690  -7.1893E-01
   26.700  -7.1387E-01
   26.710  -6.6045E-01
   26.720  -5.5441E-01
   26.730  -4.1059E-01
   26.740  -2.5429E-01
   26.750  -6.1834E-02
   26.760   4.8987E-02
   26.770   1.2779E-01
   26.780   1.8051E-01
   26.790   2.2583E-01
   26.800   2.8905E-01
   26.810   3.8544E-01
   26.820   5.0694E-01
   26.830   7.5654E-01
   26.840   8.4399E-01
   26.850   9.0011E-01
   26.860   6.9042E-01
   26.870   9.8602E-01
   26.880   1.0360E+00
   26.890   1.0803E+00
   26.900   1.1167E+00
   26.910   1.1364E+00
   26.920   1.1295E+00
   26.930   1.1236E+00
   26.940   1.0570E+00
   26.950   9.9253E-01
   26.960   9.3749E-01
   26.970   8.6891E-01
   26.980   7.9643E-01
   26.990   6.9070E-01
   27.000   5.4785E-01
   27.010   3.7907E-01
   27.020   2.0522E-01
   27.030   4.6762E-02
   27.040  -8.3608E-02
   27.050  -1.8302E-01
   27.060  -2.5786E-01
   27.070  -2.7009E-01
   27.080  -3.3140E-01
   27.090  -4.0063E-01
   27.100  -4.5629E-01
   27.110  -3.3861E-01
   27.120  -3.9559E-01
   27.130  -4.4799E-01
   27.140  -5.0908E-01
   27.150  -5.8202E-01
   27.160  -6.5622E-01
   27.170  -7.1335E-01
   27.180  -7.3651E-01
   27.190  -7.1815E-01
   27.200  -6.6355E-01
   27.210  -5.8698E-01
   27.220  -5.0305E-01
   27.230  -4.2042E-01
   27.240  -3.4178E-01
   27.250  -4.7334E-01
   27.260  -3.9059E-01
   27.270  -2.4749E-01
   27.280  -1.2602E-01
   27.290   4.5956E-03
   27.300   1.3521E-01
   27.310   2.5754E-01
   27.320   3.6285E-01
   27.330   4.4183E-01
   27.340   4.8109E-01
   27.350   4.9678E-01
   27.360   3.9436E-01
   27.370   3.9199E-01
   27.380   3.9581E-01
   27.390   4.0859E-01
   27.400   4.2350E-01
   27.410   4.2695E-01
   27.420   4.0725E-01
   27.430   3.6355E-01
   27.440   3.0705E-01
   27.450   4.2108E-01
   27.460   3.9138E-01
   27.470   3.7096E-01
   27.480   3.6467E-01
   27.490   3.6937E-01
   27.500   3.7719E-01
   27.510   3.8114E-01
   27.520   3.7874E-01
   27.530   3.7122E-01
   27.540   3.5952E-01
   27.550   3.4171E-01
   27.560   2.8676E-01
   27.570   2.4576E-01
   27.580   1.8883E-01
   27.590   1.2260E-01
   27.600   4.8870E-02
   27.610  -2.9109E-02
   27.620  -1.0902E-01
   27.630  -1.8879E-01
   27.640  -1.3443E-01
   27.650  -1.4597E-01
   27.660  -1.9229E-01
   27.670  -2.3233E-01
   27.680  -2.0802E-01
   27.690  -2.2210E-01
   27.700  -2.2724E-01
   27.710  -2.3565E-01
   27.720  -2.5529E-01
   27.730  -2.8849E-01
   27.740  -3.2969E-01
   27.750  -3.6873E-01
   27.760  -3.9619E-01
   27.770  -4.0701E-01
   27.780  -4.0144E-01
   27.790  -3.8381E-01
   27.800  -3.5985E-01
   27.810  -3.3351E-01
   27.820  -3.0561E-01
   27.830  -2.7495E-01
   27.840  -2.4041E-01
   27.850  -2.0231E-01
   27.860  -1.6298E-01
   27.870  -1.2646E-01
   27.880  -9.6318E-02
   27.890  -5.8120E-02
   27.900  -4.1805E-02
   27.910  -2.4245E-02
   27.920  -3.2558E-03
   27.930   2.0846E-02
   27.940   4.5699E-02
   27.950   6.6751E-02
   27.960   7.8138E-02
   27.970   7.6021E-02
   27.980   6.1610E-02
   27.990   4.0124E-02
   28.000   3.9668E-02
   28.010   4.2947E-02
   28.020   4.8471E-02
   28.030   5.4053E-02
   28.040  -8.4748E-03
   28.050  -1.1054E-02
   28.060  -1.5557E-02
   28.070  -1.5822E-02
   28.080  -6.8521E-03
   28.090   1.2032E-02
   28.100   3.6690E-02
   28.110   6.1857E-02
   28.120   8.5872E-02
   28.130   1.1153E-01
   28.140   1.7713E-01
   28.150   2.1374E-01
   28.160   2.4656E-01
   28.170   2.6739E-01
   28.180   2.7003E-01
   28.190   2.5282E-01
   28.200   2.2143E-01
   28.210   1.8455E-01
   28.220   1.5140E-01
   28.230   1.2752E-01
   28.240   1.1362E-01
   28.250   1.0754E-01
   28.260   1.7380E-01
   28.270   1.5783E-01
   28.280   1.3537E-01
   28.290   1.0756E-01
   28.300   7.4950E-02
   28.310   3.7705E-02
   28.320  -3.3266E-03
   28.330  -4.6515E-02
   28.340  -9.0930E-02
   28.350  -1.3727E-01
   28.360  -1.9265E-03
   28.370  -2.5225E-03
   28.380  -5.6587E-03
   28.390  -8.2094E-03
   28.400  -8.8245E-03
   28.410  -8.6876E-03
   28.420  -5.6075E-04
   28.430  -1.7651E-03
   28.440  -2.7001E-03
   28.450  -2.0391E-03
   28.460   2.3289E-04
   28.470   2.8412E-03
   28.480   4.0272E-03
   28.490   2.6061E-03
   28.500  -1.2432E-03
   28.510  -6.2651E-03
   28.520  -1.1624E-02
   28.530  -1.8203E-02
   28.540  -2.8545E-02
   28.550  -4.1225E-02
   28.560  -5.6709E-02
   28.570  -7.2308E-02
   28.580  -9.3326E-02
   28.590  -1.0289E-01
   28.600  -1.0971E-01
   28.610  -1.1412E-01
   28.620  -1.1608E-01
   28.630  -1.1574E-01
   28.640  -1.1366E-01
   28.650  -1.1060E-01
   28.660  -1.0720E-01
   28.670  -1.0378E-01
   28.680  -1.0003E-01
   28.690  -9.5048E-02
   28.700  -1.4768E-02
   28.710  -1.3500E-02
   28.720  -1.2182E-02
   28.730  -1.1619E-02
   28.740  -1.1818E-02
   28.750  -1.1784E-02
   28.760  -1.0406E-02
   28.770  -7.7510E-03
   28.780  -4.7152E-03
   28.790  -2.5179E-03
   28.800   1.1346E-02
   28.810   1.2717E-02
   28.820   1.3438E-02
   28.830   1.3608E-02
   28.840   1.3445E-02
   28.850   1.3454E-02
   28.860   1.4242E-02
   28.870   1.6165E-02
   28.880   1.9205E-02
   28.890   2.3110E-02
   28.900   3.4683E-02
   28.910   3.8622E-02
   28.920   4.1998E-02
   28.930   4.4620E-02
   28.940   4.6439E-02
   28.950   4.7354E-02
   28.960   4.7177E-02
   28.970   4.5850E-02
   28.980   4.3634E-02
   28.990   4.0973E-02
   29.000   3.8214E-02
   29.010   3.5527E-02
   29.020   3.3002E-02
   29.030   3.0658E-02
   29.040   2.8291E-02
   29.050   2.5455E-02
   29.060   2.1722E-02
   29.070   1.6960E-02
   29.080   1.1366E-02
   29.090   5.2814E-03
   29.100  -9.6237E-04
   29.110  -7.0610E-03
   29.120  -1.2701E-02
   29.130  -1.7574E-02
   29.140  -2.1483E-02
   29.150  -2.4468E-02
   29.160  -2.6820E-02
   29.170  -2.8886E-02
   29.180  -3.0792E-02
   29.190  -3.2366E-02
   29.200  -3.3311E-02
   29.210  -3.3456E-02
   29.220  -3.2909E-02
   29.230  -3.2103E-02
   29.240  -3.1748E-02
   29.250  -3.2519E-02
   29.260  -3.4500E-02
   29.270  -3.6879E-02
   29.280   5.2652E-03
   29.290   4.5138E-03
   29.300   3.6227E-03
   29.310   2.6919E-03
   29.320   1.8831E-03
   29.330   1.3978E-03
   29.340   1.3693E-03
   29.350   1.7440E-03
   29.360   2.2991E-03
   29.370   2.7929E-03
   29.380   3.0842E-03
   29.390   3.1120E-03
   29.400   2.8192E-03
   29.410   2.1488E-03
   29.420   1.1168E-03
   29.430  -1.3955E-04
   29.440  -1.3924E-03
   29.450  -2.4201E-03
   29.460  -3.1082E-03
   29.470  -3.4857E-03
   29.480  -3.6536E-03
   29.490  -3.6771E-03
   29.500  -3.5753E-03
   29.510  -3.4263E-03
   29.520  -3.4180E-03
   29.530  -3.7127E-03
   29.540  -4.2571E-03
   29.550  -4.7846E-03
   29.560  -5.0307E-03
   29.570  -4.9213E-03
   29.580  -4.5559E-03
   29.590  -1.2202E-02
   29.600  -1.1264E-02
   29.610  -1.0453E-02
   29.620  -9.9779E-03
   29.630  -9.9329E-03
   29.640  -7.9068E-03
   29.650  -8.4632E-03
   29.660  -8.9133E-03
   29.670  -8.9373E-03
   29.680  -8.2045E-03
   29.690  -6.5383E-03
   29.700  -4.0708E-03
   29.710  -1.2309E-03
   29.720   1.4347E-03
   29.730   3.4812E-03
   29.740   4.7291E-03
   29.750   5.3070E-03
   29.760   5.5257E-03
   29.770   5.6445E-03
   29.780   5.7501E-03
   29.790   5.8719E-03
   29.800   6.1523E-03
   29.810   6.7896E-03
   29.820   7.8018E-03
   29.830   8.9453E-03
   29.840   9.9298E-03
   29.850   1.0660E-02
   29.860   1.1222E-02
   29.870   1.1719E-02
   29.880   1.2220E-02
   29.890   1.2833E-02
   29.900   1.3701E-02
   29.910   1.4866E-02
   29.920   1.6190E-02
   29.930   1.7420E-02
   29.940   1.8310E-02
   29.950   1.8672E-02
   29.960   1.8399E-02
   29.970   1.7518E-02
   29.980   1.6185E-02
   29.990   1.4569E-02
   30.000   1.2748E-02
   30.010   1.0727E-02
   30.020   8.5447E-03
   30.030   6.3047E-03
   30.040   4.1202E-03
   30.050   2.0615E-03
   30.060   1.2534E-04
   30.070  -1.8043E-03
   30.080  -3.9494E-03
   30.090  -6.5064E-03
   30.100  -9.4709E-03
   30.110  -1.2617E-02
   30.120  -1.5661E-02
   30.130  -1.8395E-02
   30.140  -2.0646E-02
   30.150  -2.2151E-02
   30.160  -2.2587E-02
   30.170  -2.1777E-02
   30.180  -1.9851E-02
   30.190  -1.7227E-02
   30.200  -1.4420E-02
   30.210  -1.1836E-02
   30.220  -9.6796E-03
   30.230  -8.0043E-03
   30.240  -6.8217E-03
   30.250  -6.1501E-03
   30.260  -5.9454E-03
   30.270  -6.0069E-03
   30.280  -5.9997E-03
   30.290  -5.6203E-03
   30.300  -4.7743E-03
   30.310  -3.6176E-03
   30.320  -4.0107E-03
   30.330  -3.1012E-03
   30.340  -2.2091E-03
   30.350  -1.3656E-03
   30.360  -6.0724E-04
   30.370   8.2776E-05
   30.380   7.8858E-04
   30.390   1.6160E-03
   30.400   2.6437E-03
   30.410   3.8974E-03
   30.420   5.3183E-03
   30.430   6.7328E-03
   30.440   7.8823E-03
   30.450   8.5294E-03
   30.460   8.5558E-03
   30.470   7.9726E-03
   30.480   6.8792E-03
   30.490   5.4426E-03
   30.500   3.8934E-03
   30.510   2.4724E-03
   30.520   1.3370E-03
   30.530   5.1381E-04
   30.540  -6.1602E-05
   30.550  -4.7423E-04
   30.560  -8.0194E-04
   30.570  -1.1364E-03
   30.580  -1.6165E-03
   30.590  -2.4349E-03
   30.600  -3.7754E-03
   30.610  -5.6776E-03
   30.620  -7.9190E-03
   30.630  -1.0049E-02
   30.640  -1.1594E-02
   30.650  -1.2280E-02
   30.660  -1.2111E-02
   30.670  -1.1295E-02
   30.680  -1.0109E-02
   30.690   0.0000E+00
   30.700   0.0000E+00
   30.710   0.0000E+00
   30.720   0.0000E+00
   30.730   0.0000E+00
   30.740   0.0000E+00
   30.750   0.0000E+00
   30.760   0.0000E+00
   30.770   0.0000E+00
   30.780   0.0000E+00
   30.790   0.0000E+00
   30.800   0.0000E+00
   30.810   0.0000E+00
   30.820   0.0000E+00
   30.830   0.0000E+00
   30.840   0.0000E+00
   30.850   0.0000E+00
   30.860   0.0000E+00
   30.870   0.0000E+00
   30.880   0.0000E+00
   30.890   0.0000E+00
   30.900   0.0000E+00
   30.910   0.0000E+00
   30.920   0.0000E+00
   30.930   0.0000E+00
   30.940   0.0000E+00
   30.950   0.0000E+00
   30.960   0.0000E+00
   30.970   0.0000E+00
   30.980   0.0000E+00
   30.990   0.0000E+00
   31.000   0.0000E+00
   31.010   0.0000E+00
   31.020   0.0000E+00
   31.030   0.0000E+00
   31.040   0.0000E+00
   31.050   0.0000E+00
   31.060   0.0000E+00
   31.070   0.0000E+00
   31.080   0.0000E+00
   31.090   0.0000E+00
   31.100   0.0000E+00
   31.110   0.0000E+00
   31.120   0.0000E+00
   31.130   0.0000E+00
   31.140   0.0000E+00
   31.150   0.0000E+00
   31.160   0.0000E+00
   31.170   0.0000E+00
   31.180   0.0000E+00
   31.190   0.0000E+00
   31.200   0.0000E+00
   31.210   0.0000E+00
   31.220   0.0000E+00
   31.230   0.0000E+00
   31.240   0.0000E+00
   31.250   0.0000E+00
   31.260   0.0000E+00
   31.270   0.0000E+00
   31.280   0.0000E+00
   31.290   0.0000E+00
   31.300   0.0000E+00
   31.310   0.0000E+00
   31.320   0.0000E+00
   31.330   0.0000E+00
   31.340   0.0000E+00
   31.350   0.0000E+00
   31.360   0.0000E+00
   31.370   0.0000E+00
   31.380   0.0000E+00
   31.390   0.0000E+00
   31.400   0.0000E+00
   31.410   0.0000E+00
   31.420   0.0000E+00
   31.430   0.0000E+00
   31.440   0.0000E+00
   31.450   0.0000E+00
   31.460   0.0000E+00
   31.470   0.0000E+00
   31.480   0.0000E+00
   31.490   0.0000E+00
   31.500   0.0000E+00
   31.510   0.0000E+00
   31.520   0.0000E+00
   31.530   0.0000E+00
   31.540   0.0000E+00
   31.550   0.0000E+00
   31.560   0.0000E+00
   31.570   0.0000E+00
   31.580   0.0000E+00
   31.590   0.0000E+00
   31.600   0.0000E+00
   31.610   0.0000E+00
   31.620   0.0000E+00
   31.630   0.0000E+00
   31.640   0.0000E+00
   31.650   0.0000E+00
   31.660   0.0000E+00
   31.670   0.0000E+00
   31.680   0.0000E+00
   31.690   0.0000E+00
   31.700   0.0000E+00
   31.710   0.0000E+00
   31.720   0.0000E+00
   31.730   0.0000E+00
   31.740   0.0000E+00
   31.750   0.0000E+00
   31.760   0.0000E+00
   31.770   0.0000E+00
   31.780   0.0000E+00
   31.790   0.0000E+00
   31.800   0.0000E+00
   31.810   0.0000E+00
   31.820   0.0000E+00
   31.830   0.0000E+00
   31.840   0.0000E+00
   31.850   0.0000E+00
   31.860   0.0000E+00
   31.870   0.0000E+00
   31.880   0.0000E+00
   31.890   0.0000E+00
   31.900   0.0000E+00
   31.910   0.0000E+00
   31.920   0.0000E+00
   31.930   0.0000E+00
   31.940   0.0000E+00
   31.950   0.0000E+00
   31.960   0.0000E+00
   31.970   0.0000E+00
   31.980   0.0000E+00
   31.990   0.0000E+00
   32.000   0.0000E+00
   32.010   0.0000E+00
   32.020   0.0000E+00
   32.030   0.0000E+00
   32.040   0.0000E+00
   32.050   0.0000E+00
   32.060   0.0000E+00
   32.070   0.0000E+00
   32.080   0.0000E+00
   32.090   0.0000E+00
   32.100   0.0000E+00
   32.110   0.0000E+00
   32.120   0.0000E+00
   32.130   0.0000E+00
   32.140   0.0000E+00
   32.150   0.0000E+00
   32.160   0.0000E+00
   32.170   0.0000E+00
   32.180   0.0000E+00
   32.190   0.0000E+00
   32.200   0.0000E+00
   32.210   0.0000E+00
   32.220   0.0000E+00
   32.230   0.0000E+00
   32.240   0.0000E+00
   32.250   0.0000E+00
   32.260   0.0000E+00
   32.270   0.0000E+00
   32.280   0.0000E+00
   32.290   0.0000E+00
   32.300   0.0000E+00
   32.310   0.0000E+00
   32.320   0.0000E+00
   32.330   0.0000E+00
   32.340   0.0000E+00
   32.350   0.0000E+00
   32.360   0.0000E+00
   32.370   0.0000E+00
   32.380   0.0000E+00
   32.390   0.0000E+00
   32.400   0.0000E+00
   32.410   0.0000E+00
   32.420   0.0000E+00
   32.430   0.0000E+00
   32.440   0.0000E+00
   32.450   0.0000E+00
   32.460   0.0000E+00
   32.470   0.0000E+00
   32.480   0.0000E+00
   32.490   0.0000E+00
   32.500   0.0000E+00
   32.510   0.0000E+00
   32.520   0.0000E+00
   32.530   0.0000E+00
   32.540   0.0000E+00
   32.550   0.0000E+00
   32.560   0.0000E+00
   32.570   0.0000E+00
   32.580   0.0000E+00
   32.590   0.0000E+00
   32.600   0.0000E+00
   32.610   0.0000E+00
   32.620   0.0000E+00
   32.630   0.0000E+00
   32.640   0.0000E+00
   32.650   0.0000E+00
   32.660   0.0000E+00
   32.670   0.0000E+00
   32.680   0.0000E+00
   32.690   0.0000E+00
   32.700   0.0000E+00
   32.710   0.0000E+00
   32.720   0.0000E+00
   32.730   0.0000E+00
   32.740   0.0000E+00
   32.750   0.0000E+00
   32.760   0.0000E+00
   32.770   0.0000E+00
   32.780   0.0000E+00
   32.790   0.0000E+00
   32.800   0.0000E+00
   32.810   0.0000E+00
   32.820   0.0000E+00
   32.830   0.0000E+00
   32.840   0.0000E+00
   32.850   0.0000E+00
   32.860   0.0000E+00
   32.870   0.0000E+00
   32.880   0.0000E+00
   32.890   0.0000E+00
   32.900   0.0000E+00
   32.910   0.0000E+00
   32.920   0.0000E+00
   32.930   0.0000E+00
   32.940   0.0000E+00
   32.950   0.0000E+00
   32.960   0.0000E+00
   32.970   0.0000E+00
   32.980   0.0000E+00
   32.990   0.0000E+00
   33.000   0.0000E+00
   33.010   0.0000E+00
   33.020   0.0000E+00
   33.030   0.0000E+00
   33.040   0.0000E+00
   33.050   0.0000E+00
   33.060   0.0000E+00
   33.070   0.0000E+00
   33.080   0.0000E+00
   33.090   0.0000E+00
   33.100   0.0000E+00
   33.110   0.0000E+00
   33.120   0.0000E+00
   33.130   0.0000E+00
   33.140   0.0000E+00
   33.150   0.0000E+00
   33.160   0.0000E+00
   33.170   0.0000E+00
   33.180   0.0000E+00
   33.190   0.0000E+00
   33.200   0.0000E+00
   33.210   0.0000E+00
   33.220   0.0000E+00
   33.230   0.0000E+00
   33.240   0.0000E+00
   33.250   0.0000E+00
   33.260   0.0000E+00
   33.270   0.0000E+00
   33.280   0.0000E+00
   33.290   0.0000E+00
   33.300   0.0000E+00
   33.310   0.0000E+00
   33.320   0.0000E+00
   33.330   0.0000E+00
   33.340   0.0000E+00
   33.350   0.0000E+00
   33.360   0.0000E+00
   33.370   0.0000E+00
   33.380   0.0000E+00
   33.390   0.0000E+00
   33.400   0.0000E+00
   33.410   0.0000E+00
   33.420   0.0000E+00
   33.430   0.0000E+00
   33.440   0.0000E+00
   33.450   0.0000E+00
   33.460   0.0000E+00
   33.470   0.0000E+00
   33.480   0.0000E+00
   33.490   0.0000E+00
   33.500   0.0000E+00
   33.510   0.0000E+00
   33.520   0.0000E+00
   33.530   0.0000E+00
   33.540   0.0000E+00
   33.550   0.0000E+00
   33.560   0.0000E+00
   33.570   0.0000E+00
   33.580   0.0000E+00
   33.590   0.0000E+00
   33.600   0.0000E+00
   33.610   0.0000E+00
   33.620   0.0000E+00
   33.630   0.0000E+00
   33.640   0.0000E+00
   33.650   0.0000E+00
   33.660   0.0000E+00
   33.670   0.0000E+00
   33.680   0.0000E+00
   33.690   0.0000E+00
   33.700   0.0000E+00
   33.710   0.0000E+00
   33.720   0.0000E+00
   33.730   0.0000E+00
   33.740   0.0000E+00
   33.750   0.0000E+00
   33.760   0.0000E+00
   33.770   0.0000E+00
   33.780   0.0000E+00
   33.790   0.0000E+00
   33.800   0.0000E+00
   33.810   0.0000E+00
   33.820   0.0000E+00
   33.830   0.0000E+00
   33.840   0.0000E+00
   33.850   0.0000E+00
   33.860   0.0000E+00
   33.870   0.0000E+00
   33.880   0.0000E+00
   33.890   0.0000E+00
   33.900   0.0000E+00
   33.910   0.0000E+00
   33.920   0.0000E+00
   33.930   0.0000E+00
   33.940   0.0000E+00
   33.950   0.0000E+00
   33.960   0.0000E+00
   33.970   0.0000E+00
   33.980   0.0000E+00
   33.990   0.0000E+00
   34.000   0.0000E+00
   34.010   0.0000E+00
   34.020   0.0000E+00
   34.030   0.0000E+00
   34.040   0.0000E+00
   34.050   0.0000E+00
   34.060   0.0000E+00
   34.070   0.0000E+00
   34.080   0.0000E+00
   34.090   0.0000E+00
   34.100   0.0000E+00
   34.110   0.0000E+00
   34.120   0.0000E+00
   34.130   0.0000E+00
   34.140   0.0000E+00
   34.150   0.0000E+00
   34.160   0.0000E+00
   34.170   0.0000E+00
   34.180   0.0000E+00
   34.190   0.0000E+00
   34.200   0.0000E+00
   34.210   0.0000E+00
   34.220   0.0000E+00
   34.230   0.0000E+00
   34.240   0.0000E+00
   34.250   0.0000E+00
   34.260   0.0000E+00
   34.270   0.0000E+00
   34.280   0.0000E+00
   34.290   0.0000E+00
   34.300   0.0000E+00
   34.310   0.0000E+00
   34.320   0.0000E+00
   34.330   0.0000E+00
   34.340   0.0000E+00
   34.350   0.0000E+00
   34.360   0.0000E+00
   34.370   0.0000E+00
   34.380   0.0000E+00
   34.390   0.0000E+00
   34.400   0.0000E+00
   34.410   0.0000E+00
   34.420   0.0000E+00
   34.430   0.0000E+00
   34.440   0.0000E+00
   34.450   0.0000E+00
   34.460   0.0000E+00
   34.470   0.0000E+00
   34.480   0.0000E+00
   34.490   0.0000E+00
   34.500   0.0000E+00
   34.510   0.0000E+00
   34.520   0.0000E+00
   34.530   0.0000E+00
   34.540   0.0000E+00
   34.550   0.0000E+00
   34.560   0.0000E+00
   34.570   0.0000E+00
   34.580   0.0000E+00
   34.590   0.0000E+00
   34.600   0.0000E+00
   34.610   0.0000E+00
   34.620   0.0000E+00
   34.630   0.0000E+00
   34.640   0.0000E+00
   34.650   0.0000E+00
   34.660   0.0000E+00
   34.670   0.0000E+00
   34.680   0.0000E+00
   34.690   0.0000E+00
   34.700   0.0000E+00
   34.710   0.0000E+00
   34.720   0.0000E+00
   34.730   0.0000E+00
   34.740   0.0000E+00
   34.750   0.0000E+00
   34.760   0.0000E+00
   34.770   0.0000E+00
   34.780   0.0000E+00
   34.790   0.0000E+00
   34.800   0.0000E+00
   34.810   0.0000E+00
   34.820   0.0000E+00
   34.830   0.0000E+00
   34.840   0.0000E+00
   34.850   0.0000E+00
   34.860   0.0000E+00
   34.870   0.0000E+00
   34.880   0.0000E+00
   34.890   0.0000E+00
   34.900   0.0000E+00
   34.910   0.0000E+00
   34.920   0.0000E+00
   34.930   0.0000E+00
   34.940   0.0000E+00
   34.950   0.0000E+00
   34.960   0.0000E+00
   34.970   0.0000E+00
   34.980   0.0000E+00
   34.990   0.0000E+00
   35.000   0.0000E+00
   35.010   0.0000E+00
   35.020   0.0000E+00
   35.030   0.0000E+00
   35.040   0.0000E+00
   35.050   0.0000E+00
   35.060   0.0000E+00
   35.070   0.0000E+00
   35.080   0.0000E+00
   35.090   0.0000E+00
   35.100   0.0000E+00
   35.110   0.0000E+00
   35.120   0.0000E+00
   35.130   0.0000E+00
   35.140   0.0000E+00
   35.150   0.0000E+00
   35.160   0.0000E+00
   35.170   0.0000E+00
   35.180   0.0000E+00
   35.190   0.0000E+00
   35.200   0.0000E+00
   35.210   0.0000E+00
   35.220   0.0000E+00
   35.230   0.0000E+00
   35.240   0.0000E+00
   35.250   0.0000E+00
   35.260   0.0000E+00
   35.270   0.0000E+00
   35.280   0.0000E+00
   35.290   0.0000E+00
   35.300   0.0000E+00
   35.310   0.0000E+00
   35.320   0.0000E+00
   35.330   0.0000E+00
   35.340   0.0000E+00
   35.350   0.0000E+00
   35.360   0.0000E+00
   35.370   0.0000E+00
   35.380   0.0000E+00
   35.390   0.0000E+00
   35.400   0.0000E+00
   35.410   0.0000E+00
   35.420   0.0000E+00
   35.430   0.0000E+00
   35.440   0.0000E+00
   35.450   0.0000E+00
   35.460   0.0000E+00
   35.470   0.0000E+00
   35.480   0.0000E+00
   35.490   0.0000E+00
   35.500   0.0000E+00
   35.510   0.0000E+00
   35.520   0.0000E+00
   35.530   0.0000E+00
   35.540   0.0000E+00
   35.550   0.0000E+00
   35.560   0.0000E+00
   35.570   0.0000E+00
   35.580   0.0000E+00
   35.590   0.0000E+00
   35.600   0.0000E+00
   35.610   0.0000E+00
   35.620   0.0000E+00
   35.630   0.0000E+00
   35.640   0.0000E+00
   35.650   0.0000E+00
   35.660   0.0000E+00
   35.670   0.0000E+00
   35.680   0.0000E+00
   35.690   0.0000E+00
   35.700   0.0000E+00
   35.710   0.0000E+00
   35.720   0.0000E+00
   35.730   0.0000E+00
   35.740   0.0000E+00
   35.750   0.0000E+00
   35.760   0.0000E+00
   35.770   0.0000E+00
   35.780   0.0000E+00
   35.790   0.0000E+00
   35.800   0.0000E+00
   35.810   0.0000E+00
   35.820   0.0000E+00
   35.830   0.0000E+00
   35.840   0.0000E+00
   35.850   0.0000E+00
   35.860   0.0000E+00
   35.870   0.0000E+00
   35.880   0.0000E+00
   35.890   0.0000E+00
   35.900   0.0000E+00
   35.910   0.0000E+00
   35.920   0.0000E+00
   35.930   0.0000E+00
   35.940   0.0000E+00
   35.950   0.0000E+00
   35.960   0.0000E+00
   35.970   0.0000E+00
   35.980   0.0000E+00
   35.990   0.0000E+00
   36.000   0.0000E+00
   36.010   0.0000E+00
   36.020   0.0000E+00
   36.030   0.0000E+00
   36.040   0.0000E+00
   36.050   0.0000E+00
   36.060   0.0000E+00
   36.070   0.0000E+00
   36.080   0.0000E+00
   36.090   0.0000E+00
   36.100   0.0000E+00
   36.110   0.0000E+00
   36.120   0.0000E+00
   36.130   0.0000E+00
   36.140   0.0000E+00
   36.150   0.0000E+00
   36.160   0.0000E+00
   36.170   0.0000E+00
   36.180   0.0000E+00
   36.190   0.0000E+00
   36.200   0.0000E+00
   36.210   0.0000E+00
   36.220   0.0000E+00
   36.230   0.0000E+00
   36.240   0.0000E+00
   36.250   0.0000E+00
   36.260   0.0000E+00
   36.270   0.0000E+00
   36.280   0.0000E+00
   36.290   0.0000E+00
   36.300   0.0000E+00
   36.310   0.0000E+00
   36.320   0.0000E+00
   36.330   0.0000E+00
   36.340   0.0000E+00
   36.350   0.0000E+00
   36.360   0.0000E+00
   36.370   0.0000E+00
   36.380   0.0000E+00
   36.390   0.0000E+00
   36.400   0.0000E+00
   36.410   0.0000E+00
   36.420   0.0000E+00
   36.430   0.0000E+00
   36.440   0.0000E+00
   36.450   0.0000E+00
   36.460   0.0000E+00
   36.470   0.0000E+00
   36.480   0.0000E+00
   36.490   0.0000E+00
   36.500   0.0000E+00
   36.510   0.0000E+00
   36.520   0.0000E+00
   36.530   0.0000E+00
   36.540   0.0000E+00
   36.550   0.0000E+00
   36.560   0.0000E+00
   36.570   0.0000E+00
   36.580   0.0000E+00
   36.590   0.0000E+00
   36.600   0.0000E+00
   36.610   0.0000E+00
   36.620   0.0000E+00
   36.630   0.0000E+00
   36.640   0.0000E+00
   36.650   0.0000E+00
   36.660   0.0000E+00
   36.670   0.0000E+00
   36.680   0.0000E+00
   36.690   0.0000E+00
   36.700   0.0000E+00
   36.710   0.0000E+00
   36.720   0.0000E+00
   36.730   0.0000E+00
   36.740   0.0000E+00
   36.750   0.0000E+00
   36.760   0.0000E+00
   36.770   0.0000E+00
   36.780   0.0000E+00
   36.790   0.0000E+00
   36.800   0.0000E+00
   36.810   0.0000E+00
   36.820   0.0000E+00
   36.830   0.0000E+00
   36.840   0.0000E+00
   36.850   0.0000E+00
   36.860   0.0000E+00
   36.870   0.0000E+00
   36.880   0.0000E+00
   36.890   0.0000E+00
   36.900   0.0000E+00
   36.910   0.0000E+00
   36.920   0.0000E+00
   36.930   0.0000E+00
   36.940   0.0000E+00
   36.950   0.0000E+00
   36.960   0.0000E+00
   36.970   0.0000E+00
   36.980   0.0000E+00
   36.990   0.0000E+00
   37.000   0.0000E+00
   37.010   0.0000E+00
   37.020   0.0000E+00
   37.030   0.0000E+00
   37.040   0.0000E+00
   37.050   0.0000E+00
   37.060   0.0000E+00
   37.070   0.0000E+00
   37.080   0.0000E+00
   37.090   0.0000E+00
   37.100   0.0000E+00
   37.110   0.0000E+00
   37.120   0.0000E+00
   37.130   0.0000E+00
   37.140   0.0000E+00
   37.150   0.0000E+00
   37.160   0.0000E+00
   37.170   0.0000E+00
   37.180   0.0000E+00
   37.190   0.0000E+00
   37.200   0.0000E+00
   37.210   0.0000E+00
   37.220   0.0000E+00
   37.230   0.0000E+00
   37.240   0.0000E+00
   37.250   0.0000E+00
   37.260   0.0000E+00
   37.270   0.0000E+00
   37.280   0.0000E+00
   37.290   0.0000E+00
   37.300   0.0000E+00
   37.310   0.0000E+00
   37.320   0.0000E+00
   37.330   0.0000E+00
   37.340   0.0000E+00
   37.350   0.0000E+00
   37.360   0.0000E+00
   37.370   0.0000E+00
   37.380   0.0000E+00
   37.390   0.0000E+00
   37.400   0.0000E+00
   37.410   0.0000E+00
   37.420   0.0000E+00
   37.430   0.0000E+00
   37.440   0.0000E+00
   37.450   0.0000E+00
   37.460   0.0000E+00
   37.470   0.0000E+00
   37.480   0.0000E+00
   37.490   0.0000E+00
   37.500   0.0000E+00
   37.510   0.0000E+00
   37.520   0.0000E+00
   37.530   0.0000E+00
   37.540   0.0000E+00
   37.550   0.0000E+00
   37.560   0.0000E+00
   37.570   0.0000E+00
   37.580   0.0000E+00
   37.590   0.0000E+00
   37.600   0.0000E+00
   37.610   0.0000E+00
   37.620   0.0000E+00
   37.630   0.0000E+00
   37.640   0.0000E+00
   37.650   0.0000E+00
   37.660   0.0000E+00
   37.670   0.0000E+00
   37.680   0.0000E+00
   37.690   0.0000E+00
   37.700   0.0000E+00
   37.710   0.0000E+00
   37.720   0.0000E+00
   37.730   0.0000E+00
   37.740   0.0000E+00
   37.750   0.0000E+00
   37.760   0.0000E+00
   37.770   0.0000E+00
   37.780   0.0000E+00
   37.790   0.0000E+00
   37.800   0.0000E+00
   37.810   0.0000E+00
   37.820   0.0000E+00
   37.830   0.0000E+00
   37.840   0.0000E+00
   37.850   0.0000E+00
   37.860   0.0000E+00
   37.870   0.0000E+00
   37.880   0.0000E+00
   37.890   0.0000E+00
   37.900   0.0000E+00
   37.910   0.0000E+00
   37.920   0.0000E+00
   37.930   0.0000E+00
   37.940   0.0000E+00
   37.950   0.0000E+00
   37.960   0.0000E+00
   37.970   0.0000E+00
   37.980   0.0000E+00
   37.990   0.0000E+00
   38.000   0.0000E+00
   38.010   0.0000E+00
   38.020   0.0000E+00
   38.030   0.0000E+00
   38.040   0.0000E+00
   38.050   0.0000E+00
   38.060   0.0000E+00
   38.070   0.0000E+00
   38.080   0.0000E+00
   38.090   0.0000E+00
   38.100   0.0000E+00
   38.110   0.0000E+00
   38.120   0.0000E+00
   38.130   0.0000E+00
   38.140   0.0000E+00
   38.150   0.0000E+00
   38.160   0.0000E+00
   38.170   0.0000E+00
   38.180   0.0000E+00
   38.190   0.0000E+00
   38.200   0.0000E+00
   38.210   0.0000E+00
   38.220   0.0000E+00
   38.230   0.0000E+00
   38.240   0.0000E+00
   38.250   0.0000E+00
   38.260   0.0000E+00
   38.270   0.0000E+00
   38.280   0.0000E+00
   38.290   0.0000E+00
   38.300   0.0000E+00
   38.310   0.0000E+00
   38.320   0.0000E+00
   38.330   0.0000E+00
   38.340   0.0000E+00
   38.350   0.0000E+00
   38.360   0.0000E+00
   38.370   0.0000E+00
   38.380   0.0000E+00
   38.390   0.0000E+00
   38.400   0.0000E+00
   38.410   0.0000E+00
   38.420   0.0000E+00
   38.430   0.0000E+00
   38.440   0.0000E+00
   38.450   0.0000E+00
   38.460   0.0000E+00
   38.470   0.0000E+00
   38.480   0.0000E+00
   38.490   0.0000E+00
   38.500   0.0000E+00
   38.510   0.0000E+00
   38.520   0.0000E+00
   38.530   0.0000E+00
   38.540   0.0000E+00
   38.550   0.0000E+00
   38.560   0.0000E+00
   38.570   0.0000E+00
   38.580   0.0000E+00
   38.590   0.0000E+00
   38.600   0.0000E+00
   38.610   0.0000E+00
   38.620   0.0000E+00
   38.630   0.0000E+00
   38.640   0.0000E+00
   38.650   0.0000E+00
   38.660   0.0000E+00
   38.670   0.0000E+00
   38.680   0.0000E+00
   38.690   0.0000E+00
   38.700   0.0000E+00
   38.710   0.0000E+00
   38.720   0.0000E+00
   38.730   0.0000E+00
   38.740   0.0000E+00
   38.750   0.0000E+00
   38.760   0.0000E+00
   38.770   0.0000E+00
   38.780   0.0000E+00
   38.790   0.0000E+00
   38.800   0.0000E+00
   38.810   0.0000E+00
   38.820   0.0000E+00
   38.830   0.0000E+00
   38.840   0.0000E+00
   38.850   0.0000E+00
   38.860   0.0000E+00
   38.870   0.0000E+00
   38.880   0.0000E+00
   38.890   0.0000E+00
   38.900   0.0000E+00
   38.910   0.0000E+00
   38.920   0.0000E+00
   38.930   0.0000E+00
   38.940   0.0000E+00
   38.950   0.0000E+00
   38.960   0.0000E+00
   38.970   0.0000E+00
   38.980   0.0000E+00
   38.990   0.0000E+00
   39.000   0.0000E+00
   39.010   0.0000E+00
   39.020   0.0000E+00
   39.030   0.0000E+00
   39.040   0.0000E+00
   39.050   0.0000E+00
   39.060   0.0000E+00
   39.070   0.0000E+00
   39.080   0.0000E+00
   39.090   0.0000E+00
   39.100   0.0000E+00
   39.110   0.0000E+00
   39.120   0.0000E+00
   39.130   0.0000E+00
   39.140   0.0000E+00
   39.150   0.0000E+00
   39.160   0.0000E+00
   39.170   0.0000E+00
   39.180   0.0000E+00
   39.190   0.0000E+00
   39.200   0.0000E+00
   39.210   0.0000E+00
   39.220   0.0000E+00
   39.230   0.0000E+00
   39.240   0.0000E+00
   39.250   0.0000E+00
   39.260   0.0000E+00
   39.270   0.0000E+00
   39.280   0.0000E+00
   39.290   0.0000E+00
   39.300   0.0000E+00
   39.310   0.0000E+00
   39.320   0.0000E+00
   39.330   0.0000E+00
   39.340   0.0000E+00
   39.350   0.0000E+00
   39.360   0.0000E+00
   39.370   0.0000E+00
   39.380   0.0000E+00
   39.390   0.0000E+00
   39.400   0.0000E+00
   39.410   0.0000E+00
   39.420   0.0000E+00
   39.430   0.0000E+00
   39.440   0.0000E+00
   39.450   0.0000E+00
   39.460   0.0000E+00
   39.470   0.0000E+00
   39.480   0.0000E+00
   39.490   0.0000E+00
   39.500   0.0000E+00
   39.510   0.0000E+00
   39.520   0.0000E+00
   39.530   0.0000E+00
   39.540   0.0000E+00
   39.550   0.0000E+00
   39.560   0.0000E+00
   39.570   0.0000E+00
   39.580   0.0000E+00
   39.590   0.0000E+00
   39.600   0.0000E+00
   39.610   0.0000E+00
   39.620   0.0000E+00
   39.630   0.0000E+00
   39.640   0.0000E+00
   39.650   0.0000E+00
   39.660   0.0000E+00
   39.670   0.0000E+00
   39.680   0.0000E+00
   39.690   0.0000E+00
   39.700   0.0000E+00
   39.710   0.0000E+00
   39.720   0.0000E+00
   39.730   0.0000E+00
   39.740   0.0000E+00
   39.750   0.0000E+00
   39.760   0.0000E+00
   39.770   0.0000E+00
   39.780   0.0000E+00
   39.790   0.0000E+00
   39.800   0.0000E+00
   39.810   0.0000E+00
   39.820   0.0000E+00
   39.830   0.0000E+00
   39.840   0.0000E+00
   39.850   0.0000E+00
   39.860   0.0000E+00
   39.870   0.0000E+00
   39.880   0.0000E+00
   39.890   0.0000E+00
   39.900   0.0000E+00
   39.910   0.0000E+00
   39.920   0.0000E+00
   39.930   0.0000E+00
   39.940   0.0000E+00
   39.950   0.0000E+00
   39.960   0.0000E+00
   39.970   0.0000E+00
   39.980   0.0000E+00
   39.990   0.0000E+00
   40.000   0.0000E+00
   40.010   0.0000E+00
   40.020   0.0000E+00
   40.030   0.0000E+00
   40.040   0.0000E+00
   40.050   0.0000E+00
   40.060   0.0000E+00
   40.070   0.0000E+00
   40.080   0.0000E+00
   40.090   0.0000E+00
   40.100   0.0000E+00
   40.110   0.0000E+00
   40.120   0.0000E+00
   40.130   0.0000E+00
   40.140   0.0000E+00
   40.150   0.0000E+00
   40.160   0.0000E+00
   40.170   0.0000E+00
   40.180   0.0000E+00
   40.190   0.0000E+00
   40.200   0.0000E+00
   40.210   0.0000E+00
   40.220   0.0000E+00
   40.230   0.0000E+00
   40.240   0.0000E+00
   40.250   0.0000E+00
   40.260   0.0000E+00
   40.270   0.0000E+00
   40.280   0.0000E+00
   40.290   0.0000E+00
   40.300   0.0000E+00
   40.310   0.0000E+00
   40.320   0.0000E+00
   40.330   0.0000E+00
   40.340   0.0000E+00
   40.350   0.0000E+00
   40.360   0.0000E+00
   40.370   0.0000E+00
   40.380   0.0000E+00
   40.390   0.0000E+00
   40.400   0.0000E+00
   40.410   0.0000E+00
   40.420   0.0000E+00
   40.430   0.0000E+00
   40.440   0.0000E+00
   40.450   0.0000E+00
   40.460   0.0000E+00
   40.470   0.0000E+00
   40.480   0.0000E+00
   40.490   0.0000E+00
   40.500   0.0000E+00
   40.510   0.0000E+00
   40.520   0.0000E+00
   40.530   0.0000E+00
   40.540   0.0000E+00
   40.550   0.0000E+00
   40.560   0.0000E+00
   40.570   0.0000E+00
   40.580   0.0000E+00
   40.590   0.0000E+00
   40.600   0.0000E+00
   40.610   0.0000E+00
   40.620   0.0000E+00
   40.630   0.0000E+00
   40.640   0.0000E+00
   40.650   0.0000E+00
   40.660   0.0000E+00
   40.670   0.0000E+00
   40.680   0.0000E+00
   40.690   0.0000E+00
   40.700   0.0000E+00
   40.710   0.0000E+00
   40.720   0.0000E+00
   40.730   0.0000E+00
   40.740   0.0000E+00
   40.750   0.0000E+00
   40.760   0.0000E+00
   40.770   0.0000E+00
   40.780   0.0000E+00
   40.790   0.0000E+00
   40.800   0.0000E+00
   40.810   0.0000E+00
   40.820   0.0000E+00
   40.830   0.0000E+00
   40.840   0.0000E+00
   40.850   0.0000E+00
   40.860   0.0000E+00
   40.870   0.0000E+00
   40.880   0.0000E+00
   40.890   0.0000E+00
   40.900   0.0000E+00
   40.910   0.0000E+00
   40.920   0.0000E+00
   40.930   0.0000E+00
   40.940   0.0000E+00
   40.950   0.0000E+00
