**********************************************
*******  Acceleration Time Series ************
*** Site #   1
*** trial   40
Input Parameters file =  aqk_0604__parameters.out                                                                                                
  4096 samples
dt:  0.010 sec
data format: (1x,f8.3,1p,2x,e11.4)
maximum absolute acceleration: 516.16
fault Dis.(km)=    5.06
Hypo  Dis.(km)=   11.45
  time(s) acc(cm/s**2)
    0.000   0.0000E+00
    0.010   0.0000E+00
    0.020   0.0000E+00
    0.030   0.0000E+00
    0.040   0.0000E+00
    0.050   0.0000E+00
    0.060   0.0000E+00
    0.070   2.5650E-01
    0.080   2.9001E-01
    0.090   3.3158E-01
    0.100   3.8616E-01
    0.110   4.6233E-01
    0.120   5.6437E-01
    0.130   6.8339E-01
    0.140   7.9941E-01
    0.150   8.9227E-01
    0.160   9.4954E-01
    0.170   9.6659E-01
    0.180   9.4581E-01
    0.190   9.0038E-01
    0.200   8.5663E-01
    0.210   8.4556E-01
    0.220   8.8593E-01
    0.230   9.7338E-01
    0.240   1.0865E+00
    0.250   1.2035E+00
    0.260   1.3130E+00
    0.270   1.4103E+00
    0.280   1.4887E+00
    0.290   1.5386E+00
    0.300   1.5555E+00
    0.310   1.5447E+00
    0.320   1.5163E+00
    0.330   1.4758E+00
    0.340   1.4218E+00
    0.350   1.3529E+00
    0.360   1.2722E+00
    0.370   1.1830E+00
    0.380   1.0797E+00
    0.390   9.4616E-01
    0.400   7.6630E-01
    0.410   5.3830E-01
    0.420   2.7775E-01
    0.430   8.3246E-03
    0.440  -2.4810E-01
    0.450  -4.7258E-01
    0.460  -9.2281E-01
    0.470  -1.1613E+00
    0.480  -1.3403E+00
    0.490  -1.4867E+00
    0.500  -1.6359E+00
    0.510  -1.8168E+00
    0.520  -2.0411E+00
    0.530  -2.3035E+00
    0.540  -2.5886E+00
    0.550  -2.8748E+00
    0.560  -3.1323E+00
    0.570  -3.3236E+00
    0.580  -3.4149E+00
    0.590  -3.3940E+00
    0.600  -3.2776E+00
    0.610  -3.0962E+00
    0.620  -2.8733E+00
    0.630  -2.6206E+00
    0.640  -2.3495E+00
    0.650  -2.0796E+00
    0.660  -1.8327E+00
    0.670  -1.6190E+00
    0.680  -1.4321E+00
    0.690  -1.2531E+00
    0.700  -1.0576E+00
    0.710  -8.2132E-01
    0.720  -5.2874E-01
    0.730  -1.8557E-01
    0.740   1.7526E-01
    0.750   5.0134E-01
    0.760   7.3980E-01
    0.770   8.5715E-01
    0.780   8.5058E-01
    0.790   7.4821E-01
    0.800   5.9945E-01
    0.810   4.5893E-01
    0.820   3.6848E-01
    0.830   3.4444E-01
    0.840   3.7585E-01
    0.850   4.3283E-01
    0.860   4.7930E-01
    0.870   4.8458E-01
    0.880   4.3174E-01
    0.890   3.2126E-01
    0.900   1.6850E-01
    0.910  -3.6956E-03
    0.920  -1.7181E-01
    0.930  -3.1464E-01
    0.940  -4.1509E-01
    0.950  -4.6396E-01
    0.960  -4.6389E-01
    0.970  -4.2990E-01
    0.980  -3.8681E-01
    0.990  -3.6555E-01
    1.000  -6.2353E-01
    1.010  -1.7864E+00
    1.020  -1.8085E+00
    1.030  -1.8218E+00
    1.040  -1.8296E+00
    1.050  -1.8264E+00
    1.060  -1.7971E+00
    1.070  -2.9399E+00
    1.080  -2.4655E+00
    1.090  -1.9823E+00
    1.100  -1.5080E+00
    1.110  -1.7387E+00
    1.120  -1.1425E+00
    1.130  -5.4296E-01
    1.140   5.7388E-02
    1.150   6.5212E-01
    1.160   1.2367E+00
    1.170   1.8207E+00
    1.180   2.4258E+00
    1.190   3.0632E+00
    1.200   3.7614E+00
    1.210   4.3590E+00
    1.220   4.8997E+00
    1.230   6.7768E+00
    1.240   7.3768E+00
    1.250   7.8024E+00
    1.260   8.0035E+00
    1.270   7.9482E+00
    1.280   8.5398E+00
    1.290   8.0381E+00
    1.300   7.0142E+00
    1.310   6.0002E+00
    1.320   4.9987E+00
    1.330   4.1029E+00
    1.340   3.3154E+00
    1.350   2.5565E+00
    1.360   1.7034E+00
    1.370   1.5162E+00
    1.380   3.5051E-01
    1.390  -5.8146E-01
    1.400  -1.8714E+00
    1.410  -3.0835E+00
    1.420  -4.1149E+00
    1.430  -4.9247E+00
    1.440  -5.5171E+00
    1.450  -5.9448E+00
    1.460  -6.0609E+00
    1.470  -6.3740E+00
    1.480  -6.9001E+00
    1.490  -7.6248E+00
    1.500  -8.4256E+00
    1.510  -9.1404E+00
    1.520  -9.6309E+00
    1.530  -9.6402E+00
    1.540  -9.4521E+00
    1.550  -8.9724E+00
    1.560  -8.3852E+00
    1.570  -7.7512E+00
    1.580  -7.1153E+00
    1.590  -6.5063E+00
    1.600  -7.0719E+00
    1.610  -6.4854E+00
    1.620  -5.9167E+00
    1.630  -5.4993E+00
    1.640  -4.8640E+00
    1.650  -4.4925E+00
    1.660  -3.8276E+00
    1.670  -2.8068E+00
    1.680  -1.5509E+00
    1.690  -7.3678E-02
    1.700  -7.3119E-01
    1.710  -7.7801E-02
    1.720  -6.0466E-01
    1.730  -5.2226E-02
    1.740   5.2109E-01
    1.750   1.1823E+00
    1.760   1.9198E+00
    1.770   2.6283E+00
    1.780   2.6387E+00
    1.790   2.0979E+00
    1.800   2.4419E+00
    1.810   2.8625E+00
    1.820   3.4005E+00
    1.830   3.9395E+00
    1.840   4.2853E+00
    1.850   4.2896E+00
    1.860   3.9150E+00
    1.870   3.2343E+00
    1.880   2.4084E+00
    1.890   1.5721E+00
    1.900   9.9268E-01
    1.910   7.5915E-01
    1.920   2.3097E+00
    1.930   2.0931E+00
    1.940   2.0818E+00
    1.950   1.2487E+00
    1.960   1.4927E-03
    1.970  -1.5416E+00
    1.980  -2.9270E+00
    1.990  -4.6383E+00
    2.000  -7.0781E+00
    2.010  -8.4352E+00
    2.020  -9.2727E+00
    2.030  -9.4863E+00
    2.040  -9.0650E+00
    2.050  -8.1058E+00
    2.060  -6.7884E+00
    2.070  -5.3570E+00
    2.080  -4.4784E+00
    2.090  -3.9829E+00
    2.100  -4.0253E+00
    2.110  -3.7180E+00
    2.120  -3.5504E+00
    2.130  -2.9837E+00
    2.140  -2.0109E+00
    2.150  -5.9177E-01
    2.160   1.1381E+00
    2.170   2.0364E+00
    2.180   3.6646E+00
    2.190   3.6183E+00
    2.200   3.7873E+00
    2.210   5.0892E+00
    2.220   6.0308E+00
    2.230   6.6860E+00
    2.240   9.0337E+00
    2.250   7.8148E+00
    2.260   8.5022E+00
    2.270   9.7513E+00
    2.280   1.1519E+01
    2.290   1.3619E+01
    2.300   1.6329E+01
    2.310   1.8003E+01
    2.320   1.9045E+01
    2.330   1.9328E+01
    2.340   1.8800E+01
    2.350   1.7829E+01
    2.360   1.6521E+01
    2.370   1.5096E+01
    2.380   1.3755E+01
    2.390   1.2616E+01
    2.400   1.1651E+01
    2.410   1.0603E+01
    2.420   9.3942E+00
    2.430   7.7132E+00
    2.440   4.8029E+00
    2.450   6.6422E-01
    2.460  -2.7866E+00
    2.470  -6.5066E+00
    2.480  -9.8411E+00
    2.490  -1.2414E+01
    2.500  -1.3933E+01
    2.510  -1.4282E+01
    2.520  -1.3326E+01
    2.530  -1.2674E+01
    2.540  -1.1797E+01
    2.550  -8.4652E+00
    2.560  -7.3346E+00
    2.570  -6.9307E+00
    2.580  -5.6356E+00
    2.590  -4.2823E+00
    2.600  -2.9082E+00
    2.610  -1.5229E+00
    2.620  -2.4290E-01
    2.630   1.6234E+00
    2.640   3.9803E+00
    2.650   6.7978E+00
    2.660   8.3595E+00
    2.670   1.1746E+01
    2.680   1.4446E+01
    2.690   1.6744E+01
    2.700   1.8128E+01
    2.710   1.8626E+01
    2.720   1.8511E+01
    2.730   1.8187E+01
    2.740   1.8037E+01
    2.750   1.8313E+01
    2.760   1.8848E+01
    2.770   1.9901E+01
    2.780   2.0906E+01
    2.790   2.1505E+01
    2.800   2.1506E+01
    2.810   2.0885E+01
    2.820   1.9677E+01
    2.830   1.6442E+01
    2.840   1.4189E+01
    2.850   1.1873E+01
    2.860   9.7767E+00
    2.870   8.1302E+00
    2.880   7.0410E+00
    2.890   6.8727E+00
    2.900   6.5855E+00
    2.910   6.0405E+00
    2.920   4.4518E+00
    2.930   1.6926E+00
    2.940  -1.9269E+00
    2.950  -5.7369E+00
    2.960  -8.9967E+00
    2.970  -1.1314E+01
    2.980  -1.2780E+01
    2.990  -1.3484E+01
    3.000  -1.3773E+01
    3.010  -1.4382E+01
    3.020  -1.4089E+01
    3.030  -1.3362E+01
    3.040  -1.2142E+01
    3.050  -1.0548E+01
    3.060  -8.1708E+00
    3.070  -6.8627E+00
    3.080  -6.1902E+00
    3.090  -5.9988E+00
    3.100  -6.3579E+00
    3.110  -6.0157E+00
    3.120  -5.5808E+00
    3.130  -4.3135E+00
    3.140  -2.6247E+00
    3.150  -1.7750E+00
    3.160   2.7789E-01
    3.170   1.3422E+00
    3.180   1.6079E+00
    3.190   7.7331E-01
    3.200   1.5962E-01
    3.210  -3.0597E-01
    3.220  -6.1155E-01
    3.230  -5.3804E-02
    3.240   1.5709E+00
    3.250   4.2255E+00
    3.260   7.5979E+00
    3.270   1.0957E+01
    3.280   1.3483E+01
    3.290   1.3122E+01
    3.300   1.2657E+01
    3.310   1.0415E+01
    3.320   7.7849E+00
    3.330   5.0847E+00
    3.340   2.7099E+00
    3.350   1.7441E+00
    3.360   1.8871E+00
    3.370   2.6057E+00
    3.380   3.4901E+00
    3.390   4.0849E+00
    3.400   4.0226E+00
    3.410   2.9543E+00
    3.420   1.1034E+00
    3.430  -2.0033E+00
    3.440  -5.8200E+00
    3.450  -9.7888E+00
    3.460  -1.3505E+01
    3.470  -1.6181E+01
    3.480  -1.7958E+01
    3.490  -1.9025E+01
    3.500  -1.9685E+01
    3.510  -2.0354E+01
    3.520  -2.1332E+01
    3.530  -2.2983E+01
    3.540  -2.5333E+01
    3.550  -2.8117E+01
    3.560  -3.0884E+01
    3.570  -3.3205E+01
    3.580  -3.4848E+01
    3.590  -3.5745E+01
    3.600  -3.5987E+01
    3.610  -3.5601E+01
    3.620  -3.6166E+01
    3.630  -3.4887E+01
    3.640  -3.3284E+01
    3.650  -3.1484E+01
    3.660  -2.9204E+01
    3.670  -2.6792E+01
    3.680  -2.2015E+01
    3.690  -1.8589E+01
    3.700  -1.4520E+01
    3.710  -9.6950E+00
    3.720  -4.1986E+00
    3.730   1.3479E+00
    3.740   5.6641E+00
    3.750   1.0300E+01
    3.760   1.2632E+01
    3.770   1.3151E+01
    3.780   1.3441E+01
    3.790   1.3236E+01
    3.800   1.2612E+01
    3.810   1.1651E+01
    3.820   1.0958E+01
    3.830   9.4993E+00
    3.840   7.8416E+00
    3.850   6.0414E+00
    3.860   5.1687E+00
    3.870   2.9460E+00
    3.880   3.9653E-01
    3.890  -2.7653E+00
    3.900  -6.8172E+00
    3.910  -1.2356E+01
    3.920  -1.9064E+01
    3.930  -2.5875E+01
    3.940  -3.1626E+01
    3.950  -3.5439E+01
    3.960  -3.7088E+01
    3.970  -3.6413E+01
    3.980  -3.4252E+01
    3.990  -3.1376E+01
    4.000  -2.7895E+01
    4.010  -2.5647E+01
    4.020  -2.4083E+01
    4.030  -2.3195E+01
    4.040  -2.2894E+01
    4.050  -2.2101E+01
    4.060  -2.2824E+01
    4.070  -2.3837E+01
    4.080  -2.4714E+01
    4.090  -2.5043E+01
    4.100  -2.4716E+01
    4.110  -2.3867E+01
    4.120  -2.2719E+01
    4.130  -2.1464E+01
    4.140  -2.0539E+01
    4.150  -1.9652E+01
    4.160  -1.8718E+01
    4.170  -1.7005E+01
    4.180  -1.2906E+01
    4.190  -5.5148E+00
    4.200   4.5489E+00
    4.210   1.5470E+01
    4.220   2.5302E+01
    4.230   3.2959E+01
    4.240   3.8258E+01
    4.250   4.1725E+01
    4.260   4.3387E+01
    4.270   4.2987E+01
    4.280   4.0447E+01
    4.290   3.6138E+01
    4.300   3.0793E+01
    4.310   2.5240E+01
    4.320   1.9947E+01
    4.330   1.4775E+01
    4.340   1.0522E+01
    4.350   6.8943E+00
    4.360   4.3897E+00
    4.370   2.6416E+00
    4.380   2.2697E+00
    4.390   3.6767E+00
    4.400   5.2409E+00
    4.410   6.5267E+00
    4.420   6.9884E+00
    4.430   6.8078E+00
    4.440   6.5439E+00
    4.450   6.5614E+00
    4.460   6.8827E+00
    4.470   7.4635E+00
    4.480   8.3017E+00
    4.490   9.1228E+00
    4.500   9.1643E+00
    4.510   7.6138E+00
    4.520   4.3898E+00
    4.530   3.6320E-01
    4.540  -2.9101E+00
    4.550  -4.2165E+00
    4.560  -2.8383E+00
    4.570   1.1897E+00
    4.580   6.9360E+00
    4.590   1.2685E+01
    4.600   1.6633E+01
    4.610   1.7739E+01
    4.620   1.5915E+01
    4.630   1.2131E+01
    4.640   7.3124E+00
    4.650   2.6419E+00
    4.660  -6.2118E-01
    4.670  -1.4014E+00
    4.680   9.0818E-01
    4.690   6.0923E+00
    4.700   1.3416E+01
    4.710   2.1791E+01
    4.720   2.9962E+01
    4.730   3.6781E+01
    4.740   4.1217E+01
    4.750   4.2534E+01
    4.760   4.0886E+01
    4.770   3.7449E+01
    4.780   3.4062E+01
    4.790   3.2103E+01
    4.800   3.1913E+01
    4.810   3.3059E+01
    4.820   3.5235E+01
    4.830   3.6566E+01
    4.840   3.8674E+01
    4.850   3.9695E+01
    4.860   4.0316E+01
    4.870   4.0303E+01
    4.880   3.9347E+01
    4.890   3.7262E+01
    4.900   3.4466E+01
    4.910   3.1809E+01
    4.920   2.9629E+01
    4.930   2.7636E+01
    4.940   2.5494E+01
    4.950   2.2643E+01
    4.960   1.8333E+01
    4.970   1.1741E+01
    4.980   3.1054E+00
    4.990  -5.9210E+00
    5.000  -1.3595E+01
    5.010  -1.7066E+01
    5.020  -2.0155E+01
    5.030  -2.2054E+01
    5.040  -2.2760E+01
    5.050  -2.1944E+01
    5.060  -1.9477E+01
    5.070  -1.5661E+01
    5.080  -1.0641E+01
    5.090  -5.5589E+00
    5.100  -2.4150E+00
    5.110  -1.7575E-01
    5.120   1.6762E+00
    5.130   3.6522E+00
    5.140   5.8039E+00
    5.150   9.1017E+00
    5.160   1.6293E+01
    5.170   2.8719E+01
    5.180   4.5448E+01
    5.190   6.2829E+01
    5.200   7.4953E+01
    5.210   8.0792E+01
    5.220   8.0035E+01
    5.230   7.3167E+01
    5.240   6.1109E+01
    5.250   4.6406E+01
    5.260   3.2881E+01
    5.270   2.3522E+01
    5.280   1.7672E+01
    5.290   1.4282E+01
    5.300   1.2118E+01
    5.310   1.0902E+01
    5.320   1.2083E+01
    5.330   1.7396E+01
    5.340   2.5206E+01
    5.350   3.2036E+01
    5.360   3.6443E+01
    5.370   3.8881E+01
    5.380   3.9320E+01
    5.390   4.1061E+01
    5.400   4.1508E+01
    5.410   4.2728E+01
    5.420   4.5672E+01
    5.430   4.7058E+01
    5.440   4.2671E+01
    5.450   3.0380E+01
    5.460   1.2256E+01
    5.470  -8.4708E+00
    5.480  -2.7605E+01
    5.490  -4.3829E+01
    5.500  -5.9441E+01
    5.510  -7.5872E+01
    5.520  -9.0164E+01
    5.530  -9.5861E+01
    5.540  -9.2490E+01
    5.550  -8.1464E+01
    5.560  -6.5363E+01
    5.570  -4.6969E+01
    5.580  -3.0692E+01
    5.590  -1.8094E+01
    5.600  -9.5893E+00
    5.610  -4.2475E+00
    5.620  -4.9663E-01
    5.630   3.9345E+00
    5.640   8.0277E+00
    5.650   1.0843E+01
    5.660   1.2314E+01
    5.670   1.5345E+01
    5.680   2.1285E+01
    5.690   2.7857E+01
    5.700   3.1514E+01
    5.710   2.9199E+01
    5.720   2.2078E+01
    5.730   1.2978E+01
    5.740   2.7774E+00
    5.750  -6.6159E+00
    5.760  -1.3266E+01
    5.770  -1.5858E+01
    5.780  -1.4165E+01
    5.790  -1.0033E+01
    5.800  -7.2285E+00
    5.810  -6.8202E+00
    5.820  -8.6950E+00
    5.830  -1.4861E+01
    5.840  -2.5102E+01
    5.850  -3.5648E+01
    5.860  -4.2027E+01
    5.870  -4.2494E+01
    5.880  -3.7382E+01
    5.890  -2.7995E+01
    5.900  -1.7398E+01
    5.910  -8.2658E+00
    5.920  -1.8831E+00
    5.930  -9.2371E-01
    5.940  -7.0093E+00
    5.950  -1.9145E+01
    5.960  -3.6159E+01
    5.970  -5.6716E+01
    5.980  -7.8011E+01
    5.990  -9.7066E+01
    6.000  -1.1128E+02
    6.010  -1.1760E+02
    6.020  -1.1571E+02
    6.030  -1.0790E+02
    6.040  -9.8562E+01
    6.050  -9.2078E+01
    6.060  -8.9978E+01
    6.070  -9.2309E+01
    6.080  -9.5909E+01
    6.090  -9.9314E+01
    6.100  -1.0230E+02
    6.110  -1.0339E+02
    6.120  -1.0171E+02
    6.130  -9.6500E+01
    6.140  -8.4464E+01
    6.150  -6.4251E+01
    6.160  -4.0432E+01
    6.170  -1.9277E+01
    6.180  -3.7744E+00
    6.190   9.4802E+00
    6.200   2.1390E+01
    6.210   2.6518E+01
    6.220   2.7303E+01
    6.230   3.2787E+01
    6.240   4.3102E+01
    6.250   5.1197E+01
    6.260   5.2024E+01
    6.270   4.5245E+01
    6.280   3.8036E+01
    6.290   3.6030E+01
    6.300   3.5881E+01
    6.310   3.4993E+01
    6.320   3.3073E+01
    6.330   2.8450E+01
    6.340   2.1190E+01
    6.350   1.2332E+01
    6.360   7.7674E+00
    6.370   6.2331E+00
    6.380   4.1713E+00
    6.390   2.8285E+00
    6.400   2.5524E+00
    6.410  -2.2123E-01
    6.420  -9.9408E+00
    6.430  -3.1258E+01
    6.440  -6.6148E+01
    6.450  -1.0855E+02
    6.460  -1.4907E+02
    6.470  -1.7861E+02
    6.480  -1.8280E+02
    6.490  -1.6092E+02
    6.500  -1.2954E+02
    6.510  -9.4912E+01
    6.520  -5.7866E+01
    6.530  -2.3651E+01
    6.540   5.0794E+00
    6.550   2.2529E+01
    6.560   2.6846E+01
    6.570   2.0154E+01
    6.580   5.0133E+00
    6.590  -1.1348E+01
    6.600  -2.4430E+01
    6.610  -4.2139E+01
    6.620  -6.8641E+01
    6.630  -9.6437E+01
    6.640  -1.2160E+02
    6.650  -1.4720E+02
    6.660  -1.6950E+02
    6.670  -1.8764E+02
    6.680  -2.0265E+02
    6.690  -2.0834E+02
    6.700  -1.9162E+02
    6.710  -1.5418E+02
    6.720  -1.0355E+02
    6.730  -5.5427E+01
    6.740  -2.8508E+01
    6.750  -1.5851E+01
    6.760  -3.6836E+00
    6.770   1.8645E+01
    6.780   5.2204E+01
    6.790   8.4667E+01
    6.800   1.0240E+02
    6.810   9.1313E+01
    6.820   5.2469E+01
    6.830  -3.2292E+00
    6.840  -6.3735E+01
    6.850  -1.1045E+02
    6.860  -1.2816E+02
    6.870  -1.2292E+02
    6.880  -1.0993E+02
    6.890  -8.7523E+01
    6.900  -6.3765E+01
    6.910  -4.7476E+01
    6.920  -3.7875E+01
    6.930  -3.6007E+01
    6.940  -4.1198E+01
    6.950  -5.0168E+01
    6.960  -5.3730E+01
    6.970  -4.5570E+01
    6.980  -2.8956E+01
    6.990  -1.3536E+01
    7.000  -6.7387E+00
    7.010  -1.4577E+00
    7.020   2.9798E+00
    7.030  -3.9998E+00
    7.040  -2.0935E+01
    7.050  -3.8877E+01
    7.060  -4.6972E+01
    7.070  -3.9970E+01
    7.080  -2.0328E+01
    7.090   8.9315E+00
    7.100   3.8617E+01
    7.110   6.2007E+01
    7.120   7.3320E+01
    7.130   6.9591E+01
    7.140   5.4822E+01
    7.150   3.0915E+01
    7.160  -4.2991E+00
    7.170  -3.9836E+01
    7.180  -6.2858E+01
    7.190  -6.2112E+01
    7.200  -3.6866E+01
    7.210   7.9454E+00
    7.220   6.2538E+01
    7.230   1.2200E+02
    7.240   1.9022E+02
    7.250   2.5209E+02
    7.260   2.9355E+02
    7.270   3.1301E+02
    7.280   3.1150E+02
    7.290   3.0220E+02
    7.300   2.8478E+02
    7.310   2.5991E+02
    7.320   2.4200E+02
    7.330   2.3403E+02
    7.340   2.3452E+02
    7.350   2.3937E+02
    7.360   2.3564E+02
    7.370   2.1434E+02
    7.380   1.8574E+02
    7.390   1.6248E+02
    7.400   1.4832E+02
    7.410   1.3320E+02
    7.420   1.1188E+02
    7.430   8.1253E+01
    7.440   5.8960E+01
    7.450   5.8268E+01
    7.460   6.9613E+01
    7.470   8.3680E+01
    7.480   8.7297E+01
    7.490   6.5647E+01
    7.500   2.7694E+01
    7.510  -4.5946E+00
    7.520  -2.2405E+01
    7.530  -2.9184E+01
    7.540  -2.7389E+01
    7.550  -1.7155E+01
    7.560  -1.4679E+00
    7.570   1.1446E+01
    7.580   1.2724E+01
    7.590   7.6008E+00
    7.600  -1.3607E+00
    7.610  -3.4882E+00
    7.620   1.0163E+00
    7.630  -2.2297E+00
    7.640   5.2325E-02
    7.650   2.6310E+01
    7.660   7.1000E+01
    7.670   1.1407E+02
    7.680   1.4159E+02
    7.690   1.6995E+02
    7.700   2.0883E+02
    7.710   2.5618E+02
    7.720   3.0928E+02
    7.730   3.4774E+02
    7.740   3.6024E+02
    7.750   3.4798E+02
    7.760   3.1858E+02
    7.770   2.8057E+02
    7.780   2.3397E+02
    7.790   1.8506E+02
    7.800   1.4170E+02
    7.810   1.0588E+02
    7.820   7.5931E+01
    7.830   5.5310E+01
    7.840   4.7101E+01
    7.850   4.7628E+01
    7.860   5.6036E+01
    7.870   6.1639E+01
    7.880   4.3334E+01
    7.890   2.4183E+00
    7.900  -4.2725E+01
    7.910  -7.8436E+01
    7.920  -8.8381E+01
    7.930  -6.4869E+01
    7.940  -1.9147E+01
    7.950   3.3148E+01
    7.960   6.5979E+01
    7.970   4.6383E+01
    7.980  -2.2604E+01
    7.990  -1.0381E+02
    8.000  -1.6345E+02
    8.010  -1.8670E+02
    8.020  -1.8377E+02
    8.030  -1.6214E+02
    8.040  -1.1933E+02
    8.050  -6.4860E+01
    8.060  -1.1244E+01
    8.070   3.8075E+01
    8.080   7.5889E+01
    8.090   1.1022E+02
    8.100   1.4905E+02
    8.110   1.7754E+02
    8.120   1.7802E+02
    8.130   1.4857E+02
    8.140   1.0772E+02
    8.150   7.6937E+01
    8.160   5.6983E+01
    8.170   3.2400E+01
    8.180   8.6641E+00
    8.190   1.0582E+01
    8.200   4.6589E+01
    8.210   1.0443E+02
    8.220   1.5733E+02
    8.230   1.7954E+02
    8.240   1.6170E+02
    8.250   1.2034E+02
    8.260   7.4145E+01
    8.270   2.4842E+01
    8.280  -1.7682E+01
    8.290  -3.2632E+01
    8.300  -2.3984E+01
    8.310  -7.6655E+00
    8.320   1.1131E+01
    8.330   1.3934E+01
    8.340  -7.8489E+00
    8.350  -3.4467E+01
    8.360  -4.7871E+01
    8.370  -5.4769E+01
    8.380  -6.9889E+01
    8.390  -9.0760E+01
    8.400  -1.0360E+02
    8.410  -1.0778E+02
    8.420  -1.0510E+02
    8.430  -7.7654E+01
    8.440  -2.2943E+01
    8.450   4.3690E+01
    8.460   1.0905E+02
    8.470   1.5982E+02
    8.480   1.7942E+02
    8.490   1.5866E+02
    8.500   1.0278E+02
    8.510   2.3381E+01
    8.520  -6.3616E+01
    8.530  -1.4906E+02
    8.540  -2.2042E+02
    8.550  -2.7255E+02
    8.560  -3.0712E+02
    8.570  -3.2881E+02
    8.580  -3.4920E+02
    8.590  -3.7797E+02
    8.600  -4.1052E+02
    8.610  -4.3373E+02
    8.620  -4.5666E+02
    8.630  -4.8148E+02
    8.640  -5.0331E+02
    8.650  -5.1616E+02
    8.660  -5.1478E+02
    8.670  -5.0414E+02
    8.680  -4.5747E+02
    8.690  -3.7244E+02
    8.700  -2.7867E+02
    8.710  -2.0506E+02
    8.720  -1.6866E+02
    8.730  -1.7003E+02
    8.740  -1.9824E+02
    8.750  -2.2372E+02
    8.760  -2.1855E+02
    8.770  -1.7680E+02
    8.780  -1.2270E+02
    8.790  -9.7558E+01
    8.800  -1.1404E+02
    8.810  -1.4103E+02
    8.820  -1.5168E+02
    8.830  -1.4680E+02
    8.840  -1.3391E+02
    8.850  -1.1890E+02
    8.860  -1.1414E+02
    8.870  -1.0994E+02
    8.880  -1.0289E+02
    8.890  -9.9233E+01
    8.900  -8.8467E+01
    8.910  -7.0282E+01
    8.920  -5.2215E+01
    8.930  -4.5342E+01
    8.940  -5.0226E+01
    8.950  -6.3777E+01
    8.960  -8.2161E+01
    8.970  -8.7435E+01
    8.980  -8.6084E+01
    8.990  -1.0217E+02
    9.000  -1.3927E+02
    9.010  -1.8211E+02
    9.020  -2.0908E+02
    9.030  -1.9542E+02
    9.040  -1.5187E+02
    9.050  -1.1597E+02
    9.060  -8.6602E+01
    9.070  -4.6225E+01
    9.080  -7.1400E-01
    9.090   3.8450E+01
    9.100   6.4767E+01
    9.110   7.7592E+01
    9.120   9.4078E+01
    9.130   1.1888E+02
    9.140   1.3564E+02
    9.150   1.5048E+02
    9.160   1.7081E+02
    9.170   1.8521E+02
    9.180   1.8424E+02
    9.190   1.6138E+02
    9.200   1.1580E+02
    9.210   6.7700E+01
    9.220   3.8568E+01
    9.230   2.9909E+01
    9.240   3.0894E+01
    9.250   3.0940E+01
    9.260   2.9632E+01
    9.270   4.5971E+01
    9.280   7.5064E+01
    9.290   8.2457E+01
    9.300   5.7801E+01
    9.310   1.2490E+01
    9.320  -3.8222E+01
    9.330  -8.6662E+01
    9.340  -1.2359E+02
    9.350  -1.4144E+02
    9.360  -1.4117E+02
    9.370  -1.2801E+02
    9.380  -1.0306E+02
    9.390  -6.6997E+01
    9.400  -2.6704E+01
    9.410   1.6664E+00
    9.420   1.2893E+01
    9.430   1.3905E+01
    9.440   1.6921E+01
    9.450   2.3193E+01
    9.460   2.3123E+01
    9.470   2.5406E+01
    9.480   4.0866E+01
    9.490   6.6690E+01
    9.500   9.6489E+01
    9.510   1.2232E+02
    9.520   1.4573E+02
    9.530   1.7222E+02
    9.540   2.0711E+02
    9.550   2.2960E+02
    9.560   2.2259E+02
    9.570   1.9526E+02
    9.580   1.7743E+02
    9.590   1.7859E+02
    9.600   2.0699E+02
    9.610   2.6055E+02
    9.620   3.0315E+02
    9.630   3.1976E+02
    9.640   3.2811E+02
    9.650   3.4241E+02
    9.660   3.6038E+02
    9.670   3.5012E+02
    9.680   2.9727E+02
    9.690   2.1254E+02
    9.700   1.1330E+02
    9.710   1.9529E+01
    9.720  -4.5257E+01
    9.730  -8.1504E+01
    9.740  -9.9815E+01
    9.750  -9.4383E+01
    9.760  -6.7505E+01
    9.770  -3.5396E+01
    9.780   6.5066E+00
    9.790   6.1912E+01
    9.800   1.1841E+02
    9.810   1.6662E+02
    9.820   1.9791E+02
    9.830   2.1544E+02
    9.840   2.2478E+02
    9.850   2.2696E+02
    9.860   2.3485E+02
    9.870   2.4483E+02
    9.880   2.4356E+02
    9.890   2.2579E+02
    9.900   1.9290E+02
    9.910   1.5317E+02
    9.920   1.0520E+02
    9.930   4.6949E+01
    9.940  -7.8019E+00
    9.950  -4.0584E+01
    9.960  -4.7409E+01
    9.970  -3.1191E+01
    9.980  -5.4412E+00
    9.990   1.8420E+01
   10.000   3.6732E+01
   10.010   4.4226E+01
   10.020   3.4154E+01
   10.030   2.2520E+01
   10.040   3.3370E+01
   10.050   7.2805E+01
   10.060   1.2960E+02
   10.070   1.7277E+02
   10.080   1.7489E+02
   10.090   1.3647E+02
   10.100   8.6108E+01
   10.110   3.7156E+01
   10.120  -1.5187E+01
   10.130  -6.3654E+01
   10.140  -8.8557E+01
   10.150  -9.1965E+01
   10.160  -9.0442E+01
   10.170  -1.0186E+02
   10.180  -1.2373E+02
   10.190  -1.4289E+02
   10.200  -1.4259E+02
   10.210  -1.1552E+02
   10.220  -6.9844E+01
   10.230  -1.4180E+01
   10.240   3.4547E+01
   10.250   6.7164E+01
   10.260   8.2045E+01
   10.270   8.1261E+01
   10.280   7.2720E+01
   10.290   5.4262E+01
   10.300   2.0822E+01
   10.310  -1.3393E+01
   10.320  -3.3934E+01
   10.330  -3.6136E+01
   10.340  -2.1261E+01
   10.350   2.4418E+00
   10.360   1.4787E+01
   10.370   6.6616E+00
   10.380  -8.4503E+00
   10.390  -2.8665E+01
   10.400  -5.5450E+01
   10.410  -8.4966E+01
   10.420  -1.1331E+02
   10.430  -1.3047E+02
   10.440  -1.3414E+02
   10.450  -1.2955E+02
   10.460  -1.1620E+02
   10.470  -8.8967E+01
   10.480  -4.2530E+01
   10.490   1.5022E+01
   10.500   7.6715E+01
   10.510   1.3834E+02
   10.520   1.8340E+02
   10.530   1.9751E+02
   10.540   1.8304E+02
   10.550   1.5024E+02
   10.560   1.1933E+02
   10.570   1.0696E+02
   10.580   1.1050E+02
   10.590   1.2061E+02
   10.600   1.1736E+02
   10.610   8.9363E+01
   10.620   4.9738E+01
   10.630   2.1356E+00
   10.640  -5.4683E+01
   10.650  -1.0882E+02
   10.660  -1.4391E+02
   10.670  -1.5818E+02
   10.680  -1.5064E+02
   10.690  -1.2399E+02
   10.700  -9.8177E+01
   10.710  -8.4849E+01
   10.720  -7.4452E+01
   10.730  -6.7307E+01
   10.740  -6.6757E+01
   10.750  -7.3356E+01
   10.760  -9.5750E+01
   10.770  -1.3938E+02
   10.780  -1.9513E+02
   10.790  -2.5101E+02
   10.800  -2.8993E+02
   10.810  -2.8844E+02
   10.820  -2.5862E+02
   10.830  -2.1556E+02
   10.840  -1.6495E+02
   10.850  -1.1336E+02
   10.860  -6.0612E+01
   10.870  -1.4109E+01
   10.880   1.5659E+01
   10.890   2.0498E+01
   10.900  -1.8374E+00
   10.910  -4.2021E+01
   10.920  -8.7384E+01
   10.930  -1.1752E+02
   10.940  -1.2672E+02
   10.950  -1.2645E+02
   10.960  -1.2155E+02
   10.970  -1.1206E+02
   10.980  -9.3275E+01
   10.990  -6.9446E+01
   11.000  -5.2698E+01
   11.010  -4.9195E+01
   11.020  -6.1187E+01
   11.030  -8.1564E+01
   11.040  -1.0068E+02
   11.050  -1.2012E+02
   11.060  -1.3009E+02
   11.070  -1.2389E+02
   11.080  -1.0289E+02
   11.090  -7.9007E+01
   11.100  -6.9506E+01
   11.110  -7.5972E+01
   11.120  -8.5858E+01
   11.130  -8.6463E+01
   11.140  -7.9325E+01
   11.150  -6.9033E+01
   11.160  -5.3673E+01
   11.170  -2.2307E+01
   11.180   2.3533E+01
   11.190   7.3951E+01
   11.200   1.1053E+02
   11.210   1.2762E+02
   11.220   1.2774E+02
   11.230   1.1380E+02
   11.240   9.5741E+01
   11.250   7.5177E+01
   11.260   6.0816E+01
   11.270   5.7011E+01
   11.280   5.3379E+01
   11.290   4.2884E+01
   11.300   2.2689E+01
   11.310  -1.0596E+01
   11.320  -4.8779E+01
   11.330  -7.8773E+01
   11.340  -9.1494E+01
   11.350  -8.1406E+01
   11.360  -5.8460E+01
   11.370  -3.6859E+01
   11.380  -2.9273E+01
   11.390  -3.1140E+01
   11.400  -3.2918E+01
   11.410  -3.7006E+01
   11.420  -3.4407E+01
   11.430  -1.3828E+01
   11.440   1.6601E+01
   11.450   4.2328E+01
   11.460   4.6210E+01
   11.470   1.9083E+01
   11.480  -2.6657E+01
   11.490  -6.5120E+01
   11.500  -7.3704E+01
   11.510  -5.3150E+01
   11.520  -1.9438E+01
   11.530   6.4481E+00
   11.540   1.4590E+01
   11.550   1.0160E+01
   11.560  -6.3278E-01
   11.570  -1.5289E+01
   11.580  -3.5273E+01
   11.590  -6.7833E+01
   11.600  -1.0271E+02
   11.610  -1.2408E+02
   11.620  -1.3690E+02
   11.630  -1.3888E+02
   11.640  -1.2448E+02
   11.650  -9.4917E+01
   11.660  -5.4477E+01
   11.670  -5.1034E+00
   11.680   4.1063E+01
   11.690   7.3398E+01
   11.700   9.1634E+01
   11.710   9.4754E+01
   11.720   7.9218E+01
   11.730   5.4450E+01
   11.740   2.4681E+01
   11.750  -1.2087E+01
   11.760  -5.5138E+01
   11.770  -9.8235E+01
   11.780  -1.2811E+02
   11.790  -1.3831E+02
   11.800  -1.3888E+02
   11.810  -1.4316E+02
   11.820  -1.5611E+02
   11.830  -1.7529E+02
   11.840  -1.9141E+02
   11.850  -1.9324E+02
   11.860  -1.7720E+02
   11.870  -1.5037E+02
   11.880  -1.2053E+02
   11.890  -8.3148E+01
   11.900  -3.6855E+01
   11.910   1.2822E+01
   11.920   6.0173E+01
   11.930   9.2886E+01
   11.940   1.0315E+02
   11.950   9.8041E+01
   11.960   8.5688E+01
   11.970   7.0371E+01
   11.980   5.6917E+01
   11.990   4.9502E+01
   12.000   5.2424E+01
   12.010   6.8565E+01
   12.020   8.9338E+01
   12.030   1.1341E+02
   12.040   1.4023E+02
   12.050   1.6004E+02
   12.060   1.6932E+02
   12.070   1.7121E+02
   12.080   1.6604E+02
   12.090   1.5395E+02
   12.100   1.3417E+02
   12.110   1.0873E+02
   12.120   7.9574E+01
   12.130   4.7145E+01
   12.140   1.4466E+01
   12.150  -6.2127E+00
   12.160  -6.6445E+00
   12.170   9.0025E+00
   12.180   3.3815E+01
   12.190   6.4378E+01
   12.200   1.0027E+02
   12.210   1.3445E+02
   12.220   1.6154E+02
   12.230   1.7489E+02
   12.240   1.6824E+02
   12.250   1.5025E+02
   12.260   1.3850E+02
   12.270   1.4129E+02
   12.280   1.5989E+02
   12.290   1.8894E+02
   12.300   2.1798E+02
   12.310   2.4113E+02
   12.320   2.5290E+02
   12.330   2.4904E+02
   12.340   2.3205E+02
   12.350   2.0961E+02
   12.360   1.8714E+02
   12.370   1.5936E+02
   12.380   1.2235E+02
   12.390   7.9382E+01
   12.400   4.2159E+01
   12.410   2.1328E+01
   12.420   1.3104E+01
   12.430   7.7314E+00
   12.440  -1.1628E-01
   12.450  -8.4253E+00
   12.460  -1.3834E+01
   12.470  -9.9027E+00
   12.480  -1.5209E+00
   12.490   6.6645E-01
   12.500  -6.1354E+00
   12.510  -1.3087E+01
   12.520  -1.0646E+01
   12.530  -2.2242E-01
   12.540   1.1412E+01
   12.550   1.8624E+01
   12.560   3.0033E+01
   12.570   5.8112E+01
   12.580   9.2417E+01
   12.590   1.1068E+02
   12.600   1.0645E+02
   12.610   8.2947E+01
   12.620   4.7708E+01
   12.630   1.8176E+01
   12.640   1.0418E+01
   12.650   2.0579E+01
   12.660   3.4047E+01
   12.670   4.5946E+01
   12.680   5.2234E+01
   12.690   5.1084E+01
   12.700   4.8283E+01
   12.710   4.8432E+01
   12.720   5.3287E+01
   12.730   6.2296E+01
   12.740   7.0833E+01
   12.750   8.0212E+01
   12.760   8.9285E+01
   12.770   9.1692E+01
   12.780   8.5023E+01
   12.790   7.2114E+01
   12.800   5.1468E+01
   12.810   2.3386E+01
   12.820  -7.5434E+00
   12.830  -3.6853E+01
   12.840  -5.8301E+01
   12.850  -6.7903E+01
   12.860  -6.4135E+01
   12.870  -4.6791E+01
   12.880  -2.2543E+01
   12.890  -4.2801E+00
   12.900   4.9639E+00
   12.910   5.9226E+00
   12.920  -3.4342E+00
   12.930  -1.9423E+01
   12.940  -3.0864E+01
   12.950  -3.4649E+01
   12.960  -3.9395E+01
   12.970  -4.3427E+01
   12.980  -3.8065E+01
   12.990  -2.8680E+01
   13.000  -2.1809E+01
   13.010  -1.0504E+01
   13.020   8.8874E+00
   13.030   3.0198E+01
   13.040   5.0075E+01
   13.050   6.8306E+01
   13.060   7.9794E+01
   13.070   8.1859E+01
   13.080   7.8690E+01
   13.090   6.9165E+01
   13.100   5.3702E+01
   13.110   4.1814E+01
   13.120   3.8441E+01
   13.130   4.0393E+01
   13.140   4.0329E+01
   13.150   3.2641E+01
   13.160   1.4839E+01
   13.170  -1.1723E+01
   13.180  -4.4380E+01
   13.190  -7.4983E+01
   13.200  -9.5897E+01
   13.210  -1.0439E+02
   13.220  -1.0206E+02
   13.230  -9.2833E+01
   13.240  -8.2941E+01
   13.250  -7.6923E+01
   13.260  -7.5387E+01
   13.270  -7.9977E+01
   13.280  -8.8313E+01
   13.290  -9.8039E+01
   13.300  -1.0639E+02
   13.310  -1.1183E+02
   13.320  -1.1679E+02
   13.330  -1.2174E+02
   13.340  -1.2260E+02
   13.350  -1.1814E+02
   13.360  -1.0903E+02
   13.370  -9.7066E+01
   13.380  -8.5747E+01
   13.390  -8.0024E+01
   13.400  -8.0518E+01
   13.410  -8.7296E+01
   13.420  -1.0084E+02
   13.430  -1.1859E+02
   13.440  -1.3347E+02
   13.450  -1.3710E+02
   13.460  -1.2958E+02
   13.470  -1.1838E+02
   13.480  -1.1025E+02
   13.490  -1.0686E+02
   13.500  -1.0571E+02
   13.510  -1.0343E+02
   13.520  -9.8994E+01
   13.530  -9.5527E+01
   13.540  -9.5068E+01
   13.550  -9.7957E+01
   13.560  -1.0416E+02
   13.570  -1.0940E+02
   13.580  -1.0708E+02
   13.590  -9.9610E+01
   13.600  -9.0229E+01
   13.610  -7.8144E+01
   13.620  -6.4098E+01
   13.630  -5.1324E+01
   13.640  -3.6734E+01
   13.650  -2.0805E+01
   13.660  -9.9855E+00
   13.670  -4.8842E+00
   13.680  -1.1386E+00
   13.690   5.8432E+00
   13.700   1.6058E+01
   13.710   2.6472E+01
   13.720   3.2921E+01
   13.730   3.3565E+01
   13.740   2.8727E+01
   13.750   2.1399E+01
   13.760   1.4563E+01
   13.770   6.7731E+00
   13.780  -4.9624E+00
   13.790  -1.5991E+01
   13.800  -1.7735E+01
   13.810  -8.5131E+00
   13.820   5.6829E+00
   13.830   1.6761E+01
   13.840   2.0497E+01
   13.850   1.5789E+01
   13.860   6.4180E+00
   13.870  -1.3434E+00
   13.880  -2.9484E+00
   13.890   2.2771E-01
   13.900   7.3004E-01
   13.910  -6.0451E+00
   13.920  -1.8743E+01
   13.930  -3.4372E+01
   13.940  -4.7723E+01
   13.950  -5.3351E+01
   13.960  -5.1643E+01
   13.970  -4.7519E+01
   13.980  -4.4408E+01
   13.990  -4.0628E+01
   14.000  -3.3880E+01
   14.010  -2.4538E+01
   14.020  -1.3538E+01
   14.030   1.8964E-01
   14.040   1.5376E+01
   14.050   2.9168E+01
   14.060   4.1614E+01
   14.070   5.0533E+01
   14.080   5.3818E+01
   14.090   5.4247E+01
   14.100   5.5423E+01
   14.110   5.6249E+01
   14.120   5.3864E+01
   14.130   4.6925E+01
   14.140   3.4988E+01
   14.150   1.9773E+01
   14.160   7.8477E+00
   14.170   2.5669E+00
   14.180   3.7247E+00
   14.190   6.9010E+00
   14.200   8.4309E+00
   14.210   9.6105E+00
   14.220   9.2575E+00
   14.230   6.5124E+00
   14.240   2.9162E+00
   14.250   3.1347E-01
   14.260  -9.0607E-01
   14.270  -1.6113E+00
   14.280  -2.8656E+00
   14.290  -4.5496E+00
   14.300  -5.9204E+00
   14.310  -7.8384E+00
   14.320  -1.0628E+01
   14.330  -1.3812E+01
   14.340  -1.7092E+01
   14.350  -1.9330E+01
   14.360  -1.9974E+01
   14.370  -1.8332E+01
   14.380  -1.7960E+01
   14.390  -1.8512E+01
   14.400  -1.5822E+01
   14.410  -8.3939E+00
   14.420   1.8544E+00
   14.430   1.1726E+01
   14.440   2.0703E+01
   14.450   2.8518E+01
   14.460   3.6730E+01
   14.470   4.6200E+01
   14.480   5.6783E+01
   14.490   6.5599E+01
   14.500   6.8235E+01
   14.510   6.4122E+01
   14.520   5.4926E+01
   14.530   4.2950E+01
   14.540   3.2266E+01
   14.550   2.6694E+01
   14.560   2.6385E+01
   14.570   3.0209E+01
   14.580   3.5101E+01
   14.590   3.6672E+01
   14.600   3.2222E+01
   14.610   2.2484E+01
   14.620   1.1518E+01
   14.630   2.1635E+00
   14.640  -3.1381E+00
   14.650  -2.9295E+00
   14.660   1.4210E+00
   14.670   8.6229E+00
   14.680   1.6672E+01
   14.690   2.4540E+01
   14.700   3.0335E+01
   14.710   3.1449E+01
   14.720   2.9066E+01
   14.730   2.7160E+01
   14.740   2.9047E+01
   14.750   3.4391E+01
   14.760   3.9632E+01
   14.770   4.2729E+01
   14.780   4.3142E+01
   14.790   4.1242E+01
   14.800   3.8464E+01
   14.810   3.6118E+01
   14.820   3.4339E+01
   14.830   3.2924E+01
   14.840   3.2257E+01
   14.850   3.2337E+01
   14.860   3.3680E+01
   14.870   3.5356E+01
   14.880   3.4278E+01
   14.890   2.7835E+01
   14.900   1.7732E+01
   14.910   8.3590E+00
   14.920   2.9176E+00
   14.930   1.2319E+00
   14.940   1.4904E+00
   14.950   9.3495E-01
   14.960  -3.4006E+00
   14.970  -1.0693E+01
   14.980  -1.7616E+01
   14.990  -2.2265E+01
   15.000  -2.3181E+01
   15.010  -1.9656E+01
   15.020  -1.3620E+01
   15.030  -7.5529E+00
   15.040  -3.0919E+00
   15.050  -9.4217E-01
   15.060  -7.5226E-01
   15.070  -2.2397E+00
   15.080  -4.2348E+00
   15.090  -4.4497E+00
   15.100  -2.9911E+00
   15.110  -1.3576E+00
   15.120  -8.0955E-01
   15.130  -1.4908E+00
   15.140  -3.3335E+00
   15.150  -5.7157E+00
   15.160  -7.9930E+00
   15.170  -8.0712E+00
   15.180  -3.5596E+00
   15.190   4.8444E+00
   15.200   1.2805E+01
   15.210   1.7397E+01
   15.220   1.9865E+01
   15.230   2.2243E+01
   15.240   2.4463E+01
   15.250   2.5565E+01
   15.260   2.4499E+01
   15.270   2.0686E+01
   15.280   1.4943E+01
   15.290   9.0758E+00
   15.300   3.6362E+00
   15.310  -1.5134E+00
   15.320  -6.3998E+00
   15.330  -1.0259E+01
   15.340  -1.2402E+01
   15.350  -1.3272E+01
   15.360  -1.3240E+01
   15.370  -1.2935E+01
   15.380  -1.2474E+01
   15.390  -1.0458E+01
   15.400  -6.4173E+00
   15.410  -1.6586E+00
   15.420   2.2053E+00
   15.430   4.5238E+00
   15.440   5.4690E+00
   15.450   4.9854E+00
   15.460   3.0868E+00
   15.470   1.6605E-01
   15.480  -2.4315E+00
   15.490  -3.5085E+00
   15.500  -2.5936E+00
   15.510  -2.3219E-01
   15.520   3.1086E+00
   15.530   7.3803E+00
   15.540   1.1148E+01
   15.550   1.2987E+01
   15.560   1.3038E+01
   15.570   1.2426E+01
   15.580   1.2725E+01
   15.590   1.4656E+01
   15.600   1.7351E+01
   15.610   2.0062E+01
   15.620   2.2098E+01
   15.630   2.2077E+01
   15.640   1.9717E+01
   15.650   1.5340E+01
   15.660   1.0633E+01
   15.670   6.5917E+00
   15.680   2.7628E+00
   15.690  -5.7750E-01
   15.700  -3.5733E+00
   15.710  -7.1372E+00
   15.720  -1.1863E+01
   15.730  -1.6877E+01
   15.740  -2.1671E+01
   15.750  -2.6207E+01
   15.760  -2.9652E+01
   15.770  -3.0878E+01
   15.780  -2.9290E+01
   15.790  -2.5330E+01
   15.800  -2.0194E+01
   15.810  -1.5276E+01
   15.820  -1.1475E+01
   15.830  -9.2067E+00
   15.840  -8.1769E+00
   15.850  -7.9569E+00
   15.860  -7.8364E+00
   15.870  -7.3347E+00
   15.880  -6.6794E+00
   15.890  -6.1684E+00
   15.900  -6.1969E+00
   15.910  -7.1532E+00
   15.920  -8.7946E+00
   15.930  -1.0727E+01
   15.940  -1.2740E+01
   15.950  -1.4504E+01
   15.960  -1.5460E+01
   15.970  -1.5917E+01
   15.980  -1.5910E+01
   15.990  -1.5366E+01
   16.000  -1.5468E+01
   16.010  -1.6701E+01
   16.020  -1.8239E+01
   16.030  -1.9389E+01
   16.040  -1.9987E+01
   16.050  -1.9868E+01
   16.060  -1.9546E+01
   16.070  -1.9550E+01
   16.080  -1.9508E+01
   16.090  -1.8788E+01
   16.100  -1.7322E+01
   16.110  -1.5447E+01
   16.120  -1.3424E+01
   16.130  -1.1161E+01
   16.140  -8.1999E+00
   16.150  -4.2484E+00
   16.160   2.8624E-01
   16.170   4.4704E+00
   16.180   7.3632E+00
   16.190   8.6345E+00
   16.200   8.7837E+00
   16.210   8.5547E+00
   16.220   8.4303E+00
   16.230   8.4526E+00
   16.240   8.2968E+00
   16.250   7.3773E+00
   16.260   5.2684E+00
   16.270   2.0853E+00
   16.280  -1.4934E+00
   16.290  -4.6212E+00
   16.300  -6.8135E+00
   16.310  -7.9752E+00
   16.320  -8.2207E+00
   16.330  -7.8237E+00
   16.340  -7.2733E+00
   16.350  -7.0021E+00
   16.360  -6.9682E+00
   16.370  -6.7237E+00
   16.380  -5.8807E+00
   16.390  -4.4813E+00
   16.400  -2.9329E+00
   16.410  -1.7307E+00
   16.420  -1.4185E+00
   16.430  -2.4739E+00
   16.440  -4.9209E+00
   16.450  -8.0563E+00
   16.460  -1.0844E+01
   16.470  -1.2642E+01
   16.480  -1.3463E+01
   16.490  -1.3673E+01
   16.500  -1.3447E+01
   16.510  -1.2640E+01
   16.520  -1.1155E+01
   16.530  -9.0334E+00
   16.540  -6.5679E+00
   16.550  -4.1076E+00
   16.560  -1.8188E+00
   16.570   2.0422E-01
   16.580   1.9031E+00
   16.590   3.2323E+00
   16.600   4.1361E+00
   16.610   4.7513E+00
   16.620   5.3457E+00
   16.630   6.0101E+00
   16.640   6.4509E+00
   16.650   6.0794E+00
   16.660   4.5144E+00
   16.670   1.9097E+00
   16.680  -1.1973E+00
   16.690  -4.1085E+00
   16.700  -6.2994E+00
   16.710  -7.6690E+00
   16.720  -8.3660E+00
   16.730  -8.6659E+00
   16.740  -8.9097E+00
   16.750  -9.2444E+00
   16.760  -9.5766E+00
   16.770  -9.9026E+00
   16.780  -1.0372E+01
   16.790  -1.1006E+01
   16.800  -1.1576E+01
   16.810  -1.1815E+01
   16.820  -1.1624E+01
   16.830  -1.1042E+01
   16.840  -1.0105E+01
   16.850  -8.8455E+00
   16.860  -7.3316E+00
   16.870  -5.7068E+00
   16.880  -4.2144E+00
   16.890  -3.0599E+00
   16.900  -2.3017E+00
   16.910  -1.8486E+00
   16.920  -1.5001E+00
   16.930  -1.0253E+00
   16.940  -1.3984E-01
   16.950   1.3706E+00
   16.960   3.5590E+00
   16.970   6.3249E+00
   16.980   9.4217E+00
   16.990   1.2508E+01
   17.000   1.5261E+01
   17.010   1.7424E+01
   17.020   1.8780E+01
   17.030   1.9209E+01
   17.040   1.8721E+01
   17.050   1.7493E+01
   17.060   1.5901E+01
   17.070   1.4353E+01
   17.080   1.3099E+01
   17.090   1.2199E+01
   17.100   1.1586E+01
   17.110   1.1128E+01
   17.120   1.0685E+01
   17.130   1.0186E+01
   17.140   9.6330E+00
   17.150   8.9818E+00
   17.160   8.1941E+00
   17.170   7.3500E+00
   17.180   6.6430E+00
   17.190   6.2669E+00
   17.200   6.2834E+00
   17.210   6.6280E+00
   17.220   7.1709E+00
   17.230   7.7715E+00
   17.240   8.3428E+00
   17.250   8.8462E+00
   17.260   9.2583E+00
   17.270   9.5236E+00
   17.280   9.5645E+00
   17.290   9.3350E+00
   17.300   8.9258E+00
   17.310   8.5695E+00
   17.320   8.4671E+00
   17.330   8.6182E+00
   17.340   8.8163E+00
   17.350   8.8041E+00
   17.360   8.3904E+00
   17.370   7.5423E+00
   17.380   6.3213E+00
   17.390   4.7931E+00
   17.400   2.9952E+00
   17.410   9.6858E-01
   17.420  -1.1537E+00
   17.430  -3.1106E+00
   17.440  -4.5852E+00
   17.450  -5.3472E+00
   17.460  -5.3773E+00
   17.470  -4.8931E+00
   17.480  -4.2407E+00
   17.490  -3.7031E+00
   17.500  -3.3412E+00
   17.510  -2.9768E+00
   17.520  -2.3353E+00
   17.530  -1.2503E+00
   17.540   2.1101E-01
   17.550   1.7824E+00
   17.560   3.1602E+00
   17.570   4.1612E+00
   17.580   4.7832E+00
   17.590   5.1706E+00
   17.600   5.5213E+00
   17.610   5.9657E+00
   17.620   6.4584E+00
   17.630   6.7672E+00
   17.640   6.6218E+00
   17.650   5.9383E+00
   17.660   4.9347E+00
   17.670   4.0277E+00
   17.680   3.5906E+00
   17.690   3.7523E+00
   17.700   4.3561E+00
   17.710   5.0776E+00
   17.720   5.6186E+00
   17.730   5.8496E+00
   17.740   5.7995E+00
   17.750   5.5225E+00
   17.760   4.9992E+00
   17.770   4.1774E+00
   17.780   3.0898E+00
   17.790   1.8969E+00
   17.800   8.0942E-01
   17.810  -1.4043E-02
   17.820  -5.1101E-01
   17.830  -7.1977E-01
   17.840  -7.7276E-01
   17.850  -8.5065E-01
   17.860  -1.0906E+00
   17.870  -1.5152E+00
   17.880  -2.0424E+00
   17.890  -2.5375E+00
   17.900  -2.8432E+00
   17.910  -2.8001E+00
   17.920  -2.3152E+00
   17.930  -1.4515E+00
   17.940  -4.2617E-01
   17.950   5.2257E-01
   17.960   1.2916E+00
   17.970   1.9464E+00
   17.980   2.6170E+00
   17.990   3.3702E+00
   18.000   4.1600E+00
   18.010   4.8577E+00
   18.020   5.3150E+00
   18.030   5.4321E+00
   18.040   5.2125E+00
   18.050   4.7647E+00
   18.060   4.2248E+00
   18.070   3.6552E+00
   18.080   3.0197E+00
   18.090   2.2525E+00
   18.100   1.3281E+00
   18.110   2.5886E-01
   18.120  -9.2909E-01
   18.130  -2.1629E+00
   18.140  -3.2677E+00
   18.150  -4.0076E+00
   18.160  -4.2356E+00
   18.170  -4.0083E+00
   18.180  -3.5493E+00
   18.190  -3.1183E+00
   18.200  -2.9249E+00
   18.210  -3.1209E+00
   18.220  -3.7985E+00
   18.230  -4.9529E+00
   18.240  -6.4574E+00
   18.250  -8.0940E+00
   18.260  -9.6084E+00
   18.270  -1.0751E+01
   18.280  -1.1313E+01
   18.290  -1.1191E+01
   18.300  -1.0433E+01
   18.310  -9.2343E+00
   18.320  -7.8668E+00
   18.330  -6.5759E+00
   18.340  -5.5035E+00
   18.350  -4.6753E+00
   18.360  -4.0558E+00
   18.370  -3.6229E+00
   18.380  -3.3802E+00
   18.390  -3.2965E+00
   18.400  -3.2666E+00
   18.410  -3.1760E+00
   18.420  -3.0187E+00
   18.430  -2.9203E+00
   18.440  -3.0208E+00
   18.450  -3.3408E+00
   18.460  -3.7772E+00
   18.470  -4.2155E+00
   18.480  -4.6240E+00
   18.490  -5.0395E+00
   18.500  -5.4913E+00
   18.510  -5.9533E+00
   18.520  -6.3547E+00
   18.530  -6.6132E+00
   18.540  -6.6648E+00
   18.550  -6.4898E+00
   18.560  -6.1357E+00
   18.570  -5.7138E+00
   18.580  -5.3554E+00
   18.590  -5.1455E+00
   18.600  -5.0734E+00
   18.610  -5.0304E+00
   18.620  -4.8539E+00
   18.630  -4.3933E+00
   18.640  -3.5608E+00
   18.650  -2.3495E+00
   18.660  -8.3357E-01
   18.670   8.2824E-01
   18.680   2.3954E+00
   18.690   3.5994E+00
   18.700   4.2509E+00
   18.710   4.3315E+00
   18.720   3.9928E+00
   18.730   3.4684E+00
   18.740   2.9758E+00
   18.750   2.6547E+00
   18.760   2.5301E+00
   18.770   2.5009E+00
   18.780   2.3957E+00
   18.790   2.0916E+00
   18.800   1.6025E+00
   18.810   1.0525E+00
   18.820   5.7911E-01
   18.830   2.6706E-01
   18.840   1.3140E-01
   18.850   1.0311E-01
   18.860   3.0773E-02
   18.870  -2.2934E-01
   18.880  -6.7107E-01
   18.890  -1.1091E+00
   18.900  -1.3416E+00
   18.910  -1.3465E+00
   18.920  -1.3006E+00
   18.930  -1.4221E+00
   18.940  -1.8289E+00
   18.950  -2.5240E+00
   18.960  -3.4331E+00
   18.970  -4.4069E+00
   18.980  -5.2254E+00
   18.990  -5.6794E+00
   19.000  -5.6853E+00
   19.010  -5.3132E+00
   19.020  -4.6993E+00
   19.030  -3.9475E+00
   19.040  -3.1264E+00
   19.050  -2.3381E+00
   19.060  -1.7460E+00
   19.070  -1.4915E+00
   19.080  -1.5702E+00
   19.090  -1.8006E+00
   19.100  -1.9317E+00
   19.110  -1.7816E+00
   19.120  -1.2783E+00
   19.130  -4.1175E-01
   19.140   7.8356E-01
   19.150   2.1739E+00
   19.160   3.5003E+00
   19.170   4.4718E+00
   19.180   4.9112E+00
   19.190   4.8198E+00
   19.200   4.3319E+00
   19.210   3.6396E+00
   19.220   2.9328E+00
   19.230   2.3325E+00
   19.240   1.8336E+00
   19.250   1.3371E+00
   19.260   7.7560E-01
   19.270   2.0581E-01
   19.280  -2.4348E-01
   19.290  -4.9538E-01
   19.300  -5.6516E-01
   19.310  -4.8900E-01
   19.320  -2.6808E-01
   19.330   9.3641E-02
   19.340   5.3870E-01
   19.350   9.9615E-01
   19.360   1.4651E+00
   19.370   2.0113E+00
   19.380   2.6582E+00
   19.390   3.3038E+00
   19.400   3.7625E+00
   19.410   3.8758E+00
   19.420   3.5684E+00
   19.430   2.8337E+00
   19.440   1.7260E+00
   19.450   3.9328E-01
   19.460  -9.1698E-01
   19.470  -1.9361E+00
   19.480  -2.4886E+00
   19.490  -2.5397E+00
   19.500  -2.1553E+00
   19.510  -1.4458E+00
   19.520  -5.5969E-01
   19.530   3.0125E-01
   19.540   9.1428E-01
   19.550   1.1251E+00
   19.560   9.2089E-01
   19.570   4.1738E-01
   19.580  -2.2326E-01
   19.590  -8.5936E-01
   19.600  -1.3761E+00
   19.610  -1.6696E+00
   19.620  -1.6681E+00
   19.630  -1.3840E+00
   19.640  -9.3034E-01
   19.650  -4.7288E-01
   19.660  -1.5281E-01
   19.670  -2.6908E-02
   19.680  -3.8503E-02
   19.690  -2.7643E-02
   19.700   1.9569E-01
   19.710   7.3522E-01
   19.720   1.5414E+00
   19.730   2.4685E+00
   19.740   3.4000E+00
   19.750   4.3097E+00
   19.760   5.2085E+00
   19.770   6.0670E+00
   19.780   6.8028E+00
   19.790   7.3178E+00
   19.800   7.5207E+00
   19.810   7.3365E+00
   19.820   6.7465E+00
   19.830   5.8415E+00
   19.840   4.8142E+00
   19.850   3.8694E+00
   19.860   3.1249E+00
   19.870   2.5828E+00
   19.880   2.1689E+00
   19.890   1.7813E+00
   19.900   1.3170E+00
   19.910   6.8560E-01
   19.920  -1.7047E-01
   19.930  -1.2537E+00
   19.940  -2.4942E+00
   19.950  -3.7499E+00
   19.960  -4.8352E+00
   19.970  -5.5756E+00
   19.980  -5.8694E+00
   19.990  -5.7284E+00
   20.000  -5.2859E+00
   20.010  -4.7592E+00
   20.020  -4.3591E+00
   20.030  -4.1763E+00
   20.040  -4.1323E+00
   20.050  -4.0568E+00
   20.060  -3.8371E+00
   20.070  -3.4990E+00
   20.080  -3.1439E+00
   20.090  -2.8211E+00
   20.100  -2.4748E+00
   20.110  -2.0098E+00
   20.120  -1.3933E+00
   20.130  -6.9529E-01
   20.140  -4.4363E-02
   20.150   4.5625E-01
   20.160   7.9406E-01
   20.170   1.0548E+00
   20.180   1.3705E+00
   20.190   1.8525E+00
   20.200   2.5650E+00
   20.210   3.5330E+00
   20.220   4.7360E+00
   20.230   6.0727E+00
   20.240   7.3593E+00
   20.250   8.4035E+00
   20.260   9.0942E+00
   20.270   9.4111E+00
   20.280   9.3660E+00
   20.290   8.9769E+00
   20.300   8.3074E+00
   20.310   7.4899E+00
   20.320   6.6674E+00
   20.330   5.9164E+00
   20.340   5.2437E+00
   20.350   4.6393E+00
   20.360   4.0919E+00
   20.370   3.5564E+00
   20.380   2.9495E+00
   20.390   2.1990E+00
   20.400   1.2779E+00
   20.410   1.8205E-01
   20.420  -1.0805E+00
   20.430  -2.4351E+00
   20.440  -3.6940E+00
   20.450  -4.6236E+00
   20.460  -5.0902E+00
   20.470  -5.1363E+00
   20.480  -4.9206E+00
   20.490  -4.6056E+00
   20.500  -4.2957E+00
   20.510  -4.0294E+00
   20.520  -3.7831E+00
   20.530  -3.4931E+00
   20.540  -3.1170E+00
   20.550  -2.9457E+00
   20.560  -2.5896E+00
   20.570  -2.3326E+00
   20.580  -2.1311E+00
   20.590  -1.8826E+00
   20.600  -1.5255E+00
   20.610  -1.1041E+00
   20.620  -7.4508E-01
   20.630  -5.6457E-01
   20.640  -5.8143E-01
   20.650  -7.0198E-01
   20.660  -7.7989E-01
   20.670  -6.8405E-01
   20.680  -3.1837E-01
   20.690   3.8540E-01
   20.700   1.4421E+00
   20.710   2.7620E+00
   20.720   4.1493E+00
   20.730   5.3813E+00
   20.740   6.3020E+00
   20.750   6.8490E+00
   20.760   7.0226E+00
   20.770   6.8617E+00
   20.780   6.4443E+00
   20.790   5.8774E+00
   20.800   5.2649E+00
   20.810   4.6914E+00
   20.820   4.2317E+00
   20.830   3.9424E+00
   20.840   3.8115E+00
   20.850   3.7279E+00
   20.860   3.5374E+00
   20.870   3.1503E+00
   20.880   2.5889E+00
   20.890   1.9354E+00
   20.900   1.2614E+00
   20.910   6.2704E-01
   20.920   1.1448E-01
   20.930  -1.9960E-01
   20.940  -5.7619E-02
   20.950  -3.3334E-02
   20.960  -1.6410E-01
   20.970  -5.3029E-01
   20.980  -1.0732E+00
   20.990  -1.6875E+00
   21.000  -2.3270E+00
   21.010  -3.0070E+00
   21.020  -3.7221E+00
   21.030  -4.3883E+00
   21.040  -4.8666E+00
   21.050  -5.0345E+00
   21.060  -4.8340E+00
   21.070  -4.2774E+00
   21.080  -3.4349E+00
   21.090  -2.4332E+00
   21.100  -1.4568E+00
   21.110  -7.1354E-01
   21.120  -3.4551E-01
   21.130  -3.3195E-01
   21.140  -4.8086E-01
   21.150  -5.4062E-01
   21.160  -3.3810E-01
   21.170   1.8088E-01
   21.180   1.0075E+00
   21.190   2.1097E+00
   21.200   3.4014E+00
   21.210   4.7214E+00
   21.220   5.8930E+00
   21.230   6.8009E+00
   21.240   7.3854E+00
   21.250   7.5882E+00
   21.260   7.3726E+00
   21.270   6.8154E+00
   21.280   6.1251E+00
   21.290   5.5134E+00
   21.300   5.0469E+00
   21.310   4.6395E+00
   21.320   4.1730E+00
   21.330   3.5975E+00
   21.340   2.9329E+00
   21.350   2.2201E+00
   21.360   1.4807E+00
   21.370   6.9672E-01
   21.380  -1.8313E-01
   21.390  -1.1865E+00
   21.400  -2.2384E+00
   21.410  -3.1475E+00
   21.420  -3.7042E+00
   21.430  -3.8158E+00
   21.440  -3.5755E+00
   21.450  -3.2270E+00
   21.460  -3.0702E+00
   21.470  -3.3570E+00
   21.480  -3.9814E+00
   21.490  -4.2885E+00
   21.500  -6.1231E+00
   21.510  -8.0367E+00
   21.520  -9.6684E+00
   21.530  -1.0716E+01
   21.540  -1.1033E+01
   21.550  -9.4609E+00
   21.560  -8.9965E+00
   21.570  -8.3009E+00
   21.580  -7.5933E+00
   21.590  -6.3423E+00
   21.600  -6.1569E+00
   21.610  -6.1773E+00
   21.620  -6.2490E+00
   21.630  -6.1604E+00
   21.640  -5.7405E+00
   21.650  -4.9202E+00
   21.660  -3.7279E+00
   21.670  -2.2627E+00
   21.680  -7.2846E-01
   21.690   8.0040E-01
   21.700   2.0539E+00
   21.710   1.4775E+00
   21.720   1.5956E+00
   21.730   1.2977E+00
   21.740   7.4550E-01
   21.750   1.9211E-01
   21.760  -1.0696E+00
   21.770  -1.2838E+00
   21.780  -1.1682E+00
   21.790  -1.3572E+00
   21.800  -1.7446E+00
   21.810  -2.1728E+00
   21.820  -2.4721E+00
   21.830  -2.5894E+00
   21.840  -2.5588E+00
   21.850  -3.2978E+00
   21.860  -3.2609E+00
   21.870  -3.6888E+00
   21.880  -3.9147E+00
   21.890  -4.1636E+00
   21.900  -4.2459E+00
   21.910  -3.9732E+00
   21.920  -3.3193E+00
   21.930  -2.4654E+00
   21.940  -1.9664E+00
   21.950  -1.7231E+00
   21.960  -1.9525E+00
   21.970  -2.6383E+00
   21.980  -3.6438E+00
   21.990  -4.7526E+00
   22.000  -5.7190E+00
   22.010  -6.5085E+00
   22.020  -6.7121E+00
   22.030  -6.4807E+00
   22.040  -5.8073E+00
   22.050  -4.8433E+00
   22.060  -3.7469E+00
   22.070  -2.6793E+00
   22.080  -6.5205E-01
   22.090  -7.9573E-02
   22.100   2.1143E-01
   22.110   4.4140E-01
   22.120   4.0859E-01
   22.130   8.2941E-01
   22.140   1.3632E+00
   22.150   2.0001E+00
   22.160   2.6747E+00
   22.170   3.0637E+00
   22.180   5.2161E+00
   22.190   5.5362E+00
   22.200   6.5389E+00
   22.210   6.1154E+00
   22.220   5.5241E+00
   22.230   4.8445E+00
   22.240   4.1081E+00
   22.250   3.3536E+00
   22.260   3.2314E+00
   22.270   3.7039E+00
   22.280   3.4912E+00
   22.290   3.4371E+00
   22.300   3.3393E+00
   22.310   3.0442E+00
   22.320   2.5328E+00
   22.330   1.9044E+00
   22.340   1.3014E+00
   22.350   8.3025E-01
   22.360   5.1196E-01
   22.370   3.7075E-01
   22.380   2.7256E-01
   22.390   2.0493E-01
   22.400  -1.3107E+00
   22.410  -9.1021E-01
   22.420  -8.4582E-01
   22.430  -3.5630E-01
   22.440  -2.9220E-02
   22.450  -6.2975E-02
   22.460  -8.7824E-01
   22.470  -1.7970E+00
   22.480  -2.0420E+00
   22.490  -2.9636E+00
   22.500  -3.6274E+00
   22.510  -3.9845E+00
   22.520  -4.1139E+00
   22.530  -4.1420E+00
   22.540  -4.2028E+00
   22.550  -4.3847E+00
   22.560  -4.2592E+00
   22.570  -4.0402E+00
   22.580  -3.4358E+00
   22.590  -3.1441E+00
   22.600  -2.5615E+00
   22.610  -2.2056E+00
   22.620  -2.0886E+00
   22.630  -2.2237E+00
   22.640  -2.4191E+00
   22.650  -1.5054E+00
   22.660  -1.1241E+00
   22.670   9.0485E-01
   22.680   2.3861E+00
   22.690   2.1639E+00
   22.700   1.6948E+00
   22.710   1.0933E+00
   22.720  -1.2793E+00
   22.730   2.1989E-01
   22.740   4.2435E-01
   22.750   7.7666E-01
   22.760   1.1419E+00
   22.770   1.3363E+00
   22.780   7.1077E-01
   22.790   6.8209E-01
   22.800   7.6684E-01
   22.810   1.1095E+00
   22.820   1.8498E+00
   22.830   2.7693E+00
   22.840   3.9088E+00
   22.850   5.1152E+00
   22.860   6.1618E+00
   22.870   6.8600E+00
   22.880   7.1460E+00
   22.890   7.1397E+00
   22.900   6.7219E+00
   22.910   5.9968E+00
   22.920   5.6028E+00
   22.930   5.6081E+00
   22.940   4.4070E+00
   22.950   3.4771E+00
   22.960   2.7651E+00
   22.970   2.3874E+00
   22.980   2.2797E+00
   22.990   2.2378E+00
   23.000   1.8109E+00
   23.010   2.2361E+00
   23.020   2.7309E+00
   23.030   9.7833E-01
   23.040   1.6287E+00
   23.050   3.1517E+00
   23.060   3.7920E+00
   23.070   4.2370E+00
   23.080   4.4471E+00
   23.090   4.4403E+00
   23.100   4.4245E+00
   23.110   3.8832E+00
   23.120   3.1213E+00
   23.130   2.2830E+00
   23.140   2.9835E+00
   23.150   1.8259E+00
   23.160   9.2073E-01
   23.170  -3.2669E-01
   23.180  -1.4844E+00
   23.190  -2.3754E+00
   23.200  -2.8560E+00
   23.210  -2.8982E+00
   23.220  -2.6346E+00
   23.230  -2.3167E+00
   23.240  -1.9551E+00
   23.250  -2.0453E+00
   23.260  -2.2598E+00
   23.270  -2.4622E+00
   23.280  -2.6444E+00
   23.290  -2.8956E+00
   23.300  -3.2379E+00
   23.310  -2.0487E+00
   23.320  -1.9986E+00
   23.330  -1.6629E+00
   23.340  -1.0486E+00
   23.350  -2.7360E-01
   23.360   5.1690E-01
   23.370   7.5747E-01
   23.380   1.0510E+00
   23.390   8.9708E-01
   23.400   5.0788E-01
   23.410  -1.2433E-01
   23.420  -8.3775E-01
   23.430  -1.4272E+00
   23.440  -1.7842E+00
   23.450  -1.8299E+00
   23.460  -1.4657E+00
   23.470  -8.9799E-01
   23.480  -1.2538E-01
   23.490   1.3855E+00
   23.500   2.3870E+00
   23.510   3.3792E+00
   23.520   4.2332E+00
   23.530   4.8088E+00
   23.540   4.3325E+00
   23.550   4.3716E+00
   23.560   4.4516E+00
   23.570   4.6174E+00
   23.580   5.2206E+00
   23.590   5.2010E+00
   23.600   5.2182E+00
   23.610   4.5123E+00
   23.620   3.4598E+00
   23.630   3.2290E+00
   23.640   1.5645E+00
   23.650   3.9597E-01
   23.660  -5.6886E-01
   23.670  -8.2939E-01
   23.680  -1.3115E+00
   23.690  -1.6013E+00
   23.700  -1.5407E+00
   23.710  -1.7220E+00
   23.720  -2.1912E+00
   23.730  -2.8388E+00
   23.740  -3.6176E+00
   23.750  -4.4370E+00
   23.760  -5.2167E+00
   23.770  -4.4044E+00
   23.780  -4.8904E+00
   23.790  -4.7381E+00
   23.800  -4.7659E+00
   23.810  -4.5445E+00
   23.820  -3.7992E+00
   23.830  -3.3008E+00
   23.840  -2.8870E+00
   23.850  -2.4641E+00
   23.860  -2.1408E+00
   23.870  -1.9293E+00
   23.880  -1.8526E+00
   23.890  -1.8665E+00
   23.900  -2.3499E+00
   23.910  -2.7214E+00
   23.920  -3.0746E+00
   23.930  -3.2597E+00
   23.940  -2.9951E+00
   23.950  -2.6884E+00
   23.960  -2.2045E+00
   23.970  -1.6183E+00
   23.980  -1.0199E+00
   23.990  -4.6946E-01
   24.000  -1.4103E-01
   24.010   4.5388E-02
   24.020   1.9625E-01
   24.030   4.4632E-01
   24.040   8.5198E-01
   24.050   1.3745E+00
   24.060   1.9348E+00
   24.070   2.3878E+00
   24.080   2.6451E+00
   24.090   2.6080E+00
   24.100   3.8493E+00
   24.110   3.5899E+00
   24.120   3.2953E+00
   24.130   3.0196E+00
   24.140   2.4977E+00
   24.150   2.1959E+00
   24.160   2.2831E-02
   24.170  -1.5060E-01
   24.180  -1.1036E-01
   24.190   1.6726E-01
   24.200   5.4393E-01
   24.210   9.3491E-01
   24.220   1.7122E+00
   24.230   6.9296E-01
   24.240   3.9016E-01
   24.250   6.0179E-01
   24.260   1.3945E-01
   24.270  -4.2657E-01
   24.280  -1.0153E+00
   24.290  -1.6248E+00
   24.300  -2.7393E+00
   24.310  -3.1342E+00
   24.320  -3.2327E+00
   24.330  -3.1037E+00
   24.340  -3.9490E+00
   24.350  -3.6263E+00
   24.360  -3.3268E+00
   24.370  -3.1144E+00
   24.380  -3.1977E+00
   24.390  -3.2177E+00
   24.400  -3.0796E+00
   24.410  -2.8169E+00
   24.420  -2.3985E+00
   24.430  -1.8651E+00
   24.440  -1.1903E+00
   24.450  -8.1369E-01
   24.460  -5.2990E-01
   24.470  -3.2679E-01
   24.480  -7.5797E-01
   24.490  -4.1124E-01
   24.500  -7.3296E-03
   24.510   4.4017E-01
   24.520   8.9462E-01
   24.530   3.0704E-01
   24.540   7.4893E-01
   24.550   1.2059E+00
   24.560   1.6316E+00
   24.570   1.9492E+00
   24.580   2.1142E+00
   24.590   2.0813E+00
   24.600   1.8873E+00
   24.610   1.6250E+00
   24.620   1.5996E+00
   24.630   1.3944E+00
   24.640   1.2242E+00
   24.650   1.4347E+00
   24.660   1.8788E+00
   24.670   2.4297E+00
   24.680   2.9936E+00
   24.690   3.4431E+00
   24.700   3.6849E+00
   24.710   3.6822E+00
   24.720   3.5432E+00
   24.730   3.0896E+00
   24.740   2.4159E+00
   24.750   1.6057E+00
   24.760   7.1668E-01
   24.770  -1.2374E-01
   24.780  -7.4082E-01
   24.790  -1.0958E+00
   24.800  -1.1782E+00
   24.810  -7.4102E-01
   24.820  -6.3721E-01
   24.830  -5.9482E-01
   24.840  -9.7044E-01
   24.850  -1.0739E+00
   24.860  -1.1995E+00
   24.870  -1.7901E+00
   24.880  -1.8348E+00
   24.890  -1.7786E+00
   24.900  -1.5954E+00
   24.910  -1.3010E+00
   24.920  -9.3466E-01
   24.930  -5.5444E-01
   24.940  -2.2982E-01
   24.950  -5.3603E-03
   24.960   1.3818E-01
   24.970   2.7423E-01
   24.980   4.7459E-01
   24.990   7.6566E-01
   25.000   1.1339E+00
   25.010   1.6125E+00
   25.020   2.0687E+00
   25.030   2.5298E+00
   25.040   2.9558E+00
   25.050   3.3337E+00
   25.060   3.6633E+00
   25.070   3.9603E+00
   25.080   4.2377E+00
   25.090   4.4837E+00
   25.100   4.7669E+00
   25.110   4.8095E+00
   25.120   4.7048E+00
   25.130   4.5089E+00
   25.140   4.3228E+00
   25.150   4.2390E+00
   25.160   4.2445E+00
   25.170   4.3895E+00
   25.180   4.5659E+00
   25.190   4.6212E+00
   25.200   4.5164E+00
   25.210   4.2521E+00
   25.220   3.8648E+00
   25.230   3.3988E+00
   25.240   2.8104E+00
   25.250   2.1707E+00
   25.260   1.5200E+00
   25.270   9.1180E-01
   25.280   3.7970E-01
   25.290  -4.1565E-02
   25.300  -6.6805E-01
   25.310  -2.5784E-01
   25.320  -9.6796E-01
   25.330  -1.1419E+00
   25.340  -1.4030E+00
   25.350  -1.6362E+00
   25.360  -1.9927E+00
   25.370  -2.4926E+00
   25.380  -2.9674E+00
   25.390  -3.3227E+00
   25.400  -3.4634E+00
   25.410  -3.3373E+00
   25.420  -3.0426E+00
   25.430  -2.5498E+00
   25.440  -2.0123E+00
   25.450  -1.4952E+00
   25.460  -1.0102E+00
   25.470  -5.3854E-01
   25.480   1.1741E-01
   25.490  -1.1185E+00
   25.500  -8.5540E-01
   25.510  -4.9376E-01
   25.520  -3.9987E-02
   25.530   4.7589E-01
   25.540   1.0113E+00
   25.550   1.5209E+00
   25.560   1.9601E+00
   25.570   2.2923E+00
   25.580   2.5040E+00
   25.590   2.6137E+00
   25.600   2.6655E+00
   25.610   2.7308E+00
   25.620   2.9273E+00
   25.630   3.2461E+00
   25.640   3.7161E+00
   25.650   3.8137E+00
   25.660   4.3484E+00
   25.670   4.2634E+00
   25.680   4.4709E+00
   25.690   4.3445E+00
   25.700   3.8591E+00
   25.710   2.9931E+00
   25.720   2.2099E+00
   25.730   1.4699E+00
   25.740   9.2857E-01
   25.750   4.2820E-01
   25.760   3.4877E-02
   25.770  -2.8034E-01
   25.780  -5.7211E-01
   25.790  -8.5339E-01
   25.800  -1.1368E+00
   25.810  -1.4295E+00
   25.820  -1.7314E+00
   25.830  -1.7646E+00
   25.840  -2.0270E+00
   25.850  -2.2219E+00
   25.860  -2.0905E-01
   25.870  -1.5944E-01
   25.880  -9.6778E-02
   25.890   3.0846E-01
   25.900   2.8933E-01
   25.910   2.0047E-01
   25.920   5.7702E-02
   25.930  -1.1211E-01
   25.940  -4.4036E-01
   25.950  -5.9091E-01
   25.960  -6.6835E-01
   25.970  -3.5294E-01
   25.980  -5.6888E-02
   25.990   2.7668E-01
   26.000   6.1097E-01
   26.010   9.1293E-01
   26.020   1.1602E+00
   26.030   4.4431E-01
   26.040   6.6645E-01
   26.050   8.2956E-01
   26.060   9.5147E-01
   26.070   1.0416E+00
   26.080   2.0328E+00
   26.090   1.9984E+00
   26.100   1.8828E+00
   26.110   1.6981E+00
   26.120   1.4983E+00
   26.130   1.3295E+00
   26.140   1.2466E+00
   26.150   1.1491E+00
   26.160   9.6515E-01
   26.170   8.6100E-01
   26.180   6.8195E-01
   26.190   4.2544E-01
   26.200   1.1306E-01
   26.210  -2.1904E-01
   26.220  -5.9511E-01
   26.230  -7.9214E-01
   26.240  -9.2104E-01
   26.250  -9.9221E-01
   26.260  -1.0275E+00
   26.270  -1.0450E+00
   26.280  -1.0500E+00
   26.290  -1.0393E+00
   26.300  -1.0140E+00
   26.310  -1.1394E+00
   26.320  -1.1047E+00
   26.330  -1.0893E+00
   26.340  -1.0692E+00
   26.350  -1.0674E+00
   26.360  -1.0856E+00
   26.370  -1.1207E+00
   26.380  -1.1733E+00
   26.390  -1.2491E+00
   26.400  -1.3446E+00
   26.410  -1.4378E+00
   26.420  -1.4965E+00
   26.430  -1.4948E+00
   26.440  -1.4183E+00
   26.450  -1.2632E+00
   26.460  -1.0398E+00
   26.470  -7.7334E-01
   26.480  -4.9013E-01
   26.490  -2.0160E-01
   26.500   9.3843E-02
   26.510   3.9409E-01
   26.520   6.8718E-01
   26.530   9.6085E-01
   26.540   1.2076E+00
   26.550   1.4168E+00
   26.560   1.3910E+00
   26.570   1.5009E+00
   26.580   1.5516E+00
   26.590   1.5559E+00
   26.600   1.5197E+00
   26.610   1.4966E+00
   26.620   1.2366E+00
   26.630   1.0309E+00
   26.640   7.4704E-01
   26.650   8.3323E-01
   26.660   8.6831E-01
   26.670   8.6313E-01
   26.680   8.2943E-01
   26.690   7.8178E-01
   26.700   7.2808E-01
   26.710   7.1637E-01
   26.720   6.8550E-01
   26.730   6.2774E-01
   26.740   5.6649E-01
   26.750   4.8542E-01
   26.760   4.0533E-01
   26.770   3.5039E-01
   26.780   3.2319E-01
   26.790   2.9697E-01
   26.800   2.7618E-01
   26.810   2.5815E-01
   26.820   2.3757E-01
   26.830   2.0930E-01
   26.840   1.7393E-01
   26.850   1.3890E-01
   26.860   9.7963E-02
   26.870   8.8481E-02
   26.880   9.7311E-02
   26.890   1.1756E-01
   26.900   1.2419E-01
   26.910   1.3118E-01
   26.920   1.1409E-01
   26.930   2.9130E-01
   26.940   3.1298E-01
   26.950   3.4630E-01
   26.960   3.8077E-01
   26.970   4.0138E-01
   26.980   4.0316E-01
   26.990   3.9728E-01
   27.000   4.1848E-01
   27.010   5.4476E-01
   27.020   4.5931E-01
   27.030   3.9718E-01
   27.040   3.3690E-01
   27.050   2.9428E-01
   27.060   2.6865E-01
   27.070   2.3941E-01
   27.080   1.9564E-01
   27.090   7.4583E-02
   27.100  -3.7119E-02
   27.110  -1.5377E-01
   27.120  -1.5160E-01
   27.130  -3.1128E-01
   27.140  -5.9934E-01
   27.150  -6.3584E-01
   27.160  -6.4027E-01
   27.170  -6.1315E-01
   27.180  -5.6245E-01
   27.190  -5.0492E-01
   27.200  -4.5640E-01
   27.210  -4.2041E-01
   27.220  -3.7795E-01
   27.230  -3.3111E-01
   27.240  -3.4584E-01
   27.250  -2.9947E-01
   27.260  -2.4751E-01
   27.270  -1.9688E-01
   27.280  -1.3004E-01
   27.290  -8.5776E-02
   27.300  -4.3167E-02
   27.310  -5.8851E-02
   27.320  -1.0856E-01
   27.330  -3.2833E-02
   27.340  -3.5929E-02
   27.350  -3.7361E-02
   27.360  -3.9659E-02
   27.370   4.8480E-03
   27.380   7.6434E-02
   27.390   1.6801E-01
   27.400   2.7251E-01
   27.410   3.8494E-01
   27.420   5.0025E-01
   27.430   6.1135E-01
   27.440   7.0981E-01
   27.450   7.8843E-01
   27.460   8.4396E-01
   27.470   8.7827E-01
   27.480   8.9674E-01
   27.490   9.0472E-01
   27.500   9.0481E-01
   27.510   8.9678E-01
   27.520   8.7870E-01
   27.530   4.9697E-01
   27.540   4.5707E-01
   27.550   4.0768E-01
   27.560   3.4813E-01
   27.570   2.7818E-01
   27.580   2.0099E-01
   27.590   1.2445E-01
   27.600   5.9203E-02
   27.610   1.4436E-02
   27.620  -1.8508E-01
   27.630  -1.7632E-01
   27.640  -1.6314E-01
   27.650  -1.5210E-01
   27.660  -1.4582E-01
   27.670  -1.4539E-01
   27.680  -1.5277E-01
   27.690  -1.8931E-01
   27.700  -2.2941E-01
   27.710  -2.6960E-01
   27.720  -3.1162E-01
   27.730  -3.5020E-01
   27.740  -3.7792E-01
   27.750  -3.9005E-01
   27.760  -3.8914E-01
   27.770  -3.8379E-01
   27.780  -3.8215E-01
   27.790  -3.8641E-01
   27.800  -3.9322E-01
   27.810  -3.9813E-01
   27.820  -3.9875E-01
   27.830  -3.9491E-01
   27.840  -3.8757E-01
   27.850  -3.7746E-01
   27.860  -3.6344E-01
   27.870  -3.4149E-01
   27.880  -3.1218E-01
   27.890  -2.6210E-01
   27.900   7.0836E-03
   27.910   1.1172E-02
   27.920   1.4088E-02
   27.930   1.6135E-02
   27.940   1.8121E-02
   27.950   2.0475E-02
   27.960   2.2884E-02
   27.970   2.4802E-02
   27.980   2.6158E-02
   27.990   2.7464E-02
   28.000   2.9263E-02
   28.010   3.1585E-02
   28.020   3.3935E-02
   28.030   3.5721E-02
   28.040   3.6571E-02
   28.050   3.6266E-02
   28.060   3.4562E-02
   28.070   3.1247E-02
   28.080   2.6401E-02
   28.090   2.0449E-02
   28.100   1.3914E-02
   28.110   7.2224E-03
   28.120   8.0151E-04
   28.130  -4.7783E-03
   28.140  -8.9396E-03
   28.150  -1.1419E-02
   28.160  -1.2417E-02
   28.170  -1.2461E-02
   28.180  -1.2189E-02
   28.190  -1.2144E-02
   28.200  -1.2541E-02
   28.210  -1.3080E-02
   28.220  -1.3107E-02
   28.230  -1.2214E-02
   28.240  -1.0834E-02
   28.250  -1.0182E-02
   28.260  -1.1389E-02
   28.270  -1.4475E-02
   28.280  -1.8109E-02
   28.290  -2.0500E-02
   28.300  -2.0714E-02
   28.310  -1.9275E-02
   28.320  -1.7567E-02
   28.330  -1.6641E-02
   28.340  -1.6534E-02
   28.350  -1.6535E-02
   28.360  -1.5939E-02
   28.370  -1.4509E-02
   28.380  -1.5381E-02
   28.390  -1.1780E-02
   28.400  -6.9141E-03
   28.410  -3.9156E-04
   28.420   7.8758E-03
   28.430   1.7529E-02
   28.440   2.2806E-02
   28.450   2.8515E-02
   28.460   3.4124E-02
   28.470   3.8768E-02
   28.480   4.1803E-02
   28.490   4.3054E-02
   28.500   4.2791E-02
   28.510   4.1510E-02
   28.520   3.9684E-02
   28.530   3.7559E-02
   28.540   3.8113E-02
   28.550   3.4538E-02
   28.560   2.9375E-02
   28.570   2.2440E-02
   28.580   1.4220E-02
   28.590   5.6156E-03
   28.600  -2.7348E-03
   28.610  -1.0886E-02
   28.620  -1.9333E-02
   28.630  -2.8317E-02
   28.640  -3.7416E-02
   28.650  -4.5840E-02
   28.660  -7.5348E-03
   28.670  -7.4921E-03
   28.680  -7.3758E-03
   28.690  -7.2084E-03
   28.700  -6.8651E-03
   28.710  -6.2434E-03
   28.720  -5.3031E-03
   28.730  -3.9896E-03
   28.740  -2.2222E-03
   28.750  -8.8010E-08
   28.760   2.5051E-03
   28.770   4.9748E-03
   28.780   7.0442E-03
   28.790   8.3942E-03
   28.800   3.7301E-03
   28.810   3.4405E-03
   28.820   2.6317E-03
   28.830   1.6508E-03
   28.840   8.4061E-04
   28.850   4.3234E-04
   28.860   4.9050E-04
   28.870   9.6066E-04
   28.880   1.7717E-03
   28.890   2.8679E-03
   28.900   4.1068E-03
   28.910   5.1472E-03
   28.920  -6.9377E-03
   28.930  -7.4791E-03
   28.940  -7.8281E-03
   28.950  -7.9779E-03
   28.960  -7.9780E-03
   28.970  -7.8685E-03
   28.980  -7.5650E-03
   28.990  -6.8731E-03
   29.000  -5.6891E-03
   29.010  -4.1916E-03
   29.020  -2.7782E-03
   29.030  -1.7529E-03
   29.040  -1.0759E-03
   29.050  -4.6046E-04
   29.060   2.6917E-04
   29.070   9.5116E-04
   29.080   1.2514E-03
   29.090   1.0363E-03
   29.100   5.4493E-04
   29.110   2.0087E-04
   29.120  -9.7485E-04
   29.130  -1.6528E-04
   29.140   9.2817E-04
   29.150   2.2584E-03
   29.160   3.9057E-03
   29.170   6.0105E-03
   29.180   8.6721E-03
   29.190   1.1866E-02
   29.200   1.5411E-02
   29.210   1.9023E-02
   29.220   2.2432E-02
   29.230   0.0000E+00
   29.240   0.0000E+00
   29.250   0.0000E+00
   29.260   0.0000E+00
   29.270   0.0000E+00
   29.280   0.0000E+00
   29.290   0.0000E+00
   29.300   0.0000E+00
   29.310   0.0000E+00
   29.320   0.0000E+00
   29.330   0.0000E+00
   29.340   0.0000E+00
   29.350   0.0000E+00
   29.360   0.0000E+00
   29.370   0.0000E+00
   29.380   0.0000E+00
   29.390   0.0000E+00
   29.400   0.0000E+00
   29.410   0.0000E+00
   29.420   0.0000E+00
   29.430   0.0000E+00
   29.440   0.0000E+00
   29.450   0.0000E+00
   29.460   0.0000E+00
   29.470   0.0000E+00
   29.480   0.0000E+00
   29.490   0.0000E+00
   29.500   0.0000E+00
   29.510   0.0000E+00
   29.520   0.0000E+00
   29.530   0.0000E+00
   29.540   0.0000E+00
   29.550   0.0000E+00
   29.560   0.0000E+00
   29.570   0.0000E+00
   29.580   0.0000E+00
   29.590   0.0000E+00
   29.600   0.0000E+00
   29.610   0.0000E+00
   29.620   0.0000E+00
   29.630   0.0000E+00
   29.640   0.0000E+00
   29.650   0.0000E+00
   29.660   0.0000E+00
   29.670   0.0000E+00
   29.680   0.0000E+00
   29.690   0.0000E+00
   29.700   0.0000E+00
   29.710   0.0000E+00
   29.720   0.0000E+00
   29.730   0.0000E+00
   29.740   0.0000E+00
   29.750   0.0000E+00
   29.760   0.0000E+00
   29.770   0.0000E+00
   29.780   0.0000E+00
   29.790   0.0000E+00
   29.800   0.0000E+00
   29.810   0.0000E+00
   29.820   0.0000E+00
   29.830   0.0000E+00
   29.840   0.0000E+00
   29.850   0.0000E+00
   29.860   0.0000E+00
   29.870   0.0000E+00
   29.880   0.0000E+00
   29.890   0.0000E+00
   29.900   0.0000E+00
   29.910   0.0000E+00
   29.920   0.0000E+00
   29.930   0.0000E+00
   29.940   0.0000E+00
   29.950   0.0000E+00
   29.960   0.0000E+00
   29.970   0.0000E+00
   29.980   0.0000E+00
   29.990   0.0000E+00
   30.000   0.0000E+00
   30.010   0.0000E+00
   30.020   0.0000E+00
   30.030   0.0000E+00
   30.040   0.0000E+00
   30.050   0.0000E+00
   30.060   0.0000E+00
   30.070   0.0000E+00
   30.080   0.0000E+00
   30.090   0.0000E+00
   30.100   0.0000E+00
   30.110   0.0000E+00
   30.120   0.0000E+00
   30.130   0.0000E+00
   30.140   0.0000E+00
   30.150   0.0000E+00
   30.160   0.0000E+00
   30.170   0.0000E+00
   30.180   0.0000E+00
   30.190   0.0000E+00
   30.200   0.0000E+00
   30.210   0.0000E+00
   30.220   0.0000E+00
   30.230   0.0000E+00
   30.240   0.0000E+00
   30.250   0.0000E+00
   30.260   0.0000E+00
   30.270   0.0000E+00
   30.280   0.0000E+00
   30.290   0.0000E+00
   30.300   0.0000E+00
   30.310   0.0000E+00
   30.320   0.0000E+00
   30.330   0.0000E+00
   30.340   0.0000E+00
   30.350   0.0000E+00
   30.360   0.0000E+00
   30.370   0.0000E+00
   30.380   0.0000E+00
   30.390   0.0000E+00
   30.400   0.0000E+00
   30.410   0.0000E+00
   30.420   0.0000E+00
   30.430   0.0000E+00
   30.440   0.0000E+00
   30.450   0.0000E+00
   30.460   0.0000E+00
   30.470   0.0000E+00
   30.480   0.0000E+00
   30.490   0.0000E+00
   30.500   0.0000E+00
   30.510   0.0000E+00
   30.520   0.0000E+00
   30.530   0.0000E+00
   30.540   0.0000E+00
   30.550   0.0000E+00
   30.560   0.0000E+00
   30.570   0.0000E+00
   30.580   0.0000E+00
   30.590   0.0000E+00
   30.600   0.0000E+00
   30.610   0.0000E+00
   30.620   0.0000E+00
   30.630   0.0000E+00
   30.640   0.0000E+00
   30.650   0.0000E+00
   30.660   0.0000E+00
   30.670   0.0000E+00
   30.680   0.0000E+00
   30.690   0.0000E+00
   30.700   0.0000E+00
   30.710   0.0000E+00
   30.720   0.0000E+00
   30.730   0.0000E+00
   30.740   0.0000E+00
   30.750   0.0000E+00
   30.760   0.0000E+00
   30.770   0.0000E+00
   30.780   0.0000E+00
   30.790   0.0000E+00
   30.800   0.0000E+00
   30.810   0.0000E+00
   30.820   0.0000E+00
   30.830   0.0000E+00
   30.840   0.0000E+00
   30.850   0.0000E+00
   30.860   0.0000E+00
   30.870   0.0000E+00
   30.880   0.0000E+00
   30.890   0.0000E+00
   30.900   0.0000E+00
   30.910   0.0000E+00
   30.920   0.0000E+00
   30.930   0.0000E+00
   30.940   0.0000E+00
   30.950   0.0000E+00
   30.960   0.0000E+00
   30.970   0.0000E+00
   30.980   0.0000E+00
   30.990   0.0000E+00
   31.000   0.0000E+00
   31.010   0.0000E+00
   31.020   0.0000E+00
   31.030   0.0000E+00
   31.040   0.0000E+00
   31.050   0.0000E+00
   31.060   0.0000E+00
   31.070   0.0000E+00
   31.080   0.0000E+00
   31.090   0.0000E+00
   31.100   0.0000E+00
   31.110   0.0000E+00
   31.120   0.0000E+00
   31.130   0.0000E+00
   31.140   0.0000E+00
   31.150   0.0000E+00
   31.160   0.0000E+00
   31.170   0.0000E+00
   31.180   0.0000E+00
   31.190   0.0000E+00
   31.200   0.0000E+00
   31.210   0.0000E+00
   31.220   0.0000E+00
   31.230   0.0000E+00
   31.240   0.0000E+00
   31.250   0.0000E+00
   31.260   0.0000E+00
   31.270   0.0000E+00
   31.280   0.0000E+00
   31.290   0.0000E+00
   31.300   0.0000E+00
   31.310   0.0000E+00
   31.320   0.0000E+00
   31.330   0.0000E+00
   31.340   0.0000E+00
   31.350   0.0000E+00
   31.360   0.0000E+00
   31.370   0.0000E+00
   31.380   0.0000E+00
   31.390   0.0000E+00
   31.400   0.0000E+00
   31.410   0.0000E+00
   31.420   0.0000E+00
   31.430   0.0000E+00
   31.440   0.0000E+00
   31.450   0.0000E+00
   31.460   0.0000E+00
   31.470   0.0000E+00
   31.480   0.0000E+00
   31.490   0.0000E+00
   31.500   0.0000E+00
   31.510   0.0000E+00
   31.520   0.0000E+00
   31.530   0.0000E+00
   31.540   0.0000E+00
   31.550   0.0000E+00
   31.560   0.0000E+00
   31.570   0.0000E+00
   31.580   0.0000E+00
   31.590   0.0000E+00
   31.600   0.0000E+00
   31.610   0.0000E+00
   31.620   0.0000E+00
   31.630   0.0000E+00
   31.640   0.0000E+00
   31.650   0.0000E+00
   31.660   0.0000E+00
   31.670   0.0000E+00
   31.680   0.0000E+00
   31.690   0.0000E+00
   31.700   0.0000E+00
   31.710   0.0000E+00
   31.720   0.0000E+00
   31.730   0.0000E+00
   31.740   0.0000E+00
   31.750   0.0000E+00
   31.760   0.0000E+00
   31.770   0.0000E+00
   31.780   0.0000E+00
   31.790   0.0000E+00
   31.800   0.0000E+00
   31.810   0.0000E+00
   31.820   0.0000E+00
   31.830   0.0000E+00
   31.840   0.0000E+00
   31.850   0.0000E+00
   31.860   0.0000E+00
   31.870   0.0000E+00
   31.880   0.0000E+00
   31.890   0.0000E+00
   31.900   0.0000E+00
   31.910   0.0000E+00
   31.920   0.0000E+00
   31.930   0.0000E+00
   31.940   0.0000E+00
   31.950   0.0000E+00
   31.960   0.0000E+00
   31.970   0.0000E+00
   31.980   0.0000E+00
   31.990   0.0000E+00
   32.000   0.0000E+00
   32.010   0.0000E+00
   32.020   0.0000E+00
   32.030   0.0000E+00
   32.040   0.0000E+00
   32.050   0.0000E+00
   32.060   0.0000E+00
   32.070   0.0000E+00
   32.080   0.0000E+00
   32.090   0.0000E+00
   32.100   0.0000E+00
   32.110   0.0000E+00
   32.120   0.0000E+00
   32.130   0.0000E+00
   32.140   0.0000E+00
   32.150   0.0000E+00
   32.160   0.0000E+00
   32.170   0.0000E+00
   32.180   0.0000E+00
   32.190   0.0000E+00
   32.200   0.0000E+00
   32.210   0.0000E+00
   32.220   0.0000E+00
   32.230   0.0000E+00
   32.240   0.0000E+00
   32.250   0.0000E+00
   32.260   0.0000E+00
   32.270   0.0000E+00
   32.280   0.0000E+00
   32.290   0.0000E+00
   32.300   0.0000E+00
   32.310   0.0000E+00
   32.320   0.0000E+00
   32.330   0.0000E+00
   32.340   0.0000E+00
   32.350   0.0000E+00
   32.360   0.0000E+00
   32.370   0.0000E+00
   32.380   0.0000E+00
   32.390   0.0000E+00
   32.400   0.0000E+00
   32.410   0.0000E+00
   32.420   0.0000E+00
   32.430   0.0000E+00
   32.440   0.0000E+00
   32.450   0.0000E+00
   32.460   0.0000E+00
   32.470   0.0000E+00
   32.480   0.0000E+00
   32.490   0.0000E+00
   32.500   0.0000E+00
   32.510   0.0000E+00
   32.520   0.0000E+00
   32.530   0.0000E+00
   32.540   0.0000E+00
   32.550   0.0000E+00
   32.560   0.0000E+00
   32.570   0.0000E+00
   32.580   0.0000E+00
   32.590   0.0000E+00
   32.600   0.0000E+00
   32.610   0.0000E+00
   32.620   0.0000E+00
   32.630   0.0000E+00
   32.640   0.0000E+00
   32.650   0.0000E+00
   32.660   0.0000E+00
   32.670   0.0000E+00
   32.680   0.0000E+00
   32.690   0.0000E+00
   32.700   0.0000E+00
   32.710   0.0000E+00
   32.720   0.0000E+00
   32.730   0.0000E+00
   32.740   0.0000E+00
   32.750   0.0000E+00
   32.760   0.0000E+00
   32.770   0.0000E+00
   32.780   0.0000E+00
   32.790   0.0000E+00
   32.800   0.0000E+00
   32.810   0.0000E+00
   32.820   0.0000E+00
   32.830   0.0000E+00
   32.840   0.0000E+00
   32.850   0.0000E+00
   32.860   0.0000E+00
   32.870   0.0000E+00
   32.880   0.0000E+00
   32.890   0.0000E+00
   32.900   0.0000E+00
   32.910   0.0000E+00
   32.920   0.0000E+00
   32.930   0.0000E+00
   32.940   0.0000E+00
   32.950   0.0000E+00
   32.960   0.0000E+00
   32.970   0.0000E+00
   32.980   0.0000E+00
   32.990   0.0000E+00
   33.000   0.0000E+00
   33.010   0.0000E+00
   33.020   0.0000E+00
   33.030   0.0000E+00
   33.040   0.0000E+00
   33.050   0.0000E+00
   33.060   0.0000E+00
   33.070   0.0000E+00
   33.080   0.0000E+00
   33.090   0.0000E+00
   33.100   0.0000E+00
   33.110   0.0000E+00
   33.120   0.0000E+00
   33.130   0.0000E+00
   33.140   0.0000E+00
   33.150   0.0000E+00
   33.160   0.0000E+00
   33.170   0.0000E+00
   33.180   0.0000E+00
   33.190   0.0000E+00
   33.200   0.0000E+00
   33.210   0.0000E+00
   33.220   0.0000E+00
   33.230   0.0000E+00
   33.240   0.0000E+00
   33.250   0.0000E+00
   33.260   0.0000E+00
   33.270   0.0000E+00
   33.280   0.0000E+00
   33.290   0.0000E+00
   33.300   0.0000E+00
   33.310   0.0000E+00
   33.320   0.0000E+00
   33.330   0.0000E+00
   33.340   0.0000E+00
   33.350   0.0000E+00
   33.360   0.0000E+00
   33.370   0.0000E+00
   33.380   0.0000E+00
   33.390   0.0000E+00
   33.400   0.0000E+00
   33.410   0.0000E+00
   33.420   0.0000E+00
   33.430   0.0000E+00
   33.440   0.0000E+00
   33.450   0.0000E+00
   33.460   0.0000E+00
   33.470   0.0000E+00
   33.480   0.0000E+00
   33.490   0.0000E+00
   33.500   0.0000E+00
   33.510   0.0000E+00
   33.520   0.0000E+00
   33.530   0.0000E+00
   33.540   0.0000E+00
   33.550   0.0000E+00
   33.560   0.0000E+00
   33.570   0.0000E+00
   33.580   0.0000E+00
   33.590   0.0000E+00
   33.600   0.0000E+00
   33.610   0.0000E+00
   33.620   0.0000E+00
   33.630   0.0000E+00
   33.640   0.0000E+00
   33.650   0.0000E+00
   33.660   0.0000E+00
   33.670   0.0000E+00
   33.680   0.0000E+00
   33.690   0.0000E+00
   33.700   0.0000E+00
   33.710   0.0000E+00
   33.720   0.0000E+00
   33.730   0.0000E+00
   33.740   0.0000E+00
   33.750   0.0000E+00
   33.760   0.0000E+00
   33.770   0.0000E+00
   33.780   0.0000E+00
   33.790   0.0000E+00
   33.800   0.0000E+00
   33.810   0.0000E+00
   33.820   0.0000E+00
   33.830   0.0000E+00
   33.840   0.0000E+00
   33.850   0.0000E+00
   33.860   0.0000E+00
   33.870   0.0000E+00
   33.880   0.0000E+00
   33.890   0.0000E+00
   33.900   0.0000E+00
   33.910   0.0000E+00
   33.920   0.0000E+00
   33.930   0.0000E+00
   33.940   0.0000E+00
   33.950   0.0000E+00
   33.960   0.0000E+00
   33.970   0.0000E+00
   33.980   0.0000E+00
   33.990   0.0000E+00
   34.000   0.0000E+00
   34.010   0.0000E+00
   34.020   0.0000E+00
   34.030   0.0000E+00
   34.040   0.0000E+00
   34.050   0.0000E+00
   34.060   0.0000E+00
   34.070   0.0000E+00
   34.080   0.0000E+00
   34.090   0.0000E+00
   34.100   0.0000E+00
   34.110   0.0000E+00
   34.120   0.0000E+00
   34.130   0.0000E+00
   34.140   0.0000E+00
   34.150   0.0000E+00
   34.160   0.0000E+00
   34.170   0.0000E+00
   34.180   0.0000E+00
   34.190   0.0000E+00
   34.200   0.0000E+00
   34.210   0.0000E+00
   34.220   0.0000E+00
   34.230   0.0000E+00
   34.240   0.0000E+00
   34.250   0.0000E+00
   34.260   0.0000E+00
   34.270   0.0000E+00
   34.280   0.0000E+00
   34.290   0.0000E+00
   34.300   0.0000E+00
   34.310   0.0000E+00
   34.320   0.0000E+00
   34.330   0.0000E+00
   34.340   0.0000E+00
   34.350   0.0000E+00
   34.360   0.0000E+00
   34.370   0.0000E+00
   34.380   0.0000E+00
   34.390   0.0000E+00
   34.400   0.0000E+00
   34.410   0.0000E+00
   34.420   0.0000E+00
   34.430   0.0000E+00
   34.440   0.0000E+00
   34.450   0.0000E+00
   34.460   0.0000E+00
   34.470   0.0000E+00
   34.480   0.0000E+00
   34.490   0.0000E+00
   34.500   0.0000E+00
   34.510   0.0000E+00
   34.520   0.0000E+00
   34.530   0.0000E+00
   34.540   0.0000E+00
   34.550   0.0000E+00
   34.560   0.0000E+00
   34.570   0.0000E+00
   34.580   0.0000E+00
   34.590   0.0000E+00
   34.600   0.0000E+00
   34.610   0.0000E+00
   34.620   0.0000E+00
   34.630   0.0000E+00
   34.640   0.0000E+00
   34.650   0.0000E+00
   34.660   0.0000E+00
   34.670   0.0000E+00
   34.680   0.0000E+00
   34.690   0.0000E+00
   34.700   0.0000E+00
   34.710   0.0000E+00
   34.720   0.0000E+00
   34.730   0.0000E+00
   34.740   0.0000E+00
   34.750   0.0000E+00
   34.760   0.0000E+00
   34.770   0.0000E+00
   34.780   0.0000E+00
   34.790   0.0000E+00
   34.800   0.0000E+00
   34.810   0.0000E+00
   34.820   0.0000E+00
   34.830   0.0000E+00
   34.840   0.0000E+00
   34.850   0.0000E+00
   34.860   0.0000E+00
   34.870   0.0000E+00
   34.880   0.0000E+00
   34.890   0.0000E+00
   34.900   0.0000E+00
   34.910   0.0000E+00
   34.920   0.0000E+00
   34.930   0.0000E+00
   34.940   0.0000E+00
   34.950   0.0000E+00
   34.960   0.0000E+00
   34.970   0.0000E+00
   34.980   0.0000E+00
   34.990   0.0000E+00
   35.000   0.0000E+00
   35.010   0.0000E+00
   35.020   0.0000E+00
   35.030   0.0000E+00
   35.040   0.0000E+00
   35.050   0.0000E+00
   35.060   0.0000E+00
   35.070   0.0000E+00
   35.080   0.0000E+00
   35.090   0.0000E+00
   35.100   0.0000E+00
   35.110   0.0000E+00
   35.120   0.0000E+00
   35.130   0.0000E+00
   35.140   0.0000E+00
   35.150   0.0000E+00
   35.160   0.0000E+00
   35.170   0.0000E+00
   35.180   0.0000E+00
   35.190   0.0000E+00
   35.200   0.0000E+00
   35.210   0.0000E+00
   35.220   0.0000E+00
   35.230   0.0000E+00
   35.240   0.0000E+00
   35.250   0.0000E+00
   35.260   0.0000E+00
   35.270   0.0000E+00
   35.280   0.0000E+00
   35.290   0.0000E+00
   35.300   0.0000E+00
   35.310   0.0000E+00
   35.320   0.0000E+00
   35.330   0.0000E+00
   35.340   0.0000E+00
   35.350   0.0000E+00
   35.360   0.0000E+00
   35.370   0.0000E+00
   35.380   0.0000E+00
   35.390   0.0000E+00
   35.400   0.0000E+00
   35.410   0.0000E+00
   35.420   0.0000E+00
   35.430   0.0000E+00
   35.440   0.0000E+00
   35.450   0.0000E+00
   35.460   0.0000E+00
   35.470   0.0000E+00
   35.480   0.0000E+00
   35.490   0.0000E+00
   35.500   0.0000E+00
   35.510   0.0000E+00
   35.520   0.0000E+00
   35.530   0.0000E+00
   35.540   0.0000E+00
   35.550   0.0000E+00
   35.560   0.0000E+00
   35.570   0.0000E+00
   35.580   0.0000E+00
   35.590   0.0000E+00
   35.600   0.0000E+00
   35.610   0.0000E+00
   35.620   0.0000E+00
   35.630   0.0000E+00
   35.640   0.0000E+00
   35.650   0.0000E+00
   35.660   0.0000E+00
   35.670   0.0000E+00
   35.680   0.0000E+00
   35.690   0.0000E+00
   35.700   0.0000E+00
   35.710   0.0000E+00
   35.720   0.0000E+00
   35.730   0.0000E+00
   35.740   0.0000E+00
   35.750   0.0000E+00
   35.760   0.0000E+00
   35.770   0.0000E+00
   35.780   0.0000E+00
   35.790   0.0000E+00
   35.800   0.0000E+00
   35.810   0.0000E+00
   35.820   0.0000E+00
   35.830   0.0000E+00
   35.840   0.0000E+00
   35.850   0.0000E+00
   35.860   0.0000E+00
   35.870   0.0000E+00
   35.880   0.0000E+00
   35.890   0.0000E+00
   35.900   0.0000E+00
   35.910   0.0000E+00
   35.920   0.0000E+00
   35.930   0.0000E+00
   35.940   0.0000E+00
   35.950   0.0000E+00
   35.960   0.0000E+00
   35.970   0.0000E+00
   35.980   0.0000E+00
   35.990   0.0000E+00
   36.000   0.0000E+00
   36.010   0.0000E+00
   36.020   0.0000E+00
   36.030   0.0000E+00
   36.040   0.0000E+00
   36.050   0.0000E+00
   36.060   0.0000E+00
   36.070   0.0000E+00
   36.080   0.0000E+00
   36.090   0.0000E+00
   36.100   0.0000E+00
   36.110   0.0000E+00
   36.120   0.0000E+00
   36.130   0.0000E+00
   36.140   0.0000E+00
   36.150   0.0000E+00
   36.160   0.0000E+00
   36.170   0.0000E+00
   36.180   0.0000E+00
   36.190   0.0000E+00
   36.200   0.0000E+00
   36.210   0.0000E+00
   36.220   0.0000E+00
   36.230   0.0000E+00
   36.240   0.0000E+00
   36.250   0.0000E+00
   36.260   0.0000E+00
   36.270   0.0000E+00
   36.280   0.0000E+00
   36.290   0.0000E+00
   36.300   0.0000E+00
   36.310   0.0000E+00
   36.320   0.0000E+00
   36.330   0.0000E+00
   36.340   0.0000E+00
   36.350   0.0000E+00
   36.360   0.0000E+00
   36.370   0.0000E+00
   36.380   0.0000E+00
   36.390   0.0000E+00
   36.400   0.0000E+00
   36.410   0.0000E+00
   36.420   0.0000E+00
   36.430   0.0000E+00
   36.440   0.0000E+00
   36.450   0.0000E+00
   36.460   0.0000E+00
   36.470   0.0000E+00
   36.480   0.0000E+00
   36.490   0.0000E+00
   36.500   0.0000E+00
   36.510   0.0000E+00
   36.520   0.0000E+00
   36.530   0.0000E+00
   36.540   0.0000E+00
   36.550   0.0000E+00
   36.560   0.0000E+00
   36.570   0.0000E+00
   36.580   0.0000E+00
   36.590   0.0000E+00
   36.600   0.0000E+00
   36.610   0.0000E+00
   36.620   0.0000E+00
   36.630   0.0000E+00
   36.640   0.0000E+00
   36.650   0.0000E+00
   36.660   0.0000E+00
   36.670   0.0000E+00
   36.680   0.0000E+00
   36.690   0.0000E+00
   36.700   0.0000E+00
   36.710   0.0000E+00
   36.720   0.0000E+00
   36.730   0.0000E+00
   36.740   0.0000E+00
   36.750   0.0000E+00
   36.760   0.0000E+00
   36.770   0.0000E+00
   36.780   0.0000E+00
   36.790   0.0000E+00
   36.800   0.0000E+00
   36.810   0.0000E+00
   36.820   0.0000E+00
   36.830   0.0000E+00
   36.840   0.0000E+00
   36.850   0.0000E+00
   36.860   0.0000E+00
   36.870   0.0000E+00
   36.880   0.0000E+00
   36.890   0.0000E+00
   36.900   0.0000E+00
   36.910   0.0000E+00
   36.920   0.0000E+00
   36.930   0.0000E+00
   36.940   0.0000E+00
   36.950   0.0000E+00
   36.960   0.0000E+00
   36.970   0.0000E+00
   36.980   0.0000E+00
   36.990   0.0000E+00
   37.000   0.0000E+00
   37.010   0.0000E+00
   37.020   0.0000E+00
   37.030   0.0000E+00
   37.040   0.0000E+00
   37.050   0.0000E+00
   37.060   0.0000E+00
   37.070   0.0000E+00
   37.080   0.0000E+00
   37.090   0.0000E+00
   37.100   0.0000E+00
   37.110   0.0000E+00
   37.120   0.0000E+00
   37.130   0.0000E+00
   37.140   0.0000E+00
   37.150   0.0000E+00
   37.160   0.0000E+00
   37.170   0.0000E+00
   37.180   0.0000E+00
   37.190   0.0000E+00
   37.200   0.0000E+00
   37.210   0.0000E+00
   37.220   0.0000E+00
   37.230   0.0000E+00
   37.240   0.0000E+00
   37.250   0.0000E+00
   37.260   0.0000E+00
   37.270   0.0000E+00
   37.280   0.0000E+00
   37.290   0.0000E+00
   37.300   0.0000E+00
   37.310   0.0000E+00
   37.320   0.0000E+00
   37.330   0.0000E+00
   37.340   0.0000E+00
   37.350   0.0000E+00
   37.360   0.0000E+00
   37.370   0.0000E+00
   37.380   0.0000E+00
   37.390   0.0000E+00
   37.400   0.0000E+00
   37.410   0.0000E+00
   37.420   0.0000E+00
   37.430   0.0000E+00
   37.440   0.0000E+00
   37.450   0.0000E+00
   37.460   0.0000E+00
   37.470   0.0000E+00
   37.480   0.0000E+00
   37.490   0.0000E+00
   37.500   0.0000E+00
   37.510   0.0000E+00
   37.520   0.0000E+00
   37.530   0.0000E+00
   37.540   0.0000E+00
   37.550   0.0000E+00
   37.560   0.0000E+00
   37.570   0.0000E+00
   37.580   0.0000E+00
   37.590   0.0000E+00
   37.600   0.0000E+00
   37.610   0.0000E+00
   37.620   0.0000E+00
   37.630   0.0000E+00
   37.640   0.0000E+00
   37.650   0.0000E+00
   37.660   0.0000E+00
   37.670   0.0000E+00
   37.680   0.0000E+00
   37.690   0.0000E+00
   37.700   0.0000E+00
   37.710   0.0000E+00
   37.720   0.0000E+00
   37.730   0.0000E+00
   37.740   0.0000E+00
   37.750   0.0000E+00
   37.760   0.0000E+00
   37.770   0.0000E+00
   37.780   0.0000E+00
   37.790   0.0000E+00
   37.800   0.0000E+00
   37.810   0.0000E+00
   37.820   0.0000E+00
   37.830   0.0000E+00
   37.840   0.0000E+00
   37.850   0.0000E+00
   37.860   0.0000E+00
   37.870   0.0000E+00
   37.880   0.0000E+00
   37.890   0.0000E+00
   37.900   0.0000E+00
   37.910   0.0000E+00
   37.920   0.0000E+00
   37.930   0.0000E+00
   37.940   0.0000E+00
   37.950   0.0000E+00
   37.960   0.0000E+00
   37.970   0.0000E+00
   37.980   0.0000E+00
   37.990   0.0000E+00
   38.000   0.0000E+00
   38.010   0.0000E+00
   38.020   0.0000E+00
   38.030   0.0000E+00
   38.040   0.0000E+00
   38.050   0.0000E+00
   38.060   0.0000E+00
   38.070   0.0000E+00
   38.080   0.0000E+00
   38.090   0.0000E+00
   38.100   0.0000E+00
   38.110   0.0000E+00
   38.120   0.0000E+00
   38.130   0.0000E+00
   38.140   0.0000E+00
   38.150   0.0000E+00
   38.160   0.0000E+00
   38.170   0.0000E+00
   38.180   0.0000E+00
   38.190   0.0000E+00
   38.200   0.0000E+00
   38.210   0.0000E+00
   38.220   0.0000E+00
   38.230   0.0000E+00
   38.240   0.0000E+00
   38.250   0.0000E+00
   38.260   0.0000E+00
   38.270   0.0000E+00
   38.280   0.0000E+00
   38.290   0.0000E+00
   38.300   0.0000E+00
   38.310   0.0000E+00
   38.320   0.0000E+00
   38.330   0.0000E+00
   38.340   0.0000E+00
   38.350   0.0000E+00
   38.360   0.0000E+00
   38.370   0.0000E+00
   38.380   0.0000E+00
   38.390   0.0000E+00
   38.400   0.0000E+00
   38.410   0.0000E+00
   38.420   0.0000E+00
   38.430   0.0000E+00
   38.440   0.0000E+00
   38.450   0.0000E+00
   38.460   0.0000E+00
   38.470   0.0000E+00
   38.480   0.0000E+00
   38.490   0.0000E+00
   38.500   0.0000E+00
   38.510   0.0000E+00
   38.520   0.0000E+00
   38.530   0.0000E+00
   38.540   0.0000E+00
   38.550   0.0000E+00
   38.560   0.0000E+00
   38.570   0.0000E+00
   38.580   0.0000E+00
   38.590   0.0000E+00
   38.600   0.0000E+00
   38.610   0.0000E+00
   38.620   0.0000E+00
   38.630   0.0000E+00
   38.640   0.0000E+00
   38.650   0.0000E+00
   38.660   0.0000E+00
   38.670   0.0000E+00
   38.680   0.0000E+00
   38.690   0.0000E+00
   38.700   0.0000E+00
   38.710   0.0000E+00
   38.720   0.0000E+00
   38.730   0.0000E+00
   38.740   0.0000E+00
   38.750   0.0000E+00
   38.760   0.0000E+00
   38.770   0.0000E+00
   38.780   0.0000E+00
   38.790   0.0000E+00
   38.800   0.0000E+00
   38.810   0.0000E+00
   38.820   0.0000E+00
   38.830   0.0000E+00
   38.840   0.0000E+00
   38.850   0.0000E+00
   38.860   0.0000E+00
   38.870   0.0000E+00
   38.880   0.0000E+00
   38.890   0.0000E+00
   38.900   0.0000E+00
   38.910   0.0000E+00
   38.920   0.0000E+00
   38.930   0.0000E+00
   38.940   0.0000E+00
   38.950   0.0000E+00
   38.960   0.0000E+00
   38.970   0.0000E+00
   38.980   0.0000E+00
   38.990   0.0000E+00
   39.000   0.0000E+00
   39.010   0.0000E+00
   39.020   0.0000E+00
   39.030   0.0000E+00
   39.040   0.0000E+00
   39.050   0.0000E+00
   39.060   0.0000E+00
   39.070   0.0000E+00
   39.080   0.0000E+00
   39.090   0.0000E+00
   39.100   0.0000E+00
   39.110   0.0000E+00
   39.120   0.0000E+00
   39.130   0.0000E+00
   39.140   0.0000E+00
   39.150   0.0000E+00
   39.160   0.0000E+00
   39.170   0.0000E+00
   39.180   0.0000E+00
   39.190   0.0000E+00
   39.200   0.0000E+00
   39.210   0.0000E+00
   39.220   0.0000E+00
   39.230   0.0000E+00
   39.240   0.0000E+00
   39.250   0.0000E+00
   39.260   0.0000E+00
   39.270   0.0000E+00
   39.280   0.0000E+00
   39.290   0.0000E+00
   39.300   0.0000E+00
   39.310   0.0000E+00
   39.320   0.0000E+00
   39.330   0.0000E+00
   39.340   0.0000E+00
   39.350   0.0000E+00
   39.360   0.0000E+00
   39.370   0.0000E+00
   39.380   0.0000E+00
   39.390   0.0000E+00
   39.400   0.0000E+00
   39.410   0.0000E+00
   39.420   0.0000E+00
   39.430   0.0000E+00
   39.440   0.0000E+00
   39.450   0.0000E+00
   39.460   0.0000E+00
   39.470   0.0000E+00
   39.480   0.0000E+00
   39.490   0.0000E+00
   39.500   0.0000E+00
   39.510   0.0000E+00
   39.520   0.0000E+00
   39.530   0.0000E+00
   39.540   0.0000E+00
   39.550   0.0000E+00
   39.560   0.0000E+00
   39.570   0.0000E+00
   39.580   0.0000E+00
   39.590   0.0000E+00
   39.600   0.0000E+00
   39.610   0.0000E+00
   39.620   0.0000E+00
   39.630   0.0000E+00
   39.640   0.0000E+00
   39.650   0.0000E+00
   39.660   0.0000E+00
   39.670   0.0000E+00
   39.680   0.0000E+00
   39.690   0.0000E+00
   39.700   0.0000E+00
   39.710   0.0000E+00
   39.720   0.0000E+00
   39.730   0.0000E+00
   39.740   0.0000E+00
   39.750   0.0000E+00
   39.760   0.0000E+00
   39.770   0.0000E+00
   39.780   0.0000E+00
   39.790   0.0000E+00
   39.800   0.0000E+00
   39.810   0.0000E+00
   39.820   0.0000E+00
   39.830   0.0000E+00
   39.840   0.0000E+00
   39.850   0.0000E+00
   39.860   0.0000E+00
   39.870   0.0000E+00
   39.880   0.0000E+00
   39.890   0.0000E+00
   39.900   0.0000E+00
   39.910   0.0000E+00
   39.920   0.0000E+00
   39.930   0.0000E+00
   39.940   0.0000E+00
   39.950   0.0000E+00
   39.960   0.0000E+00
   39.970   0.0000E+00
   39.980   0.0000E+00
   39.990   0.0000E+00
   40.000   0.0000E+00
   40.010   0.0000E+00
   40.020   0.0000E+00
   40.030   0.0000E+00
   40.040   0.0000E+00
   40.050   0.0000E+00
   40.060   0.0000E+00
   40.070   0.0000E+00
   40.080   0.0000E+00
   40.090   0.0000E+00
   40.100   0.0000E+00
   40.110   0.0000E+00
   40.120   0.0000E+00
   40.130   0.0000E+00
   40.140   0.0000E+00
   40.150   0.0000E+00
   40.160   0.0000E+00
   40.170   0.0000E+00
   40.180   0.0000E+00
   40.190   0.0000E+00
   40.200   0.0000E+00
   40.210   0.0000E+00
   40.220   0.0000E+00
   40.230   0.0000E+00
   40.240   0.0000E+00
   40.250   0.0000E+00
   40.260   0.0000E+00
   40.270   0.0000E+00
   40.280   0.0000E+00
   40.290   0.0000E+00
   40.300   0.0000E+00
   40.310   0.0000E+00
   40.320   0.0000E+00
   40.330   0.0000E+00
   40.340   0.0000E+00
   40.350   0.0000E+00
   40.360   0.0000E+00
   40.370   0.0000E+00
   40.380   0.0000E+00
   40.390   0.0000E+00
   40.400   0.0000E+00
   40.410   0.0000E+00
   40.420   0.0000E+00
   40.430   0.0000E+00
   40.440   0.0000E+00
   40.450   0.0000E+00
   40.460   0.0000E+00
   40.470   0.0000E+00
   40.480   0.0000E+00
   40.490   0.0000E+00
   40.500   0.0000E+00
   40.510   0.0000E+00
   40.520   0.0000E+00
   40.530   0.0000E+00
   40.540   0.0000E+00
   40.550   0.0000E+00
   40.560   0.0000E+00
   40.570   0.0000E+00
   40.580   0.0000E+00
   40.590   0.0000E+00
   40.600   0.0000E+00
   40.610   0.0000E+00
   40.620   0.0000E+00
   40.630   0.0000E+00
   40.640   0.0000E+00
   40.650   0.0000E+00
   40.660   0.0000E+00
   40.670   0.0000E+00
   40.680   0.0000E+00
   40.690   0.0000E+00
   40.700   0.0000E+00
   40.710   0.0000E+00
   40.720   0.0000E+00
   40.730   0.0000E+00
   40.740   0.0000E+00
   40.750   0.0000E+00
   40.760   0.0000E+00
   40.770   0.0000E+00
   40.780   0.0000E+00
   40.790   0.0000E+00
   40.800   0.0000E+00
   40.810   0.0000E+00
   40.820   0.0000E+00
   40.830   0.0000E+00
   40.840   0.0000E+00
   40.850   0.0000E+00
   40.860   0.0000E+00
   40.870   0.0000E+00
   40.880   0.0000E+00
   40.890   0.0000E+00
   40.900   0.0000E+00
   40.910   0.0000E+00
   40.920   0.0000E+00
   40.930   0.0000E+00
   40.940   0.0000E+00
   40.950   0.0000E+00
