**********************************************
*******  Acceleration Time Series ************
*** Site #   1
*** trial   34
Input Parameters file =  aqk_0604__parameters.out                                                                                                
  4096 samples
dt:  0.010 sec
data format: (1x,f8.3,1p,2x,e11.4)
maximum absolute acceleration: 364.33
fault Dis.(km)=    5.06
Hypo  Dis.(km)=   11.45
  time(s) acc(cm/s**2)
    0.000   0.0000E+00
    0.010   0.0000E+00
    0.020   0.0000E+00
    0.030   0.0000E+00
    0.040   0.0000E+00
    0.050   0.0000E+00
    0.060   0.0000E+00
    0.070   0.0000E+00
    0.080   0.0000E+00
    0.090  -6.9310E-01
    0.100  -7.8094E-01
    0.110  -8.3135E-01
    0.120  -8.6216E-01
    0.130  -8.8645E-01
    0.140  -9.0716E-01
    0.150  -9.2134E-01
    0.160  -9.2656E-01
    0.170  -9.2409E-01
    0.180  -9.1881E-01
    0.190  -9.1727E-01
    0.200  -9.2256E-01
    0.210  -9.2689E-01
    0.220  -9.0835E-01
    0.230  -8.3947E-01
    0.240  -7.0484E-01
    0.250  -5.1463E-01
    0.260  -3.0181E-01
    0.270  -1.0534E-01
    0.280   4.8344E-02
    0.290   1.5551E-01
    0.300   2.3550E-01
    0.310   3.2253E-01
    0.320   4.4960E-01
    0.330   6.2911E-01
    0.340   9.7389E-01
    0.350   1.3090E+00
    0.360   1.5844E+00
    0.370   1.7673E+00
    0.380   1.8598E+00
    0.390   1.2531E+00
    0.400   1.2830E+00
    0.410   1.2160E+00
    0.420   1.0494E+00
    0.430   8.0428E-01
    0.440   5.2332E-01
    0.450   2.5626E-01
    0.460   4.1891E-02
    0.470  -1.0385E-01
    0.480  -1.8875E-01
    0.490  -2.3603E-01
    0.500  -2.7231E-01
    0.510  -3.1784E-01
    0.520  -3.8286E-01
    0.530  -4.6974E-01
    0.540  -5.2270E-01
    0.550  -7.5301E-01
    0.560  -9.9513E-01
    0.570  -1.2039E+00
    0.580  -1.3324E+00
    0.590  -1.3532E+00
    0.600  -1.2729E+00
    0.610  -1.1297E+00
    0.620  -9.7508E-01
    0.630  -8.5654E-01
    0.640  -8.0949E-01
    0.650  -1.1996E+00
    0.660  -1.1687E+00
    0.670  -1.2186E+00
    0.680  -1.3174E+00
    0.690  -1.4127E+00
    0.700  -1.4551E+00
    0.710  -1.4166E+00
    0.720  -1.2952E+00
    0.730  -1.1086E+00
    0.740  -8.8478E-01
    0.750  -6.5643E-01
    0.760  -4.5354E-01
    0.770  -8.9801E-02
    0.780   4.2821E-01
    0.790   9.6203E-01
    0.800   1.5586E+00
    0.810   2.2534E+00
    0.820   3.0500E+00
    0.830   3.9156E+00
    0.840   4.7821E+00
    0.850   5.5524E+00
    0.860   6.1246E+00
    0.870   6.4342E+00
    0.880   6.4878E+00
    0.890   6.3512E+00
    0.900   3.9150E+00
    0.910   3.5846E+00
    0.920   3.2512E+00
    0.930   2.9027E+00
    0.940   2.5506E+00
    0.950   2.2180E+00
    0.960   1.9104E+00
    0.970   1.6076E+00
    0.980   2.0096E+00
    0.990   1.5861E+00
    1.000   1.0867E+00
    1.010   5.1676E-01
    1.020  -9.8951E-02
    1.030  -7.1216E-01
    1.040  -1.2620E+00
    1.050  -1.6981E+00
    1.060  -2.0019E+00
    1.070  -2.1932E+00
    1.080  -2.3181E+00
    1.090  -2.4204E+00
    1.100  -2.5145E+00
    1.110  -2.5763E+00
    1.120  -2.5521E+00
    1.130  -3.1904E+00
    1.140  -2.8837E+00
    1.150  -2.3339E+00
    1.160  -1.4894E+00
    1.170  -6.1163E-01
    1.180   2.5810E-01
    1.190   1.0389E+00
    1.200   1.7354E+00
    1.210   2.4081E+00
    1.220   4.7068E-01
    1.230   9.8168E-01
    1.240   1.6278E+00
    1.250   2.3995E+00
    1.260   2.9378E+00
    1.270   3.8362E+00
    1.280   4.6612E+00
    1.290   5.3144E+00
    1.300   5.7424E+00
    1.310   6.2749E+00
    1.320   6.2434E+00
    1.330   6.0370E+00
    1.340   6.0279E+00
    1.350   5.5540E+00
    1.360   5.2533E+00
    1.370   5.9030E+00
    1.380   5.8928E+00
    1.390   5.9500E+00
    1.400   5.9810E+00
    1.410   4.4400E+00
    1.420   3.9529E+00
    1.430   3.4046E+00
    1.440   2.8579E+00
    1.450   2.4022E+00
    1.460   2.1310E+00
    1.470   2.0854E+00
    1.480   2.2030E+00
    1.490   2.3467E+00
    1.500   2.4088E+00
    1.510   2.3817E+00
    1.520   2.3175E+00
    1.530   2.2373E+00
    1.540   2.1096E+00
    1.550   2.4957E+00
    1.560   3.0521E+00
    1.570   2.5197E+00
    1.580   1.7739E+00
    1.590   8.2196E-01
    1.600  -2.0206E-01
    1.610  -2.0648E+00
    1.620  -2.8853E+00
    1.630  -3.4084E+00
    1.640  -3.6645E+00
    1.650  -3.7027E+00
    1.660  -3.5044E+00
    1.670  -3.0713E+00
    1.680  -2.8387E+00
    1.690  -2.6551E+00
    1.700  -2.6287E+00
    1.710  -2.8317E+00
    1.720  -2.6548E+00
    1.730  -3.9084E+00
    1.740  -4.0867E+00
    1.750  -4.8352E+00
    1.760  -5.2640E+00
    1.770  -5.7545E+00
    1.780  -6.0215E+00
    1.790  -6.0738E+00
    1.800  -5.9048E+00
    1.810  -5.1178E+00
    1.820  -4.3749E+00
    1.830  -3.5461E+00
    1.840  -2.8727E+00
    1.850  -2.5114E+00
    1.860  -2.4512E+00
    1.870  -2.5844E+00
    1.880  -1.4477E+00
    1.890  -1.8076E+00
    1.900  -2.0766E+00
    1.910  -2.1661E+00
    1.920  -2.0988E+00
    1.930  -2.0005E+00
    1.940  -1.9796E+00
    1.950  -2.0199E+00
    1.960  -2.0025E+00
    1.970  -1.8346E+00
    1.980  -1.5691E+00
    1.990  -1.4201E+00
    2.000  -1.6488E+00
    2.010  -8.0430E-01
    2.020  -8.3073E-01
    2.030  -1.5178E+00
    2.040  -2.5411E+00
    2.050  -3.4545E+00
    2.060  -3.6806E+00
    2.070  -4.4965E+00
    2.080  -5.3408E+00
    2.090  -6.1977E+00
    2.100  -7.0454E+00
    2.110  -7.7783E+00
    2.120  -7.9889E+00
    2.130  -7.6079E+00
    2.140  -6.6655E+00
    2.150  -5.4390E+00
    2.160  -4.5491E+00
    2.170  -3.6859E+00
    2.180  -3.1685E+00
    2.190  -2.8869E+00
    2.200  -2.6830E+00
    2.210  -2.4068E+00
    2.220  -1.9800E+00
    2.230  -1.2675E+00
    2.240  -7.8548E-01
    2.250   1.0324E+00
    2.260   1.4780E+00
    2.270   2.2450E+00
    2.280   2.8395E+00
    2.290   3.5023E+00
    2.300   4.0305E+00
    2.310   4.1760E+00
    2.320   4.9100E+00
    2.330   3.9541E+00
    2.340   2.8801E+00
    2.350   2.1076E+00
    2.360   1.8751E+00
    2.370   2.4049E+00
    2.380   2.8216E+00
    2.390   2.9620E+00
    2.400   2.5201E+00
    2.410   1.3863E+00
    2.420  -1.1765E-01
    2.430  -2.1457E+00
    2.440  -4.0710E+00
    2.450  -5.6650E+00
    2.460  -6.8901E+00
    2.470  -8.0751E+00
    2.480  -8.7022E+00
    2.490  -9.3581E+00
    2.500  -1.0123E+01
    2.510  -1.0525E+01
    2.520  -1.1434E+01
    2.530  -1.2531E+01
    2.540  -1.3779E+01
    2.550  -1.5044E+01
    2.560  -1.6071E+01
    2.570  -1.6545E+01
    2.580  -1.6199E+01
    2.590  -1.4930E+01
    2.600  -1.2864E+01
    2.610  -1.2143E+01
    2.620  -9.5251E+00
    2.630  -7.3154E+00
    2.640  -5.6206E+00
    2.650  -4.2073E+00
    2.660  -2.7471E+00
    2.670  -9.5887E-01
    2.680   1.0912E+00
    2.690   3.1066E+00
    2.700   4.7434E+00
    2.710   6.0621E+00
    2.720   6.6406E+00
    2.730   6.8470E+00
    2.740   6.7829E+00
    2.750   7.3946E+00
    2.760   7.0405E+00
    2.770   6.5826E+00
    2.780   6.0940E+00
    2.790   5.7514E+00
    2.800   5.3865E+00
    2.810   4.2104E+00
    2.820   5.0158E+00
    2.830   5.9467E+00
    2.840   7.6423E+00
    2.850   9.5750E+00
    2.860   1.1148E+01
    2.870   9.5610E+00
    2.880   9.5492E+00
    2.890   8.8510E+00
    2.900   8.1830E+00
    2.910   6.5296E+00
    2.920   6.2512E+00
    2.930   6.1036E+00
    2.940   6.3734E+00
    2.950   6.2425E+00
    2.960   6.2449E+00
    2.970   6.0606E+00
    2.980   6.3997E+00
    2.990   6.4803E+00
    3.000   6.3111E+00
    3.010   5.9000E+00
    3.020   5.6209E+00
    3.030   4.4526E+00
    3.040   3.1997E+00
    3.050   2.3223E+00
    3.060   1.8753E+00
    3.070   1.7014E+00
    3.080   1.6040E+00
    3.090   2.1595E+00
    3.100   2.1329E+00
    3.110   2.4682E+00
    3.120   3.2811E+00
    3.130   4.5686E+00
    3.140   6.2123E+00
    3.150   8.3852E+00
    3.160   9.5947E+00
    3.170   1.0067E+01
    3.180   9.7299E+00
    3.190   8.6667E+00
    3.200   6.9234E+00
    3.210   5.8951E+00
    3.220   2.9048E+00
    3.230  -4.0925E-01
    3.240  -3.6585E+00
    3.250  -6.2181E+00
    3.260  -5.9727E+00
    3.270  -5.2470E+00
    3.280  -3.1145E+00
    3.290  -9.9789E-02
    3.300   1.7975E+00
    3.310   4.8321E+00
    3.320   7.4013E+00
    3.330   9.3577E+00
    3.340   1.0616E+01
    3.350   1.1186E+01
    3.360   1.2382E+01
    3.370   1.2319E+01
    3.380   1.2087E+01
    3.390   1.1463E+01
    3.400   1.0350E+01
    3.410   7.9329E+00
    3.420   6.6059E+00
    3.430   5.8700E+00
    3.440   5.6946E+00
    3.450   5.5982E+00
    3.460   4.9690E+00
    3.470   3.4130E+00
    3.480   8.9905E-01
    3.490  -2.2913E+00
    3.500  -5.7103E+00
    3.510  -8.9479E+00
    3.520  -1.1830E+01
    3.530  -1.4454E+01
    3.540  -1.6971E+01
    3.550  -1.9115E+01
    3.560  -2.0484E+01
    3.570  -2.0741E+01
    3.580  -1.9402E+01
    3.590  -1.6800E+01
    3.600  -1.3697E+01
    3.610  -1.0964E+01
    3.620  -9.3521E+00
    3.630  -8.5919E+00
    3.640  -8.2070E+00
    3.650  -6.8145E+00
    3.660  -4.9360E+00
    3.670  -2.6339E+00
    3.680   4.0222E+00
    3.690   5.8178E+00
    3.700   8.2334E+00
    3.710   1.0475E+01
    3.720   1.2273E+01
    3.730   1.3093E+01
    3.740   1.3621E+01
    3.750   1.4020E+01
    3.760   1.4701E+01
    3.770   1.5930E+01
    3.780   1.7907E+01
    3.790   2.0810E+01
    3.800   2.4618E+01
    3.810   2.8897E+01
    3.820   3.2885E+01
    3.830   3.5815E+01
    3.840   3.7351E+01
    3.850   3.7295E+01
    3.860   3.5723E+01
    3.870   3.2802E+01
    3.880   2.8966E+01
    3.890   2.4788E+01
    3.900   2.0624E+01
    3.910   1.6316E+01
    3.920   1.1502E+01
    3.930   5.0836E+00
    3.940  -1.4986E+00
    3.950  -7.5235E+00
    3.960  -1.1972E+01
    3.970  -1.4167E+01
    3.980  -1.4044E+01
    3.990  -1.2170E+01
    4.000  -8.4263E+00
    4.010  -4.7745E+00
    4.020  -1.5385E+00
    4.030   8.3173E-01
    4.040   2.4076E+00
    4.050   3.3603E+00
    4.060   3.5870E+00
    4.070   2.8940E+00
    4.080   1.3309E+00
    4.090  -6.9065E-01
    4.100  -2.9721E+00
    4.110  -5.4952E+00
    4.120  -7.7181E+00
    4.130  -9.1149E+00
    4.140  -9.6102E+00
    4.150  -9.3908E+00
    4.160  -9.4224E+00
    4.170  -1.0633E+01
    4.180  -1.1918E+01
    4.190  -1.3007E+01
    4.200  -1.3222E+01
    4.210  -1.2882E+01
    4.220  -1.2550E+01
    4.230  -1.2324E+01
    4.240  -1.1618E+01
    4.250  -9.8053E+00
    4.260  -6.6522E+00
    4.270  -2.9232E+00
    4.280   5.2298E-01
    4.290   3.5004E+00
    4.300   6.1000E+00
    4.310   8.1171E+00
    4.320   9.0089E+00
    4.330   8.4961E+00
    4.340   7.4164E+00
    4.350   6.6788E+00
    4.360   6.6696E+00
    4.370   6.5914E+00
    4.380   5.4821E+00
    4.390   2.5460E+00
    4.400  -1.8824E+00
    4.410  -6.5899E+00
    4.420  -1.0810E+01
    4.430  -1.2917E+01
    4.440  -1.3099E+01
    4.450  -1.0429E+01
    4.460  -6.5256E+00
    4.470  -3.9881E-01
    4.480   7.2066E+00
    4.490   1.4994E+01
    4.500   2.1397E+01
    4.510   2.5002E+01
    4.520   2.4920E+01
    4.530   2.1222E+01
    4.540   1.5147E+01
    4.550   8.6676E+00
    4.560   3.5420E+00
    4.570   1.1376E+00
    4.580   1.8345E-01
    4.590   5.1885E-01
    4.600   1.6791E+00
    4.610   3.5575E+00
    4.620   5.7361E+00
    4.630   7.4081E+00
    4.640   7.6841E+00
    4.650   6.1874E+00
    4.660   3.0896E+00
    4.670  -1.4718E+00
    4.680  -7.8569E+00
    4.690  -1.5675E+01
    4.700  -2.4537E+01
    4.710  -3.2536E+01
    4.720  -3.8408E+01
    4.730  -3.9375E+01
    4.740  -3.6340E+01
    4.750  -2.9495E+01
    4.760  -2.0714E+01
    4.770  -1.2033E+01
    4.780  -4.4144E+00
    4.790   2.5107E+00
    4.800   9.3916E+00
    4.810   1.5914E+01
    4.820   2.0525E+01
    4.830   2.1150E+01
    4.840   1.5722E+01
    4.850   5.7537E+00
    4.860  -7.0563E+00
    4.870  -1.9041E+01
    4.880  -2.7937E+01
    4.890  -3.3056E+01
    4.900  -3.6736E+01
    4.910  -4.1045E+01
    4.920  -4.6077E+01
    4.930  -5.0521E+01
    4.940  -5.3371E+01
    4.950  -5.4867E+01
    4.960  -5.5598E+01
    4.970  -5.5324E+01
    4.980  -5.3111E+01
    4.990  -4.8516E+01
    5.000  -4.2537E+01
    5.010  -3.4523E+01
    5.020  -2.7488E+01
    5.030  -2.1242E+01
    5.040  -1.6396E+01
    5.050  -1.4442E+01
    5.060  -1.6094E+01
    5.070  -2.1020E+01
    5.080  -2.8539E+01
    5.090  -3.8092E+01
    5.100  -4.9751E+01
    5.110  -6.3031E+01
    5.120  -7.3846E+01
    5.130  -7.7995E+01
    5.140  -7.4368E+01
    5.150  -6.4534E+01
    5.160  -5.3175E+01
    5.170  -4.2826E+01
    5.180  -3.3140E+01
    5.190  -2.0076E+01
    5.200  -2.9059E+00
    5.210   1.3868E+01
    5.220   2.3412E+01
    5.230   2.4730E+01
    5.240   2.1200E+01
    5.250   1.3891E+01
    5.260   4.8539E+00
    5.270  -1.7047E+00
    5.280  -4.5971E+00
    5.290  -4.6699E+00
    5.300  -3.4023E+00
    5.310  -3.5104E+00
    5.320  -5.2842E+00
    5.330  -8.6874E+00
    5.340  -1.4040E+01
    5.350  -2.0961E+01
    5.360  -2.6168E+01
    5.370  -2.7147E+01
    5.380  -2.3870E+01
    5.390  -1.9918E+01
    5.400  -1.9401E+01
    5.410  -2.2187E+01
    5.420  -2.1424E+01
    5.430  -1.2778E+01
    5.440   8.6511E-03
    5.450   1.1571E+01
    5.460   1.9290E+01
    5.470   2.5092E+01
    5.480   2.7737E+01
    5.490   2.7904E+01
    5.500   2.5930E+01
    5.510   1.9081E+01
    5.520   7.6016E+00
    5.530  -4.5471E+00
    5.540  -1.4821E+01
    5.550  -2.1990E+01
    5.560  -2.7806E+01
    5.570  -3.3794E+01
    5.580  -3.5294E+01
    5.590  -3.0777E+01
    5.600  -2.4985E+01
    5.610  -2.3498E+01
    5.620  -2.6139E+01
    5.630  -2.6807E+01
    5.640  -1.9848E+01
    5.650  -3.4955E+00
    5.660   1.8801E+01
    5.670   4.0999E+01
    5.680   5.7314E+01
    5.690   6.6873E+01
    5.700   7.4268E+01
    5.710   7.9893E+01
    5.720   7.6009E+01
    5.730   6.0603E+01
    5.740   3.7713E+01
    5.750   1.3564E+01
    5.760  -4.9173E+00
    5.770  -1.4019E+01
    5.780  -1.3540E+01
    5.790  -2.5396E-01
    5.800   2.0007E+01
    5.810   3.7891E+01
    5.820   4.9521E+01
    5.830   5.1139E+01
    5.840   4.5699E+01
    5.850   4.1174E+01
    5.860   3.9660E+01
    5.870   3.8736E+01
    5.880   3.5511E+01
    5.890   3.5236E+01
    5.900   4.2019E+01
    5.910   4.9662E+01
    5.920   5.3803E+01
    5.930   5.6958E+01
    5.940   6.3654E+01
    5.950   7.4258E+01
    5.960   8.6971E+01
    5.970   1.0184E+02
    5.980   1.1280E+02
    5.990   1.1201E+02
    6.000   9.9100E+01
    6.010   7.6844E+01
    6.020   4.6355E+01
    6.030   1.6114E+01
    6.040  -6.5332E+00
    6.050  -2.7472E+01
    6.060  -5.4316E+01
    6.070  -8.2567E+01
    6.080  -9.8931E+01
    6.090  -9.8608E+01
    6.100  -8.0018E+01
    6.110  -3.7683E+01
    6.120   1.4270E+01
    6.130   5.2195E+01
    6.140   6.8676E+01
    6.150   7.0490E+01
    6.160   7.0734E+01
    6.170   8.0748E+01
    6.180   1.0156E+02
    6.190   1.2245E+02
    6.200   1.3795E+02
    6.210   1.4951E+02
    6.220   1.5981E+02
    6.230   1.6620E+02
    6.240   1.5930E+02
    6.250   1.3831E+02
    6.260   1.1203E+02
    6.270   8.1044E+01
    6.280   4.5491E+01
    6.290   1.0697E+01
    6.300  -1.7213E+01
    6.310  -3.0337E+01
    6.320  -2.5202E+01
    6.330  -7.2440E-01
    6.340   3.5180E+01
    6.350   7.4932E+01
    6.360   1.0986E+02
    6.370   1.3313E+02
    6.380   1.4721E+02
    6.390   1.5154E+02
    6.400   1.4982E+02
    6.410   1.4226E+02
    6.420   1.2105E+02
    6.430   8.9261E+01
    6.440   4.9539E+01
    6.450   6.5026E+00
    6.460  -3.1355E+01
    6.470  -5.7369E+01
    6.480  -6.7089E+01
    6.490  -6.5010E+01
    6.500  -5.7265E+01
    6.510  -4.4041E+01
    6.520  -2.2227E+01
    6.530   4.1236E+00
    6.540   2.9368E+01
    6.550   4.8382E+01
    6.560   6.7612E+01
    6.570   8.8606E+01
    6.580   1.0204E+02
    6.590   9.8250E+01
    6.600   9.2076E+01
    6.610   9.1053E+01
    6.620   8.7991E+01
    6.630   7.0931E+01
    6.640   3.7502E+01
    6.650  -3.5772E+00
    6.660  -2.9807E+01
    6.670  -3.3214E+01
    6.680  -3.3749E+01
    6.690  -4.6611E+01
    6.700  -7.2121E+01
    6.710  -1.0164E+02
    6.720  -1.2056E+02
    6.730  -1.2551E+02
    6.740  -1.2922E+02
    6.750  -1.4300E+02
    6.760  -1.5666E+02
    6.770  -1.4335E+02
    6.780  -1.0182E+02
    6.790  -5.9508E+01
    6.800  -3.6176E+01
    6.810  -2.4142E+01
    6.820  -1.6630E+01
    6.830  -1.5360E+01
    6.840  -1.9839E+01
    6.850  -3.6168E+01
    6.860  -6.4245E+01
    6.870  -9.0376E+01
    6.880  -1.1120E+02
    6.890  -1.3607E+02
    6.900  -1.6241E+02
    6.910  -1.8762E+02
    6.920  -2.1173E+02
    6.930  -2.2253E+02
    6.940  -2.1064E+02
    6.950  -1.8175E+02
    6.960  -1.5080E+02
    6.970  -1.3066E+02
    6.980  -1.2214E+02
    6.990  -1.1346E+02
    7.000  -9.4838E+01
    7.010  -6.7609E+01
    7.020  -4.2261E+01
    7.030  -2.6130E+01
    7.040  -1.4162E+01
    7.050  -1.2582E+01
    7.060  -2.8592E+01
    7.070  -5.5377E+01
    7.080  -7.8153E+01
    7.090  -8.4848E+01
    7.100  -7.0439E+01
    7.110  -3.9303E+01
    7.120  -5.7834E+00
    7.130   2.2978E+01
    7.140   4.5745E+01
    7.150   5.5000E+01
    7.160   4.7759E+01
    7.170   3.8063E+01
    7.180   3.7259E+01
    7.190   3.4168E+01
    7.200   1.6560E+01
    7.210  -1.0919E+01
    7.220  -4.9407E+01
    7.230  -9.1426E+01
    7.240  -1.2446E+02
    7.250  -1.4288E+02
    7.260  -1.3370E+02
    7.270  -8.5684E+01
    7.280  -1.0157E+01
    7.290   6.1731E+01
    7.300   1.1431E+02
    7.310   1.5683E+02
    7.320   1.8658E+02
    7.330   1.9989E+02
    7.340   2.0887E+02
    7.350   2.1270E+02
    7.360   1.9505E+02
    7.370   1.5122E+02
    7.380   8.7982E+01
    7.390   1.3950E+01
    7.400  -3.9039E+01
    7.410  -5.8360E+01
    7.420  -6.6195E+01
    7.430  -7.6248E+01
    7.440  -8.9256E+01
    7.450  -1.0515E+02
    7.460  -1.3235E+02
    7.470  -1.7299E+02
    7.480  -2.1690E+02
    7.490  -2.5549E+02
    7.500  -2.8291E+02
    7.510  -2.9026E+02
    7.520  -2.6602E+02
    7.530  -2.1018E+02
    7.540  -1.3567E+02
    7.550  -5.5402E+01
    7.560   8.8276E+00
    7.570   4.0449E+01
    7.580   3.5175E+01
    7.590   5.6842E+00
    7.600  -3.6663E+01
    7.610  -9.2449E+01
    7.620  -1.5148E+02
    7.630  -1.9497E+02
    7.640  -2.0806E+02
    7.650  -2.0069E+02
    7.660  -1.8757E+02
    7.670  -1.6523E+02
    7.680  -1.2881E+02
    7.690  -8.2128E+01
    7.700  -3.1128E+01
    7.710   1.6370E+01
    7.720   5.5194E+01
    7.730   9.2931E+01
    7.740   1.1697E+02
    7.750   1.2268E+02
    7.760   1.2131E+02
    7.770   1.1281E+02
    7.780   1.0052E+02
    7.790   9.3748E+01
    7.800   9.3138E+01
    7.810   9.4359E+01
    7.820   9.1298E+01
    7.830   8.3980E+01
    7.840   7.5078E+01
    7.850   7.0545E+01
    7.860   7.5578E+01
    7.870   9.0391E+01
    7.880   1.0557E+02
    7.890   1.1532E+02
    7.900   1.2488E+02
    7.910   1.2833E+02
    7.920   1.1892E+02
    7.930   1.0030E+02
    7.940   8.6227E+01
    7.950   8.4424E+01
    7.960   9.6604E+01
    7.970   1.1243E+02
    7.980   1.1606E+02
    7.990   9.7088E+01
    8.000   5.7988E+01
    8.010   1.6889E+01
    8.020  -2.4682E+01
    8.030  -6.7565E+01
    8.040  -1.0557E+02
    8.050  -1.3080E+02
    8.060  -1.4894E+02
    8.070  -1.5857E+02
    8.080  -1.5720E+02
    8.090  -1.3927E+02
    8.100  -1.0400E+02
    8.110  -5.9278E+01
    8.120  -2.7761E+01
    8.130  -1.5943E+01
    8.140  -1.5626E+01
    8.150  -1.2904E+01
    8.160  -6.4105E+00
    8.170  -6.7003E+00
    8.180  -1.0177E+01
    8.190  -1.9173E+01
    8.200  -4.4797E+01
    8.210  -9.5940E+01
    8.220  -1.5404E+02
    8.230  -1.9743E+02
    8.240  -2.1260E+02
    8.250  -1.9792E+02
    8.260  -1.6679E+02
    8.270  -1.3584E+02
    8.280  -1.1722E+02
    8.290  -1.1483E+02
    8.300  -1.1101E+02
    8.310  -9.7876E+01
    8.320  -8.8139E+01
    8.330  -9.1751E+01
    8.340  -9.7386E+01
    8.350  -9.1023E+01
    8.360  -7.6716E+01
    8.370  -5.5632E+01
    8.380  -2.2397E+01
    8.390   3.2117E+01
    8.400   9.5988E+01
    8.410   1.5888E+02
    8.420   2.0614E+02
    8.430   2.2087E+02
    8.440   2.0679E+02
    8.450   1.9332E+02
    8.460   1.8672E+02
    8.470   1.9206E+02
    8.480   2.1881E+02
    8.490   2.4592E+02
    8.500   2.5995E+02
    8.510   2.4983E+02
    8.520   2.0526E+02
    8.530   1.3819E+02
    8.540   5.7955E+01
    8.550  -1.7485E+01
    8.560  -6.9200E+01
    8.570  -9.2877E+01
    8.580  -9.3237E+01
    8.590  -8.5573E+01
    8.600  -8.2845E+01
    8.610  -9.0885E+01
    8.620  -1.0404E+02
    8.630  -1.1058E+02
    8.640  -1.0570E+02
    8.650  -8.9082E+01
    8.660  -5.6240E+01
    8.670  -1.1300E+01
    8.680   3.5930E+01
    8.690   8.2398E+01
    8.700   1.3290E+02
    8.710   1.7616E+02
    8.720   2.1118E+02
    8.730   2.2919E+02
    8.740   2.3846E+02
    8.750   2.4044E+02
    8.760   2.2916E+02
    8.770   2.0295E+02
    8.780   1.5529E+02
    8.790   9.2456E+01
    8.800   3.6214E+01
    8.810  -6.2849E+00
    8.820  -3.9996E+01
    8.830  -5.7095E+01
    8.840  -4.0899E+01
    8.850   3.3038E+00
    8.860   4.1479E+01
    8.870   6.5600E+01
    8.880   8.6191E+01
    8.890   1.0417E+02
    8.900   1.2364E+02
    8.910   1.4119E+02
    8.920   1.5773E+02
    8.930   1.6786E+02
    8.940   1.5812E+02
    8.950   1.2679E+02
    8.960   7.1867E+01
    8.970   9.5689E+00
    8.980  -5.5685E+01
    8.990  -1.1263E+02
    9.000  -1.3806E+02
    9.010  -1.3620E+02
    9.020  -1.1298E+02
    9.030  -7.5136E+01
    9.040  -3.0192E+01
    9.050   1.4455E+01
    9.060   5.9812E+01
    9.070   1.0013E+02
    9.080   1.2560E+02
    9.090   1.3677E+02
    9.100   1.4750E+02
    9.110   1.7250E+02
    9.120   2.0223E+02
    9.130   2.1618E+02
    9.140   2.0990E+02
    9.150   1.8942E+02
    9.160   1.7118E+02
    9.170   1.7689E+02
    9.180   2.1493E+02
    9.190   2.6948E+02
    9.200   3.1194E+02
    9.210   3.2008E+02
    9.220   2.8072E+02
    9.230   2.1546E+02
    9.240   1.6049E+02
    9.250   1.2203E+02
    9.260   9.6286E+01
    9.270   7.6405E+01
    9.280   5.1245E+01
    9.290   2.3169E+01
    9.300   1.3158E+01
    9.310   2.7646E+01
    9.320   5.9299E+01
    9.330   8.9133E+01
    9.340   9.3065E+01
    9.350   6.6718E+01
    9.360   2.2677E+01
    9.370  -3.7874E+01
    9.380  -1.0380E+02
    9.390  -1.3842E+02
    9.400  -1.3501E+02
    9.410  -1.1384E+02
    9.420  -7.6197E+01
    9.430  -2.3066E+01
    9.440   3.7608E+01
    9.450   9.9011E+01
    9.460   1.4409E+02
    9.470   1.6012E+02
    9.480   1.4580E+02
    9.490   1.0091E+02
    9.500   4.6349E+01
    9.510   1.0205E+01
    9.520  -4.8720E+00
    9.530  -5.8748E+00
    9.540  -2.5591E+00
    9.550   2.4248E+00
    9.560   1.9809E+00
    9.570  -5.7133E+00
    9.580  -1.4646E+01
    9.590  -3.2477E+01
    9.600  -6.5929E+01
    9.610  -1.0306E+02
    9.620  -1.2778E+02
    9.630  -1.2305E+02
    9.640  -8.8053E+01
    9.650  -4.4345E+01
    9.660  -4.1720E+00
    9.670   1.6372E+01
    9.680   1.2968E+01
    9.690  -2.6696E+00
    9.700  -3.3048E+01
    9.710  -8.0382E+01
    9.720  -1.2775E+02
    9.730  -1.6974E+02
    9.740  -2.0962E+02
    9.750  -2.4189E+02
    9.760  -2.6175E+02
    9.770  -2.7440E+02
    9.780  -2.7822E+02
    9.790  -2.6872E+02
    9.800  -2.4225E+02
    9.810  -1.9928E+02
    9.820  -1.5713E+02
    9.830  -1.4009E+02
    9.840  -1.6098E+02
    9.850  -2.0029E+02
    9.860  -2.2940E+02
    9.870  -2.3716E+02
    9.880  -2.3041E+02
    9.890  -2.1656E+02
    9.900  -1.8994E+02
    9.910  -1.3925E+02
    9.920  -7.5747E+01
    9.930  -3.4657E+01
    9.940  -2.5083E+01
    9.950  -4.8387E+01
    9.960  -9.8161E+01
    9.970  -1.4477E+02
    9.980  -1.5782E+02
    9.990  -1.3363E+02
   10.000  -1.0211E+02
   10.010  -8.7712E+01
   10.020  -9.6355E+01
   10.030  -1.1369E+02
   10.040  -1.1557E+02
   10.050  -9.7833E+01
   10.060  -6.3885E+01
   10.070  -2.8113E+01
   10.080  -8.5536E+00
   10.090  -5.4307E+00
   10.100  -2.2979E+01
   10.110  -6.1379E+01
   10.120  -1.0853E+02
   10.130  -1.4544E+02
   10.140  -1.5394E+02
   10.150  -1.3352E+02
   10.160  -1.0250E+02
   10.170  -7.8495E+01
   10.180  -7.2750E+01
   10.190  -7.7972E+01
   10.200  -8.5533E+01
   10.210  -9.1744E+01
   10.220  -8.3346E+01
   10.230  -5.7225E+01
   10.240  -1.4270E+01
   10.250   4.1152E+01
   10.260   9.4312E+01
   10.270   1.2480E+02
   10.280   1.2552E+02
   10.290   1.1724E+02
   10.300   1.0512E+02
   10.310   7.1208E+01
   10.320   2.0711E+01
   10.330  -3.8880E+01
   10.340  -1.0630E+02
   10.350  -1.6354E+02
   10.360  -1.7756E+02
   10.370  -1.4589E+02
   10.380  -1.0747E+02
   10.390  -8.9489E+01
   10.400  -8.5597E+01
   10.410  -8.6515E+01
   10.420  -8.3260E+01
   10.430  -7.6960E+01
   10.440  -7.6759E+01
   10.450  -8.4553E+01
   10.460  -8.5690E+01
   10.470  -6.4586E+01
   10.480  -1.8194E+01
   10.490   3.8071E+01
   10.500   9.2712E+01
   10.510   1.5648E+02
   10.520   2.3269E+02
   10.530   3.0496E+02
   10.540   3.5303E+02
   10.550   3.6433E+02
   10.560   3.4274E+02
   10.570   3.0279E+02
   10.580   2.6039E+02
   10.590   2.2166E+02
   10.600   1.7093E+02
   10.610   1.0955E+02
   10.620   6.4605E+01
   10.630   4.2190E+01
   10.640   2.5725E+01
   10.650  -2.1285E+00
   10.660  -4.3961E+01
   10.670  -8.3983E+01
   10.680  -1.1318E+02
   10.690  -1.2981E+02
   10.700  -1.4261E+02
   10.710  -1.6055E+02
   10.720  -1.7704E+02
   10.730  -1.7664E+02
   10.740  -1.5872E+02
   10.750  -1.2773E+02
   10.760  -8.2471E+01
   10.770  -3.5786E+01
   10.780   5.4679E+00
   10.790   3.8910E+01
   10.800   5.7954E+01
   10.810   5.7083E+01
   10.820   2.8791E+01
   10.830  -2.2365E+01
   10.840  -6.5988E+01
   10.850  -8.3642E+01
   10.860  -8.1756E+01
   10.870  -6.7915E+01
   10.880  -5.0854E+01
   10.890  -4.1440E+01
   10.900  -5.3217E+01
   10.910  -8.0704E+01
   10.920  -9.8166E+01
   10.930  -9.2828E+01
   10.940  -6.8120E+01
   10.950  -3.7915E+01
   10.960  -9.9422E+00
   10.970   2.1527E+01
   10.980   5.2461E+01
   10.990   7.4550E+01
   11.000   9.0608E+01
   11.010   1.0627E+02
   11.020   1.2405E+02
   11.030   1.4607E+02
   11.040   1.6635E+02
   11.050   1.7856E+02
   11.060   1.8645E+02
   11.070   1.9325E+02
   11.080   2.0421E+02
   11.090   2.3140E+02
   11.100   2.6963E+02
   11.110   2.9963E+02
   11.120   3.1132E+02
   11.130   3.0091E+02
   11.140   2.6657E+02
   11.150   2.1506E+02
   11.160   1.6212E+02
   11.170   1.2257E+02
   11.180   1.0257E+02
   11.190   1.0067E+02
   11.200   1.0323E+02
   11.210   1.0828E+02
   11.220   1.2034E+02
   11.230   1.3318E+02
   11.240   1.3303E+02
   11.250   1.1537E+02
   11.260   8.4336E+01
   11.270   6.1414E+01
   11.280   4.9765E+01
   11.290   3.8018E+01
   11.300   2.5460E+01
   11.310   1.0723E+01
   11.320  -2.5560E+00
   11.330  -9.9680E+00
   11.340  -2.1260E+01
   11.350  -3.7348E+01
   11.360  -5.3269E+01
   11.370  -5.6131E+01
   11.380  -4.2012E+01
   11.390  -3.0561E+01
   11.400  -3.6527E+01
   11.410  -5.9013E+01
   11.420  -8.9928E+01
   11.430  -1.1486E+02
   11.440  -1.3040E+02
   11.450  -1.3793E+02
   11.460  -1.4738E+02
   11.470  -1.5620E+02
   11.480  -1.5704E+02
   11.490  -1.5611E+02
   11.500  -1.6069E+02
   11.510  -1.6969E+02
   11.520  -1.8119E+02
   11.530  -1.9155E+02
   11.540  -1.9603E+02
   11.550  -1.8680E+02
   11.560  -1.6127E+02
   11.570  -1.2930E+02
   11.580  -9.3482E+01
   11.590  -5.4570E+01
   11.600  -2.3544E+01
   11.610  -1.0500E+01
   11.620  -1.6640E+01
   11.630  -3.0360E+01
   11.640  -3.2724E+01
   11.650  -1.2667E+01
   11.660   2.3925E+01
   11.670   6.4951E+01
   11.680   9.5971E+01
   11.690   1.0603E+02
   11.700   9.8515E+01
   11.710   8.1221E+01
   11.720   6.5622E+01
   11.730   5.6399E+01
   11.740   5.0019E+01
   11.750   4.0967E+01
   11.760   2.6893E+01
   11.770   1.0130E+01
   11.780  -1.1865E+01
   11.790  -3.2825E+01
   11.800  -4.3361E+01
   11.810  -4.0705E+01
   11.820  -2.5646E+01
   11.830  -5.2419E+00
   11.840   6.7649E+00
   11.850   8.7175E+00
   11.860   7.5706E+00
   11.870   1.4207E+00
   11.880  -1.1537E+01
   11.890  -1.5510E+01
   11.900   3.4682E+00
   11.910   3.6529E+01
   11.920   6.9426E+01
   11.930   9.6482E+01
   11.940   1.1513E+02
   11.950   1.2441E+02
   11.960   1.2898E+02
   11.970   1.3022E+02
   11.980   1.2677E+02
   11.990   1.2052E+02
   12.000   1.0941E+02
   12.010   8.3357E+01
   12.020   3.1714E+01
   12.030  -3.9787E+01
   12.040  -1.1512E+02
   12.050  -1.7890E+02
   12.060  -2.2761E+02
   12.070  -2.5964E+02
   12.080  -2.6759E+02
   12.090  -2.5137E+02
   12.100  -2.2029E+02
   12.110  -1.8236E+02
   12.120  -1.3965E+02
   12.130  -9.5099E+01
   12.140  -5.6968E+01
   12.150  -2.9327E+01
   12.160  -8.1659E+00
   12.170   8.0486E+00
   12.180   2.1328E+01
   12.190   4.0234E+01
   12.200   6.7831E+01
   12.210   9.9210E+01
   12.220   1.2522E+02
   12.230   1.3896E+02
   12.240   1.3853E+02
   12.250   1.3084E+02
   12.260   1.2666E+02
   12.270   1.2341E+02
   12.280   1.0989E+02
   12.290   8.6822E+01
   12.300   6.4888E+01
   12.310   5.2798E+01
   12.320   5.3797E+01
   12.330   6.8615E+01
   12.340   8.6743E+01
   12.350   9.7489E+01
   12.360   1.0427E+02
   12.370   1.1173E+02
   12.380   1.2094E+02
   12.390   1.2916E+02
   12.400   1.3325E+02
   12.410   1.3351E+02
   12.420   1.2954E+02
   12.430   1.1965E+02
   12.440   1.0392E+02
   12.450   8.4022E+01
   12.460   5.6250E+01
   12.470   2.0004E+01
   12.480  -1.7737E+01
   12.490  -4.9956E+01
   12.500  -6.5730E+01
   12.510  -5.6886E+01
   12.520  -3.4637E+01
   12.530  -4.4775E+00
   12.540   3.2018E+01
   12.550   5.8099E+01
   12.560   7.0329E+01
   12.570   6.9521E+01
   12.580   5.6021E+01
   12.590   4.0797E+01
   12.600   2.8348E+01
   12.610   1.1102E+01
   12.620  -1.8042E+01
   12.630  -6.2279E+01
   12.640  -1.0813E+02
   12.650  -1.4191E+02
   12.660  -1.5588E+02
   12.670  -1.4249E+02
   12.680  -1.0778E+02
   12.690  -7.0139E+01
   12.700  -4.2883E+01
   12.710  -2.2835E+01
   12.720   6.0687E-03
   12.730   3.0053E+01
   12.740   5.9094E+01
   12.750   7.5321E+01
   12.760   7.7037E+01
   12.770   6.6200E+01
   12.780   4.5765E+01
   12.790   2.1414E+01
   12.800  -4.3365E-01
   12.810  -1.2171E+01
   12.820  -1.0685E+01
   12.830  -3.4123E-01
   12.840   1.1085E+01
   12.850   1.6807E+01
   12.860   1.6953E+01
   12.870   1.2038E+01
   12.880   3.3900E+00
   12.890  -6.5258E+00
   12.900  -1.9077E+01
   12.910  -3.3607E+01
   12.920  -5.2053E+01
   12.930  -7.4117E+01
   12.940  -9.5751E+01
   12.950  -1.1474E+02
   12.960  -1.2477E+02
   12.970  -1.2218E+02
   12.980  -1.1051E+02
   12.990  -9.3477E+01
   13.000  -7.5462E+01
   13.010  -5.8058E+01
   13.020  -4.2651E+01
   13.030  -3.0144E+01
   13.040  -1.7931E+01
   13.050  -8.9492E-01
   13.060   2.2129E+01
   13.070   4.4367E+01
   13.080   5.8476E+01
   13.090   6.5098E+01
   13.100   6.9357E+01
   13.110   7.5055E+01
   13.120   7.9619E+01
   13.130   7.9229E+01
   13.140   7.0289E+01
   13.150   5.2616E+01
   13.160   3.0161E+01
   13.170   8.4494E+00
   13.180  -9.5546E+00
   13.190  -2.3834E+01
   13.200  -3.6966E+01
   13.210  -5.2819E+01
   13.220  -6.9941E+01
   13.230  -8.4319E+01
   13.240  -9.7190E+01
   13.250  -1.1071E+02
   13.260  -1.1706E+02
   13.270  -1.0976E+02
   13.280  -8.9080E+01
   13.290  -6.1337E+01
   13.300  -3.4824E+01
   13.310  -1.4305E+01
   13.320   1.3292E+00
   13.330   1.0942E+01
   13.340   1.5879E+01
   13.350   1.3362E+01
   13.360   3.3638E+00
   13.370  -8.2528E+00
   13.380  -1.9112E+01
   13.390  -3.1029E+01
   13.400  -4.2276E+01
   13.410  -5.2403E+01
   13.420  -6.0196E+01
   13.430  -6.1595E+01
   13.440  -5.6242E+01
   13.450  -5.0285E+01
   13.460  -5.0819E+01
   13.470  -5.8573E+01
   13.480  -6.6837E+01
   13.490  -7.1420E+01
   13.500  -7.2607E+01
   13.510  -7.3768E+01
   13.520  -7.5960E+01
   13.530  -7.8177E+01
   13.540  -7.9740E+01
   13.550  -8.2286E+01
   13.560  -8.4179E+01
   13.570  -8.1891E+01
   13.580  -7.7030E+01
   13.590  -7.0681E+01
   13.600  -6.2691E+01
   13.610  -5.5528E+01
   13.620  -5.1337E+01
   13.630  -4.8639E+01
   13.640  -4.5811E+01
   13.650  -4.5859E+01
   13.660  -4.8371E+01
   13.670  -5.0400E+01
   13.680  -4.8752E+01
   13.690  -4.2542E+01
   13.700  -3.3247E+01
   13.710  -2.2615E+01
   13.720  -1.0077E+01
   13.730   6.6377E+00
   13.740   2.4216E+01
   13.750   4.0833E+01
   13.760   5.3886E+01
   13.770   6.0946E+01
   13.780   6.3162E+01
   13.790   5.9497E+01
   13.800   4.7805E+01
   13.810   3.0970E+01
   13.820   1.1683E+01
   13.830  -5.1561E+00
   13.840  -1.3405E+01
   13.850  -1.0314E+01
   13.860   1.9518E+00
   13.870   1.9530E+01
   13.880   3.9842E+01
   13.890   6.3794E+01
   13.900   8.9479E+01
   13.910   1.1124E+02
   13.920   1.2428E+02
   13.930   1.2495E+02
   13.940   1.1394E+02
   13.950   9.7441E+01
   13.960   8.2020E+01
   13.970   6.8177E+01
   13.980   5.2777E+01
   13.990   3.6587E+01
   14.000   2.1637E+01
   14.010   8.8987E+00
   14.020  -8.5724E-01
   14.030  -6.3217E+00
   14.040  -8.6599E+00
   14.050  -1.1069E+01
   14.060  -1.4946E+01
   14.070  -2.1168E+01
   14.080  -3.0845E+01
   14.090  -3.9858E+01
   14.100  -4.2265E+01
   14.110  -3.4895E+01
   14.120  -2.3163E+01
   14.130  -1.4130E+01
   14.140  -1.0892E+01
   14.150  -1.3316E+01
   14.160  -1.8289E+01
   14.170  -2.3173E+01
   14.180  -2.4492E+01
   14.190  -2.0008E+01
   14.200  -1.0645E+01
   14.210   1.4244E+00
   14.220   1.2668E+01
   14.230   1.7349E+01
   14.240   1.4665E+01
   14.250   1.0433E+01
   14.260   8.2668E+00
   14.270   6.0678E+00
   14.280   4.4932E+00
   14.290   5.3169E+00
   14.300   7.2015E+00
   14.310   9.1790E+00
   14.320   1.1100E+01
   14.330   1.1924E+01
   14.340   1.1474E+01
   14.350   9.9960E+00
   14.360   6.1204E+00
   14.370   5.5099E-01
   14.380  -4.4098E+00
   14.390  -7.2239E+00
   14.400  -5.7913E+00
   14.410   8.9383E-03
   14.420   8.5041E+00
   14.430   1.7008E+01
   14.440   2.4142E+01
   14.450   2.9453E+01
   14.460   3.2672E+01
   14.470   3.6899E+01
   14.480   4.5589E+01
   14.490   5.7430E+01
   14.500   6.9437E+01
   14.510   8.0001E+01
   14.520   8.6583E+01
   14.530   8.6912E+01
   14.540   7.9504E+01
   14.550   6.7436E+01
   14.560   5.3469E+01
   14.570   3.8043E+01
   14.580   2.4541E+01
   14.590   1.4553E+01
   14.600   7.5292E+00
   14.610   4.9387E+00
   14.620   4.7780E+00
   14.630   3.6169E+00
   14.640   1.2838E+00
   14.650  -1.3922E+00
   14.660  -3.9917E+00
   14.670  -6.9462E+00
   14.680  -9.6001E+00
   14.690  -1.2039E+01
   14.700  -1.5723E+01
   14.710  -1.9800E+01
   14.720  -2.0884E+01
   14.730  -1.8139E+01
   14.740  -1.3636E+01
   14.750  -7.9840E+00
   14.760  -2.2870E+00
   14.770   8.3943E-01
   14.780   1.7561E+00
   14.790   1.3445E+00
   14.800   1.5009E+00
   14.810   4.3203E+00
   14.820   8.7807E+00
   14.830   1.2588E+01
   14.840   1.4414E+01
   14.850   1.4169E+01
   14.860   1.3474E+01
   14.870   1.2383E+01
   14.880   1.1176E+01
   14.890   1.0502E+01
   14.900   1.0782E+01
   14.910   1.0722E+01
   14.920   9.1359E+00
   14.930   6.7715E+00
   14.940   4.5856E+00
   14.950   3.1874E+00
   14.960   2.0702E+00
   14.970  -2.4030E-01
   14.980  -5.9600E+00
   14.990  -1.3735E+01
   15.000  -2.1313E+01
   15.010  -2.7952E+01
   15.020  -3.1763E+01
   15.030  -3.1427E+01
   15.040  -2.7409E+01
   15.050  -2.0971E+01
   15.060  -1.3702E+01
   15.070  -7.5157E+00
   15.080  -3.5331E+00
   15.090  -1.9381E+00
   15.100  -2.0744E+00
   15.110  -3.5704E+00
   15.120  -6.9849E+00
   15.130  -1.2408E+01
   15.140  -1.8361E+01
   15.150  -2.4188E+01
   15.160  -2.9313E+01
   15.170  -3.2040E+01
   15.180  -3.1775E+01
   15.190  -2.7924E+01
   15.200  -2.1283E+01
   15.210  -1.3650E+01
   15.220  -6.2125E+00
   15.230   8.5257E-01
   15.240   7.6751E+00
   15.250   1.4218E+01
   15.260   2.0137E+01
   15.270   2.3991E+01
   15.280   2.3936E+01
   15.290   2.0080E+01
   15.300   1.4702E+01
   15.310   9.3251E+00
   15.320   4.7079E+00
   15.330   2.8934E+00
   15.340   4.4965E+00
   15.350   7.4036E+00
   15.360   8.6087E+00
   15.370   6.3517E+00
   15.380   1.2937E+00
   15.390  -4.4311E+00
   15.400  -8.2096E+00
   15.410  -8.9005E+00
   15.420  -7.1645E+00
   15.430  -4.4608E+00
   15.440  -2.6044E+00
   15.450  -2.3795E+00
   15.460  -3.8494E+00
   15.470  -6.6722E+00
   15.480  -1.0054E+01
   15.490  -1.2673E+01
   15.500  -1.3147E+01
   15.510  -1.2353E+01
   15.520  -1.1669E+01
   15.530  -1.1031E+01
   15.540  -1.0108E+01
   15.550  -8.5134E+00
   15.560  -6.6527E+00
   15.570  -5.3564E+00
   15.580  -4.5549E+00
   15.590  -4.0384E+00
   15.600  -3.4227E+00
   15.610  -2.1984E+00
   15.620  -4.3964E-01
   15.630   1.7366E+00
   15.640   4.3644E+00
   15.650   6.8702E+00
   15.660   8.3367E+00
   15.670   8.3788E+00
   15.680   7.5620E+00
   15.690   6.6349E+00
   15.700   6.5325E+00
   15.710   7.9720E+00
   15.720   9.8782E+00
   15.730   1.0631E+01
   15.740   9.4271E+00
   15.750   6.3186E+00
   15.760   2.1920E+00
   15.770  -1.8072E+00
   15.780  -4.4654E+00
   15.790  -4.4948E+00
   15.800  -1.4324E+00
   15.810   3.7738E+00
   15.820   8.8035E+00
   15.830   1.2192E+01
   15.840   1.3718E+01
   15.850   1.3937E+01
   15.860   1.3098E+01
   15.870   1.0906E+01
   15.880   7.8745E+00
   15.890   5.2003E+00
   15.900   3.6638E+00
   15.910   2.9887E+00
   15.920   2.8707E+00
   15.930   3.1210E+00
   15.940   3.6123E+00
   15.950   4.0776E+00
   15.960   4.2464E+00
   15.970   4.0969E+00
   15.980   3.4454E+00
   15.990   2.2108E+00
   16.000   5.8485E-01
   16.010  -9.8705E-01
   16.020  -1.8341E+00
   16.030  -2.1714E+00
   16.040  -2.2890E+00
   16.050  -2.0499E+00
   16.060  -1.7007E+00
   16.070  -1.5939E+00
   16.080  -1.8302E+00
   16.090  -2.5399E+00
   16.100  -3.7910E+00
   16.110  -5.2376E+00
   16.120  -6.7406E+00
   16.130  -8.1977E+00
   16.140  -9.4200E+00
   16.150  -1.0346E+01
   16.160  -1.0943E+01
   16.170  -1.1152E+01
   16.180  -1.0761E+01
   16.190  -9.9865E+00
   16.200  -9.3050E+00
   16.210  -8.8442E+00
   16.220  -8.4634E+00
   16.230  -7.6216E+00
   16.240  -5.9005E+00
   16.250  -3.3780E+00
   16.260  -4.9060E-01
   16.270   2.0743E+00
   16.280   3.7883E+00
   16.290   4.4906E+00
   16.300   4.2326E+00
   16.310   3.4997E+00
   16.320   2.8837E+00
   16.330   2.5987E+00
   16.340   2.5905E+00
   16.350   2.7195E+00
   16.360   2.9660E+00
   16.370   3.5534E+00
   16.380   4.7177E+00
   16.390   6.4958E+00
   16.400   8.5537E+00
   16.410   1.0369E+01
   16.420   1.1506E+01
   16.430   1.1607E+01
   16.440   1.0371E+01
   16.450   7.8172E+00
   16.460   4.3916E+00
   16.470   8.1110E-01
   16.480  -2.1835E+00
   16.490  -4.3570E+00
   16.500  -5.9834E+00
   16.510  -7.2704E+00
   16.520  -8.1914E+00
   16.530  -8.5107E+00
   16.540  -8.1463E+00
   16.550  -7.2819E+00
   16.560  -6.0997E+00
   16.570  -4.8477E+00
   16.580  -3.8366E+00
   16.590  -3.3521E+00
   16.600  -3.4623E+00
   16.610  -3.6889E+00
   16.620  -3.3497E+00
   16.630  -2.0752E+00
   16.640  -1.4488E-01
   16.650   1.6804E+00
   16.660   2.7875E+00
   16.670   2.8557E+00
   16.680   1.9701E+00
   16.690   5.8166E-01
   16.700  -7.9929E-01
   16.710  -1.8237E+00
   16.720  -2.4887E+00
   16.730  -2.9652E+00
   16.740  -3.5595E+00
   16.750  -4.5781E+00
   16.760  -6.0707E+00
   16.770  -7.6921E+00
   16.780  -8.9242E+00
   16.790  -9.5973E+00
   16.800  -9.7906E+00
   16.810  -9.6215E+00
   16.820  -9.0988E+00
   16.830  -8.2244E+00
   16.840  -7.1539E+00
   16.850  -6.0397E+00
   16.860  -4.9049E+00
   16.870  -3.8162E+00
   16.880  -2.9023E+00
   16.890  -2.3132E+00
   16.900  -2.0545E+00
   16.910  -1.8626E+00
   16.920  -1.5118E+00
   16.930  -1.0056E+00
   16.940  -4.0404E-01
   16.950   1.3880E-01
   16.960   2.8838E-01
   16.970  -1.1790E-01
   16.980  -8.6585E-01
   16.990  -1.5064E+00
   17.000  -1.6238E+00
   17.010  -9.8681E-01
   17.020   2.9074E-01
   17.030   1.7823E+00
   17.040   2.9830E+00
   17.050   3.5118E+00
   17.060   3.2304E+00
   17.070   2.2833E+00
   17.080   1.0633E+00
   17.090   1.7211E-02
   17.100  -6.8319E-01
   17.110  -1.0444E+00
   17.120  -9.9499E-01
   17.130  -5.4581E-01
   17.140   8.7966E-02
   17.150   6.6972E-01
   17.160   1.0845E+00
   17.170   1.3125E+00
   17.180   1.2993E+00
   17.190   1.0363E+00
   17.200   6.7201E-01
   17.210   5.0206E-01
   17.220   7.3697E-01
   17.230   1.3761E+00
   17.240   2.3485E+00
   17.250   3.6311E+00
   17.260   5.1618E+00
   17.270   6.7250E+00
   17.280   8.0101E+00
   17.290   8.7435E+00
   17.300   8.7475E+00
   17.310   8.0051E+00
   17.320   6.7727E+00
   17.330   5.5181E+00
   17.340   4.6803E+00
   17.350   4.4095E+00
   17.360   4.5721E+00
   17.370   4.9270E+00
   17.380   5.3030E+00
   17.390   5.6245E+00
   17.400   5.8478E+00
   17.410   5.9307E+00
   17.420   5.8172E+00
   17.430   5.4104E+00
   17.440   4.6888E+00
   17.450   3.8082E+00
   17.460   2.9884E+00
   17.470   2.3339E+00
   17.480   1.7582E+00
   17.490   1.1355E+00
   17.500   4.6683E-01
   17.510  -1.2798E-01
   17.520  -5.4035E-01
   17.530  -7.7664E-01
   17.540  -9.0909E-01
   17.550  -1.0180E+00
   17.560  -1.2006E+00
   17.570  -1.5840E+00
   17.580  -2.2536E+00
   17.590  -3.1767E+00
   17.600  -4.1921E+00
   17.610  -5.0630E+00
   17.620  -5.6224E+00
   17.630  -5.8925E+00
   17.640  -6.0291E+00
   17.650  -6.2060E+00
   17.660  -6.4568E+00
   17.670  -6.6399E+00
   17.680  -6.5345E+00
   17.690  -5.9226E+00
   17.700  -4.6956E+00
   17.710  -2.8936E+00
   17.720  -7.1015E-01
   17.730   1.5408E+00
   17.740   3.5547E+00
   17.750   5.1745E+00
   17.760   6.3973E+00
   17.770   7.2485E+00
   17.780   7.6666E+00
   17.790   7.5333E+00
   17.800   6.8413E+00
   17.810   5.7933E+00
   17.820   4.7103E+00
   17.830   3.8856E+00
   17.840   3.4743E+00
   17.850   3.4165E+00
   17.860   3.4919E+00
   17.870   3.4139E+00
   17.880   2.9263E+00
   17.890   1.9351E+00
   17.900   5.7162E-01
   17.910  -8.9191E-01
   17.920  -2.1728E+00
   17.930  -3.0783E+00
   17.940  -3.5267E+00
   17.950  -3.5818E+00
   17.960  -3.4064E+00
   17.970  -3.1198E+00
   17.980  -2.7233E+00
   17.990  -2.1415E+00
   18.000  -1.2931E+00
   18.010  -2.0105E-01
   18.020   9.2120E-01
   18.030   1.7403E+00
   18.040   2.0189E+00
   18.050   1.7561E+00
   18.060   1.1196E+00
   18.070   2.9504E-01
   18.080  -6.0558E-01
   18.090  -1.5242E+00
   18.100  -2.4130E+00
   18.110  -3.2225E+00
   18.120  -3.9437E+00
   18.130  -4.5826E+00
   18.140  -5.0695E+00
   18.150  -5.2868E+00
   18.160  -5.1792E+00
   18.170  -4.8505E+00
   18.180  -4.5315E+00
   18.190  -4.3947E+00
   18.200  -4.4428E+00
   18.210  -4.5028E+00
   18.220  -4.3378E+00
   18.230  -3.8276E+00
   18.240  -3.0621E+00
   18.250  -2.2941E+00
   18.260  -1.7592E+00
   18.270  -1.5593E+00
   18.280  -1.6637E+00
   18.290  -1.9427E+00
   18.300  -2.2021E+00
   18.310  -2.2180E+00
   18.320  -1.8426E+00
   18.330  -1.1210E+00
   18.340  -2.6260E-01
   18.350   5.1845E-01
   18.360   1.1261E+00
   18.370   1.5658E+00
   18.380   1.8544E+00
   18.390   1.9746E+00
   18.400   1.9045E+00
   18.410   1.6696E+00
   18.420   1.3645E+00
   18.430   1.1218E+00
   18.440   1.0406E+00
   18.450   1.1288E+00
   18.460   1.3177E+00
   18.470   1.5282E+00
   18.480   1.6931E+00
   18.490   1.7055E+00
   18.500   1.3880E+00
   18.510   5.7880E-01
   18.520  -7.2786E-01
   18.530  -2.3412E+00
   18.540  -3.9725E+00
   18.550  -5.3596E+00
   18.560  -6.3197E+00
   18.570  -6.7704E+00
   18.580  -6.7704E+00
   18.590  -6.5286E+00
   18.600  -6.3005E+00
   18.610  -6.2311E+00
   18.620  -6.2933E+00
   18.630  -6.3718E+00
   18.640  -6.3822E+00
   18.650  -6.3075E+00
   18.660  -6.1474E+00
   18.670  -5.8559E+00
   18.680  -5.3253E+00
   18.690  -4.4431E+00
   18.700  -3.2072E+00
   18.710  -1.8111E+00
   18.720  -5.7762E-01
   18.730   2.4699E-01
   18.740   6.5924E-01
   18.750   8.5348E-01
   18.760   1.0265E+00
   18.770   1.2466E+00
   18.780   1.4953E+00
   18.790   1.7720E+00
   18.800   2.1172E+00
   18.810   2.5537E+00
   18.820   3.0572E+00
   18.830   3.6024E+00
   18.840   4.2090E+00
   18.850   4.9071E+00
   18.860   5.6499E+00
   18.870   6.2872E+00
   18.880   6.6593E+00
   18.890   6.7239E+00
   18.900   6.5807E+00
   18.910   6.3677E+00
   18.920   6.1510E+00
   18.930   5.9173E+00
   18.940   5.6398E+00
   18.950   5.3100E+00
   18.960   4.9115E+00
   18.970   4.4042E+00
   18.980   3.7551E+00
   18.990   2.9657E+00
   19.000   2.0588E+00
   19.010   1.0560E+00
   19.020  -7.7813E-03
   19.030  -1.0543E+00
   19.040  -1.9634E+00
   19.050  -2.6169E+00
   19.060  -2.9532E+00
   19.070  -3.0025E+00
   19.080  -2.8858E+00
   19.090  -2.7624E+00
   19.100  -2.7428E+00
   19.110  -2.8287E+00
   19.120  -2.9284E+00
   19.130  -2.9213E+00
   19.140  -2.7056E+00
   19.150  -2.2080E+00
   19.160  -1.3951E+00
   19.170  -3.1510E-01
   19.180   8.7566E-01
   19.190   1.9606E+00
   19.200   2.7716E+00
   19.210   3.2688E+00
   19.220   3.5153E+00
   19.230   3.5771E+00
   19.240   3.4460E+00
   19.250   3.0613E+00
   19.260   2.4045E+00
   19.270   1.5777E+00
   19.280   7.9013E-01
   19.290   2.5474E-01
   19.300   7.3611E-02
   19.310   2.1144E-01
   19.320   5.7464E-01
   19.330   1.1022E+00
   19.340   1.7643E+00
   19.350   2.4895E+00
   19.360   3.1449E+00
   19.370   3.6166E+00
   19.380   3.8847E+00
   19.390   3.9885E+00
   19.400   3.9398E+00
   19.410   3.7183E+00
   19.420   3.3470E+00
   19.430   2.9239E+00
   19.440   2.5541E+00
   19.450   2.2750E+00
   19.460   2.0570E+00
   19.470   1.8425E+00
   19.480   1.5585E+00
   19.490   1.1241E+00
   19.500   4.9787E-01
   19.510  -2.7321E-01
   19.520  -1.0632E+00
   19.530  -1.7208E+00
   19.540  -2.1135E+00
   19.550  -2.1627E+00
   19.560  -1.8923E+00
   19.570  -1.4428E+00
   19.580  -9.8433E-01
   19.590  -5.8466E-01
   19.600  -1.8087E-01
   19.610   3.0268E-01
   19.620   8.2940E-01
   19.630   1.2654E+00
   19.640   1.5072E+00
   19.650   1.5711E+00
   19.660   1.5573E+00
   19.670   1.5433E+00
   19.680   1.5201E+00
   19.690   1.4196E+00
   19.700   1.1930E+00
   19.710   8.5308E-01
   19.720   4.4563E-01
   19.730   5.0640E-03
   19.740  -4.2423E-01
   19.750  -7.2075E-01
   19.760  -6.8696E-01
   19.770  -1.6916E-01
   19.780   8.1667E-01
   19.790   2.0936E+00
   19.800   3.4463E+00
   19.810   4.7087E+00
   19.820   5.7543E+00
   19.830   6.4763E+00
   19.840   6.8334E+00
   19.850   6.8908E+00
   19.860   6.7675E+00
   19.870   6.5297E+00
   19.880   6.1535E+00
   19.890   5.5819E+00
   19.900   4.7946E+00
   19.910   3.8305E+00
   19.920   2.7789E+00
   19.930   1.7508E+00
   19.940   8.1688E-01
   19.950  -4.7720E-02
   19.960  -9.3205E-01
   19.970  -1.8813E+00
   19.980  -2.8393E+00
   19.990  -3.7095E+00
   20.000  -4.4392E+00
   20.010  -5.0181E+00
   20.020  -5.4332E+00
   20.030  -5.6859E+00
   20.040  -5.8448E+00
   20.050  -6.0163E+00
   20.060  -6.2363E+00
   20.070  -6.4276E+00
   20.080  -6.4932E+00
   20.090  -6.4309E+00
   20.100  -6.3326E+00
   20.110  -6.2907E+00
   20.120  -6.3234E+00
   20.130  -6.3730E+00
   20.140  -6.3446E+00
   20.150  -6.1560E+00
   20.160  -5.7823E+00
   20.170  -5.2638E+00
   20.180  -4.6613E+00
   20.190  -4.0059E+00
   20.200  -3.3055E+00
   20.210  -2.5897E+00
   20.220  -1.9176E+00
   20.230  -1.3251E+00
   20.240  -7.7926E-01
   20.250  -2.0027E-01
   20.260   4.7181E-01
   20.270   1.2369E+00
   20.280   2.0498E+00
   20.290   2.8576E+00
   20.300   3.6237E+00
   20.310   4.3337E+00
   20.320   4.9945E+00
   20.330   5.6183E+00
   20.340   6.1807E+00
   20.350   6.5836E+00
   20.360   6.6797E+00
   20.370   6.3635E+00
   20.380   5.6491E+00
   20.390   4.6515E+00
   20.400   3.4944E+00
   20.410   2.2434E+00
   20.420   9.1746E-01
   20.430  -4.6126E-01
   20.440  -1.8380E+00
   20.450  -3.1278E+00
   20.460  -4.2391E+00
   20.470  -5.1087E+00
   20.480  -5.7262E+00
   20.490  -6.1153E+00
   20.500  -6.2830E+00
   20.510  -6.2019E+00
   20.520  -5.8527E+00
   20.530  -5.2805E+00
   20.540  -4.6058E+00
   20.550  -3.9946E+00
   20.560  -3.6147E+00
   20.570  -2.8868E+00
   20.580  -3.1081E+00
   20.590  -3.5841E+00
   20.600  -4.1221E+00
   20.610  -4.5929E+00
   20.620  -4.9735E+00
   20.630  -5.2944E+00
   20.640  -5.5654E+00
   20.650  -5.7512E+00
   20.660  -5.7923E+00
   20.670  -5.6456E+00
   20.680  -5.3163E+00
   20.690  -4.8623E+00
   20.700  -4.3681E+00
   20.710  -3.9170E+00
   20.720  -3.5742E+00
   20.730  -3.3583E+00
   20.740  -3.2007E+00
   20.750  -2.9597E+00
   20.760  -2.5311E+00
   20.770  -1.9554E+00
   20.780  -1.3834E+00
   20.790  -9.2487E-01
   20.800  -5.6258E-01
   20.810  -2.2817E-01
   20.820  -5.1959E-02
   20.830   2.9606E-02
   20.840  -2.1232E-02
   20.850  -1.6260E-01
   20.860  -3.3022E-01
   20.870   1.3118E-01
   20.880  -1.1226E-01
   20.890  -3.4065E-01
   20.900  -5.4785E-01
   20.910  -7.2477E-01
   20.920  -8.6403E-01
   20.930  -9.5369E-01
   20.940  -9.6412E-01
   20.950  -8.5182E-01
   20.960  -5.9769E-01
   20.970  -2.5130E-01
   20.980   8.1886E-02
   20.990   3.2049E-01
   21.000   4.6941E-01
   21.010   5.7901E-01
   21.020   5.8915E-01
   21.030   6.2062E-01
   21.040   4.2324E-01
   21.050  -1.0731E-02
   21.060  -5.5299E-01
   21.070  -1.0115E+00
   21.080  -1.2261E+00
   21.090  -1.1295E+00
   21.100  -7.6408E-01
   21.110  -2.5422E-01
   21.120   2.6731E-01
   21.130   1.0806E+00
   21.140   1.3456E+00
   21.150   1.6296E+00
   21.160   1.9379E+00
   21.170   2.1996E+00
   21.180   2.3279E+00
   21.190   2.2925E+00
   21.200   2.1511E+00
   21.210   2.0349E+00
   21.220   2.1005E+00
   21.230   2.4666E+00
   21.240   3.1515E+00
   21.250   3.8459E+00
   21.260   4.3725E+00
   21.270   4.7113E+00
   21.280   4.7468E+00
   21.290   4.4647E+00
   21.300   3.9193E+00
   21.310   3.1853E+00
   21.320   2.3358E+00
   21.330   1.4443E+00
   21.340   5.7127E-01
   21.350  -2.5905E-01
   21.360  -1.0440E+00
   21.370  -1.7433E+00
   21.380  -6.9134E-02
   21.390  -2.9261E-01
   21.400  -3.2189E-01
   21.410  -2.9179E-01
   21.420  -3.5470E-01
   21.430  -5.6616E-01
   21.440  -8.7534E-01
   21.450  -1.1986E+00
   21.460  -2.2007E+00
   21.470  -2.3260E+00
   21.480  -2.3060E+00
   21.490  -2.1583E+00
   21.500  -1.9488E+00
   21.510  -1.7530E+00
   21.520  -1.6181E+00
   21.530  -1.5665E+00
   21.540  -1.6177E+00
   21.550  -1.7837E+00
   21.560  -2.0427E+00
   21.570  -2.3367E+00
   21.580  -2.6060E+00
   21.590  -2.8197E+00
   21.600  -2.9654E+00
   21.610  -2.1952E+00
   21.620  -1.9883E+00
   21.630  -1.5543E+00
   21.640  -9.8625E-01
   21.650  -2.0323E-01
   21.660   6.3455E-01
   21.670   1.5354E+00
   21.680   2.5755E+00
   21.690   3.7908E+00
   21.700   7.7154E+00
   21.710   9.0682E+00
   21.720   9.9079E+00
   21.730   1.0120E+01
   21.740   1.0115E+01
   21.750   9.4356E+00
   21.760   8.6199E+00
   21.770   7.7800E+00
   21.780   6.9144E+00
   21.790   5.6317E+00
   21.800   4.5965E+00
   21.810   3.5171E+00
   21.820   2.2103E+00
   21.830   1.5501E+00
   21.840   1.0467E+00
   21.850  -3.3972E-02
   21.860  -1.3518E-01
   21.870  -1.1286E-01
   21.880  -4.6909E-02
   21.890   1.4546E+00
   21.900   1.7038E+00
   21.910   1.8540E+00
   21.920   1.9150E+00
   21.930   1.8511E+00
   21.940   1.6071E+00
   21.950   1.1668E+00
   21.960   5.6646E-01
   21.970  -1.3481E-01
   21.980  -8.6744E-01
   21.990  -1.5529E+00
   22.000  -2.1403E+00
   22.010  -2.6531E+00
   22.020  -3.1680E+00
   22.030  -4.3206E+00
   22.040  -5.7311E+00
   22.050  -6.0650E+00
   22.060  -6.1546E+00
   22.070  -5.9499E+00
   22.080  -5.4601E+00
   22.090  -3.7979E+00
   22.100  -2.8419E+00
   22.110  -1.9573E+00
   22.120  -1.2256E+00
   22.130  -6.5021E-01
   22.140  -2.7247E-01
   22.150  -1.0892E-01
   22.160   2.7828E-01
   22.170   7.5653E-01
   22.180   1.4147E+00
   22.190   2.2312E+00
   22.200   2.4529E+00
   22.210   3.7594E+00
   22.220   3.5977E+00
   22.230   3.7104E+00
   22.240   3.4369E+00
   22.250   3.3932E+00
   22.260   3.3933E+00
   22.270   3.4178E+00
   22.280   3.4467E+00
   22.290   3.1443E+00
   22.300   3.1824E+00
   22.310   3.2554E+00
   22.320   3.3070E+00
   22.330   3.2582E+00
   22.340   3.0072E+00
   22.350   2.4531E+00
   22.360   2.2498E-01
   22.370  -6.5907E-01
   22.380  -1.3903E+00
   22.390  -1.7248E+00
   22.400  -1.5937E+00
   22.410  -1.0999E+00
   22.420  -4.0487E-01
   22.430   3.6926E-01
   22.440   1.1562E+00
   22.450   1.9116E+00
   22.460   2.5810E+00
   22.470   3.0934E+00
   22.480   3.3825E+00
   22.490   1.8431E+00
   22.500   5.6551E-01
   22.510  -3.1816E-01
   22.520  -8.4415E-01
   22.530  -1.3606E+00
   22.540  -2.4323E+00
   22.550  -2.7025E+00
   22.560  -2.6200E+00
   22.570  -2.2179E+00
   22.580  -1.6736E+00
   22.590  -1.1768E+00
   22.600  -9.8848E-01
   22.610  -9.2995E-01
   22.620  -9.0724E-01
   22.630  -8.8072E-01
   22.640  -6.0846E-01
   22.650  -6.7247E-01
   22.660  -7.8996E-01
   22.670  -8.9566E-01
   22.680  -8.7041E-01
   22.690  -6.3626E-01
   22.700  -2.2374E-01
   22.710   8.5733E-02
   22.720   6.0377E-01
   22.730  -3.2884E-01
   22.740   5.8945E-02
   22.750   1.8757E-01
   22.760   5.8309E-01
   22.770   9.0299E-01
   22.780   1.1566E+00
   22.790   1.3971E+00
   22.800   5.5523E-01
   22.810   9.7426E-01
   22.820   1.2930E+00
   22.830   1.3411E+00
   22.840   1.0392E+00
   22.850   1.7281E-01
   22.860  -5.0361E-01
   22.870  -1.0141E+00
   22.880  -1.2340E+00
   22.890  -1.1410E+00
   22.900  -9.7606E-01
   22.910  -3.5075E-01
   22.920   3.5786E-01
   22.930   1.0132E+00
   22.940   1.4489E+00
   22.950   1.7508E+00
   22.960   1.2298E+00
   22.970   4.9165E-01
   22.980  -2.1504E-01
   22.990  -1.2012E+00
   23.000  -1.5490E+00
   23.010  -1.6087E+00
   23.020  -1.3677E+00
   23.030  -7.6523E-01
   23.040   1.8221E-01
   23.050   1.2799E+00
   23.060   2.2293E+00
   23.070   2.8045E+00
   23.080   2.9395E+00
   23.090   4.4593E+00
   23.100   3.7210E+00
   23.110   2.7575E+00
   23.120   1.7573E+00
   23.130   9.1585E-01
   23.140   3.9733E-01
   23.150   1.4002E-01
   23.160   1.6384E-02
   23.170  -1.4811E-01
   23.180  -4.7533E-01
   23.190  -1.2585E+00
   23.200  -2.0221E+00
   23.210  -2.8845E+00
   23.220  -3.6351E+00
   23.230  -4.9704E+00
   23.240  -5.1543E+00
   23.250  -5.1123E+00
   23.260  -5.0092E+00
   23.270  -4.9942E+00
   23.280  -4.7603E+00
   23.290  -3.4217E+00
   23.300  -3.8067E+00
   23.310  -4.1527E+00
   23.320  -5.1706E+00
   23.330  -6.4469E+00
   23.340  -7.6175E+00
   23.350  -6.1172E+00
   23.360  -6.6946E+00
   23.370  -6.8110E+00
   23.380  -6.8085E+00
   23.390  -5.4476E+00
   23.400  -5.1108E+00
   23.410  -4.7402E+00
   23.420  -4.8129E+00
   23.430  -4.5780E+00
   23.440  -4.5111E+00
   23.450  -4.2323E+00
   23.460  -4.4844E+00
   23.470  -4.5515E+00
   23.480  -4.4328E+00
   23.490  -4.0740E+00
   23.500  -3.8336E+00
   23.510  -2.6859E+00
   23.520  -1.3075E+00
   23.530   4.5665E-02
   23.540   1.3329E+00
   23.550   2.4092E+00
   23.560   3.0973E+00
   23.570   2.7133E+00
   23.580   2.6953E+00
   23.590   2.4146E+00
   23.600   2.0461E+00
   23.610   1.8197E+00
   23.620   1.8852E+00
   23.630   1.7303E+00
   23.640   2.2169E+00
   23.650   2.5604E+00
   23.660   2.6192E+00
   23.670   2.3667E+00
   23.680   1.8725E+00
   23.690  -1.2869E-01
   23.700  -7.0674E-01
   23.710  -1.0747E+00
   23.720  -1.0819E+00
   23.730  -7.7359E-01
   23.740  -1.7505E+00
   23.750  -1.4538E+00
   23.760  -1.0606E+00
   23.770  -7.2993E-01
   23.780   7.4896E-01
   23.790   5.4007E-01
   23.800  -6.2341E-02
   23.810  -1.0408E+00
   23.820  -2.2870E+00
   23.830  -3.5688E+00
   23.840  -5.7763E+00
   23.850  -6.6300E+00
   23.860  -7.1016E+00
   23.870  -7.1357E+00
   23.880  -6.8481E+00
   23.890  -5.3978E+00
   23.900  -4.8820E+00
   23.910  -4.4932E+00
   23.920  -4.1928E+00
   23.930  -3.8696E+00
   23.940  -3.4349E+00
   23.950  -2.8439E+00
   23.960  -2.0661E+00
   23.970  -1.0964E+00
   23.980  -2.0739E-03
   23.990   1.0926E+00
   24.000   2.0986E+00
   24.010   3.0145E+00
   24.020   3.8656E+00
   24.030   4.4676E+00
   24.040   4.8191E+00
   24.050   5.1279E+00
   24.060   5.2175E+00
   24.070   5.2079E+00
   24.080   5.2021E+00
   24.090   5.3431E+00
   24.100   5.9648E+00
   24.110   6.8308E+00
   24.120   7.7940E+00
   24.130   7.8153E+00
   24.140   7.5573E+00
   24.150   7.0108E+00
   24.160   2.1287E+00
   24.170   2.1002E+00
   24.180   1.4500E+00
   24.190   8.3979E-01
   24.200   2.7017E-01
   24.210   1.1215E-01
   24.220  -1.7216E-01
   24.230  -3.7520E-01
   24.240  -5.6566E-01
   24.250  -8.0334E-01
   24.260  -1.0934E+00
   24.270  -1.4085E+00
   24.280  -1.7324E+00
   24.290  -2.0619E+00
   24.300  -2.3781E+00
   24.310  -2.5882E+00
   24.320  -2.7159E+00
   24.330  -2.6570E+00
   24.340  -2.4478E+00
   24.350  -2.0690E+00
   24.360  -1.5410E+00
   24.370  -9.0536E-01
   24.380  -2.1571E-01
   24.390   4.7387E-01
   24.400   9.4072E-01
   24.410   1.9063E+00
   24.420   2.3035E+00
   24.430   2.4987E+00
   24.440   2.6397E+00
   24.450   2.6736E+00
   24.460   2.5221E+00
   24.470   2.3934E+00
   24.480   1.6282E+00
   24.490   1.4489E+00
   24.500   1.4054E+00
   24.510   1.5122E+00
   24.520   1.6970E+00
   24.530   1.8467E+00
   24.540   1.8702E+00
   24.550   1.7419E+00
   24.560   1.5491E+00
   24.570   1.2804E+00
   24.580   1.0044E+00
   24.590   8.3345E-01
   24.600   6.0922E-01
   24.610   4.4397E-01
   24.620   5.0637E-01
   24.630   3.6428E-01
   24.640  -2.0600E-02
   24.650  -1.4018E-01
   24.660  -5.7433E-01
   24.670  -7.0980E-01
   24.680  -8.1545E-01
   24.690  -8.8594E-01
   24.700  -9.0891E-01
   24.710  -8.8951E-01
   24.720  -8.5129E-01
   24.730  -7.4066E-01
   24.740  -7.6819E-01
   24.750  -9.2477E-01
   24.760  -1.1599E+00
   24.770  -1.4847E+00
   24.780  -1.7984E+00
   24.790  -2.0147E+00
   24.800  -2.1026E+00
   24.810  -1.9862E+00
   24.820  -1.8979E+00
   24.830  -1.7982E+00
   24.840  -1.7287E+00
   24.850  -1.5490E+00
   24.860  -1.4274E+00
   24.870  -1.2366E+00
   24.880  -9.4262E-01
   24.890  -5.5686E-01
   24.900   4.1372E-01
   24.910   1.0106E+00
   24.920   1.5338E+00
   24.930   1.1117E+00
   24.940   1.5723E+00
   24.950   1.9114E+00
   24.960   2.1908E+00
   24.970   2.3927E+00
   24.980   2.5337E+00
   24.990   2.6262E+00
   25.000   2.6528E+00
   25.010   2.5699E+00
   25.020   2.3474E+00
   25.030   2.0059E+00
   25.040   1.6159E+00
   25.050   6.8551E-01
   25.060   3.5379E-01
   25.070   2.1517E-01
   25.080   3.0911E-01
   25.090   5.0498E-01
   25.100   7.7402E-01
   25.110   1.0389E+00
   25.120   1.2486E+00
   25.130   1.3754E+00
   25.140   1.4081E+00
   25.150   1.3563E+00
   25.160   1.4016E+00
   25.170   1.1438E+00
   25.180   1.0501E+00
   25.190   9.3818E-01
   25.200   1.4527E+00
   25.210   1.1946E+00
   25.220   1.4512E+00
   25.230   1.5274E+00
   25.240   1.3417E+00
   25.250   9.1907E-01
   25.260   3.4584E-01
   25.270  -2.9548E-01
   25.280  -9.4268E-01
   25.290  -1.5323E+00
   25.300  -1.9964E+00
   25.310  -2.2890E+00
   25.320  -1.8060E+00
   25.330  -1.8565E+00
   25.340  -1.7734E+00
   25.350  -1.6154E+00
   25.360  -9.9002E-01
   25.370  -6.1896E-01
   25.380  -3.6376E-01
   25.390  -1.8853E-01
   25.400  -9.9767E-02
   25.410  -6.9026E-02
   25.420  -1.1945E-01
   25.430  -2.4246E-01
   25.440  -4.2481E-01
   25.450  -6.4660E-01
   25.460  -8.7426E-01
   25.470  -1.0603E+00
   25.480  -7.9395E-01
   25.490  -1.7632E+00
   25.500  -1.6718E+00
   25.510  -1.3023E+00
   25.520  -1.0932E+00
   25.530  -8.3226E-01
   25.540  -4.5988E-01
   25.550  -1.5601E-02
   25.560   4.6849E-01
   25.570   9.5240E-01
   25.580   1.3679E+00
   25.590   1.7102E+00
   25.600   1.9108E+00
   25.610   1.9997E+00
   25.620   2.0102E+00
   25.630   1.2900E+00
   25.640   1.0772E+00
   25.650   9.8946E-01
   25.660   7.3983E-01
   25.670   5.4031E-01
   25.680   4.0435E-01
   25.690  -3.5897E-01
   25.700  -2.4688E-01
   25.710  -5.8831E-02
   25.720  -3.6773E-01
   25.730  -2.4647E-01
   25.740  -2.4765E-01
   25.750   4.8601E-02
   25.760   6.4810E-02
   25.770   4.6340E-02
   25.780   5.6721E-02
   25.790   1.4033E-01
   25.800   2.9406E-01
   25.810   5.6794E-01
   25.820   6.4273E-01
   25.830   7.3344E-01
   25.840   7.4089E-01
   25.850   5.9281E-01
   25.860   4.7163E-01
   25.870   3.3309E-01
   25.880   2.1735E-01
   25.890   1.8911E-01
   25.900   1.9638E-01
   25.910   2.3056E-01
   25.920   2.9635E-01
   25.930   3.2419E-01
   25.940   3.1162E-01
   25.950   1.7965E-01
   25.960   8.1968E-02
   25.970  -2.4679E-02
   25.980  -1.3902E-01
   25.990  -3.0671E-01
   26.000  -4.5977E-01
   26.010  -6.7972E-01
   26.020  -1.1669E+00
   26.030  -1.0354E+00
   26.040  -9.6875E-01
   26.050  -1.0586E+00
   26.060  -1.0697E+00
   26.070  -1.0606E+00
   26.080  -5.7179E-01
   26.090  -4.0649E-01
   26.100  -2.2171E-01
   26.110  -4.0842E-02
   26.120   1.0731E-01
   26.130   2.3146E-01
   26.140   2.6304E-01
   26.150   2.5101E-01
   26.160   1.9299E-01
   26.170   1.0229E-01
   26.180   1.3003E-02
   26.190  -3.8643E-01
   26.200  -4.2698E-01
   26.210  -4.3832E-01
   26.220  -4.5053E-01
   26.230  -4.7507E-01
   26.240  -5.0201E-01
   26.250  -5.1090E-01
   26.260  -4.7775E-01
   26.270  -5.0608E-01
   26.280  -3.4529E-01
   26.290  -1.3469E-01
   26.300   8.2033E-02
   26.310   2.4762E-01
   26.320   3.7979E-01
   26.330   4.5629E-01
   26.340   5.0272E-01
   26.350   5.0723E-01
   26.360   4.6279E-01
   26.370   4.0140E-01
   26.380   6.0613E-02
   26.390  -9.9299E-02
   26.400  -2.6732E-01
   26.410  -4.5054E-01
   26.420  -6.3954E-01
   26.430  -8.0865E-01
   26.440  -1.0860E+00
   26.450  -1.2193E+00
   26.460  -1.3523E+00
   26.470  -1.4939E+00
   26.480  -1.6208E+00
   26.490  -1.6505E+00
   26.500  -1.6716E+00
   26.510  -1.6455E+00
   26.520  -1.5832E+00
   26.530  -1.4842E+00
   26.540  -1.3406E+00
   26.550  -1.1543E+00
   26.560  -9.0517E-01
   26.570  -6.1024E-01
   26.580  -3.0079E-01
   26.590  -2.6721E-02
   26.600  -2.3917E-01
   26.610  -1.6687E-01
   26.620  -1.7310E-01
   26.630  -9.5358E-02
   26.640  -1.9332E-01
   26.650  -2.3380E-01
   26.660  -3.1073E-01
   26.670  -3.0054E-01
   26.680  -3.4559E-01
   26.690  -4.8231E-01
   26.700  -4.7507E-01
   26.710  -4.0973E-01
   26.720  -2.9548E-01
   26.730  -1.4508E-01
   26.740  -8.8626E-01
   26.750  -8.9729E-01
   26.760  -9.4954E-01
   26.770  -1.0369E+00
   26.780  -1.1225E+00
   26.790  -1.1741E+00
   26.800  -1.1791E+00
   26.810  -1.1450E+00
   26.820  -1.0961E+00
   26.830  -1.0157E+00
   26.840  -8.2267E-01
   26.850  -7.0149E-01
   26.860  -5.4557E-01
   26.870  -3.6167E-01
   26.880  -1.5611E-01
   26.890   4.8142E-02
   26.900   2.6780E-01
   26.910   4.3661E-01
   26.920   5.3853E-01
   26.930   6.6319E-01
   26.940   4.1835E-01
   26.950   3.9535E-01
   26.960   3.4922E-01
   26.970   1.5035E-02
   26.980  -7.0437E-02
   26.990  -1.5719E-01
   27.000  -2.2050E-01
   27.010  -2.3500E-01
   27.020  -1.8487E-01
   27.030  -8.6747E-02
   27.040   3.5009E-02
   27.050   1.5305E-01
   27.060   2.3920E-01
   27.070   2.8712E-01
   27.080   2.7469E-01
   27.090   2.4410E-01
   27.100   2.0472E-01
   27.110   1.6148E-01
   27.120   1.1410E-01
   27.130   5.9808E-02
   27.140  -2.8212E-03
   27.150  -7.1880E-02
   27.160  -1.4305E-01
   27.170  -2.1104E-01
   27.180  -2.6954E-01
   27.190  -2.3057E-01
   27.200  -2.3857E-01
   27.210  -2.3249E-01
   27.220  -2.2264E-01
   27.230  -2.1694E-01
   27.240  -2.1514E-01
   27.250  -2.1249E-01
   27.260  -2.0916E-01
   27.270  -2.2350E-01
   27.280  -2.3859E-01
   27.290  -2.7185E-01
   27.300  -3.0874E-01
   27.310  -3.3399E-01
   27.320  -3.5115E-01
   27.330  -3.3841E-01
   27.340  -3.1666E-01
   27.350  -2.9068E-01
   27.360  -2.3370E-01
   27.370  -1.8707E-01
   27.380  -1.4323E-01
   27.390  -1.0258E-01
   27.400  -5.9618E-02
   27.410  -8.2082E-03
   27.420   5.2350E-02
   27.430   1.1486E-01
   27.440   1.6683E-01
   27.450   1.9720E-01
   27.460   2.8044E-01
   27.470   2.7046E-01
   27.480   2.6225E-01
   27.490   3.4019E-01
   27.500   3.5788E-01
   27.510   3.9863E-01
   27.520   4.4901E-01
   27.530   4.8891E-01
   27.540   4.9940E-01
   27.550   4.7158E-01
   27.560   4.1020E-01
   27.570   3.2926E-01
   27.580   2.4413E-01
   27.590   2.3482E-02
   27.600   1.7551E-03
   27.610  -2.3318E-02
   27.620  -5.2563E-02
   27.630  -8.2636E-02
   27.640  -1.0744E-01
   27.650  -1.2207E-01
   27.660  -1.2668E-01
   27.670  -3.5712E-02
   27.680  -2.7025E-02
   27.690  -1.8559E-02
   27.700  -2.6232E-02
   27.710  -3.7163E-02
   27.720  -4.9955E-02
   27.730  -8.9546E-02
   27.740  -9.9437E-02
   27.750  -1.0269E-01
   27.760  -1.0004E-01
   27.770  -9.4270E-02
   27.780  -8.9308E-02
   27.790  -8.9147E-02
   27.800  -9.6441E-02
   27.810  -1.1101E-01
   27.820  -1.2249E-01
   27.830  -1.3661E-01
   27.840  -1.4161E-01
   27.850  -8.7209E-02
   27.860  -6.0960E-02
   27.870  -2.5833E-02
   27.880   1.6114E-02
   27.890   6.1479E-02
   27.900   1.0648E-01
   27.910   1.4842E-01
   27.920   1.8354E-01
   27.930   2.1023E-01
   27.940   1.7569E-01
   27.950   2.0151E-01
   27.960   2.2349E-01
   27.970   2.3943E-01
   27.980   2.4702E-01
   27.990   2.4554E-01
   28.000   2.3719E-01
   28.010   2.2626E-01
   28.020   2.1663E-01
   28.030   1.9031E-01
   28.040   1.8997E-01
   28.050   1.8741E-01
   28.060   1.8011E-01
   28.070   1.6752E-01
   28.080   3.6497E-02
   28.090   2.1871E-02
   28.100   9.3213E-03
   28.110   3.0505E-04
   28.120  -5.2075E-03
   28.130  -8.2453E-03
   28.140  -1.0126E-02
   28.150  -1.2075E-02
   28.160  -1.5155E-02
   28.170  -2.0147E-02
   28.180  -2.7162E-02
   28.190  -3.5238E-02
   28.200  -4.2199E-02
   28.210  -4.6488E-02
   28.220  -4.6702E-02
   28.230  -4.3010E-02
   28.240  -3.6275E-02
   28.250  -2.7098E-02
   28.260  -1.5510E-02
   28.270  -1.6067E-03
   28.280  -9.5907E-03
   28.290  -2.8500E-03
   28.300   3.0895E-03
   28.310   7.5341E-03
   28.320   1.0057E-02
   28.330   1.0973E-02
   28.340   1.5019E-02
   28.350   1.7023E-02
   28.360   1.9773E-02
   28.370   2.2928E-02
   28.380   2.5744E-02
   28.390   2.7661E-02
   28.400   2.2850E-02
   28.410   2.3669E-02
   28.420   2.4707E-02
   28.430   2.6279E-02
   28.440   2.8284E-02
   28.450   3.0595E-02
   28.460   3.3260E-02
   28.470   3.6295E-02
   28.480   3.9456E-02
   28.490   4.2318E-02
   28.500   4.4562E-02
   28.510   4.6098E-02
   28.520   4.6884E-02
   28.530   4.6638E-02
   28.540   3.7971E-02
   28.550   3.7062E-02
   28.560   3.4412E-02
   28.570   3.0440E-02
   28.580   2.5866E-02
   28.590   2.1421E-02
   28.600   1.7545E-02
   28.610   1.4204E-02
   28.620   1.0981E-02
   28.630   7.3497E-03
   28.640   2.9515E-03
   28.650  -2.3480E-03
   28.660  -8.5776E-03
   28.670  -1.5736E-02
   28.680  -2.3648E-02
   28.690  -3.0635E-02
   28.700  -3.7826E-02
   28.710  -4.3149E-02
   28.720  -4.6093E-02
   28.730  -4.6894E-02
   28.740  -4.6263E-02
   28.750  -4.4849E-02
   28.760  -4.2966E-02
   28.770  -4.0795E-02
   28.780  -3.8677E-02
   28.790  -3.7090E-02
   28.800  -3.6326E-02
   28.810  -3.6251E-02
   28.820  -3.6358E-02
   28.830  -3.6001E-02
   28.840  -3.4667E-02
   28.850  -3.2226E-02
   28.860  -2.9053E-02
   28.870  -2.5848E-02
   28.880  -2.3196E-02
   28.890  -2.1237E-02
   28.900  -1.9716E-02
   28.910  -1.8263E-02
   28.920  -1.6570E-02
   28.930  -1.4353E-02
   28.940  -1.1323E-02
   28.950  -7.2684E-03
   28.960  -2.2222E-03
   28.970   3.4229E-03
   28.980   8.9409E-03
   28.990   1.3508E-02
   29.000   1.6597E-02
   29.010   1.8247E-02
   29.020   1.8956E-02
   29.030   1.9267E-02
   29.040   1.9415E-02
   29.050   1.9315E-02
   29.060   1.8775E-02
   29.070   1.7685E-02
   29.080   1.6068E-02
   29.090   1.4026E-02
   29.100   1.1635E-02
   29.110   8.8258E-03
   29.120   5.3253E-03
   29.130   7.1650E-04
   29.140  -5.3505E-03
   29.150  -1.2874E-02
   29.160  -2.1308E-02
   29.170  -2.9634E-02
   29.180  -9.3340E-03
   29.190  -1.2731E-02
   29.200  -1.4757E-02
   29.210  -1.5529E-02
   29.220  -1.5335E-02
   29.230  -1.4396E-02
   29.240  -1.2825E-02
   29.250  -1.0777E-02
   29.260  -8.5722E-03
   29.270  -6.6463E-03
   29.280  -4.7892E-03
   29.290  -4.8549E-03
   29.300  -1.0377E-02
   29.310  -1.0304E-02
   29.320  -1.0050E-02
   29.330  -9.6909E-03
   29.340  -9.3949E-03
   29.350  -9.3119E-03
   29.360  -9.5030E-03
   29.370  -9.9595E-03
   29.380  -1.0663E-02
   29.390  -1.1580E-02
   29.400  -1.2593E-02
   29.410  -1.3452E-02
   29.420  -1.3828E-02
   29.430  -1.3442E-02
   29.440  -1.2194E-02
   29.450  -1.0229E-02
   29.460  -7.9034E-03
   29.470  -5.5885E-03
   29.480  -3.4581E-03
   29.490  -1.4526E-03
   29.500   5.2161E-04
   29.510   2.3902E-03
   29.520   3.9475E-03
   29.530   5.0636E-03
   29.540   5.8003E-03
   29.550   6.3334E-03
   29.560   1.4345E-03
   29.570   1.3592E-03
   29.580   1.1967E-03
   29.590   9.3934E-04
   29.600   5.6337E-04
   29.610   6.0670E-05
   29.620  -5.3816E-04
   29.630  -1.1761E-03
   29.640  -1.8157E-03
   29.650  -2.5004E-03
   29.660  -3.3935E-03
   29.670  -4.7158E-03
   29.680  -6.5675E-03
   29.690  -8.7638E-03
   29.700  -1.0873E-02
   29.710  -1.2454E-02
   29.720  -1.3274E-02
   29.730  -1.3359E-02
   29.740  -1.2920E-02
   29.750  -1.2281E-02
   29.760  -1.1787E-02
   29.770  -1.1637E-02
   29.780  -1.1750E-02
   29.790  -1.1811E-02
   29.800  -1.1511E-02
   29.810  -1.0749E-02
   29.820  -9.6306E-03
   29.830  -8.3230E-03
   29.840  -3.7687E-03
   29.850  -4.2071E-03
   29.860  -4.6524E-03
   29.870  -5.0783E-03
   29.880  -5.4450E-03
   29.890  -5.6780E-03
   29.900  -5.6854E-03
   29.910  -5.4218E-03
   29.920  -4.9200E-03
   29.930  -4.2282E-03
   29.940  -3.3128E-03
   29.950  -2.0633E-03
   29.960  -4.4028E-04
   29.970   1.3773E-03
   29.980   3.0280E-03
   29.990   4.2023E-03
   30.000   4.8670E-03
   30.010   5.2603E-03
   30.020   5.6589E-03
   30.030   6.1537E-03
   30.040   6.6405E-03
   30.050   6.9828E-03
   30.060   7.1398E-03
   30.070   7.1514E-03
   30.080   7.0566E-03
   30.090   6.8454E-03
   30.100   6.4506E-03
   30.110   5.7591E-03
   30.120   4.6719E-03
   30.130   3.2082E-03
   30.140   1.5472E-03
   30.150  -6.9706E-05
   30.160   0.0000E+00
   30.170   0.0000E+00
   30.180   0.0000E+00
   30.190   0.0000E+00
   30.200   0.0000E+00
   30.210   0.0000E+00
   30.220   0.0000E+00
   30.230   0.0000E+00
   30.240   0.0000E+00
   30.250   0.0000E+00
   30.260   0.0000E+00
   30.270   0.0000E+00
   30.280   0.0000E+00
   30.290   0.0000E+00
   30.300   0.0000E+00
   30.310   0.0000E+00
   30.320   0.0000E+00
   30.330   0.0000E+00
   30.340   0.0000E+00
   30.350   0.0000E+00
   30.360   0.0000E+00
   30.370   0.0000E+00
   30.380   0.0000E+00
   30.390   0.0000E+00
   30.400   0.0000E+00
   30.410   0.0000E+00
   30.420   0.0000E+00
   30.430   0.0000E+00
   30.440   0.0000E+00
   30.450   0.0000E+00
   30.460   0.0000E+00
   30.470   0.0000E+00
   30.480   0.0000E+00
   30.490   0.0000E+00
   30.500   0.0000E+00
   30.510   0.0000E+00
   30.520   0.0000E+00
   30.530   0.0000E+00
   30.540   0.0000E+00
   30.550   0.0000E+00
   30.560   0.0000E+00
   30.570   0.0000E+00
   30.580   0.0000E+00
   30.590   0.0000E+00
   30.600   0.0000E+00
   30.610   0.0000E+00
   30.620   0.0000E+00
   30.630   0.0000E+00
   30.640   0.0000E+00
   30.650   0.0000E+00
   30.660   0.0000E+00
   30.670   0.0000E+00
   30.680   0.0000E+00
   30.690   0.0000E+00
   30.700   0.0000E+00
   30.710   0.0000E+00
   30.720   0.0000E+00
   30.730   0.0000E+00
   30.740   0.0000E+00
   30.750   0.0000E+00
   30.760   0.0000E+00
   30.770   0.0000E+00
   30.780   0.0000E+00
   30.790   0.0000E+00
   30.800   0.0000E+00
   30.810   0.0000E+00
   30.820   0.0000E+00
   30.830   0.0000E+00
   30.840   0.0000E+00
   30.850   0.0000E+00
   30.860   0.0000E+00
   30.870   0.0000E+00
   30.880   0.0000E+00
   30.890   0.0000E+00
   30.900   0.0000E+00
   30.910   0.0000E+00
   30.920   0.0000E+00
   30.930   0.0000E+00
   30.940   0.0000E+00
   30.950   0.0000E+00
   30.960   0.0000E+00
   30.970   0.0000E+00
   30.980   0.0000E+00
   30.990   0.0000E+00
   31.000   0.0000E+00
   31.010   0.0000E+00
   31.020   0.0000E+00
   31.030   0.0000E+00
   31.040   0.0000E+00
   31.050   0.0000E+00
   31.060   0.0000E+00
   31.070   0.0000E+00
   31.080   0.0000E+00
   31.090   0.0000E+00
   31.100   0.0000E+00
   31.110   0.0000E+00
   31.120   0.0000E+00
   31.130   0.0000E+00
   31.140   0.0000E+00
   31.150   0.0000E+00
   31.160   0.0000E+00
   31.170   0.0000E+00
   31.180   0.0000E+00
   31.190   0.0000E+00
   31.200   0.0000E+00
   31.210   0.0000E+00
   31.220   0.0000E+00
   31.230   0.0000E+00
   31.240   0.0000E+00
   31.250   0.0000E+00
   31.260   0.0000E+00
   31.270   0.0000E+00
   31.280   0.0000E+00
   31.290   0.0000E+00
   31.300   0.0000E+00
   31.310   0.0000E+00
   31.320   0.0000E+00
   31.330   0.0000E+00
   31.340   0.0000E+00
   31.350   0.0000E+00
   31.360   0.0000E+00
   31.370   0.0000E+00
   31.380   0.0000E+00
   31.390   0.0000E+00
   31.400   0.0000E+00
   31.410   0.0000E+00
   31.420   0.0000E+00
   31.430   0.0000E+00
   31.440   0.0000E+00
   31.450   0.0000E+00
   31.460   0.0000E+00
   31.470   0.0000E+00
   31.480   0.0000E+00
   31.490   0.0000E+00
   31.500   0.0000E+00
   31.510   0.0000E+00
   31.520   0.0000E+00
   31.530   0.0000E+00
   31.540   0.0000E+00
   31.550   0.0000E+00
   31.560   0.0000E+00
   31.570   0.0000E+00
   31.580   0.0000E+00
   31.590   0.0000E+00
   31.600   0.0000E+00
   31.610   0.0000E+00
   31.620   0.0000E+00
   31.630   0.0000E+00
   31.640   0.0000E+00
   31.650   0.0000E+00
   31.660   0.0000E+00
   31.670   0.0000E+00
   31.680   0.0000E+00
   31.690   0.0000E+00
   31.700   0.0000E+00
   31.710   0.0000E+00
   31.720   0.0000E+00
   31.730   0.0000E+00
   31.740   0.0000E+00
   31.750   0.0000E+00
   31.760   0.0000E+00
   31.770   0.0000E+00
   31.780   0.0000E+00
   31.790   0.0000E+00
   31.800   0.0000E+00
   31.810   0.0000E+00
   31.820   0.0000E+00
   31.830   0.0000E+00
   31.840   0.0000E+00
   31.850   0.0000E+00
   31.860   0.0000E+00
   31.870   0.0000E+00
   31.880   0.0000E+00
   31.890   0.0000E+00
   31.900   0.0000E+00
   31.910   0.0000E+00
   31.920   0.0000E+00
   31.930   0.0000E+00
   31.940   0.0000E+00
   31.950   0.0000E+00
   31.960   0.0000E+00
   31.970   0.0000E+00
   31.980   0.0000E+00
   31.990   0.0000E+00
   32.000   0.0000E+00
   32.010   0.0000E+00
   32.020   0.0000E+00
   32.030   0.0000E+00
   32.040   0.0000E+00
   32.050   0.0000E+00
   32.060   0.0000E+00
   32.070   0.0000E+00
   32.080   0.0000E+00
   32.090   0.0000E+00
   32.100   0.0000E+00
   32.110   0.0000E+00
   32.120   0.0000E+00
   32.130   0.0000E+00
   32.140   0.0000E+00
   32.150   0.0000E+00
   32.160   0.0000E+00
   32.170   0.0000E+00
   32.180   0.0000E+00
   32.190   0.0000E+00
   32.200   0.0000E+00
   32.210   0.0000E+00
   32.220   0.0000E+00
   32.230   0.0000E+00
   32.240   0.0000E+00
   32.250   0.0000E+00
   32.260   0.0000E+00
   32.270   0.0000E+00
   32.280   0.0000E+00
   32.290   0.0000E+00
   32.300   0.0000E+00
   32.310   0.0000E+00
   32.320   0.0000E+00
   32.330   0.0000E+00
   32.340   0.0000E+00
   32.350   0.0000E+00
   32.360   0.0000E+00
   32.370   0.0000E+00
   32.380   0.0000E+00
   32.390   0.0000E+00
   32.400   0.0000E+00
   32.410   0.0000E+00
   32.420   0.0000E+00
   32.430   0.0000E+00
   32.440   0.0000E+00
   32.450   0.0000E+00
   32.460   0.0000E+00
   32.470   0.0000E+00
   32.480   0.0000E+00
   32.490   0.0000E+00
   32.500   0.0000E+00
   32.510   0.0000E+00
   32.520   0.0000E+00
   32.530   0.0000E+00
   32.540   0.0000E+00
   32.550   0.0000E+00
   32.560   0.0000E+00
   32.570   0.0000E+00
   32.580   0.0000E+00
   32.590   0.0000E+00
   32.600   0.0000E+00
   32.610   0.0000E+00
   32.620   0.0000E+00
   32.630   0.0000E+00
   32.640   0.0000E+00
   32.650   0.0000E+00
   32.660   0.0000E+00
   32.670   0.0000E+00
   32.680   0.0000E+00
   32.690   0.0000E+00
   32.700   0.0000E+00
   32.710   0.0000E+00
   32.720   0.0000E+00
   32.730   0.0000E+00
   32.740   0.0000E+00
   32.750   0.0000E+00
   32.760   0.0000E+00
   32.770   0.0000E+00
   32.780   0.0000E+00
   32.790   0.0000E+00
   32.800   0.0000E+00
   32.810   0.0000E+00
   32.820   0.0000E+00
   32.830   0.0000E+00
   32.840   0.0000E+00
   32.850   0.0000E+00
   32.860   0.0000E+00
   32.870   0.0000E+00
   32.880   0.0000E+00
   32.890   0.0000E+00
   32.900   0.0000E+00
   32.910   0.0000E+00
   32.920   0.0000E+00
   32.930   0.0000E+00
   32.940   0.0000E+00
   32.950   0.0000E+00
   32.960   0.0000E+00
   32.970   0.0000E+00
   32.980   0.0000E+00
   32.990   0.0000E+00
   33.000   0.0000E+00
   33.010   0.0000E+00
   33.020   0.0000E+00
   33.030   0.0000E+00
   33.040   0.0000E+00
   33.050   0.0000E+00
   33.060   0.0000E+00
   33.070   0.0000E+00
   33.080   0.0000E+00
   33.090   0.0000E+00
   33.100   0.0000E+00
   33.110   0.0000E+00
   33.120   0.0000E+00
   33.130   0.0000E+00
   33.140   0.0000E+00
   33.150   0.0000E+00
   33.160   0.0000E+00
   33.170   0.0000E+00
   33.180   0.0000E+00
   33.190   0.0000E+00
   33.200   0.0000E+00
   33.210   0.0000E+00
   33.220   0.0000E+00
   33.230   0.0000E+00
   33.240   0.0000E+00
   33.250   0.0000E+00
   33.260   0.0000E+00
   33.270   0.0000E+00
   33.280   0.0000E+00
   33.290   0.0000E+00
   33.300   0.0000E+00
   33.310   0.0000E+00
   33.320   0.0000E+00
   33.330   0.0000E+00
   33.340   0.0000E+00
   33.350   0.0000E+00
   33.360   0.0000E+00
   33.370   0.0000E+00
   33.380   0.0000E+00
   33.390   0.0000E+00
   33.400   0.0000E+00
   33.410   0.0000E+00
   33.420   0.0000E+00
   33.430   0.0000E+00
   33.440   0.0000E+00
   33.450   0.0000E+00
   33.460   0.0000E+00
   33.470   0.0000E+00
   33.480   0.0000E+00
   33.490   0.0000E+00
   33.500   0.0000E+00
   33.510   0.0000E+00
   33.520   0.0000E+00
   33.530   0.0000E+00
   33.540   0.0000E+00
   33.550   0.0000E+00
   33.560   0.0000E+00
   33.570   0.0000E+00
   33.580   0.0000E+00
   33.590   0.0000E+00
   33.600   0.0000E+00
   33.610   0.0000E+00
   33.620   0.0000E+00
   33.630   0.0000E+00
   33.640   0.0000E+00
   33.650   0.0000E+00
   33.660   0.0000E+00
   33.670   0.0000E+00
   33.680   0.0000E+00
   33.690   0.0000E+00
   33.700   0.0000E+00
   33.710   0.0000E+00
   33.720   0.0000E+00
   33.730   0.0000E+00
   33.740   0.0000E+00
   33.750   0.0000E+00
   33.760   0.0000E+00
   33.770   0.0000E+00
   33.780   0.0000E+00
   33.790   0.0000E+00
   33.800   0.0000E+00
   33.810   0.0000E+00
   33.820   0.0000E+00
   33.830   0.0000E+00
   33.840   0.0000E+00
   33.850   0.0000E+00
   33.860   0.0000E+00
   33.870   0.0000E+00
   33.880   0.0000E+00
   33.890   0.0000E+00
   33.900   0.0000E+00
   33.910   0.0000E+00
   33.920   0.0000E+00
   33.930   0.0000E+00
   33.940   0.0000E+00
   33.950   0.0000E+00
   33.960   0.0000E+00
   33.970   0.0000E+00
   33.980   0.0000E+00
   33.990   0.0000E+00
   34.000   0.0000E+00
   34.010   0.0000E+00
   34.020   0.0000E+00
   34.030   0.0000E+00
   34.040   0.0000E+00
   34.050   0.0000E+00
   34.060   0.0000E+00
   34.070   0.0000E+00
   34.080   0.0000E+00
   34.090   0.0000E+00
   34.100   0.0000E+00
   34.110   0.0000E+00
   34.120   0.0000E+00
   34.130   0.0000E+00
   34.140   0.0000E+00
   34.150   0.0000E+00
   34.160   0.0000E+00
   34.170   0.0000E+00
   34.180   0.0000E+00
   34.190   0.0000E+00
   34.200   0.0000E+00
   34.210   0.0000E+00
   34.220   0.0000E+00
   34.230   0.0000E+00
   34.240   0.0000E+00
   34.250   0.0000E+00
   34.260   0.0000E+00
   34.270   0.0000E+00
   34.280   0.0000E+00
   34.290   0.0000E+00
   34.300   0.0000E+00
   34.310   0.0000E+00
   34.320   0.0000E+00
   34.330   0.0000E+00
   34.340   0.0000E+00
   34.350   0.0000E+00
   34.360   0.0000E+00
   34.370   0.0000E+00
   34.380   0.0000E+00
   34.390   0.0000E+00
   34.400   0.0000E+00
   34.410   0.0000E+00
   34.420   0.0000E+00
   34.430   0.0000E+00
   34.440   0.0000E+00
   34.450   0.0000E+00
   34.460   0.0000E+00
   34.470   0.0000E+00
   34.480   0.0000E+00
   34.490   0.0000E+00
   34.500   0.0000E+00
   34.510   0.0000E+00
   34.520   0.0000E+00
   34.530   0.0000E+00
   34.540   0.0000E+00
   34.550   0.0000E+00
   34.560   0.0000E+00
   34.570   0.0000E+00
   34.580   0.0000E+00
   34.590   0.0000E+00
   34.600   0.0000E+00
   34.610   0.0000E+00
   34.620   0.0000E+00
   34.630   0.0000E+00
   34.640   0.0000E+00
   34.650   0.0000E+00
   34.660   0.0000E+00
   34.670   0.0000E+00
   34.680   0.0000E+00
   34.690   0.0000E+00
   34.700   0.0000E+00
   34.710   0.0000E+00
   34.720   0.0000E+00
   34.730   0.0000E+00
   34.740   0.0000E+00
   34.750   0.0000E+00
   34.760   0.0000E+00
   34.770   0.0000E+00
   34.780   0.0000E+00
   34.790   0.0000E+00
   34.800   0.0000E+00
   34.810   0.0000E+00
   34.820   0.0000E+00
   34.830   0.0000E+00
   34.840   0.0000E+00
   34.850   0.0000E+00
   34.860   0.0000E+00
   34.870   0.0000E+00
   34.880   0.0000E+00
   34.890   0.0000E+00
   34.900   0.0000E+00
   34.910   0.0000E+00
   34.920   0.0000E+00
   34.930   0.0000E+00
   34.940   0.0000E+00
   34.950   0.0000E+00
   34.960   0.0000E+00
   34.970   0.0000E+00
   34.980   0.0000E+00
   34.990   0.0000E+00
   35.000   0.0000E+00
   35.010   0.0000E+00
   35.020   0.0000E+00
   35.030   0.0000E+00
   35.040   0.0000E+00
   35.050   0.0000E+00
   35.060   0.0000E+00
   35.070   0.0000E+00
   35.080   0.0000E+00
   35.090   0.0000E+00
   35.100   0.0000E+00
   35.110   0.0000E+00
   35.120   0.0000E+00
   35.130   0.0000E+00
   35.140   0.0000E+00
   35.150   0.0000E+00
   35.160   0.0000E+00
   35.170   0.0000E+00
   35.180   0.0000E+00
   35.190   0.0000E+00
   35.200   0.0000E+00
   35.210   0.0000E+00
   35.220   0.0000E+00
   35.230   0.0000E+00
   35.240   0.0000E+00
   35.250   0.0000E+00
   35.260   0.0000E+00
   35.270   0.0000E+00
   35.280   0.0000E+00
   35.290   0.0000E+00
   35.300   0.0000E+00
   35.310   0.0000E+00
   35.320   0.0000E+00
   35.330   0.0000E+00
   35.340   0.0000E+00
   35.350   0.0000E+00
   35.360   0.0000E+00
   35.370   0.0000E+00
   35.380   0.0000E+00
   35.390   0.0000E+00
   35.400   0.0000E+00
   35.410   0.0000E+00
   35.420   0.0000E+00
   35.430   0.0000E+00
   35.440   0.0000E+00
   35.450   0.0000E+00
   35.460   0.0000E+00
   35.470   0.0000E+00
   35.480   0.0000E+00
   35.490   0.0000E+00
   35.500   0.0000E+00
   35.510   0.0000E+00
   35.520   0.0000E+00
   35.530   0.0000E+00
   35.540   0.0000E+00
   35.550   0.0000E+00
   35.560   0.0000E+00
   35.570   0.0000E+00
   35.580   0.0000E+00
   35.590   0.0000E+00
   35.600   0.0000E+00
   35.610   0.0000E+00
   35.620   0.0000E+00
   35.630   0.0000E+00
   35.640   0.0000E+00
   35.650   0.0000E+00
   35.660   0.0000E+00
   35.670   0.0000E+00
   35.680   0.0000E+00
   35.690   0.0000E+00
   35.700   0.0000E+00
   35.710   0.0000E+00
   35.720   0.0000E+00
   35.730   0.0000E+00
   35.740   0.0000E+00
   35.750   0.0000E+00
   35.760   0.0000E+00
   35.770   0.0000E+00
   35.780   0.0000E+00
   35.790   0.0000E+00
   35.800   0.0000E+00
   35.810   0.0000E+00
   35.820   0.0000E+00
   35.830   0.0000E+00
   35.840   0.0000E+00
   35.850   0.0000E+00
   35.860   0.0000E+00
   35.870   0.0000E+00
   35.880   0.0000E+00
   35.890   0.0000E+00
   35.900   0.0000E+00
   35.910   0.0000E+00
   35.920   0.0000E+00
   35.930   0.0000E+00
   35.940   0.0000E+00
   35.950   0.0000E+00
   35.960   0.0000E+00
   35.970   0.0000E+00
   35.980   0.0000E+00
   35.990   0.0000E+00
   36.000   0.0000E+00
   36.010   0.0000E+00
   36.020   0.0000E+00
   36.030   0.0000E+00
   36.040   0.0000E+00
   36.050   0.0000E+00
   36.060   0.0000E+00
   36.070   0.0000E+00
   36.080   0.0000E+00
   36.090   0.0000E+00
   36.100   0.0000E+00
   36.110   0.0000E+00
   36.120   0.0000E+00
   36.130   0.0000E+00
   36.140   0.0000E+00
   36.150   0.0000E+00
   36.160   0.0000E+00
   36.170   0.0000E+00
   36.180   0.0000E+00
   36.190   0.0000E+00
   36.200   0.0000E+00
   36.210   0.0000E+00
   36.220   0.0000E+00
   36.230   0.0000E+00
   36.240   0.0000E+00
   36.250   0.0000E+00
   36.260   0.0000E+00
   36.270   0.0000E+00
   36.280   0.0000E+00
   36.290   0.0000E+00
   36.300   0.0000E+00
   36.310   0.0000E+00
   36.320   0.0000E+00
   36.330   0.0000E+00
   36.340   0.0000E+00
   36.350   0.0000E+00
   36.360   0.0000E+00
   36.370   0.0000E+00
   36.380   0.0000E+00
   36.390   0.0000E+00
   36.400   0.0000E+00
   36.410   0.0000E+00
   36.420   0.0000E+00
   36.430   0.0000E+00
   36.440   0.0000E+00
   36.450   0.0000E+00
   36.460   0.0000E+00
   36.470   0.0000E+00
   36.480   0.0000E+00
   36.490   0.0000E+00
   36.500   0.0000E+00
   36.510   0.0000E+00
   36.520   0.0000E+00
   36.530   0.0000E+00
   36.540   0.0000E+00
   36.550   0.0000E+00
   36.560   0.0000E+00
   36.570   0.0000E+00
   36.580   0.0000E+00
   36.590   0.0000E+00
   36.600   0.0000E+00
   36.610   0.0000E+00
   36.620   0.0000E+00
   36.630   0.0000E+00
   36.640   0.0000E+00
   36.650   0.0000E+00
   36.660   0.0000E+00
   36.670   0.0000E+00
   36.680   0.0000E+00
   36.690   0.0000E+00
   36.700   0.0000E+00
   36.710   0.0000E+00
   36.720   0.0000E+00
   36.730   0.0000E+00
   36.740   0.0000E+00
   36.750   0.0000E+00
   36.760   0.0000E+00
   36.770   0.0000E+00
   36.780   0.0000E+00
   36.790   0.0000E+00
   36.800   0.0000E+00
   36.810   0.0000E+00
   36.820   0.0000E+00
   36.830   0.0000E+00
   36.840   0.0000E+00
   36.850   0.0000E+00
   36.860   0.0000E+00
   36.870   0.0000E+00
   36.880   0.0000E+00
   36.890   0.0000E+00
   36.900   0.0000E+00
   36.910   0.0000E+00
   36.920   0.0000E+00
   36.930   0.0000E+00
   36.940   0.0000E+00
   36.950   0.0000E+00
   36.960   0.0000E+00
   36.970   0.0000E+00
   36.980   0.0000E+00
   36.990   0.0000E+00
   37.000   0.0000E+00
   37.010   0.0000E+00
   37.020   0.0000E+00
   37.030   0.0000E+00
   37.040   0.0000E+00
   37.050   0.0000E+00
   37.060   0.0000E+00
   37.070   0.0000E+00
   37.080   0.0000E+00
   37.090   0.0000E+00
   37.100   0.0000E+00
   37.110   0.0000E+00
   37.120   0.0000E+00
   37.130   0.0000E+00
   37.140   0.0000E+00
   37.150   0.0000E+00
   37.160   0.0000E+00
   37.170   0.0000E+00
   37.180   0.0000E+00
   37.190   0.0000E+00
   37.200   0.0000E+00
   37.210   0.0000E+00
   37.220   0.0000E+00
   37.230   0.0000E+00
   37.240   0.0000E+00
   37.250   0.0000E+00
   37.260   0.0000E+00
   37.270   0.0000E+00
   37.280   0.0000E+00
   37.290   0.0000E+00
   37.300   0.0000E+00
   37.310   0.0000E+00
   37.320   0.0000E+00
   37.330   0.0000E+00
   37.340   0.0000E+00
   37.350   0.0000E+00
   37.360   0.0000E+00
   37.370   0.0000E+00
   37.380   0.0000E+00
   37.390   0.0000E+00
   37.400   0.0000E+00
   37.410   0.0000E+00
   37.420   0.0000E+00
   37.430   0.0000E+00
   37.440   0.0000E+00
   37.450   0.0000E+00
   37.460   0.0000E+00
   37.470   0.0000E+00
   37.480   0.0000E+00
   37.490   0.0000E+00
   37.500   0.0000E+00
   37.510   0.0000E+00
   37.520   0.0000E+00
   37.530   0.0000E+00
   37.540   0.0000E+00
   37.550   0.0000E+00
   37.560   0.0000E+00
   37.570   0.0000E+00
   37.580   0.0000E+00
   37.590   0.0000E+00
   37.600   0.0000E+00
   37.610   0.0000E+00
   37.620   0.0000E+00
   37.630   0.0000E+00
   37.640   0.0000E+00
   37.650   0.0000E+00
   37.660   0.0000E+00
   37.670   0.0000E+00
   37.680   0.0000E+00
   37.690   0.0000E+00
   37.700   0.0000E+00
   37.710   0.0000E+00
   37.720   0.0000E+00
   37.730   0.0000E+00
   37.740   0.0000E+00
   37.750   0.0000E+00
   37.760   0.0000E+00
   37.770   0.0000E+00
   37.780   0.0000E+00
   37.790   0.0000E+00
   37.800   0.0000E+00
   37.810   0.0000E+00
   37.820   0.0000E+00
   37.830   0.0000E+00
   37.840   0.0000E+00
   37.850   0.0000E+00
   37.860   0.0000E+00
   37.870   0.0000E+00
   37.880   0.0000E+00
   37.890   0.0000E+00
   37.900   0.0000E+00
   37.910   0.0000E+00
   37.920   0.0000E+00
   37.930   0.0000E+00
   37.940   0.0000E+00
   37.950   0.0000E+00
   37.960   0.0000E+00
   37.970   0.0000E+00
   37.980   0.0000E+00
   37.990   0.0000E+00
   38.000   0.0000E+00
   38.010   0.0000E+00
   38.020   0.0000E+00
   38.030   0.0000E+00
   38.040   0.0000E+00
   38.050   0.0000E+00
   38.060   0.0000E+00
   38.070   0.0000E+00
   38.080   0.0000E+00
   38.090   0.0000E+00
   38.100   0.0000E+00
   38.110   0.0000E+00
   38.120   0.0000E+00
   38.130   0.0000E+00
   38.140   0.0000E+00
   38.150   0.0000E+00
   38.160   0.0000E+00
   38.170   0.0000E+00
   38.180   0.0000E+00
   38.190   0.0000E+00
   38.200   0.0000E+00
   38.210   0.0000E+00
   38.220   0.0000E+00
   38.230   0.0000E+00
   38.240   0.0000E+00
   38.250   0.0000E+00
   38.260   0.0000E+00
   38.270   0.0000E+00
   38.280   0.0000E+00
   38.290   0.0000E+00
   38.300   0.0000E+00
   38.310   0.0000E+00
   38.320   0.0000E+00
   38.330   0.0000E+00
   38.340   0.0000E+00
   38.350   0.0000E+00
   38.360   0.0000E+00
   38.370   0.0000E+00
   38.380   0.0000E+00
   38.390   0.0000E+00
   38.400   0.0000E+00
   38.410   0.0000E+00
   38.420   0.0000E+00
   38.430   0.0000E+00
   38.440   0.0000E+00
   38.450   0.0000E+00
   38.460   0.0000E+00
   38.470   0.0000E+00
   38.480   0.0000E+00
   38.490   0.0000E+00
   38.500   0.0000E+00
   38.510   0.0000E+00
   38.520   0.0000E+00
   38.530   0.0000E+00
   38.540   0.0000E+00
   38.550   0.0000E+00
   38.560   0.0000E+00
   38.570   0.0000E+00
   38.580   0.0000E+00
   38.590   0.0000E+00
   38.600   0.0000E+00
   38.610   0.0000E+00
   38.620   0.0000E+00
   38.630   0.0000E+00
   38.640   0.0000E+00
   38.650   0.0000E+00
   38.660   0.0000E+00
   38.670   0.0000E+00
   38.680   0.0000E+00
   38.690   0.0000E+00
   38.700   0.0000E+00
   38.710   0.0000E+00
   38.720   0.0000E+00
   38.730   0.0000E+00
   38.740   0.0000E+00
   38.750   0.0000E+00
   38.760   0.0000E+00
   38.770   0.0000E+00
   38.780   0.0000E+00
   38.790   0.0000E+00
   38.800   0.0000E+00
   38.810   0.0000E+00
   38.820   0.0000E+00
   38.830   0.0000E+00
   38.840   0.0000E+00
   38.850   0.0000E+00
   38.860   0.0000E+00
   38.870   0.0000E+00
   38.880   0.0000E+00
   38.890   0.0000E+00
   38.900   0.0000E+00
   38.910   0.0000E+00
   38.920   0.0000E+00
   38.930   0.0000E+00
   38.940   0.0000E+00
   38.950   0.0000E+00
   38.960   0.0000E+00
   38.970   0.0000E+00
   38.980   0.0000E+00
   38.990   0.0000E+00
   39.000   0.0000E+00
   39.010   0.0000E+00
   39.020   0.0000E+00
   39.030   0.0000E+00
   39.040   0.0000E+00
   39.050   0.0000E+00
   39.060   0.0000E+00
   39.070   0.0000E+00
   39.080   0.0000E+00
   39.090   0.0000E+00
   39.100   0.0000E+00
   39.110   0.0000E+00
   39.120   0.0000E+00
   39.130   0.0000E+00
   39.140   0.0000E+00
   39.150   0.0000E+00
   39.160   0.0000E+00
   39.170   0.0000E+00
   39.180   0.0000E+00
   39.190   0.0000E+00
   39.200   0.0000E+00
   39.210   0.0000E+00
   39.220   0.0000E+00
   39.230   0.0000E+00
   39.240   0.0000E+00
   39.250   0.0000E+00
   39.260   0.0000E+00
   39.270   0.0000E+00
   39.280   0.0000E+00
   39.290   0.0000E+00
   39.300   0.0000E+00
   39.310   0.0000E+00
   39.320   0.0000E+00
   39.330   0.0000E+00
   39.340   0.0000E+00
   39.350   0.0000E+00
   39.360   0.0000E+00
   39.370   0.0000E+00
   39.380   0.0000E+00
   39.390   0.0000E+00
   39.400   0.0000E+00
   39.410   0.0000E+00
   39.420   0.0000E+00
   39.430   0.0000E+00
   39.440   0.0000E+00
   39.450   0.0000E+00
   39.460   0.0000E+00
   39.470   0.0000E+00
   39.480   0.0000E+00
   39.490   0.0000E+00
   39.500   0.0000E+00
   39.510   0.0000E+00
   39.520   0.0000E+00
   39.530   0.0000E+00
   39.540   0.0000E+00
   39.550   0.0000E+00
   39.560   0.0000E+00
   39.570   0.0000E+00
   39.580   0.0000E+00
   39.590   0.0000E+00
   39.600   0.0000E+00
   39.610   0.0000E+00
   39.620   0.0000E+00
   39.630   0.0000E+00
   39.640   0.0000E+00
   39.650   0.0000E+00
   39.660   0.0000E+00
   39.670   0.0000E+00
   39.680   0.0000E+00
   39.690   0.0000E+00
   39.700   0.0000E+00
   39.710   0.0000E+00
   39.720   0.0000E+00
   39.730   0.0000E+00
   39.740   0.0000E+00
   39.750   0.0000E+00
   39.760   0.0000E+00
   39.770   0.0000E+00
   39.780   0.0000E+00
   39.790   0.0000E+00
   39.800   0.0000E+00
   39.810   0.0000E+00
   39.820   0.0000E+00
   39.830   0.0000E+00
   39.840   0.0000E+00
   39.850   0.0000E+00
   39.860   0.0000E+00
   39.870   0.0000E+00
   39.880   0.0000E+00
   39.890   0.0000E+00
   39.900   0.0000E+00
   39.910   0.0000E+00
   39.920   0.0000E+00
   39.930   0.0000E+00
   39.940   0.0000E+00
   39.950   0.0000E+00
   39.960   0.0000E+00
   39.970   0.0000E+00
   39.980   0.0000E+00
   39.990   0.0000E+00
   40.000   0.0000E+00
   40.010   0.0000E+00
   40.020   0.0000E+00
   40.030   0.0000E+00
   40.040   0.0000E+00
   40.050   0.0000E+00
   40.060   0.0000E+00
   40.070   0.0000E+00
   40.080   0.0000E+00
   40.090   0.0000E+00
   40.100   0.0000E+00
   40.110   0.0000E+00
   40.120   0.0000E+00
   40.130   0.0000E+00
   40.140   0.0000E+00
   40.150   0.0000E+00
   40.160   0.0000E+00
   40.170   0.0000E+00
   40.180   0.0000E+00
   40.190   0.0000E+00
   40.200   0.0000E+00
   40.210   0.0000E+00
   40.220   0.0000E+00
   40.230   0.0000E+00
   40.240   0.0000E+00
   40.250   0.0000E+00
   40.260   0.0000E+00
   40.270   0.0000E+00
   40.280   0.0000E+00
   40.290   0.0000E+00
   40.300   0.0000E+00
   40.310   0.0000E+00
   40.320   0.0000E+00
   40.330   0.0000E+00
   40.340   0.0000E+00
   40.350   0.0000E+00
   40.360   0.0000E+00
   40.370   0.0000E+00
   40.380   0.0000E+00
   40.390   0.0000E+00
   40.400   0.0000E+00
   40.410   0.0000E+00
   40.420   0.0000E+00
   40.430   0.0000E+00
   40.440   0.0000E+00
   40.450   0.0000E+00
   40.460   0.0000E+00
   40.470   0.0000E+00
   40.480   0.0000E+00
   40.490   0.0000E+00
   40.500   0.0000E+00
   40.510   0.0000E+00
   40.520   0.0000E+00
   40.530   0.0000E+00
   40.540   0.0000E+00
   40.550   0.0000E+00
   40.560   0.0000E+00
   40.570   0.0000E+00
   40.580   0.0000E+00
   40.590   0.0000E+00
   40.600   0.0000E+00
   40.610   0.0000E+00
   40.620   0.0000E+00
   40.630   0.0000E+00
   40.640   0.0000E+00
   40.650   0.0000E+00
   40.660   0.0000E+00
   40.670   0.0000E+00
   40.680   0.0000E+00
   40.690   0.0000E+00
   40.700   0.0000E+00
   40.710   0.0000E+00
   40.720   0.0000E+00
   40.730   0.0000E+00
   40.740   0.0000E+00
   40.750   0.0000E+00
   40.760   0.0000E+00
   40.770   0.0000E+00
   40.780   0.0000E+00
   40.790   0.0000E+00
   40.800   0.0000E+00
   40.810   0.0000E+00
   40.820   0.0000E+00
   40.830   0.0000E+00
   40.840   0.0000E+00
   40.850   0.0000E+00
   40.860   0.0000E+00
   40.870   0.0000E+00
   40.880   0.0000E+00
   40.890   0.0000E+00
   40.900   0.0000E+00
   40.910   0.0000E+00
   40.920   0.0000E+00
   40.930   0.0000E+00
   40.940   0.0000E+00
   40.950   0.0000E+00
