  0.0000000000000000e+000                      Inf                      NaN                      Inf                      NaN
  5.0000000000000003e-002  2.8072928309964409e-002  5.0634428341540000e-002  2.9506450352381870e-002  5.7698584273839087e-002
  1.0000000000000001e-001  1.7668450359166310e-001  5.5419666611685722e-002  1.6197280388226892e-001  8.8727135991857234e-002
  1.5000000000000002e-001  4.8391347666890355e-001  6.7934676160536236e-002  5.0589878194624682e-001  1.0908080863718800e-001
  2.0000000000000001e-001  9.9064112721130304e-001  9.0518843203866065e-002  8.6017507304435148e-001  1.0200591758826449e-001
  2.5000000000000000e-001  1.3475259762331555e+000  8.7935048368675717e-002  1.3404735348393786e+000  9.4627683506311955e-002
  3.0000000000000004e-001  2.0471906741840278e+000  1.2155343877722681e-001  1.8762435009529930e+000  9.1708995206077670e-002
  3.5000000000000003e-001  2.8288276461237563e+000  9.5965264839980538e-002  2.7443687479559937e+000  8.2360579358111627e-002
  4.0000000000000002e-001  3.3433297029909843e+000  8.7105876309247141e-002  3.2331312204388385e+000  7.6389262659592672e-002
  4.5000000000000001e-001  4.0062148562686239e+000  1.1763971657077280e-001  3.9208342320298661e+000  7.0645910506210469e-002
  5.0000000000000000e-001  5.9283270993221020e+000  1.3424285080041781e-001  5.5655378279908048e+000  1.3810768612240018e-001
  5.5000000000000004e-001  5.7396238459098239e+000  9.1854872514770855e-002  5.5284254985030099e+000  1.2961188270948243e-001
  6.0000000000000009e-001  5.6792354305706123e+000  8.6371653246250721e-002  5.5452116188828349e+000  1.2918942116412649e-001
  6.5000000000000002e-001  6.6522378416048218e+000  8.3552296910463272e-002  6.5566095553223125e+000  1.3309390060116136e-001
  7.0000000000000007e-001  7.9317181962143772e+000  9.8930515002180822e-002  7.8731409412327693e+000  1.1930232154233941e-001
  7.5000000000000000e-001  9.9613261372781743e+000  1.0142060800502932e-001  9.8028960518148551e+000  1.1224987534623471e-001
  8.0000000000000004e-001  1.2709269099977719e+001  1.3268281110805752e-001  1.2634086003688410e+001  1.1337147226467158e-001
  8.5000000000000009e-001  1.5064520579460510e+001  1.3476289828480484e-001  1.3566534331573488e+001  1.2936719112105372e-001
  9.0000000000000002e-001  1.5417740279811563e+001  1.3296555680853431e-001  1.3235684967202037e+001  1.3305238587991988e-001
  9.5000000000000007e-001  1.3975198021217146e+001  1.4125006342917612e-001  1.2906670696550067e+001  1.2106460678335883e-001
  1.0000000000000000e+000  1.2851192603787872e+001  1.4161413679809384e-001  1.2679833398770647e+001  1.2240457055781132e-001
  1.0500000000000000e+000  1.2092962813753967e+001  1.2998595187978731e-001  1.2463488532590592e+001  1.2648462401445934e-001
  1.1000000000000001e+000  1.2147531400225555e+001  1.1413825986219353e-001  1.2129012717702217e+001  1.2288491019243006e-001
  1.1500000000000001e+000  1.2452221670229942e+001  1.0377460043188121e-001  1.1937455650099746e+001  1.1329323084333304e-001
  1.2000000000000002e+000  1.2974492505985245e+001  9.9477181896102981e-002  1.2122352446193071e+001  1.0338563033977671e-001
  1.2500000000000000e+000  1.3656662774969977e+001  9.2653826204482939e-002  1.2773390962361541e+001  9.8788094408581384e-002
  1.3000000000000000e+000  1.4549248641020366e+001  8.9071693006247288e-002  1.3773373803073381e+001  9.4940341540123319e-002
  1.3500000000000001e+000  1.5726367292478349e+001  9.2092511189719575e-002  1.4787837424249510e+001  1.0354435362159338e-001
  1.4000000000000001e+000  1.7256549304984091e+001  1.0227820106726154e-001  1.5933473746335016e+001  1.1935764685251886e-001
  1.4500000000000002e+000  1.9090754475536485e+001  1.1010334269770009e-001  1.7412890727569259e+001  1.3233556493205270e-001
  1.5000000000000000e+000  2.1156436473485865e+001  1.1530010552668810e-001  1.8927742761567856e+001  1.4447097682456511e-001
  1.5500000000000000e+000  2.3230136870814739e+001  1.2028393615902831e-001  2.0345679058940078e+001  1.5298398312805050e-001
  1.6000000000000001e+000  2.5073440955522621e+001  1.2689544507531650e-001  2.1908800721238539e+001  1.5600108453985145e-001
  1.6500000000000001e+000  2.6712531679470526e+001  1.3270433994676320e-001  2.3606728813794213e+001  1.5824425398107400e-001
  1.7000000000000002e+000  2.7969455754593305e+001  1.3725133122782388e-001  2.4883976373905234e+001  1.5789889215177363e-001
  1.7500000000000000e+000  2.8812275652628557e+001  1.4186228302693696e-001  2.5892150911084205e+001  1.5221746247684720e-001
  1.8000000000000000e+000  2.9358914108061349e+001  1.4639651461112227e-001  2.6711786459446358e+001  1.4398722699550989e-001
  1.8500000000000001e+000  2.9925690905307391e+001  1.5190079978655555e-001  2.7334634899177829e+001  1.3852210863854025e-001
  1.9000000000000001e+000  3.0529447924574569e+001  1.5537314798468277e-001  2.8046423968430002e+001  1.3235613948514266e-001
  1.9500000000000002e+000  3.1360964166069408e+001  1.5833247185289329e-001  2.9007379971723839e+001  1.2843988611758317e-001
  2.0000000000000000e+000  3.2386744834902004e+001  1.6143772427720571e-001  3.0329409360946887e+001  1.2998031935830801e-001
  2.0500000000000003e+000  3.3539865837708852e+001  1.6312118104762968e-001  3.1875204027374441e+001  1.3359116995827663e-001
  2.1000000000000001e+000  3.4499277964547105e+001  1.6818096025253493e-001  3.3507346433531396e+001  1.3547542853031255e-001
  2.1499999999999999e+000  3.5351855679980673e+001  1.7730406491872577e-001  3.5051546876660161e+001  1.3998112875475704e-001
  2.2000000000000002e+000  3.6493894401212714e+001  1.7892211386935986e-001  3.6525855467671143e+001  1.4671945759062135e-001
  2.2500000000000000e+000  3.7526950739041418e+001  1.7995527170014497e-001  3.7931482851529026e+001  1.5266487743193530e-001
  2.3000000000000003e+000  3.8410102674636967e+001  1.8325172216607916e-001  3.9622174062887233e+001  1.5477358766044536e-001
  2.3500000000000001e+000  3.9506520039168812e+001  1.8659979408003202e-001  4.0971242616131590e+001  1.5809118713144402e-001
  2.4000000000000004e+000  4.0438501377301421e+001  1.8909425164288202e-001  4.1925073223916066e+001  1.6226024222619237e-001
  2.4500000000000002e+000  4.1235857307258101e+001  1.9043338248212938e-001  4.2801738611773175e+001  1.6382268552108345e-001
  2.5000000000000000e+000  4.2056244875066177e+001  1.8978635590688103e-001  4.3808583864117807e+001  1.6525362089388640e-001
  2.5500000000000003e+000  4.2755432721930603e+001  1.8985083441183245e-001  4.4612494896434839e+001  1.6670034280400697e-001
  2.6000000000000001e+000  4.3297444849066224e+001  1.9002180158266757e-001  4.5310485340181387e+001  1.6727397807413105e-001
  2.6500000000000004e+000  4.3601636416302711e+001  1.9241193842430190e-001  4.5898962034623445e+001  1.6652396577490805e-001
  2.7000000000000002e+000  4.3920585635100124e+001  1.9429361762340625e-001  4.6173048784895094e+001  1.6671021476994685e-001
  2.7500000000000000e+000  4.3991276772299521e+001  1.9728879498159982e-001  4.6367329735140586e+001  1.6582401029798513e-001
  2.8000000000000003e+000  4.4089502843025144e+001  1.9871255871906621e-001  4.6655768571513370e+001  1.6400768000563262e-001
  2.8500000000000001e+000  4.4114633030133156e+001  2.0017063348860506e-001  4.7151107802261834e+001  1.6321772586690003e-001
  2.9000000000000004e+000  4.4119114224545939e+001  2.0087674546597195e-001  4.7569895902478791e+001  1.6425944383561294e-001
  2.9500000000000002e+000  4.4074986180029470e+001  2.0137504584428451e-001  4.8082519403776310e+001  1.6426379870337116e-001
  3.0000000000000000e+000  4.3959731922214026e+001  2.0145641867530054e-001  4.8600607294059849e+001  1.6298148360018927e-001
  3.0500000000000003e+000  4.3689018322774302e+001  2.0164630498093145e-001  4.8976805089102207e+001  1.6281782569857162e-001
  3.1000000000000001e+000  4.3302970537494964e+001  2.0158239017149970e-001  4.9270190128991828e+001  1.6207215529418750e-001
  3.1500000000000004e+000  4.2845959720100183e+001  2.0114111950569297e-001  4.9393833212880608e+001  1.6125521739107671e-001
  3.2000000000000002e+000  4.2433261665584908e+001  1.9963960140908693e-001  4.9405095094661036e+001  1.6085109822208357e-001
  3.2500000000000000e+000  4.2022113977220457e+001  1.9893303016439901e-001  4.9449715048745951e+001  1.5984529586637092e-001
  3.3000000000000003e+000  4.1582491443789472e+001  1.9869464531322079e-001  4.9466176493377127e+001  1.5856823299536230e-001
  3.3500000000000001e+000  4.1238072527893067e+001  1.9824261180673383e-001  4.9487958535640438e+001  1.5768561123000704e-001
  3.4000000000000004e+000  4.0960928388219855e+001  1.9689490956837141e-001  4.9512475388063542e+001  1.5781618620238505e-001
  3.4500000000000002e+000  4.0650055659936953e+001  1.9527012792903492e-001  4.9466514166560501e+001  1.5840403790954244e-001
  3.5000000000000000e+000  4.0339458534765399e+001  1.9346288020657285e-001  4.9451237500629240e+001  1.5914125247579999e-001
  3.5500000000000003e+000  4.0025468856728359e+001  1.9063164720591003e-001  4.9425986657816658e+001  1.5941968072466486e-001
  3.6000000000000001e+000  3.9624536422000112e+001  1.8832935218624722e-001  4.9290656220430279e+001  1.6011006135107897e-001
  3.6500000000000004e+000  3.9268954179485171e+001  1.8684033584319990e-001  4.9091529894914409e+001  1.6104895369226718e-001
  3.7000000000000002e+000  3.8992886619765244e+001  1.8486416321323901e-001  4.8882035082221776e+001  1.6197355211368294e-001
  3.7500000000000000e+000  3.8656326859242185e+001  1.8298670355687238e-001  4.8661355765574555e+001  1.6226468467888427e-001
  3.8000000000000003e+000  3.8361535617226821e+001  1.8032934060539951e-001  4.8359681151463029e+001  1.6281417176616489e-001
  3.8500000000000001e+000  3.8039063685135204e+001  1.7762477293001591e-001  4.8006809436513784e+001  1.6352966936809205e-001
  3.9000000000000004e+000  3.7741613546660489e+001  1.7576999653169770e-001  4.7600849748243590e+001  1.6394730991184586e-001
  3.9500000000000002e+000  3.7456081613655613e+001  1.7411117674779414e-001  4.7283223124288774e+001  1.6394878036777530e-001
  4.0000000000000000e+000  3.7128409881800977e+001  1.7272918078378877e-001  4.6920487985028245e+001  1.6404054567657167e-001
  4.0499999999999998e+000  3.6794342010351365e+001  1.7166278112108180e-001  4.6500530421390351e+001  1.6428960931289860e-001
  4.1000000000000005e+000  3.6484724643726032e+001  1.6977209023758844e-001  4.6096936142042011e+001  1.6511076333292393e-001
  4.1500000000000004e+000  3.6190640587094684e+001  1.6648102007593388e-001  4.5646005562143543e+001  1.6601970902575039e-001
  4.2000000000000002e+000  3.5858690158922762e+001  1.6356982403137130e-001  4.5218794208802265e+001  1.6696427903191130e-001
  4.2500000000000000e+000  3.5533855377429916e+001  1.6132044830818526e-001  4.4760723443677932e+001  1.6789935157670688e-001
  4.2999999999999998e+000  3.5359111309540296e+001  1.5886367428592990e-001  4.4252624595871140e+001  1.6889526473294447e-001
  4.3500000000000005e+000  3.5160984801768002e+001  1.5663485225227761e-001  4.3803675115948380e+001  1.7083774307675328e-001
  4.4000000000000004e+000  3.4930519294868802e+001  1.5467519736288357e-001  4.3427908133504829e+001  1.7241542820103301e-001
  4.4500000000000002e+000  3.4669515865078864e+001  1.5295514582474037e-001  4.3039694832624619e+001  1.7341253106971311e-001
  4.5000000000000000e+000  3.4384231002630372e+001  1.5147708601493573e-001  4.2671542245069780e+001  1.7464170830846559e-001
  4.5499999999999998e+000  3.4074035736668627e+001  1.5016617598757470e-001  4.2408941652853144e+001  1.7561145552832383e-001
  4.6000000000000005e+000  3.3737907787399990e+001  1.4901385545751905e-001  4.2155171546789489e+001  1.7618162449550831e-001
  4.6500000000000004e+000  3.3406272804686459e+001  1.4766654811731997e-001  4.1941709468660093e+001  1.7586013371243797e-001
  4.7000000000000002e+000  3.3111286124047425e+001  1.4594937598955859e-001  4.1742873868490662e+001  1.7497215962175380e-001
  4.7500000000000000e+000  3.2813775093186500e+001  1.4426603294617965e-001  4.1537520878522891e+001  1.7387357862132810e-001
  4.8000000000000007e+000  3.2517493072097459e+001  1.4279959038889861e-001  4.1333352787105710e+001  1.7245058999558779e-001
  4.8500000000000005e+000  3.2228709332339427e+001  1.4174065607901953e-001  4.1108733099459592e+001  1.7093285113666637e-001
  4.9000000000000004e+000  3.1963703942262441e+001  1.4111839712702931e-001  4.0864574500719918e+001  1.6935426405986151e-001
  4.9500000000000002e+000  3.1676905124990629e+001  1.4067852780416099e-001  4.0602872115433016e+001  1.6771434365517521e-001
  5.0000000000000000e+000  3.1406722526847062e+001  1.3955897218792054e-001  4.0358947503391697e+001  1.6539410479202607e-001
  5.0500000000000007e+000  3.1156890611070722e+001  1.3748787822239181e-001  4.0124442636064330e+001  1.6284041681399347e-001
  5.1000000000000005e+000  3.0951874893608622e+001  1.3593791337584674e-001  3.9896095772942260e+001  1.6088866459092654e-001
  5.1500000000000004e+000  3.0788809891549882e+001  1.3490531659572771e-001  3.9664932939608939e+001  1.5943635784540380e-001
  5.2000000000000002e+000  3.0616418553507327e+001  1.3406682183081972e-001  3.9412119705966248e+001  1.5811665354269852e-001
  5.2500000000000000e+000  3.0434608509693074e+001  1.3333983182765075e-001  3.9140396092877438e+001  1.5690851251312307e-001
  5.3000000000000007e+000  3.0273619766284909e+001  1.3243398662597472e-001  3.8852266873743311e+001  1.5579109343645928e-001
  5.3500000000000005e+000  3.0109896804377588e+001  1.3151607669570980e-001  3.8578754981107842e+001  1.5429954378764205e-001
  5.4000000000000004e+000  2.9959832286439578e+001  1.3040121051391104e-001  3.8291699539266588e+001  1.5290228900149808e-001
  5.4500000000000002e+000  2.9796994450276880e+001  1.2938770301617819e-001  3.8026744579245666e+001  1.5115067587459846e-001
  5.5000000000000000e+000  2.9621018018555432e+001  1.2848445001268319e-001  3.7760605290437809e+001  1.4941838738496016e-001
  5.5500000000000007e+000  2.9432031092924230e+001  1.2769508148708827e-001  3.7487413269350213e+001  1.4781739656468063e-001
  5.6000000000000005e+000  2.9229919407846989e+001  1.2702813648546538e-001  3.7207696334944700e+001  1.4621492968971417e-001
  5.6500000000000004e+000  2.9032758599289988e+001  1.2655764838129618e-001  3.6920717354962996e+001  1.4463799497783694e-001
  5.7000000000000002e+000  2.8864352130665274e+001  1.2639315808219581e-001  3.6623617490316455e+001  1.4311585042008898e-001
  5.7500000000000000e+000  2.8717751742924843e+001  1.2640945793911612e-001  3.6316451015762915e+001  1.4165935221342038e-001
  5.8000000000000007e+000  2.8563285564771348e+001  1.2649415043640713e-001  3.6028891685441323e+001  1.4025524221356753e-001
  5.8500000000000005e+000  2.8409748239460235e+001  1.2647320474719190e-001  3.5745063283712049e+001  1.3888986673192752e-001
  5.9000000000000004e+000  2.8272524612569903e+001  1.2663052828981525e-001  3.5454291725137693e+001  1.3756605473468630e-001
  5.9500000000000002e+000  2.8127830373356034e+001  1.2685715203497391e-001  3.5192089538528464e+001  1.3668349858283468e-001
  6.0000000000000000e+000  2.8015751019935340e+001  1.2702531975184941e-001  3.4940310338203574e+001  1.3596589053324237e-001
  6.0500000000000007e+000  2.7954321317617818e+001  1.2723634800460729e-001  3.4686367229515874e+001  1.3524700434237713e-001
  6.1000000000000005e+000  2.7885883121807673e+001  1.2754621542781100e-001  3.4427643173535103e+001  1.3455611648757360e-001
  6.1500000000000004e+000  2.7833062309294142e+001  1.2749604370301038e-001  3.4164232971437208e+001  1.3390129964740760e-001
  6.2000000000000002e+000  2.7781471723642017e+001  1.2737949455201586e-001  3.3896817912167478e+001  1.3327937956953351e-001
  6.2500000000000000e+000  2.7723525476593835e+001  1.2733757709937532e-001  3.3625271036489906e+001  1.3269944780072990e-001
  6.3000000000000007e+000  2.7658330119232119e+001  1.2737002300089792e-001  3.3349844754320770e+001  1.3215373334774652e-001
  6.3500000000000005e+000  2.7586140909235553e+001  1.2747295829557295e-001  3.3071021418721180e+001  1.3164662743669434e-001
  6.4000000000000004e+000  2.7509063780590616e+001  1.2764253839465539e-001  3.2789125880780922e+001  1.3118168600854740e-001
  6.4500000000000002e+000  2.7434843201487212e+001  1.2788773880558743e-001  3.2514068988353955e+001  1.3069350000769087e-001
  6.5000000000000000e+000  2.7354937488511641e+001  1.2819214578089780e-001  3.2261790491119825e+001  1.3009392997410871e-001
  6.5500000000000007e+000  2.7284110002464683e+001  1.2804890020114379e-001  3.2007244790518399e+001  1.2952368317388332e-001
  6.6000000000000005e+000  2.7212270709125992e+001  1.2778960148944224e-001  3.1750530579047926e+001  1.2897974492692835e-001
  6.6500000000000004e+000  2.7134973629280868e+001  1.2758773623991743e-001  3.1491889100621492e+001  1.2846353127677401e-001
  6.7000000000000002e+000  2.7052491926693229e+001  1.2744598840901186e-001  3.1232518872134342e+001  1.2799216826354703e-001
  6.7500000000000000e+000  2.6965191751929304e+001  1.2736784665931586e-001  3.0987935835385304e+001  1.2733682285649994e-001
  6.8000000000000007e+000  2.6875124883780920e+001  1.2735590569752564e-001  3.0750483291481377e+001  1.2667561610398737e-001
  6.8500000000000005e+000  2.6782419350036410e+001  1.2741595680500034e-001  3.0521555911796487e+001  1.2590408330257949e-001
  6.9000000000000004e+000  2.6686667889461418e+001  1.2754009883037240e-001  3.0299160888175773e+001  1.2504020323532042e-001
  6.9500000000000002e+000  2.6587115516601433e+001  1.2771003054329652e-001  3.0074320080109494e+001  1.2424438245469281e-001
  7.0000000000000000e+000  2.6483722272654575e+001  1.2792363798067025e-001  2.9867299832493764e+001  1.2364479450317330e-001
  7.0500000000000007e+000  2.6376545899793815e+001  1.2817664201974610e-001  2.9678569140484065e+001  1.2328476289154683e-001
  7.1000000000000005e+000  2.6270568286646068e+001  1.2840597368720436e-001  2.9518907284013402e+001  1.2304507388177863e-001
  7.1500000000000004e+000  2.6160931579947757e+001  1.2867101938716854e-001  2.9389653774200465e+001  1.2264333797718609e-001
  7.2000000000000002e+000  2.6061315320527882e+001  1.2857095005689470e-001  2.9266160649260421e+001  1.2212639573249492e-001
  7.2500000000000000e+000  2.5958613153624235e+001  1.2848905327224694e-001  2.9146039114183147e+001  1.2156014869322222e-001
  7.3000000000000007e+000  2.5859796922858337e+001  1.2833595023057320e-001  2.9026843209594173e+001  1.2098089032073991e-001
  7.3500000000000005e+000  2.5760321372952696e+001  1.2819470791912527e-001  2.8906215818291461e+001  1.2044047212994757e-001
  7.4000000000000004e+000  2.5657745978592452e+001  1.2808660616170431e-001  2.8784234803676220e+001  1.1993835008477388e-001
  7.4500000000000002e+000  2.5552805867496410e+001  1.2802080253956954e-001  2.8674031253465724e+001  1.1918717387091646e-001
  7.5000000000000000e+000  2.5444683022045957e+001  1.2799022844977614e-001  2.8573449668092039e+001  1.1825376924408129e-001
  7.5500000000000007e+000  2.5333459654908456e+001  1.2799004644314904e-001  2.8476851638361190e+001  1.1746476380083770e-001
  7.6000000000000005e+000  2.5219395628300489e+001  1.2802143347830236e-001  2.8386370786512163e+001  1.1685515527479981e-001
  7.6500000000000004e+000  2.5102788887582925e+001  1.2808375776739417e-001  2.8293836016240185e+001  1.1630757476851954e-001
  7.7000000000000002e+000  2.4983638526519492e+001  1.2817492931017724e-001  2.8199454683160511e+001  1.1581909391439468e-001
  7.7500000000000000e+000  2.4862472968755451e+001  1.2829184375065120e-001  2.8103562663608365e+001  1.1538724368029296e-001
  7.8000000000000007e+000  2.4742101954317807e+001  1.2838459470089725e-001  2.8008500528271480e+001  1.1499077038153648e-001
  7.8500000000000005e+000  2.4621842156485545e+001  1.2846962088277603e-001  2.7918081231303066e+001  1.1458629394447119e-001
  7.9000000000000004e+000  2.4507984937508429e+001  1.2846318895402967e-001  2.7826300086936655e+001  1.1422775422052590e-001
  7.9500000000000002e+000  2.4400259894665389e+001  1.2837221611659860e-001  2.7733293043488963e+001  1.1391332113980378e-001
  8.0000000000000000e+000  2.4291273146712300e+001  1.2829731274778258e-001  2.7639250018805104e+001  1.1364067161571077e-001
  8.0500000000000007e+000  2.4181070345872897e+001  1.2823897392721495e-001  2.7544313540843735e+001  1.1341035959527489e-001
  8.0999999999999996e+000  2.4081305314676236e+001  1.2830838160028232e-001  2.7448844147379624e+001  1.1322211356362448e-001
  8.1500000000000004e+000  2.3998902153619543e+001  1.2833085541492828e-001  2.7352941009084084e+001  1.1307024725193227e-001
  8.2000000000000011e+000  2.3920543033014503e+001  1.2832828044262956e-001  2.7272385670454621e+001  1.1276869813555861e-001
  8.2500000000000000e+000  2.3841078823622716e+001  1.2833684470486695e-001  2.7196119405518626e+001  1.1244850770699512e-001
  8.3000000000000007e+000  2.3760835927285303e+001  1.2835455951681052e-001  2.7123018917660453e+001  1.1213494007462831e-001
  8.3499999999999996e+000  2.3679701077628309e+001  1.2838178171838707e-001  2.7063600094056149e+001  1.1173703754323216e-001
  8.4000000000000004e+000  2.3597815058607885e+001  1.2841794018549338e-001  2.7003571201800913e+001  1.1136759929860458e-001
  8.4500000000000011e+000  2.3515393278741588e+001  1.2846282076972870e-001  2.6943168328307806e+001  1.1102371877339678e-001
  8.5000000000000000e+000  2.3432515116518104e+001  1.2851559125339740e-001  2.6885746053854078e+001  1.1064637419188082e-001
  8.5500000000000007e+000  2.3349359384779540e+001  1.2857818747326116e-001  2.6829202002350570e+001  1.1027143468722143e-001
  8.5999999999999996e+000  2.3266258720530672e+001  1.2865152389219564e-001  2.6772217281097898e+001  1.0992171461015508e-001
  8.6500000000000004e+000  2.3183828101189306e+001  1.2871184722177081e-001  2.6714694312351387e+001  1.0959662006497534e-001
  8.7000000000000011e+000  2.3107257878387482e+001  1.2865207990326671e-001  2.6656726547804745e+001  1.0929510361641405e-001
  8.7500000000000000e+000  2.3030444389316376e+001  1.2860369443828673e-001  2.6598431264359384e+001  1.0901673410167197e-001
  8.8000000000000007e+000  2.2953438124982192e+001  1.2856446164654392e-001  2.6539955744638299e+001  1.0875834452758924e-001
  8.8499999999999996e+000  2.2876187238609631e+001  1.2853421047049746e-001  2.6481361337282905e+001  1.0851860969144393e-001
  8.9000000000000004e+000  2.2798740668644708e+001  1.2851281125685474e-001  2.6422593511149614e+001  1.0829769509108507e-001
  8.9500000000000011e+000  2.2721265224556284e+001  1.2850034255083811e-001  2.6363757994830056e+001  1.0809419136266414e-001
  9.0000000000000000e+000  2.2643773188994590e+001  1.2849728794353435e-001  2.6307790325903643e+001  1.0788988410510748e-001
  9.0500000000000007e+000  2.2566332692317118e+001  1.2850225970146814e-001  2.6253849851990196e+001  1.0768885674965849e-001
  9.0999999999999996e+000  2.2499128977621950e+001  1.2824769110746409e-001  2.6199922389593457e+001  1.0750168154892313e-001
  9.1500000000000004e+000  2.2436460384433389e+001  1.2791400994125904e-001  2.6145992079711618e+001  1.0732856915557938e-001
  9.2000000000000011e+000  2.2373739989085326e+001  1.2759835870949277e-001  2.6092074309116953e+001  1.0716937865177455e-001
  9.2500000000000000e+000  2.2311044272017163e+001  1.2730042889335166e-001  2.6038219008360386e+001  1.0702350806985074e-001
  9.3000000000000007e+000  2.2253089782775675e+001  1.2701094219162162e-001  2.5984587090609789e+001  1.0689091279609053e-001
  9.3499999999999996e+000  2.2195318677641062e+001  1.2673894548974701e-001  2.5931057082892195e+001  1.0677046779075942e-001
  9.4000000000000004e+000  2.2140399509878556e+001  1.2644505452476751e-001  2.5877708238014087e+001  1.0666150124119854e-001
  9.4500000000000011e+000  2.2085876579311357e+001  1.2616327039273925e-001  2.5824552417392262e+001  1.0656420777347245e-001
  9.5000000000000000e+000  2.2031246025998460e+001  1.2590035787652953e-001  2.5771635489262614e+001  1.0647786914361328e-001
  9.5500000000000007e+000  2.1976511488187555e+001  1.2565656280725354e-001  2.5718983110798753e+001  1.0640237347236406e-001
  9.6000000000000014e+000  2.1921748655776042e+001  1.2543123329723857e-001  2.5666586586054628e+001  1.0633748707693963e-001
  9.6500000000000004e+000  2.1866974699405588e+001  1.2522474210806922e-001  2.5614462173424336e+001  1.0628207427000866e-001
  9.7000000000000011e+000  2.1812244869262781e+001  1.2503566367239527e-001  2.5562610199990083e+001  1.0623558818802818e-001
  9.7500000000000000e+000  2.1757539091942260e+001  1.2486448579142943e-001  2.5511040092833795e+001  1.0619782110387856e-001
  9.8000000000000007e+000  2.1702909213480972e+001  1.2471095544071870e-001  2.5459779228485658e+001  1.0616826612106083e-001
  9.8500000000000014e+000  2.1648427148167976e+001  1.2457627620538603e-001  2.5408878631512639e+001  1.0614612185496450e-001
  9.9000000000000004e+000  2.1594034281624616e+001  1.2445922834742701e-001  2.5358324744468401e+001  1.0613158949929098e-001
  9.9500000000000011e+000  2.1550594059587212e+001  1.2423257945438147e-001  2.5308162307044086e+001  1.0612452047278420e-001
  1.0000000000000000e+001  2.1510679767210558e+001  1.2397903125299529e-001  2.5258361307765895e+001  1.0612475794747583e-001
  1.0049999999999999e+001  2.1470941696884957e+001  1.2373706492249861e-001  2.5209587241868689e+001  1.0612955179569690e-001
  1.0100000000000000e+001  2.1431403763964347e+001  1.2350625083029053e-001  2.5168707544014598e+001  1.0611287330783192e-001
  1.0149999999999999e+001  2.1392108887961289e+001  1.2328637857502771e-001  2.5128109710232415e+001  1.0610339157881259e-001
  1.0199999999999999e+001  2.1353029712878982e+001  1.2307711943188804e-001  2.5087804573647396e+001  1.0610084489031481e-001
  1.0250000000000000e+001  2.1314175610796550e+001  1.2287811012940812e-001  2.5047837772762879e+001  1.0610480891817790e-001
  1.0299999999999999e+001  2.1275565509242185e+001  1.2268936160094843e-001  2.5008208199207040e+001  1.0611499778487098e-001
  1.0350000000000000e+001  2.1237203274717686e+001  1.2251030462909494e-001  2.4968881401743729e+001  1.0613147197179718e-001
  1.0399999999999999e+001  2.1199108324788238e+001  1.2234060754606556e-001  2.4929856871558343e+001  1.0615403577097275e-001
  1.0449999999999999e+001  2.1161279130462898e+001  1.2217988005296906e-001  2.4891137357693477e+001  1.0618249156007641e-001
  1.0500000000000000e+001  2.1123721601743121e+001  1.2202777635467497e-001  2.4854782017249505e+001  1.0612930479473218e-001
  1.0549999999999999e+001  2.1086451487390523e+001  1.2188389625777403e-001  2.4825917606923117e+001  1.0577301913073187e-001
  1.0600000000000000e+001  2.1049480823956198e+001  1.2174832049294852e-001  2.4797210135986127e+001  1.0542981497865503e-001
  1.0650000000000000e+001  2.1012826435404310e+001  1.2162087667876816e-001  2.4768624646973137e+001  1.0509944968476599e-001
  1.0699999999999999e+001  2.0976476297183765e+001  1.2150069249578771e-001  2.4740135404132147e+001  1.0478170470789362e-001
  1.0750000000000000e+001  2.0940426720395052e+001  1.2138770772351096e-001  2.4711746040597667e+001  1.0447624846443175e-001
  1.0799999999999999e+001  2.0904682518677728e+001  1.2128166194820005e-001  2.4683461354447264e+001  1.0418274276670919e-001
  1.0850000000000000e+001  2.0869248034575634e+001  1.2118230319111301e-001  2.4657015017319498e+001  1.0392349384825311e-001
  1.0900000000000000e+001  2.0834127159216511e+001  1.2108938804970823e-001  2.4632091865541735e+001  1.0369530731118055e-001
  1.0949999999999999e+001  2.0804692573192771e+001  1.2093883770529311e-001  2.4607256694211074e+001  1.0347726117719611e-001
  1.1000000000000000e+001  2.0775646243607692e+001  1.2079474606687578e-001  2.4582503710783470e+001  1.0326880195204169e-001
  1.1049999999999999e+001  2.0746750615818456e+001  1.2065962431901432e-001  2.4557823415242048e+001  1.0306984430056029e-001
  1.1100000000000000e+001  2.0718010418139141e+001  1.2053325445312590e-001  2.4533212592644066e+001  1.0288020288363681e-001
  1.1150000000000000e+001  2.0689430056253634e+001  1.2041542135291262e-001  2.4508673683153731e+001  1.0269960116213099e-001
  1.1199999999999999e+001  2.0664483862803085e+001  1.2031788578743605e-001  2.4484208893800911e+001  1.0252777265790997e-001
  1.1250000000000000e+001  2.0640904619887522e+001  1.2023207956882581e-001  2.4459835291987535e+001  1.0236447401018674e-001
  1.1299999999999999e+001  2.0617383321642841e+001  1.2015319480775173e-001  2.4435545472064849e+001  1.0220945475406343e-001
  1.1350000000000000e+001  2.0594224271102963e+001  1.2007608576815831e-001  2.4411334901110791e+001  1.0206247117486009e-001
  1.1400000000000000e+001  2.0572970677296006e+001  1.1999992315393591e-001  2.4387214787218007e+001  1.0192314453781490e-001
  1.1449999999999999e+001  2.0552265792262034e+001  1.1995004702231564e-001  2.4363196755684431e+001  1.0179116090070724e-001
  1.1500000000000000e+001  2.0531606884870399e+001  1.1990555970286763e-001  2.4339270205608006e+001  1.0166653581418977e-001
  1.1549999999999999e+001  2.0510990377235593e+001  1.1986605103323043e-001  2.4315706849946139e+001  1.0153747962761694e-001
  1.1600000000000000e+001  2.0490423005231424e+001  1.1983147077562073e-001  2.4293151194837996e+001  1.0137730638589884e-001
  1.1650000000000000e+001  2.0469915281093837e+001  1.1980184578515048e-001  2.4271678934506294e+001  1.0123376406961518e-001
  1.1699999999999999e+001  2.0449747116803536e+001  1.1977747129500299e-001  2.4250843648811916e+001  1.0110046904276024e-001
  1.1750000000000000e+001  2.0429722150745341e+001  1.1975792666405215e-001  2.4230127722808025e+001  1.0096983120719211e-001
  1.1799999999999999e+001  2.0409752337395730e+001  1.1974293497858711e-001  2.4209530362678638e+001  1.0084179289304179e-001
  1.1850000000000000e+001  2.0389833357454549e+001  1.1973237492921321e-001  2.4189050727615623e+001  1.0071629834894312e-001
  1.1900000000000000e+001  2.0369967971411427e+001  1.1972616106417229e-001  2.4168713354220028e+001  1.0059365115109803e-001
  1.1949999999999999e+001  2.0350158780965909e+001  1.1972421179797121e-001  2.4148496348745393e+001  1.0047349924363874e-001
  1.2000000000000000e+001  2.0330408234863871e+001  1.1972644930016343e-001  2.4128393628661826e+001  1.0035571937011488e-001
  1.2050000000000001e+001  2.0310718634602438e+001  1.1973279938332056e-001  2.4108416590251331e+001  1.0024066126126044e-001
  1.2100000000000000e+001  2.0291533453630120e+001  1.1973548848909947e-001  2.4089236120739070e+001  1.0011748820821285e-001
  1.2149999999999999e+001  2.0276067597138123e+001  1.1967818609894607e-001  2.4070920846978577e+001  9.9985078956746298e-002
  1.2199999999999999e+001  2.0260709553954300e+001  1.1962419061287573e-001  2.4052734505512657e+001  9.9855018121473280e-002
  1.2250000000000000e+001  2.0246172819231077e+001  1.1958660369022113e-001  2.4034671695756799e+001  9.9727476797564218e-002
  1.2300000000000001e+001  2.0232299534040571e+001  1.1956253292250182e-001  2.4016718371898019e+001  9.9602189128920979e-002
  1.2350000000000000e+001  2.0218553623524496e+001  1.1954207091846103e-001  2.3998887665967654e+001  9.9479059648205678e-002
  1.2399999999999999e+001  2.0204936253898317e+001  1.1952517033090931e-001  2.3981155677833229e+001  9.9358122713550073e-002
  1.2449999999999999e+001  2.0191448457715804e+001  1.1951178533379248e-001  2.3963520953052353e+001  9.9239345502246210e-002
  1.2500000000000000e+001  2.0178091206298170e+001  1.1950187101056450e-001  2.3945982059931694e+001  9.9122695641182548e-002
  1.2550000000000001e+001  2.0164870483017225e+001  1.1949534311305218e-001  2.3928537590020376e+001  9.9008141202082511e-002
  1.2600000000000000e+001  2.0151781583225052e+001  1.1949220250337131e-001  2.3911186158694608e+001  9.8895650701014345e-002
  1.2649999999999999e+001  2.0138825064030616e+001  1.1949240858716316e-001  2.3893937386496852e+001  9.8784860611127012e-002
  1.2699999999999999e+001  2.0126001376578877e+001  1.1949592189132657e-001  2.3876798181612855e+001  9.8675744522923908e-002
  1.2750000000000000e+001  2.0113310871006426e+001  1.1950270399067010e-001  2.3861965418762175e+001  9.8596446773505153e-002
  1.2800000000000001e+001  2.0100753801274251e+001  1.1951271743731698e-001  2.3847933496372281e+001  9.8527709497909899e-002
  1.2850000000000000e+001  2.0088330329784505e+001  1.1952592569257993e-001  2.3833986489098685e+001  9.8460441624726613e-002
  1.2899999999999999e+001  2.0077335502200544e+001  1.1954976948261585e-001  2.3820906155340971e+001  9.8396445785684711e-002
  1.2949999999999999e+001  2.0066564137882530e+001  1.1957730501663305e-001  2.3808240749791260e+001  9.8334370485180927e-002
  1.3000000000000000e+001  2.0055892157834752e+001  1.1960767546836366e-001  2.3795595099553292e+001  9.8273262064840911e-002
  1.3050000000000001e+001  2.0045311620625231e+001  1.1964080198600190e-001  2.3782960965968758e+001  9.8213207095996638e-002
  1.3100000000000000e+001  2.0034821488788673e+001  1.1967665125476964e-001  2.3770337464978965e+001  9.8154176936781662e-002
  1.3149999999999999e+001  2.0024422197896211e+001  1.1971519825758065e-001  2.3757723753767387e+001  9.8096144444675598e-002
  1.3199999999999999e+001  2.0014114111418476e+001  1.1975641835278107e-001  2.3745119029617083e+001  9.8039083936039814e-002
  1.3250000000000000e+001  2.0003897524260783e+001  1.1980028722725430e-001  2.3732522528973661e+001  9.7982971148170034e-002
  1.3300000000000001e+001  1.9993772665998659e+001  1.1984678085271434e-001  2.3719933526304395e+001  9.7927783201752786e-002
  1.3350000000000000e+001  1.9983739704071702e+001  1.1989587544453295e-001  2.3707351333050362e+001  9.7873498564657685e-002
  1.3399999999999999e+001  1.9973798746861544e+001  1.1994754742268494e-001  2.3694775296594958e+001  9.7820097017040489e-002
  1.3449999999999999e+001  1.9963949846640546e+001  1.2000177337585033e-001  2.3682204799182632e+001  9.7767559617465000e-002
  1.3500000000000000e+001  1.9954193002399315e+001  1.2005853002763173e-001  2.3669641122418390e+001  9.7715844083588660e-002
  1.3550000000000001e+001  1.9944528162589560e+001  1.2011779420519161e-001  2.3657086040899092e+001  9.7664903853437124e-002
  1.3600000000000000e+001  1.9934955227706347e+001  1.2017954281047857e-001  2.3644534833636062e+001  9.7614779296974000e-002
  1.3649999999999999e+001  1.9925474052891772e+001  1.2024375279329536e-001  2.3631987010516802e+001  9.7565456276830331e-002
  1.3699999999999999e+001  1.9916084450323080e+001  1.2031040112651510e-001  2.3619442111210816e+001  9.7516921774924215e-002
  1.3750000000000000e+001  1.9906786191535353e+001  1.2037946478435689e-001  2.3606910229482253e+001  9.7469096527121268e-002
  1.3800000000000001e+001  1.9897579009670288e+001  1.2045092072136138e-001  2.3594383349658290e+001  9.7422018671290342e-002
  1.3850000000000000e+001  1.9888467865222118e+001  1.2052475619412517e-001  2.3581858012950697e+001  9.7375698108618444e-002
  1.3899999999999999e+001  1.9879454578771689e+001  1.2060095550146679e-001  2.3569333870870565e+001  9.7330125972146436e-002
  1.3949999999999999e+001  1.9870531228349350e+001  1.2067948182513288e-001  2.3556810599889900e+001  9.7285294373072165e-002
  1.4000000000000000e+001  1.9861697415986640e+001  1.2076031174914548e-001  2.3544293006510753e+001  9.7241224797174508e-002
  1.4050000000000001e+001  1.9852952715136389e+001  1.2084342176727483e-001  2.3533596904610619e+001  9.7236914232729885e-002
  1.4100000000000000e+001  1.9844296672622079e+001  1.2092878827129182e-001  2.3523405622724773e+001  9.7244139187696463e-002
  1.4149999999999999e+001  1.9835728810072972e+001  1.2101638754512418e-001  2.3513239904000887e+001  9.7252594212857771e-002
  1.4199999999999999e+001  1.9827248625736601e+001  1.2110619575581699e-001  2.3503099081643850e+001  9.7262266213384768e-002
  1.4250000000000000e+001  1.9818855595881246e+001  1.2119818894918233e-001  2.3492982508824831e+001  9.7273142811564642e-002
  1.4300000000000001e+001  1.9810549176302672e+001  1.2129234304550049e-001  2.3482889558293511e+001  9.7285212328179396e-002
  1.4350000000000000e+001  1.9802328803725892e+001  1.2138863383626591e-001  2.3472819621931812e+001  9.7298463763664370e-002
  1.4399999999999999e+001  1.9794193897167290e+001  1.2148703698209458e-001  2.3462772110312329e+001  9.7312886779430327e-002
  1.4449999999999999e+001  1.9786143859218395e+001  1.2158752801206271e-001  2.3452747828889798e+001  9.7328491425861821e-002
  1.4500000000000000e+001  1.9778178077218474e+001  1.2169008232433937e-001  2.3442756562565521e+001  9.7345417052777730e-002
  1.4550000000000001e+001  1.9770295924537159e+001  1.2179467518608961e-001  2.3432786408839782e+001  9.7363503800105070e-002
  1.4600000000000000e+001  1.9762496761564481e+001  1.2190128173698209e-001  2.3422839369602453e+001  9.7382836363347949e-002
  1.4649999999999999e+001  1.9754779936863859e+001  1.2200987699087863e-001  2.3412911847790017e+001  9.7403293300610053e-002
  1.4699999999999999e+001  1.9747144788167716e+001  1.2212043583985233e-001  2.3403003360544439e+001  9.7424867880246666e-002
  1.4750000000000000e+001  1.9739590643364441e+001  1.2223293305802985e-001  2.3393113440694663e+001  9.7447553903975512e-002
  1.4800000000000001e+001  1.9733000756747089e+001  1.2231415422539831e-001  2.3383246413690358e+001  9.7471324304439638e-002
  1.4850000000000000e+001  1.9729009536824123e+001  1.2230260313246984e-001  2.3373399570498158e+001  9.7496184014221929e-002
  1.4899999999999999e+001  1.9725100570738210e+001  1.2229267617806358e-001  2.3363576595070676e+001  9.7522069840031853e-002
  1.4949999999999999e+001  1.9721281168818980e+001  1.2228423525422726e-001  2.3353775432047460e+001  9.7548991809188440e-002
  1.5000000000000000e+001  1.9717550341725293e+001  1.2227737421654307e-001  2.3343990446494800e+001  9.7577000155761345e-002
  1.5050000000000001e+001  1.9713901347949818e+001  1.2227218160734636e-001  2.3334221262177060e+001  9.7606091561877675e-002
  1.5100000000000000e+001  1.9710329542736638e+001  1.2226863642282694e-001  2.3324467515712072e+001  9.7636263118676028e-002
  1.5149999999999999e+001  1.9706833769834841e+001  1.2226674137288371e-001  2.3314728856356176e+001  9.7667512308661317e-002
  1.5199999999999999e+001  1.9703412882191355e+001  1.2226649837011347e-001  2.3305004945484349e+001  9.7699836989701389e-002
  1.5250000000000000e+001  1.9700065742402188e+001  1.2226790854609960e-001  2.3295295456597408e+001  9.7733235377099423e-002
  1.5300000000000001e+001  1.9696791222885281e+001  1.2227097226712590e-001  2.3285600074625307e+001  9.7767706028360518e-002
  1.5350000000000000e+001  1.9693588206232711e+001  1.2227568915109259e-001  2.3275918495845495e+001  9.7803247826418235e-002
  1.5399999999999999e+001  1.9690455585456100e+001  1.2228205808467527e-001  2.3266255469611348e+001  9.7839935379653464e-002
  1.5449999999999999e+001  1.9687392264210498e+001  1.2229007724020943e-001  2.3256606335714959e+001  9.7877702241383507e-002
  1.5500000000000000e+001  1.9684397156997761e+001  1.2229974409379865e-001  2.3246978549852447e+001  9.7916375058168817e-002
  1.5550000000000001e+001  1.9681469189345982e+001  1.2231105544306599e-001  2.3237364859348897e+001  9.7956086659427871e-002
  1.5600000000000000e+001  1.9678607298025444e+001  1.2232400742514155e-001  2.3229207355946414e+001  9.7958720955255124e-002
  1.5649999999999999e+001  1.9675810431120855e+001  1.2233859553530056e-001  2.3221478047184469e+001  9.7951543629898247e-002
  1.5699999999999999e+001  1.9673077548260402e+001  1.2235481464483484e-001  2.3213729026513477e+001  9.7946402098862045e-002
  1.5750000000000000e+001  1.9670407620630424e+001  1.2237265902003647e-001  2.3205960330621274e+001  9.7943295071755143e-002
  1.5800000000000001e+001  1.9667799631143961e+001  1.2239212234046666e-001  2.3198172008994835e+001  9.7942220985022893e-002
  1.5850000000000000e+001  1.9665252574500379e+001  1.2241319771757303e-001  2.3190364123279373e+001  9.7943178004626069e-002
  1.5899999999999999e+001  1.9662765457256626e+001  1.2243587771329786e-001  2.3182536746838291e+001  9.7946164028909544e-002
  1.5949999999999999e+001  1.9660524469128308e+001  1.2245177918960413e-001  2.3174689964212174e+001  9.7951176691453229e-002
  1.6000000000000000e+001  1.9659798710345747e+001  1.2240357531733891e-001  2.3166823870667834e+001  9.7958213364232966e-002
  1.6050000000000001e+001  1.9659112858604203e+001  1.2235760605896144e-001  2.3158938571700450e+001  9.7967271160615710e-002
  1.6100000000000001e+001  1.9658466028592343e+001  1.2231386379378890e-001  2.3151034182571848e+001  9.7978346938436406e-002
  1.6149999999999999e+001  1.9657857349987765e+001  1.2227234029788603e-001  2.3143110827984966e+001  9.7991437303297485e-002
  1.6199999999999999e+001  1.9657889302855988e+001  1.2222252119704162e-001  2.3135168641464311e+001  9.8006538611892846e-002
  1.6250000000000000e+001  1.9658145553786575e+001  1.2217156731809743e-001  2.3127207765167771e+001  9.8023646975092096e-002
  1.6300000000000001e+001  1.9658430107500379e+001  1.2212286013904895e-001  2.3119234989579638e+001  9.8042795803156058e-002
  1.6350000000000001e+001  1.9658742235576302e+001  1.2207638988087598e-001  2.3111292457736951e+001  9.8065167321796362e-002
  1.6399999999999999e+001  1.9659081222824565e+001  1.2203214623946500e-001  2.3103354643278614e+001  9.8090126284535700e-002
  1.6449999999999999e+001  1.9659446367140553e+001  1.2199011840281999e-001  2.3095398970725164e+001  9.8117093939344799e-002
  1.6500000000000000e+001  1.9659836979369395e+001  1.2195029506817891e-001  2.3087425609402992e+001  9.8146065012594541e-002
  1.6550000000000001e+001  1.9660252383151953e+001  1.2191266445946536e-001  2.3079434735059664e+001  9.8177033999263238e-002
  1.6600000000000001e+001  1.9660691914772261e+001  1.2187721434341087e-001  2.3071426529439389e+001  9.8209995166852970e-002
  1.6649999999999999e+001  1.9661154923015232e+001  1.2184393204636422e-001  2.3063401180024456e+001  9.8244942559343240e-002
  1.6699999999999999e+001  1.9661640769003185e+001  1.2181280447097520e-001  2.3055380592544147e+001  9.8281493359558464e-002
  1.6750000000000000e+001  1.9662148826044987e+001  1.2178381811242084e-001  2.3047350985759458e+001  9.8319882980394582e-002
  1.6800000000000001e+001  1.9662678479474902e+001  1.2175695907427297e-001  2.3039304471437326e+001  9.8360245118560355e-002
  1.6850000000000001e+001  1.9663229126499552e+001  1.2173221308442345e-001  2.3031241261860195e+001  9.8402572938362395e-002
  1.6899999999999999e+001  1.9663801250933354e+001  1.2170956373165702e-001  2.3023161573499657e+001  9.8446859400450920e-002
  1.6949999999999999e+001  1.9664393671120440e+001  1.2168899675988895e-001  2.3015067560448866e+001  9.8493176781313863e-002
  1.7000000000000000e+001  1.9665005297061786e+001  1.2167049768778816e-001  2.3006961310319952e+001  9.8541594718542652e-002
  1.7050000000000001e+001  1.9665635572722739e+001  1.2165405090912743e-001  2.2998839209609528e+001  9.8591947817067760e-002
  1.7100000000000001e+001  1.9666283953119674e+001  1.2163964051739087e-001  2.2990701489710098e+001  9.8644228260672887e-002
  1.7149999999999999e+001  1.9666949904158969e+001  1.2162725032030038e-001  2.2982548385035670e+001  9.8698428050003978e-002
  1.7199999999999999e+001  1.9667632902476118e+001  1.2161686385411065e-001  2.2974380132862212e+001  9.8754539005890790e-002
  1.7250000000000000e+001  1.9669132545342162e+001  1.2158794425812079e-001  2.2966196973079541e+001  9.8812552774048115e-002
  1.7300000000000001e+001  1.9672310710203213e+001  1.2151826581984761e-001  2.2957999147919693e+001  9.8872460829312725e-002
  1.7350000000000001e+001  1.9675504312548121e+001  1.2145040745412077e-001  2.2949786901864321e+001  9.8934254479489087e-002
  1.7399999999999999e+001  1.9678712684895373e+001  1.2138436018828058e-001  2.2941560481384485e+001  9.8997924869563408e-002
  1.7449999999999999e+001  1.9681935973918687e+001  1.2132012879049768e-001  2.2933320134775656e+001  9.9063462985972017e-002
  1.7500000000000000e+001  1.9685177525018023e+001  1.2125777453844133e-001  2.2925066112020659e+001  9.9130859660431156e-002
  1.7550000000000001e+001  1.9688431907435231e+001  1.2119720357110406e-001  2.2916798664673660e+001  9.9200105573416006e-002
  1.7600000000000001e+001  1.9691699243432417e+001  1.2113843615211686e-001  2.2908518045423218e+001  9.9271191260644528e-002
  1.7649999999999999e+001  1.9694980393375936e+001  1.2108152145516900e-001  2.2900224508334336e+001  9.9344107113825866e-002
  1.7699999999999999e+001  1.9698276189937701e+001  1.2102645951557696e-001  2.2891918308362921e+001  9.9418843387610617e-002
  1.7750000000000000e+001  1.9701582419824152e+001  1.2097313764391052e-001  2.2883599701424469e+001  9.9495390201586875e-002
  1.7800000000000001e+001  1.9704898522868131e+001  1.2092154454175863e-001  2.2875268944053964e+001  9.9573737546441513e-002
  1.7850000000000001e+001  1.9708223951202115e+001  1.2087166867522747e-001  2.2866926293601850e+001  9.9653875284743093e-002
  1.7899999999999999e+001  1.9711560757409508e+001  1.2082349004708437e-001  2.2858757640502965e+001  9.9731985513278207e-002
  1.7949999999999999e+001  1.9714907603047074e+001  1.2077699986309977e-001  2.2853231925457091e+001  9.9757235919120307e-002
  1.8000000000000000e+001  1.9718262189610993e+001  1.2073219177103990e-001  2.2847693757127672e+001  9.9783928408127082e-002
  1.8050000000000001e+001  1.9721624016497596e+001  1.2068905338778939e-001  2.2842143305925752e+001  9.9812058356025121e-002
  1.8100000000000001e+001  1.9724992594384663e+001  1.2064757214573515e-001  2.2836580743851986e+001  9.9841621019656726e-002
  1.8149999999999999e+001  1.9728367445072717e+001  1.2060773530179815e-001  2.2831006244266522e+001  9.9872611539744999e-002
  1.8199999999999999e+001  1.9731748101288506e+001  1.2056952994705208e-001  2.2825419981756639e+001  9.9905024943250459e-002
  1.8250000000000000e+001  1.9735134106402814e+001  1.2053294301707597e-001  2.2819822132187454e+001  9.9938856145076735e-002
  1.8300000000000001e+001  1.9738525014341985e+001  1.2049796129973422e-001  2.2814212872372494e+001  9.9974099951370410e-002
  1.8350000000000001e+001  1.9742421037358010e+001  1.2046604395042704e-001  2.2808592380083489e+001  1.0001075106131488e-001
  1.8399999999999999e+001  1.9746465366746929e+001  1.2043608963735107e-001  2.2802960834009056e+001  1.0004880406899551e-001
  1.8449999999999999e+001  1.9751607375321917e+001  1.2042081283627784e-001  2.2797318413493599e+001  1.0008825346688652e-001
  1.8500000000000000e+001  1.9757130446131370e+001  1.2041192263997424e-001  2.2791665298484155e+001  1.0012909364778429e-001
  1.8550000000000001e+001  1.9762645981401821e+001  1.2040480083121743e-001  2.2786001669527117e+001  1.0017131890651214e-001
  1.8600000000000001e+001  1.9768154956159336e+001  1.2039944570236255e-001  2.2780327707614802e+001  1.0021492344283008e-001
  1.8649999999999999e+001  1.9773657418021283e+001  1.2039584450077423e-001  2.2774643594036164e+001  1.0025990136407546e-001
  1.8699999999999999e+001  1.9779151183480757e+001  1.2039395589946647e-001  2.2768949510443619e+001  1.0030624668634847e-001
  1.8750000000000000e+001  1.9784635879893568e+001  1.2039376074167298e-001  2.2763245638635382e+001  1.0035395333800115e-001
  1.8800000000000001e+001  1.9790111145700596e+001  1.2039523983726290e-001  2.2757532160547235e+001  1.0040301516111134e-001
  1.8850000000000001e+001  1.9795576630254406e+001  1.2039837397114721e-001  2.2751809258117362e+001  1.0045342591454404e-001
  1.8899999999999999e+001  1.9801031993478290e+001  1.2040314391152204e-001  2.2746077113300970e+001  1.0050517927534001e-001
  1.8949999999999999e+001  1.9806476905719080e+001  1.2040953041780596e-001  2.2740335907920290e+001  1.0055826884167059e-001
  1.9000000000000000e+001  1.9811911047436766e+001  1.2041751424820214e-001  2.2734587485253734e+001  1.0061263830757802e-001
  1.9050000000000001e+001  1.9817334109055352e+001  1.2042707616731804e-001  2.2728833607672271e+001  1.0066823408075934e-001
  1.9100000000000001e+001  1.9822745790642951e+001  1.2043819695299346e-001  2.2723071174157354e+001  1.0072514814171379e-001
  1.9149999999999999e+001  1.9828145801771740e+001  1.2045085740358016e-001  2.2717300365928217e+001  1.0078337377767643e-001
  1.9199999999999999e+001  1.9833533861268620e+001  1.2046503834448115e-001  2.2711521363792951e+001  1.0084290420805403e-001
  1.9250000000000000e+001  1.9838909697005974e+001  1.2048072063436351e-001  2.2705734348112365e+001  1.0090373258635144e-001
  1.9300000000000001e+001  1.9844273045711869e+001  1.2049788517178082e-001  2.2699939498711625e+001  1.0096585200270596e-001
  1.9350000000000001e+001  1.9849623652680620e+001  1.2051651290072399e-001  2.2694136994938699e+001  1.0102925548504603e-001
  1.9399999999999999e+001  1.9855387652438473e+001  1.2053352498007677e-001  2.2688327015390694e+001  1.0109393600319191e-001
  1.9449999999999999e+001  1.9862330868703495e+001  1.2054332146331238e-001  2.2682509738089674e+001  1.0115988646922655e-001
  1.9500000000000000e+001  1.9869260333289986e+001  1.2055439600258080e-001  2.2676685340468236e+001  1.0122709973878655e-001
  1.9550000000000001e+001  1.9876175695724491e+001  1.2056673305226491e-001  2.2670853998986793e+001  1.0129556861689595e-001
  1.9600000000000001e+001  1.9883076616062123e+001  1.2058031710630304e-001  2.2665015889557015e+001  1.0136528585518018e-001
  1.9649999999999999e+001  1.9889962764972864e+001  1.2059513270270390e-001  2.2659171187141364e+001  1.0143624415763387e-001
  1.9699999999999999e+001  1.9896833823351816e+001  1.2061116442725602e-001  2.2653320065933855e+001  1.0150843618040141e-001
  1.9750000000000000e+001  1.9903689482186437e+001  1.2062839691746745e-001  2.2647462699173634e+001  1.0158185453526528e-001
  1.9800000000000001e+001  1.9910529442258763e+001  1.2064681486600488e-001  2.2641599259231384e+001  1.0165649179059132e-001
  1.9850000000000001e+001  1.9917353413918679e+001  1.2066640302415903e-001  2.2635729917568518e+001  1.0173234047299969e-001
  1.9899999999999999e+001  1.9924161116950298e+001  1.2068714620551832e-001  2.2629854844623949e+001  1.0180939307058749e-001
  1.9949999999999999e+001  1.9930964753273575e+001  1.2070905593046584e-001  2.2623974209790617e+001  1.0188764203444055e-001
  2.0000000000000000e+001  1.9938037324811493e+001  1.2073269300000021e-001  2.2618088181525373e+001  1.0196707977934723e-001
