**********************************************
*******  Acceleration Time Series ************
*** Site #   1
*** trial   23
Input Parameters file =  aqv_0604__parameters.out                                                                                                
  4096 samples
dt:  0.010 sec
data format: (1x,f8.3,1p,2x,e11.4)
maximum absolute acceleration: 213.68
fault Dis.(km)=    6.43
Hypo  Dis.(km)=   12.05
  time(s) acc(cm/s**2)
    0.000   0.0000E+00
    0.010   0.0000E+00
    0.020   0.0000E+00
    0.030   0.0000E+00
    0.040   0.0000E+00
    0.050   0.0000E+00
    0.060   0.0000E+00
    0.070   0.0000E+00
    0.080   0.0000E+00
    0.090   0.0000E+00
    0.100   0.0000E+00
    0.110   0.0000E+00
    0.120   0.0000E+00
    0.130   0.0000E+00
    0.140   0.0000E+00
    0.150   0.0000E+00
    0.160   0.0000E+00
    0.170   0.0000E+00
    0.180   0.0000E+00
    0.190   0.0000E+00
    0.200   0.0000E+00
    0.210   0.0000E+00
    0.220   0.0000E+00
    0.230   0.0000E+00
    0.240   0.0000E+00
    0.250   0.0000E+00
    0.260   0.0000E+00
    0.270   0.0000E+00
    0.280   0.0000E+00
    0.290   0.0000E+00
    0.300   0.0000E+00
    0.310   0.0000E+00
    0.320   0.0000E+00
    0.330   0.0000E+00
    0.340   0.0000E+00
    0.350   0.0000E+00
    0.360   0.0000E+00
    0.370   0.0000E+00
    0.380  -4.9987E-04
    0.390  -5.0998E-04
    0.400  -4.8990E-04
    0.410  -4.6020E-04
    0.420  -5.0869E-04
    0.430  -5.3815E-04
    0.440  -5.4633E-04
    0.450  -5.3814E-04
    0.460  -5.8735E-04
    0.470  -5.9955E-04
    0.480  -5.8135E-04
    0.490  -5.5309E-04
    0.500  -7.9857E-04
    0.510  -7.9562E-04
    0.520  -7.2276E-04
    0.530  -7.8582E-04
    0.540  -9.9723E-04
    0.550   9.0595E-04
    0.560   1.0225E-03
    0.570   9.7965E-04
    0.580   7.9140E-04
    0.590   8.2809E-04
    0.600   9.2252E-04
    0.610   8.5396E-04
    0.620   6.4062E-04
    0.630   6.6579E-04
    0.640   7.7013E-04
    0.650   7.2103E-04
    0.660   5.1789E-04
    0.670   5.3218E-04
    0.680   6.0813E-04
    0.690   5.1820E-04
    0.700   2.7467E-04
    0.710   2.7718E-04
    0.720   3.7594E-04
    0.730   3.1695E-04
    0.740   8.2721E-05
    0.750   6.5011E-05
    0.760   1.2440E-04
    0.770   2.7727E-05
    0.780  -2.3525E-04
    0.790  -2.5306E-04
    0.800  -1.6320E-04
    0.810  -2.2897E-04
    0.820  -4.8819E-04
    0.830  -5.3444E-04
    0.840  -4.8444E-04
    0.850  -5.2543E-04
    0.860  -8.4477E-04
    0.870  -9.2361E-04
    0.880  -8.5227E-04
    0.890  -9.1555E-04
    0.900  -1.2482E-03
    0.910  -1.4248E-03
    0.920  -1.3997E-03
    0.930  -1.4670E-03
    0.940  -1.8146E-03
    0.950  -1.9607E-03
    0.960  -1.9167E-03
    0.970  -1.9709E-03
    0.980  -2.3315E-03
    0.990  -2.5100E-03
    1.000  -2.4905E-03
    1.010  -2.5514E-03
    1.020  -3.0063E-03
    1.030  -3.2144E-03
    1.040  -5.4694E-03
    1.050  -5.3435E-03
    1.060  -5.6168E-03
    1.070  -5.9879E-03
    1.080  -6.1406E-03
    1.090  -6.0319E-03
    1.100  -6.2814E-03
    1.110  -6.6016E-03
    1.120  -6.7025E-03
    1.130  -6.5572E-03
    1.140  -5.7045E-03
    1.150  -7.0308E-03
    1.160  -7.2790E-03
    1.170  -7.1686E-03
    1.180  -7.3390E-03
    1.190  -7.7023E-03
    1.200  -7.8877E-03
    1.210  -7.7068E-03
    1.220  -7.8472E-03
    1.230  -8.2269E-03
    1.240  -8.4588E-03
    1.250  -8.3000E-03
    1.260  -8.4114E-03
    1.270  -8.7290E-03
    1.280  -8.8784E-03
    1.290  -9.0235E-03
    1.300  -9.2161E-03
    1.310  -9.5689E-03
    1.320  -9.6015E-03
    1.330  -9.4250E-03
    1.340  -9.6251E-03
    1.350  -9.9117E-03
    1.360  -9.9091E-03
    1.370  -9.7177E-03
    1.380  -9.9323E-03
    1.390  -1.0269E-02
    1.400  -1.0253E-02
    1.410  -1.0076E-02
    1.420  -1.0315E-02
    1.430  -9.5039E-03
    1.440  -9.5273E-03
    1.450  -9.4982E-03
    1.460  -9.6536E-03
    1.470  -9.8110E-03
    1.480  -9.8165E-03
    1.490  -9.7272E-03
    1.500  -9.8322E-03
    1.510  -9.9901E-03
    1.520  -1.0005E-02
    1.530  -9.9183E-03
    1.540  -1.0014E-02
    1.550  -1.0165E-02
    1.560  -1.0186E-02
    1.570  -1.0099E-02
    1.580  -1.0186E-02
    1.590  -1.0327E-02
    1.600  -1.0320E-02
    1.610  -9.3876E-03
    1.620  -9.4086E-03
    1.630  -9.4705E-03
    1.640  -1.0030E-02
    1.650  -9.8976E-03
    1.660  -9.4108E-03
    1.670  -7.6997E-03
    1.680  -7.5082E-03
    1.690  -7.1512E-03
    1.700  -7.1404E-03
    1.710  -6.2357E-03
    1.720  -6.0563E-03
    1.730  -5.7489E-03
    1.740  -5.7278E-03
    1.750  -6.1291E-03
    1.760  -5.9273E-03
    1.770  -5.4678E-03
    1.780  -5.5274E-03
    1.790  -6.0153E-03
    1.800  -5.9247E-03
    1.810  -5.4945E-03
    1.820  -6.3792E-03
    1.830  -6.6480E-03
    1.840  -6.6010E-03
    1.850  -6.2100E-03
    1.860  -6.2490E-03
    1.870  -6.5779E-03
    1.880  -6.5965E-03
    1.890  -6.2536E-03
    1.900  -6.6633E-03
    1.910  -6.9858E-03
    1.920  -7.2592E-03
    1.930  -7.5700E-03
    1.940  -8.8320E-03
    1.950  -9.1248E-03
    1.960  -8.6916E-03
    1.970  -8.3987E-03
    1.980  -8.5577E-03
    1.990  -8.9147E-03
    2.000  -8.8836E-03
    2.010  -8.6697E-03
    2.020  -8.8715E-03
    2.030  -8.0696E-03
    2.040  -8.2051E-03
    2.050  -7.7056E-03
    2.060  -8.0106E-03
    2.070  -8.4947E-03
    2.080  -8.7589E-03
    2.090  -8.5113E-03
    2.100  -8.8461E-03
    2.110  -9.9147E-03
    2.120  -1.0157E-02
    2.130  -1.0334E-02
    2.140  -1.0699E-02
    2.150  -1.1337E-02
    2.160  -1.0375E-02
    2.170  -1.0159E-02
    2.180  -1.0543E-02
    2.190  -1.1213E-02
    2.200  -1.1581E-02
    2.210  -1.1448E-02
    2.220  -1.1889E-02
    2.230  -1.2604E-02
    2.240  -1.3000E-02
    2.250  -1.2885E-02
    2.260  -1.3382E-02
    2.270  -1.4203E-02
    2.280  -1.4730E-02
    2.290  -1.4693E-02
    2.300  -1.4553E-02
    2.310  -1.5396E-02
    2.320  -1.5959E-02
    2.330  -1.5852E-02
    2.340  -1.6324E-02
    2.350  -1.7155E-02
    2.360  -1.7114E-02
    2.370  -1.7069E-02
    2.380  -1.7605E-02
    2.390  -1.8621E-02
    2.400  -1.9605E-02
    2.410  -1.9630E-02
    2.420  -2.0339E-02
    2.430  -2.1388E-02
    2.440  -2.2058E-02
    2.450  -2.2093E-02
    2.460  -2.2861E-02
    2.470  -2.4048E-02
    2.480  -2.4867E-02
    2.490  -2.4958E-02
    2.500  -2.5293E-02
    2.510  -2.6352E-02
    2.520  -2.7267E-02
    2.530  -2.7502E-02
    2.540  -2.7554E-02
    2.550  -2.8566E-02
    2.560  -2.9392E-02
    2.570  -2.9688E-02
    2.580  -3.0429E-02
    2.590  -3.1364E-02
    2.600  -3.2452E-02
    2.610  -3.2882E-02
    2.620  -3.3743E-02
    2.630  -3.4702E-02
    2.640  -3.5559E-02
    2.650  -3.5835E-02
    2.660  -3.6577E-02
    2.670  -3.7604E-02
    2.680  -3.8653E-02
    2.690  -3.9116E-02
    2.700  -3.9935E-02
    2.710  -4.1001E-02
    2.720  -4.1891E-02
    2.730  -4.2219E-02
    2.740  -4.3031E-02
    2.750  -4.4139E-02
    2.760  -4.3443E-02
    2.770  -4.3884E-02
    2.780  -4.4953E-02
    2.790  -4.5629E-02
    2.800  -4.7219E-02
    2.810  -4.7596E-02
    2.820  -4.7632E-02
    2.830  -4.8644E-02
    2.840  -4.9845E-02
    2.850  -5.0445E-02
    2.860  -5.1105E-02
    2.870  -5.1956E-02
    2.880  -5.2944E-02
    2.890  -5.4451E-02
    2.900  -5.5266E-02
    2.910  -5.7177E-02
    2.920  -5.8284E-02
    2.930  -5.9807E-02
    2.940  -6.0769E-02
    2.950  -6.1836E-02
    2.960  -6.2812E-02
    2.970  -6.3311E-02
    2.980  -6.2437E-02
    2.990  -6.3638E-02
    3.000  -6.4744E-02
    3.010  -6.5279E-02
    3.020  -6.6207E-02
    3.030  -6.7218E-02
    3.040  -6.8022E-02
    3.050  -6.8303E-02
    3.060  -6.9213E-02
    3.070  -7.0491E-02
    3.080  -7.1325E-02
    3.090  -7.1759E-02
    3.100  -7.2512E-02
    3.110  -7.3278E-02
    3.120  -7.3486E-02
    3.130  -7.3751E-02
    3.140  -7.4736E-02
    3.150  -7.6572E-02
    3.160  -7.8620E-02
    3.170  -7.9159E-02
    3.180  -7.9873E-02
    3.190  -8.0797E-02
    3.200  -8.1716E-02
    3.210  -8.2309E-02
    3.220  -8.3504E-02
    3.230  -8.5123E-02
    3.240  -8.6642E-02
    3.250  -8.7141E-02
    3.260  -8.7683E-02
    3.270  -8.8834E-02
    3.280  -8.9784E-02
    3.290  -9.0721E-02
    3.300  -9.2493E-02
    3.310  -9.4237E-02
    3.320  -9.5301E-02
    3.330  -9.5572E-02
    3.340  -9.6266E-02
    3.350  -9.7059E-02
    3.360  -9.8354E-02
    3.370  -9.9485E-02
    3.380  -1.0141E-01
    3.390  -1.0292E-01
    3.400  -1.0438E-01
    3.410  -1.0464E-01
    3.420  -1.0580E-01
    3.430  -1.0838E-01
    3.440  -1.0919E-01
    3.450  -1.1118E-01
    3.460  -1.1352E-01
    3.470  -1.1572E-01
    3.480  -1.1712E-01
    3.490  -1.1720E-01
    3.500  -1.1787E-01
    3.510  -1.1971E-01
    3.520  -1.2244E-01
    3.530  -1.2490E-01
    3.540  -1.2758E-01
    3.550  -1.3193E-01
    3.560  -1.3343E-01
    3.570  -1.3315E-01
    3.580  -1.3361E-01
    3.590  -1.3644E-01
    3.600  -1.4001E-01
    3.610  -1.4365E-01
    3.620  -1.4668E-01
    3.630  -1.4863E-01
    3.640  -1.4976E-01
    3.650  -1.4992E-01
    3.660  -1.5158E-01
    3.670  -1.5514E-01
    3.680  -1.6039E-01
    3.690  -1.6514E-01
    3.700  -1.6905E-01
    3.710  -1.7103E-01
    3.720  -1.7182E-01
    3.730  -1.7083E-01
    3.740  -1.7286E-01
    3.750  -1.7902E-01
    3.760  -1.8706E-01
    3.770  -1.9232E-01
    3.780  -1.9451E-01
    3.790  -1.9473E-01
    3.800  -1.9484E-01
    3.810  -1.9534E-01
    3.820  -1.9889E-01
    3.830  -2.0628E-01
    3.840  -2.1594E-01
    3.850  -2.2314E-01
    3.860  -2.2602E-01
    3.870  -2.2447E-01
    3.880  -2.2230E-01
    3.890  -2.2333E-01
    3.900  -2.3150E-01
    3.910  -2.4467E-01
    3.920  -2.5693E-01
    3.930  -2.6204E-01
    3.940  -2.6171E-01
    3.950  -2.5935E-01
    3.960  -2.5947E-01
    3.970  -2.6332E-01
    3.980  -2.7325E-01
    3.990  -2.8799E-01
    4.000  -3.0289E-01
    4.010  -3.0912E-01
    4.020  -3.0483E-01
    4.030  -2.9575E-01
    4.040  -2.9287E-01
    4.050  -3.0178E-01
    4.060  -3.2103E-01
    4.070  -3.4066E-01
    4.080  -3.5132E-01
    4.090  -3.4890E-01
    4.100  -3.3984E-01
    4.110  -3.3243E-01
    4.120  -3.3371E-01
    4.130  -3.4639E-01
    4.140  -3.6849E-01
    4.150  -3.9359E-01
    4.160  -4.0918E-01
    4.170  -4.0398E-01
    4.180  -3.8447E-01
    4.190  -3.7107E-01
    4.200  -3.8052E-01
    4.210  -4.1246E-01
    4.220  -4.5054E-01
    4.230  -4.7488E-01
    4.240  -4.7804E-01
    4.250  -4.6413E-01
    4.260  -4.4751E-01
    4.270  -4.4184E-01
    4.280  -4.5756E-01
    4.290  -4.9432E-01
    4.300  -5.4216E-01
    4.310  -5.7563E-01
    4.320  -5.7464E-01
    4.330  -5.3750E-01
    4.340  -4.9604E-01
    4.350  -4.8991E-01
    4.360  -5.3310E-01
    4.370  -5.9804E-01
    4.380  -6.4352E-01
    4.390  -6.4612E-01
    4.400  -6.1383E-01
    4.410  -5.6761E-01
    4.420  -5.3352E-01
    4.430  -5.3313E-01
    4.440  -5.7911E-01
    4.450  -6.5618E-01
    4.460  -7.2261E-01
    4.470  -7.2966E-01
    4.480  -6.6469E-01
    4.490  -5.7279E-01
    4.500  -5.3295E-01
    4.510  -5.8896E-01
    4.520  -7.1316E-01
    4.530  -8.2434E-01
    4.540  -8.6107E-01
    4.550  -8.2104E-01
    4.560  -7.4812E-01
    4.570  -6.8712E-01
    4.580  -6.7822E-01
    4.590  -7.5267E-01
    4.600  -9.0589E-01
    4.610  -1.0671E+00
    4.620  -1.1305E+00
    4.630  -1.0393E+00
    4.640  -8.5867E-01
    4.650  -7.3499E-01
    4.660  -7.8150E-01
    4.670  -9.7664E-01
    4.680  -1.1865E+00
    4.690  -1.2712E+00
    4.700  -1.1903E+00
    4.710  -1.0059E+00
    4.720  -8.1674E-01
    4.730  -7.0609E-01
    4.740  -7.3806E-01
    4.750  -9.2989E-01
    4.760  -1.1950E+00
    4.770  -1.3348E+00
    4.780  -1.1867E+00
    4.790  -8.0221E-01
    4.800  -4.6046E-01
    4.810  -4.3671E-01
    4.820  -7.6319E-01
    4.830  -1.2057E+00
    4.840  -1.4789E+00
    4.850  -1.4520E+00
    4.860  -1.1961E+00
    4.870  -8.8119E-01
    4.880  -6.9022E-01
    4.890  -7.7381E-01
    4.900  -1.2053E+00
    4.910  -1.8616E+00
    4.920  -2.3911E+00
    4.930  -2.4039E+00
    4.940  -1.8432E+00
    4.950  -1.1430E+00
    4.960  -9.2370E-01
    4.970  -1.4273E+00
    4.980  -2.2975E+00
    4.990  -2.9111E+00
    5.000  -2.9108E+00
    5.010  -2.3696E+00
    5.020  -1.5937E+00
    5.030  -9.0073E-01
    5.040  -6.0980E-01
    5.050  -9.6422E-01
    5.060  -1.8695E+00
    5.070  -2.6909E+00
    5.080  -2.5887E+00
    5.090  -1.2528E+00
    5.100   6.1231E-01
    5.110   1.7114E+00
    5.120   1.2137E+00
    5.130  -4.9197E-01
    5.140  -2.1369E+00
    5.150  -2.6411E+00
    5.160  -1.8778E+00
    5.170  -4.6258E-01
    5.180   8.5444E-01
    5.190   1.4311E+00
    5.200   6.3670E-01
    5.210  -1.7664E+00
    5.220  -4.8926E+00
    5.230  -6.7849E+00
    5.240  -5.9989E+00
    5.250  -3.2742E+00
    5.260  -1.2753E+00
    5.270  -2.1881E+00
    5.280  -5.6641E+00
    5.290  -9.1707E+00
    5.300  -1.0295E+01
    5.310  -8.4474E+00
    5.320  -4.8007E+00
    5.330  -1.1778E+00
    5.340   6.3426E-01
    5.350  -5.9633E-01
    5.360  -4.7550E+00
    5.370  -9.5254E+00
    5.380  -1.1053E+01
    5.390  -5.2389E+00
    5.400   9.1291E+00
    5.410   2.5266E+01
    5.420   3.1815E+01
    5.430   2.3756E+01
    5.440   9.1257E+00
    5.450   1.2548E+00
    5.460  -6.0214E-01
    5.470   3.5643E-01
    5.480   9.4455E+00
    5.490   2.0494E+01
    5.500   2.4793E+01
    5.510   1.9157E+01
    5.520   1.1389E+01
    5.530   6.5359E+00
    5.540   4.9915E+00
    5.550   9.5251E+00
    5.560   1.7345E+01
    5.570   1.8721E+01
    5.580   5.5005E+00
    5.590  -1.1926E+01
    5.600  -2.3450E+01
    5.610  -2.9149E+01
    5.620  -3.0893E+01
    5.630  -2.6368E+01
    5.640  -1.3210E+01
    5.650  -3.2815E+00
    5.660  -6.9626E+00
    5.670  -1.7514E+01
    5.680  -2.5381E+01
    5.690  -2.1227E+01
    5.700  -5.8047E+00
    5.710   2.5716E+00
    5.720  -4.2594E+00
    5.730  -2.0122E+01
    5.740  -3.5638E+01
    5.750  -4.6543E+01
    5.760  -4.7774E+01
    5.770  -4.2595E+01
    5.780  -3.1955E+01
    5.790  -1.2835E+01
    5.800   8.4950E+00
    5.810   1.4095E+01
    5.820   2.5901E+00
    5.830  -9.3259E+00
    5.840  -1.8214E+01
    5.850  -2.4739E+01
    5.860  -2.1180E+01
    5.870  -7.6995E+00
    5.880   7.7621E+00
    5.890   1.1367E+01
    5.900   6.9340E+00
    5.910   4.0242E+00
    5.920  -6.1111E+00
    5.930  -2.3699E+01
    5.940  -3.6552E+01
    5.950  -3.5047E+01
    5.960  -2.3135E+01
    5.970  -1.4896E+01
    5.980  -1.5048E+01
    5.990  -1.7224E+01
    6.000  -1.7818E+01
    6.010  -1.6319E+01
    6.020  -1.2057E+01
    6.030  -4.0898E+00
    6.040   8.8469E+00
    6.050   2.2415E+01
    6.060   2.7245E+01
    6.070   2.3008E+01
    6.080   2.0725E+01
    6.090   3.3828E+01
    6.100   6.1871E+01
    6.110   8.2906E+01
    6.120   8.4127E+01
    6.130   7.7993E+01
    6.140   7.1795E+01
    6.150   6.8391E+01
    6.160   6.5263E+01
    6.170   5.2717E+01
    6.180   3.6102E+01
    6.190   2.8947E+01
    6.200   4.2259E+01
    6.210   6.5762E+01
    6.220   7.5509E+01
    6.230   6.2695E+01
    6.240   4.1168E+01
    6.250   3.0752E+01
    6.260   2.3647E+01
    6.270   2.7824E+00
    6.280  -1.9946E+01
    6.290  -3.3608E+01
    6.300  -3.3856E+01
    6.310  -1.8618E+01
    6.320  -1.4455E+01
    6.330  -3.4147E+01
    6.340  -4.3391E+01
    6.350  -3.2266E+01
    6.360  -1.1076E+01
    6.370   9.2101E+00
    6.380   2.1418E+01
    6.390   2.0558E+01
    6.400   1.2646E+01
    6.410   1.1099E+00
    6.420  -7.6032E-01
    6.430   1.7444E+01
    6.440   3.8364E+01
    6.450   5.3010E+01
    6.460   8.6517E+01
    6.470   1.0657E+02
    6.480   8.3495E+01
    6.490   4.4759E+01
    6.500  -3.6175E+00
    6.510  -5.2225E+01
    6.520  -7.4890E+01
    6.530  -6.2973E+01
    6.540  -3.7486E+01
    6.550  -1.4679E+01
    6.560   8.9644E-01
    6.570   1.5931E+01
    6.580   3.5862E+01
    6.590   3.5868E+01
    6.600  -5.0802E+00
    6.610  -6.5578E+01
    6.620  -1.0506E+02
    6.630  -1.0570E+02
    6.640  -6.9268E+01
    6.650  -2.0304E+01
    6.660   4.3130E+00
    6.670   1.7685E-01
    6.680  -5.0106E+00
    6.690  -1.1119E+01
    6.700  -3.2179E+01
    6.710  -6.4613E+01
    6.720  -7.0170E+01
    6.730  -5.2633E+01
    6.740  -5.6380E+01
    6.750  -7.4847E+01
    6.760  -9.4765E+01
    6.770  -1.0439E+02
    6.780  -7.6707E+01
    6.790  -3.7843E+01
    6.800  -1.5797E+01
    6.810  -4.7045E+00
    6.820   8.5579E-01
    6.830   8.0923E+00
    6.840   2.6616E+01
    6.850   4.6270E+01
    6.860   7.5709E+01
    6.870   1.1533E+02
    6.880   1.4163E+02
    6.890   1.3907E+02
    6.900   1.1330E+02
    6.910   8.4312E+01
    6.920   5.3655E+01
    6.930   2.7207E+01
    6.940   2.4791E+01
    6.950   2.7035E+01
    6.960   1.9314E+01
    6.970   2.6654E+01
    6.980   5.1453E+01
    6.990   4.7146E+01
    7.000   2.3263E+01
    7.010   1.8239E+01
    7.020   1.3764E+01
    7.030   2.1964E+00
    7.040  -2.1044E+00
    7.050  -6.6714E+00
    7.060  -1.4847E+00
    7.070   2.2838E+01
    7.080   2.2402E+01
    7.090  -6.2014E+00
    7.100  -3.3364E+01
    7.110  -4.1738E+01
    7.120  -2.8753E+01
    7.130  -1.8322E+01
    7.140  -2.8711E+01
    7.150  -4.3362E+01
    7.160  -6.4738E+01
    7.170  -8.4991E+01
    7.180  -8.8516E+01
    7.190  -7.5436E+01
    7.200  -5.3344E+01
    7.210  -3.3674E+01
    7.220  -2.1970E+01
    7.230  -2.0451E+01
    7.240  -1.4528E+01
    7.250  -2.3043E+01
    7.260  -5.1386E+01
    7.270  -5.0685E+01
    7.280  -2.7976E+01
    7.290  -1.1946E+00
    7.300   1.7183E+01
    7.310   2.6584E+01
    7.320   3.5248E+01
    7.330   3.0719E+01
    7.340   3.9758E+00
    7.350  -2.1149E+01
    7.360  -2.0987E+01
    7.370  -2.3219E+01
    7.380  -3.2978E+01
    7.390  -4.3238E+01
    7.400  -3.5254E+01
    7.410  -2.4635E+01
    7.420  -4.6937E+01
    7.430  -7.7553E+01
    7.440  -8.2438E+01
    7.450  -9.0868E+01
    7.460  -1.1010E+02
    7.470  -1.0194E+02
    7.480  -5.7838E+01
    7.490  -2.3624E-01
    7.500   4.0539E+01
    7.510   6.6835E+01
    7.520   9.2022E+01
    7.530   9.9415E+01
    7.540   6.3217E+01
    7.550   2.9203E+01
    7.560   4.3012E+01
    7.570   8.4021E+01
    7.580   9.9295E+01
    7.590   9.5761E+01
    7.600   1.0392E+02
    7.610   1.1303E+02
    7.620   9.4060E+01
    7.630   4.2226E+01
    7.640  -1.6867E+01
    7.650  -5.2530E+01
    7.660  -5.9796E+01
    7.670  -5.4052E+01
    7.680  -4.0446E+01
    7.690  -2.0808E+01
    7.700  -2.2714E+01
    7.710  -5.4221E+01
    7.720  -6.4204E+01
    7.730  -5.0412E+01
    7.740  -1.7356E+01
    7.750   1.1580E+01
    7.760  -1.5104E+01
    7.770  -5.8491E+01
    7.780  -7.1321E+01
    7.790  -6.0356E+01
    7.800  -1.9798E+01
    7.810   1.6685E+01
    7.820   2.5066E+01
    7.830   1.3916E+01
    7.840  -6.0388E+00
    7.850  -3.6722E+01
    7.860  -6.2759E+01
    7.870  -6.1313E+01
    7.880  -4.1205E+01
    7.890  -1.0371E+01
    7.900   2.1878E+01
    7.910   2.1796E+01
    7.920  -2.1296E+01
    7.930  -5.3818E+01
    7.940  -4.2477E+01
    7.950  -1.8982E+01
    7.960  -1.1529E+01
    7.970  -1.1565E+01
    7.980   6.9614E+00
    7.990   2.4127E+01
    8.000   2.0191E+01
    8.010  -5.2223E+00
    8.020  -3.3246E+01
    8.030  -1.7470E+01
    8.040   2.4320E+01
    8.050   5.5341E+01
    8.060   6.0690E+01
    8.070   4.0945E+01
    8.080   2.6683E+01
    8.090   4.8434E+01
    8.100   7.5416E+01
    8.110   5.9928E+01
    8.120   1.7087E+01
    8.130  -7.5319E+00
    8.140  -6.5181E-01
    8.150   2.4520E+01
    8.160   4.2912E+01
    8.170   3.7745E+01
    8.180   3.2976E+01
    8.190   3.0169E+01
    8.200   1.0191E+01
    8.210  -3.1822E+01
    8.220  -8.1498E+01
    8.230  -9.3970E+01
    8.240  -6.1098E+01
    8.250  -2.3552E+01
    8.260  -6.3628E+00
    8.270   6.5715E+00
    8.280   1.7819E+01
    8.290   1.0466E+01
    8.300   5.1264E+00
    8.310   2.8641E+01
    8.320   5.0904E+01
    8.330   3.8337E+01
    8.340   4.0660E+01
    8.350   8.3368E+01
    8.360   1.2226E+02
    8.370   1.2247E+02
    8.380   7.2897E+01
    8.390  -5.7737E+00
    8.400  -7.8947E+01
    8.410  -1.1591E+02
    8.420  -1.1633E+02
    8.430  -8.3631E+01
    8.440  -3.5724E+01
    8.450  -1.2237E-01
    8.460  -1.7534E+01
    8.470  -4.8738E+01
    8.480  -7.7152E+01
    8.490  -9.8573E+01
    8.500  -9.0041E+01
    8.510  -5.9196E+01
    8.520  -2.7988E+01
    8.530  -1.8669E+01
    8.540  -3.2860E+01
    8.550  -4.7832E+01
    8.560  -6.2601E+01
    8.570  -7.7351E+01
    8.580  -9.9663E+01
    8.590  -1.2578E+02
    8.600  -1.4684E+02
    8.610  -1.6397E+02
    8.620  -1.4920E+02
    8.630  -1.0486E+02
    8.640  -3.6901E+01
    8.650   1.6440E+01
    8.660   3.2466E+01
    8.670   8.6081E+00
    8.680  -2.5344E+01
    8.690  -2.2682E+01
    8.700   3.3947E+01
    8.710   1.0856E+02
    8.720   1.4912E+02
    8.730   1.4642E+02
    8.740   9.7931E+01
    8.750   2.8368E+01
    8.760  -2.0331E+01
    8.770  -2.9354E+01
    8.780   1.0953E+01
    8.790   6.2782E+01
    8.800   8.8869E+01
    8.810   6.0666E+01
    8.820   6.5439E+00
    8.830  -2.8634E+01
    8.840  -1.8213E+01
    8.850   2.2344E+01
    8.860   7.5804E+01
    8.870   1.1832E+02
    8.880   1.0882E+02
    8.890   4.9237E+01
    8.900  -2.7611E+01
    8.910  -8.3421E+01
    8.920  -8.1172E+01
    8.930  -1.7631E+01
    8.940   7.4737E+01
    8.950   1.3386E+02
    8.960   1.3457E+02
    8.970   8.9749E+01
    8.980   2.9273E+01
    8.990  -1.8431E+01
    9.000  -5.2868E+01
    9.010  -4.3195E+01
    9.020   2.3051E+01
    9.030   8.8628E+01
    9.040   1.0357E+02
    9.050   7.6698E+01
    9.060   3.8349E+01
    9.070   2.3904E+00
    9.080  -3.7632E+01
    9.090  -8.9883E+01
    9.100  -1.2042E+02
    9.110  -1.0408E+02
    9.120  -6.1147E+01
    9.130  -4.3902E+01
    9.140  -5.0525E+01
    9.150  -5.2497E+01
    9.160  -5.0454E+01
    9.170  -4.4140E+01
    9.180  -3.5037E+01
    9.190  -1.6814E+01
    9.200   1.5899E+01
    9.210   4.6306E+01
    9.220   4.7027E+01
    9.230  -3.6294E-01
    9.240  -4.5932E+01
    9.250  -5.2052E+01
    9.260  -2.2907E+01
    9.270   2.6430E+01
    9.280   5.3237E+01
    9.290   5.3804E+01
    9.300   5.3970E+01
    9.310   6.9696E+01
    9.320   9.7014E+01
    9.330   1.2402E+02
    9.340   1.1439E+02
    9.350   6.1010E+01
    9.360   7.8461E+00
    9.370  -1.8772E+01
    9.380   2.9158E+00
    9.390   6.6147E+01
    9.400   1.2244E+02
    9.410   1.4943E+02
    9.420   1.4501E+02
    9.430   1.1081E+02
    9.440   5.2960E+01
    9.450   7.8703E+00
    9.460   2.3146E+01
    9.470   7.7336E+01
    9.480   1.2675E+02
    9.490   1.4193E+02
    9.500   1.0302E+02
    9.510   4.4531E+01
    9.520  -4.7948E+00
    9.530  -4.4401E+01
    9.540  -3.4395E+01
    9.550   1.5829E+01
    9.560   4.3124E+01
    9.570   6.1090E+01
    9.580   8.9275E+01
    9.590   8.0854E+01
    9.600   3.5110E+01
    9.610  -1.9804E+01
    9.620  -7.2563E+01
    9.630  -9.8536E+01
    9.640  -7.5696E+01
    9.650  -4.3025E+01
    9.660  -2.5655E+01
    9.670  -1.9763E+01
    9.680  -3.2743E+01
    9.690  -5.5423E+01
    9.700  -6.2855E+01
    9.710  -2.9651E+01
    9.720   3.7878E+01
    9.730   9.7767E+01
    9.740   1.3021E+02
    9.750   1.2054E+02
    9.760   4.2382E+01
    9.770  -5.1572E+01
    9.780  -7.7523E+01
    9.790  -1.8334E+01
    9.800   7.4398E+01
    9.810   1.5095E+02
    9.820   1.9849E+02
    9.830   1.8042E+02
    9.840   1.0320E+02
    9.850   3.4111E+01
    9.860  -4.4166E+00
    9.870  -3.4911E+00
    9.880   2.2919E+01
    9.890   2.7299E+01
    9.900  -1.7704E+01
    9.910  -8.3469E+01
    9.920  -1.3697E+02
    9.930  -1.5266E+02
    9.940  -1.2883E+02
    9.950  -8.5420E+01
    9.960  -2.1383E+01
    9.970   2.9918E+01
    9.980   5.7386E+00
    9.990  -5.9672E+01
   10.000  -1.1224E+02
   10.010  -1.2069E+02
   10.020  -9.3703E+01
   10.030  -2.9879E+01
   10.040   4.3487E+01
   10.050   9.0165E+01
   10.060   1.1991E+02
   10.070   1.4739E+02
   10.080   1.4291E+02
   10.090   1.0471E+02
   10.100   6.2232E+01
   10.110   2.6861E+01
   10.120   2.1864E+01
   10.130   4.5383E+01
   10.140   5.5975E+01
   10.150   2.2938E+01
   10.160  -1.7298E+01
   10.170  -2.2570E+01
   10.180  -2.4825E+01
   10.190  -4.0812E+01
   10.200  -7.2220E+01
   10.210  -1.1722E+02
   10.220  -1.6404E+02
   10.230  -2.0158E+02
   10.240  -2.1368E+02
   10.250  -1.7760E+02
   10.260  -1.0265E+02
   10.270  -4.4720E+01
   10.280  -4.2215E+01
   10.290  -8.0262E+01
   10.300  -1.0823E+02
   10.310  -1.0357E+02
   10.320  -9.1087E+01
   10.330  -7.8967E+01
   10.340  -5.6761E+01
   10.350  -1.6671E+01
   10.360   2.2148E+01
   10.370   2.8408E+01
   10.380  -9.8931E+00
   10.390  -5.5412E+01
   10.400  -6.8842E+01
   10.410  -4.7919E+01
   10.420  -5.8776E+00
   10.430   2.6323E+01
   10.440   3.7558E+01
   10.450   5.5530E+01
   10.460   1.0821E+02
   10.470   1.5125E+02
   10.480   1.2467E+02
   10.490   5.9862E+01
   10.500  -7.9159E+00
   10.510  -7.8535E+01
   10.520  -1.1825E+02
   10.530  -1.0152E+02
   10.540  -6.4499E+01
   10.550  -2.0204E+01
   10.560   4.1821E+01
   10.570   8.3483E+01
   10.580   6.6449E+01
   10.590   1.7589E+01
   10.600  -3.2356E+01
   10.610  -6.4550E+01
   10.620  -5.8523E+01
   10.630  -8.0017E+00
   10.640   6.3961E+01
   10.650   1.0706E+02
   10.660   1.2879E+02
   10.670   1.3087E+02
   10.680   1.1466E+02
   10.690   1.1857E+02
   10.700   1.4148E+02
   10.710   1.5746E+02
   10.720   1.4921E+02
   10.730   1.1671E+02
   10.740   7.1718E+01
   10.750   3.3673E+01
   10.760   2.3858E+01
   10.770   5.7280E+01
   10.780   1.1141E+02
   10.790   1.4432E+02
   10.800   1.2984E+02
   10.810   9.8997E+01
   10.820   7.6272E+01
   10.830   5.4793E+01
   10.840   2.7536E+01
   10.850   9.1752E-01
   10.860   4.5841E+00
   10.870   1.7444E+01
   10.880  -2.7471E+00
   10.890  -4.9100E+01
   10.900  -1.0994E+02
   10.910  -1.4579E+02
   10.920  -1.4798E+02
   10.930  -1.3662E+02
   10.940  -1.4341E+02
   10.950  -1.5693E+02
   10.960  -1.6146E+02
   10.970  -1.6693E+02
   10.980  -1.4547E+02
   10.990  -8.9859E+01
   11.000  -2.5959E+01
   11.010   3.6645E+01
   11.020   7.9633E+01
   11.030   8.2023E+01
   11.040   4.6136E+01
   11.050  -2.8995E+00
   11.060  -1.7502E+01
   11.070   2.5906E+01
   11.080   9.5274E+01
   11.090   1.3209E+02
   11.100   1.2918E+02
   11.110   1.1285E+02
   11.120   9.5757E+01
   11.130   9.3579E+01
   11.140   1.0237E+02
   11.150   9.4160E+01
   11.160   7.1791E+01
   11.170   5.1287E+01
   11.180   1.6510E+01
   11.190  -4.3436E+01
   11.200  -1.0825E+02
   11.210  -1.4846E+02
   11.220  -1.5299E+02
   11.230  -1.2690E+02
   11.240  -9.2450E+01
   11.250  -7.2772E+01
   11.260  -8.2305E+01
   11.270  -1.0709E+02
   11.280  -1.3111E+02
   11.290  -1.4207E+02
   11.300  -1.4641E+02
   11.310  -1.3911E+02
   11.320  -1.2106E+02
   11.330  -1.0630E+02
   11.340  -1.0605E+02
   11.350  -1.0218E+02
   11.360  -9.0409E+01
   11.370  -7.8937E+01
   11.380  -5.2436E+01
   11.390  -1.9309E+01
   11.400  -2.0477E+00
   11.410   4.5499E+00
   11.420   1.9377E+01
   11.430   5.7934E+01
   11.440   9.8323E+01
   11.450   1.1540E+02
   11.460   1.1325E+02
   11.470   1.0572E+02
   11.480   9.2489E+01
   11.490   6.9416E+01
   11.500   3.1498E+01
   11.510  -7.0901E+00
   11.520  -1.9000E+01
   11.530  -6.7360E+00
   11.540   8.7315E+00
   11.550   1.8025E+00
   11.560  -2.6501E+01
   11.570  -5.0371E+01
   11.580  -5.9349E+01
   11.590  -5.6117E+01
   11.600  -4.4405E+01
   11.610  -2.4673E+01
   11.620  -1.6784E+00
   11.630   7.7209E+00
   11.640  -1.3953E+01
   11.650  -5.9517E+01
   11.660  -8.4468E+01
   11.670  -6.8966E+01
   11.680  -2.8557E+01
   11.690   1.8420E+01
   11.700   5.7947E+01
   11.710   8.5169E+01
   11.720   8.4594E+01
   11.730   4.0563E+01
   11.740  -2.6734E+01
   11.750  -7.7109E+01
   11.760  -8.8377E+01
   11.770  -7.1729E+01
   11.780  -3.6268E+01
   11.790   8.7818E+00
   11.800   3.1506E+01
   11.810   1.7889E+01
   11.820  -1.8142E+01
   11.830  -4.7797E+01
   11.840  -6.1041E+01
   11.850  -5.7780E+01
   11.860  -3.7933E+01
   11.870  -1.2789E+01
   11.880   8.6538E+00
   11.890   2.2895E+01
   11.900   3.0479E+01
   11.910   2.1585E+01
   11.920   1.0093E+01
   11.930   1.5774E+01
   11.940   2.8951E+01
   11.950   3.5159E+01
   11.960   4.1577E+01
   11.970   3.5106E+01
   11.980   1.9656E+01
   11.990   3.4577E+01
   12.000   6.6863E+01
   12.010   7.8345E+01
   12.020   6.9819E+01
   12.030   7.2927E+01
   12.040   9.0849E+01
   12.050   1.0512E+02
   12.060   1.2611E+02
   12.070   1.3944E+02
   12.080   1.3529E+02
   12.090   1.1299E+02
   12.100   6.7927E+01
   12.110   2.9913E+01
   12.120   1.6581E+01
   12.130   1.7138E+01
   12.140   2.2333E+01
   12.150   1.8426E+01
   12.160  -6.8082E+00
   12.170  -4.3118E+01
   12.180  -6.0594E+01
   12.190  -5.2808E+01
   12.200  -4.3231E+01
   12.210  -3.1732E+01
   12.220  -2.7148E+01
   12.230  -4.4076E+01
   12.240  -6.5215E+01
   12.250  -6.3687E+01
   12.260  -3.7000E+01
   12.270   9.1354E+00
   12.280   5.0624E+01
   12.290   6.1006E+01
   12.300   3.2443E+01
   12.310  -2.6541E+00
   12.320  -2.8976E+01
   12.330  -4.6218E+01
   12.340  -4.9268E+01
   12.350  -3.3904E+01
   12.360  -6.6467E+00
   12.370   2.0023E+01
   12.380   1.8183E+01
   12.390  -1.4862E+01
   12.400  -5.0456E+01
   12.410  -7.5202E+01
   12.420  -9.0913E+01
   12.430  -9.5877E+01
   12.440  -8.4590E+01
   12.450  -6.0532E+01
   12.460  -2.3881E+01
   12.470  -3.3823E+00
   12.480  -6.5669E+00
   12.490  -2.4827E+01
   12.500  -4.0034E+01
   12.510  -4.3813E+01
   12.520  -4.2623E+01
   12.530  -4.6099E+01
   12.540  -4.7299E+01
   12.550  -3.2763E+01
   12.560  -5.7789E+00
   12.570   1.7065E+01
   12.580   2.9310E+01
   12.590   4.1132E+01
   12.600   5.7760E+01
   12.610   6.4345E+01
   12.620   6.2969E+01
   12.630   6.7198E+01
   12.640   7.2411E+01
   12.650   7.7415E+01
   12.660   7.9101E+01
   12.670   7.4555E+01
   12.680   6.5996E+01
   12.690   5.6814E+01
   12.700   5.0741E+01
   12.710   3.1119E+01
   12.720   2.5177E+00
   12.730  -2.5076E+01
   12.740  -5.2025E+01
   12.750  -8.1567E+01
   12.760  -1.1464E+02
   12.770  -1.4203E+02
   12.780  -1.3912E+02
   12.790  -1.0292E+02
   12.800  -6.0642E+01
   12.810  -3.1850E+01
   12.820  -1.5921E+01
   12.830  -1.0943E+01
   12.840  -2.5533E+01
   12.850  -4.4954E+01
   12.860  -5.1206E+01
   12.870  -2.8441E+01
   12.880   6.1938E+00
   12.890   2.6368E+01
   12.900   4.2989E+01
   12.910   4.9977E+01
   12.920   3.8263E+01
   12.930   3.2589E+01
   12.940   3.7606E+01
   12.950   3.8800E+01
   12.960   3.6640E+01
   12.970   4.0070E+01
   12.980   5.0824E+01
   12.990   5.7463E+01
   13.000   3.8857E+01
   13.010   9.7311E+00
   13.020  -4.5924E-02
   13.030   1.0045E+01
   13.040   2.1587E+01
   13.050   2.6288E+01
   13.060   2.5778E+01
   13.070   2.2647E+01
   13.080   2.8225E+01
   13.090   4.8679E+01
   13.100   5.9104E+01
   13.110   3.3873E+01
   13.120  -3.0414E+00
   13.130  -2.2437E+01
   13.140  -2.1596E+01
   13.150  -1.1496E+01
   13.160  -7.5740E+00
   13.170  -9.9963E-01
   13.180   5.4596E+00
   13.190  -2.4427E+00
   13.200  -2.0352E+01
   13.210  -4.2986E+01
   13.220  -5.1949E+01
   13.230  -3.9723E+01
   13.240  -1.1471E+01
   13.250   1.8842E+01
   13.260   2.7300E+01
   13.270   9.7833E+00
   13.280  -8.0078E+00
   13.290  -1.6673E+01
   13.300  -2.9091E+01
   13.310  -4.1624E+01
   13.320  -5.2950E+01
   13.330  -6.0422E+01
   13.340  -5.1162E+01
   13.350  -3.2191E+01
   13.360  -3.4401E+01
   13.370  -5.5148E+01
   13.380  -6.7210E+01
   13.390  -5.4132E+01
   13.400  -3.2618E+01
   13.410  -2.6518E+01
   13.420  -3.1030E+01
   13.430  -2.9597E+01
   13.440  -1.4414E+01
   13.450   6.7384E+00
   13.460   1.6627E+01
   13.470   1.7267E+01
   13.480   1.8105E+01
   13.490   2.2689E+01
   13.500   3.0260E+01
   13.510   3.2488E+01
   13.520   2.5691E+01
   13.530   2.0375E+01
   13.540   1.8557E+01
   13.550   1.2615E+01
   13.560   6.1318E+00
   13.570   9.5401E+00
   13.580   1.0533E+01
   13.590   5.5384E+00
   13.600   7.3766E+00
   13.610   4.4700E+00
   13.620  -3.2750E-01
   13.630  -3.6783E+00
   13.640  -5.8690E+00
   13.650  -3.4868E+00
   13.660   7.8628E+00
   13.670   2.4938E+01
   13.680   2.7887E+01
   13.690   5.4040E+00
   13.700  -2.2867E+01
   13.710  -4.0027E+01
   13.720  -4.4467E+01
   13.730  -4.0754E+01
   13.740  -3.1866E+01
   13.750  -1.8801E+01
   13.760  -5.7214E+00
   13.770  -5.3468E+00
   13.780  -2.4186E+01
   13.790  -5.4134E+01
   13.800  -7.0967E+01
   13.810  -5.5525E+01
   13.820  -1.7997E+01
   13.830   1.4970E+01
   13.840   2.2799E+01
   13.850   1.1298E+01
   13.860  -8.8506E-01
   13.870  -7.9573E+00
   13.880  -8.0327E+00
   13.890   3.1300E+00
   13.900   3.3537E+01
   13.910   6.5208E+01
   13.920   7.0548E+01
   13.930   4.1757E+01
   13.940   2.7817E+00
   13.950  -1.2812E+01
   13.960  -1.5038E+00
   13.970   1.6646E+01
   13.980   2.6386E+01
   13.990   3.0639E+01
   14.000   2.1825E+01
   14.010   6.4615E-01
   14.020  -1.3847E+01
   14.030  -1.5068E+01
   14.040  -1.4956E+01
   14.050  -1.6972E+01
   14.060  -4.3597E+00
   14.070   1.5942E+01
   14.080   2.2827E+01
   14.090   1.3682E+01
   14.100  -5.1186E+00
   14.110  -1.6651E+01
   14.120  -9.6976E+00
   14.130   7.8959E+00
   14.140   2.2446E+01
   14.150   2.2536E+01
   14.160   1.1514E+01
   14.170   4.0605E+00
   14.180   1.3876E+01
   14.190   2.7139E+01
   14.200   3.5122E+01
   14.210   4.7273E+01
   14.220   5.7188E+01
   14.230   4.9312E+01
   14.240   2.3001E+01
   14.250  -3.1339E+00
   14.260  -1.0335E+01
   14.270  -2.8075E+00
   14.280   7.0448E+00
   14.290   2.2365E+00
   14.300  -1.0849E+01
   14.310  -1.3441E+01
   14.320  -1.1153E+01
   14.330  -1.0964E+01
   14.340  -1.7157E+01
   14.350  -2.8307E+01
   14.360  -3.1864E+01
   14.370  -2.1268E+01
   14.380  -1.3952E+01
   14.390  -2.0207E+01
   14.400  -3.2482E+01
   14.410  -4.1027E+01
   14.420  -3.6835E+01
   14.430  -2.7349E+01
   14.440  -1.7458E+01
   14.450  -5.9727E+00
   14.460   4.6747E+00
   14.470   1.6274E+01
   14.480   2.8546E+01
   14.490   2.9716E+01
   14.500   1.2004E+01
   14.510  -9.3727E+00
   14.520  -2.9466E+01
   14.530  -4.0607E+01
   14.540  -3.5189E+01
   14.550  -2.0135E+01
   14.560  -2.9908E+00
   14.570   1.2075E+01
   14.580   2.3615E+01
   14.590   2.2616E+01
   14.600   9.2850E+00
   14.610  -9.2864E+00
   14.620  -1.7665E+01
   14.630  -1.0885E+01
   14.640   3.2520E+00
   14.650   8.8433E+00
   14.660   9.0339E+00
   14.670   1.4084E+01
   14.680   2.6404E+01
   14.690   4.4279E+01
   14.700   5.5652E+01
   14.710   5.1054E+01
   14.720   3.8046E+01
   14.730   3.1328E+01
   14.740   3.1662E+01
   14.750   3.1023E+01
   14.760   2.8317E+01
   14.770   2.5790E+01
   14.780   2.7024E+01
   14.790   2.6396E+01
   14.800   1.7686E+01
   14.810   2.9000E+00
   14.820  -1.1437E+01
   14.830  -1.5677E+01
   14.840  -1.0232E+01
   14.850  -7.2259E+00
   14.860  -8.8584E+00
   14.870  -9.3853E+00
   14.880  -1.3208E+01
   14.890  -2.0094E+01
   14.900  -1.7546E+01
   14.910  -1.0575E+01
   14.920  -8.1723E+00
   14.930  -3.0070E+00
   14.940  -1.0101E+00
   14.950  -8.3514E+00
   14.960  -1.9016E+01
   14.970  -2.5809E+01
   14.980  -2.4176E+01
   14.990  -1.9067E+01
   15.000  -9.8394E+00
   15.010  -2.6874E+00
   15.020  -1.6075E+00
   15.030  -5.7622E+00
   15.040  -9.1494E+00
   15.050  -8.1224E+00
   15.060  -6.3064E+00
   15.070   8.2223E-01
   15.080   1.1626E+01
   15.090   8.8394E+00
   15.100  -5.7776E+00
   15.110  -1.2995E+01
   15.120  -1.0129E+01
   15.130  -4.4831E+00
   15.140   7.0907E-01
   15.150   6.6491E+00
   15.160   1.0522E+01
   15.170   1.3063E+01
   15.180   1.7605E+01
   15.190   1.8763E+01
   15.200   1.4362E+01
   15.210   1.4037E+01
   15.220   2.1506E+01
   15.230   3.5995E+01
   15.240   4.8639E+01
   15.250   4.7787E+01
   15.260   3.4744E+01
   15.270   2.1203E+01
   15.280   1.2842E+01
   15.290   9.3715E+00
   15.300   7.9992E+00
   15.310   5.5207E+00
   15.320   7.4331E+00
   15.330   1.3689E+01
   15.340   1.3298E+01
   15.350   3.9204E+00
   15.360  -6.6131E+00
   15.370  -1.0440E+01
   15.380  -1.0709E+01
   15.390  -9.2537E+00
   15.400  -1.1754E+01
   15.410  -1.6021E+01
   15.420  -1.6441E+01
   15.430  -1.7047E+01
   15.440  -1.9598E+01
   15.450  -2.5341E+01
   15.460  -3.4921E+01
   15.470  -4.0218E+01
   15.480  -4.1821E+01
   15.490  -4.3988E+01
   15.500  -4.3206E+01
   15.510  -3.7203E+01
   15.520  -2.4288E+01
   15.530  -9.0587E+00
   15.540   3.5772E+00
   15.550   1.4383E+01
   15.560   1.8064E+01
   15.570   1.2377E+01
   15.580   8.9155E+00
   15.590   1.0922E+01
   15.600   1.3388E+01
   15.610   1.6828E+01
   15.620   1.9339E+01
   15.630   2.1013E+01
   15.640   1.5125E+01
   15.650   2.5171E+00
   15.660  -6.2835E+00
   15.670  -4.5390E+00
   15.680   1.6663E+00
   15.690   2.9460E+00
   15.700  -7.2784E-01
   15.710  -3.7521E+00
   15.720  -6.8044E+00
   15.730  -9.3860E+00
   15.740  -6.3092E+00
   15.750   2.4918E+00
   15.760   1.0787E+01
   15.770   1.7436E+01
   15.780   2.0945E+01
   15.790   1.7967E+01
   15.800   7.5093E+00
   15.810  -3.6602E+00
   15.820  -8.6772E+00
   15.830  -5.6441E+00
   15.840  -4.1341E-01
   15.850  -2.9054E-01
   15.860  -3.4107E+00
   15.870  -6.8951E+00
   15.880  -9.7861E+00
   15.890  -1.3933E+01
   15.900  -1.6245E+01
   15.910  -1.4769E+01
   15.920  -1.2060E+01
   15.930  -9.3998E+00
   15.940  -6.0599E+00
   15.950  -2.2928E+00
   15.960  -3.8074E-01
   15.970   2.1260E+00
   15.980   7.1893E+00
   15.990   1.3327E+01
   16.000   1.7565E+01
   16.010   1.5477E+01
   16.020   8.8784E+00
   16.030   3.1778E+00
   16.040  -9.0370E-01
   16.050  -5.9720E-01
   16.060   5.4754E+00
   16.070   1.2957E+01
   16.080   1.6146E+01
   16.090   1.3262E+01
   16.100   7.8437E+00
   16.110   2.9886E+00
   16.120  -3.1062E-01
   16.130  -2.1566E+00
   16.140  -3.6895E+00
   16.150  -3.5823E+00
   16.160  -2.2142E+00
   16.170  -2.1917E+00
   16.180  -3.9210E+00
   16.190  -6.1625E+00
   16.200  -8.0449E+00
   16.210  -8.5860E+00
   16.220  -8.4336E+00
   16.230  -6.8516E+00
   16.240  -3.9516E+00
   16.250  -3.0671E-01
   16.260   3.0390E+00
   16.270   3.6905E+00
   16.280   3.7106E-01
   16.290  -4.1909E+00
   16.300  -7.2588E+00
   16.310  -8.9132E+00
   16.320  -9.8163E+00
   16.330  -8.3915E+00
   16.340  -2.8322E+00
   16.350   3.9786E+00
   16.360   7.2444E+00
   16.370   5.5490E+00
   16.380   1.3238E+00
   16.390  -2.1724E+00
   16.400  -2.9647E+00
   16.410  -1.3636E+00
   16.420  -2.3503E-02
   16.430  -7.6000E-01
   16.440  -3.3094E+00
   16.450  -3.9327E+00
   16.460  -3.4578E+00
   16.470  -5.9187E+00
   16.480  -9.8127E+00
   16.490  -1.1220E+01
   16.500  -8.4143E+00
   16.510  -3.7265E+00
   16.520  -5.3023E-01
   16.530   1.0659E+00
   16.540   2.3706E+00
   16.550   2.1649E+00
   16.560  -6.5374E-01
   16.570  -4.2495E+00
   16.580  -7.3852E+00
   16.590  -9.3394E+00
   16.600  -7.5676E+00
   16.610  -2.6961E+00
   16.620   1.4324E+00
   16.630   2.1977E+00
   16.640   1.2218E+00
   16.650   9.9115E-01
   16.660   7.5640E-01
   16.670  -2.3426E-01
   16.680  -1.2346E+00
   16.690   3.1254E-02
   16.700   2.3942E+00
   16.710   2.4831E+00
   16.720   3.7350E-01
   16.730  -2.1409E+00
   16.740  -1.7052E+00
   16.750   8.0248E-01
   16.760   1.9268E+00
   16.770   1.8587E+00
   16.780   1.6415E+00
   16.790   1.5957E+00
   16.800   2.0351E+00
   16.810   3.0701E+00
   16.820   3.3921E+00
   16.830   3.4357E+00
   16.840   3.6000E+00
   16.850   3.2858E+00
   16.860   2.3660E+00
   16.870   1.8317E-01
   16.880  -2.9153E+00
   16.890  -3.7409E+00
   16.900  -1.9168E+00
   16.910  -1.0652E+00
   16.920  -1.7911E+00
   16.930  -3.1231E+00
   16.940  -4.4009E+00
   16.950  -4.2643E+00
   16.960  -2.2857E+00
   16.970  -7.6798E-01
   16.980  -2.0275E+00
   16.990  -4.8055E+00
   17.000  -5.2612E+00
   17.010  -3.7824E+00
   17.020  -1.8817E+00
   17.030   4.3913E-01
   17.040   2.9120E+00
   17.050   5.4390E+00
   17.060   7.2528E+00
   17.070   7.1185E+00
   17.080   5.1805E+00
   17.090   2.3992E+00
   17.100   1.1207E+00
   17.110   1.7923E+00
   17.120   3.4152E+00
   17.130   5.5666E+00
   17.140   7.0591E+00
   17.150   6.5314E+00
   17.160   4.3485E+00
   17.170   2.8633E+00
   17.180   2.8868E+00
   17.190   3.3484E+00
   17.200   2.8823E+00
   17.210   2.1457E+00
   17.220   2.2612E+00
   17.230   2.5185E+00
   17.240   2.3164E+00
   17.250   2.0952E+00
   17.260   2.0386E+00
   17.270   2.1524E+00
   17.280   3.2088E+00
   17.290   5.0136E+00
   17.300   5.7235E+00
   17.310   4.7591E+00
   17.320   3.1559E+00
   17.330   2.7295E+00
   17.340   2.0482E+00
   17.350   2.3778E-01
   17.360  -1.7204E+00
   17.370  -3.5947E+00
   17.380  -3.9045E+00
   17.390  -2.4903E+00
   17.400  -1.2355E+00
   17.410  -6.7320E-01
   17.420   6.7019E-01
   17.430   2.0533E+00
   17.440   2.3356E+00
   17.450   1.3375E+00
   17.460  -3.2408E-01
   17.470  -1.2721E+00
   17.480  -1.5926E+00
   17.490  -1.2982E+00
   17.500  -1.7325E-01
   17.510   8.8049E-01
   17.520   9.8048E-01
   17.530   8.4169E-01
   17.540   1.0874E+00
   17.550   7.0174E-01
   17.560  -1.2323E-01
   17.570  -1.0110E+00
   17.580  -2.0734E+00
   17.590  -2.1545E+00
   17.600  -1.1744E+00
   17.610   5.4486E-01
   17.620   2.8166E+00
   17.630   4.6478E+00
   17.640   4.9415E+00
   17.650   3.7522E+00
   17.660   2.3680E+00
   17.670   1.7927E+00
   17.680   2.1100E+00
   17.690   2.6814E+00
   17.700   3.7445E+00
   17.710   5.1214E+00
   17.720   5.2268E+00
   17.730   3.0373E+00
   17.740  -1.9608E-01
   17.750  -2.2780E+00
   17.760  -3.7452E+00
   17.770  -5.6479E+00
   17.780  -7.0623E+00
   17.790  -7.3360E+00
   17.800  -6.8899E+00
   17.810  -6.4711E+00
   17.820  -5.8173E+00
   17.830  -4.8166E+00
   17.840  -3.8763E+00
   17.850  -2.4858E+00
   17.860  -1.8227E+00
   17.870  -1.7312E+00
   17.880  -1.8491E+00
   17.890  -1.9250E+00
   17.900  -1.6300E+00
   17.910  -8.7317E-01
   17.920   6.7243E-02
   17.930   1.0855E+00
   17.940   1.5557E+00
   17.950   1.0057E+00
   17.960   2.1521E-01
   17.970  -3.4756E-01
   17.980  -4.5687E-01
   17.990   3.7251E-01
   18.000   1.5121E+00
   18.010   1.4684E+00
   18.020  -5.3920E-02
   18.030  -1.7411E+00
   18.040  -2.7154E+00
   18.050  -3.1571E+00
   18.060  -3.1721E+00
   18.070  -2.8723E+00
   18.080  -1.6323E+00
   18.090   6.7120E-01
   18.100   2.5123E+00
   18.110   2.5779E+00
   18.120   1.3506E+00
   18.130   2.1549E-01
   18.140  -4.6361E-01
   18.150  -6.5032E-01
   18.160  -1.8944E-01
   18.170   3.8003E-01
   18.180   1.3450E+00
   18.190   2.4308E+00
   18.200   3.2357E+00
   18.210   3.5777E+00
   18.220   3.4829E+00
   18.230   2.8855E+00
   18.240   2.6014E+00
   18.250   2.5324E+00
   18.260   2.0250E+00
   18.270   1.2424E+00
   18.280   8.2472E-01
   18.290   9.9117E-01
   18.300   1.2668E+00
   18.310   1.4965E+00
   18.320   1.1188E+00
   18.330  -1.8369E-01
   18.340  -2.1914E+00
   18.350  -3.5104E+00
   18.360  -3.3164E+00
   18.370  -2.3133E+00
   18.380  -1.0870E+00
   18.390   2.0489E-01
   18.400   1.0718E+00
   18.410   1.1041E+00
   18.420   4.8204E-01
   18.430  -3.6251E-01
   18.440  -9.4452E-01
   18.450  -8.9767E-01
   18.460  -4.3068E-01
   18.470   6.3841E-03
   18.480   2.0668E-01
   18.490   1.7600E-01
   18.500   4.6829E-02
   18.510  -5.9147E-02
   18.520  -9.4915E-02
   18.530  -1.0076E-01
   18.540  -1.8960E-01
   18.550  -2.5620E-01
   18.560  -2.8181E-01
   18.570  -4.8926E-01
   18.580  -7.4904E-01
   18.590  -7.5848E-01
   18.600  -4.1748E-01
   18.610   3.5377E-02
   18.620   2.8966E-01
   18.630   2.3872E-01
   18.640   3.1906E-02
   18.650  -1.1285E-01
   18.660  -1.3777E-01
   18.670  -1.2404E-01
   18.680  -5.1916E-02
   18.690   4.8308E-02
   18.700   1.5848E-01
   18.710   2.4341E-01
   18.720   1.9512E-01
   18.730   4.7833E-03
   18.740  -1.9628E-01
   18.750  -2.1353E-01
   18.760  -4.6239E-02
   18.770   1.0820E-01
   18.780   1.9983E-01
   18.790   2.3096E-01
   18.800   2.7848E-01
   18.810   3.2885E-01
   18.820   2.8859E-01
   18.830   1.6895E-01
   18.840   8.2083E-02
   18.850   1.2703E-01
   18.860   2.2038E-01
   18.870   2.3137E-01
   18.880   1.3550E-01
   18.890   3.8959E-03
   18.900  -7.5520E-02
   18.910  -9.8163E-02
   18.920  -6.6676E-02
   18.930  -4.3373E-02
   18.940  -1.9421E-02
   18.950   1.2642E-02
   18.960  -8.7559E-04
   18.970  -8.6241E-02
   18.980  -2.4871E-01
   18.990  -3.6737E-01
   19.000  -3.2855E-01
   19.010  -1.7111E-01
   19.020   3.9639E-03
   19.030   1.5218E-01
   19.040   2.3162E-01
   19.050   2.1569E-01
   19.060   1.8835E-01
   19.070   1.6789E-01
   19.080   1.4550E-01
   19.090   1.8568E-01
   19.100   2.5370E-01
   19.110   2.8144E-01
   19.120   2.4308E-01
   19.130   2.2076E-01
   19.140   2.5140E-01
   19.150   3.0589E-01
   19.160   3.6107E-01
   19.170   3.6257E-01
   19.180   3.2139E-01
   19.190   2.6218E-01
   19.200   1.8875E-01
   19.210   1.0055E-01
   19.220   2.3763E-02
   19.230   1.1957E-02
   19.240   1.0186E-01
   19.250   2.1382E-01
   19.260   2.4895E-01
   19.270   2.2261E-01
   19.280   1.2895E-01
   19.290  -5.7428E-02
   19.300  -2.3771E-01
   19.310  -3.2484E-01
   19.320  -2.9878E-01
   19.330  -1.8044E-01
   19.340  -6.3764E-02
   19.350  -1.5610E-02
   19.360  -2.7525E-02
   19.370  -1.0276E-01
   19.380  -2.1245E-01
   19.390  -2.5515E-01
   19.400  -1.9372E-01
   19.410  -1.0021E-01
   19.420  -1.6054E-02
   19.430   6.0276E-02
   19.440   6.8343E-02
   19.450  -4.3959E-02
   19.460  -1.9773E-01
   19.470  -3.2203E-01
   19.480  -3.9832E-01
   19.490  -3.5094E-01
   19.500  -2.2405E-01
   19.510  -1.5350E-01
   19.520  -1.6340E-01
   19.530  -1.9550E-01
   19.540  -1.9605E-01
   19.550  -1.9655E-01
   19.560  -1.2962E-01
   19.570  -6.0661E-02
   19.580  -4.0055E-02
   19.590  -4.6025E-02
   19.600  -7.3038E-02
   19.610  -5.1347E-02
   19.620   7.3143E-02
   19.630   2.5045E-01
   19.640   3.9055E-01
   19.650   4.6878E-01
   19.660   4.8705E-01
   19.670   4.1667E-01
   19.680   2.4636E-01
   19.690   9.5698E-02
   19.700   4.2717E-02
   19.710   1.1157E-01
   19.720   2.2841E-01
   19.730   2.6733E-01
   19.740   1.9973E-01
   19.750   8.5279E-02
   19.760  -2.7844E-02
   19.770  -6.7910E-02
   19.780  -2.3084E-03
   19.790   5.4177E-02
   19.800   4.7790E-02
   19.810   1.1717E-02
   19.820  -5.6512E-02
   19.830  -1.4772E-01
   19.840  -2.1226E-01
   19.850  -2.4251E-01
   19.860  -2.3810E-01
   19.870  -1.9073E-01
   19.880  -1.4749E-01
   19.890  -1.3186E-01
   19.900  -1.0717E-01
   19.910  -4.8133E-02
   19.920   3.5775E-02
   19.930   7.7119E-02
   19.940   6.9026E-02
   19.950   4.8738E-02
   19.960   3.2734E-02
   19.970   4.6808E-02
   19.980   5.5919E-02
   19.990   4.3356E-02
   20.000   2.6261E-02
   20.010  -1.3328E-02
   20.020  -5.1526E-02
   20.030  -7.6398E-02
   20.040  -9.3811E-02
   20.050  -1.0849E-01
   20.060  -9.5369E-02
   20.070  -6.9052E-02
   20.080  -7.8284E-02
   20.090  -1.1153E-01
   20.100  -1.2943E-01
   20.110  -1.3198E-01
   20.120  -1.3171E-01
   20.130  -1.2238E-01
   20.140  -1.0511E-01
   20.150  -8.1585E-02
   20.160  -6.0213E-02
   20.170  -5.8191E-02
   20.180  -8.6817E-02
   20.190  -1.1327E-01
   20.200  -8.9251E-02
   20.210  -8.9037E-03
   20.220   6.6033E-02
   20.230   7.7478E-02
   20.240   4.6470E-02
   20.250   6.6100E-03
   20.260  -2.5278E-02
   20.270  -1.9297E-02
   20.280   3.6098E-02
   20.290   9.3059E-02
   20.300   1.0914E-01
   20.310   9.9685E-02
   20.320   6.7951E-02
   20.330   1.2669E-02
   20.340  -4.2363E-02
   20.350  -4.2006E-02
   20.360   6.7555E-03
   20.370   2.1986E-02
   20.380  -7.6290E-03
   20.390  -5.7285E-02
   20.400  -9.9697E-02
   20.410  -9.5955E-02
   20.420  -7.3277E-02
   20.430  -6.4530E-02
   20.440  -7.8473E-02
   20.450  -9.1136E-02
   20.460  -8.5762E-02
   20.470  -6.1569E-02
   20.480  -3.4968E-02
   20.490  -1.1058E-02
   20.500   1.8328E-02
   20.510   5.3526E-02
   20.520   6.2634E-02
   20.530   3.8360E-02
   20.540   2.8316E-02
   20.550   4.1698E-02
   20.560   5.7513E-02
   20.570   8.9171E-02
   20.580   1.1939E-01
   20.590   1.1199E-01
   20.600   6.9244E-02
   20.610   2.7078E-02
   20.620   1.0353E-02
   20.630   2.8297E-03
   20.640  -9.2423E-04
   20.650   4.5050E-03
   20.660   1.4957E-02
   20.670   1.8704E-02
   20.680   5.7121E-03
   20.690  -2.0306E-02
   20.700  -4.1585E-02
   20.710  -4.2094E-02
   20.720  -2.3461E-02
   20.730  -2.7687E-03
   20.740   5.0227E-03
   20.750  -5.0632E-04
   20.760  -9.8230E-03
   20.770  -1.5673E-02
   20.780  -1.6643E-02
   20.790  -1.2132E-02
   20.800  -2.2105E-04
   20.810   1.6774E-02
   20.820   2.9351E-02
   20.830   2.8174E-02
   20.840   1.5165E-02
   20.850   3.4020E-03
   20.860   5.4373E-03
   20.870   1.9684E-02
   20.880   3.5286E-02
   20.890   4.1694E-02
   20.900   3.7378E-02
   20.910   2.7277E-02
   20.920   1.6659E-02
   20.930   8.4243E-03
   20.940   4.8674E-03
   20.950   7.4335E-03
   20.960   1.4179E-02
   20.970   1.8665E-02
   20.980   1.4706E-02
   20.990   1.4235E-03
   21.000  -1.4002E-02
   21.010  -2.2648E-02
   21.020  -2.0994E-02
   21.030  -1.5137E-02
   21.040  -8.3693E-03
   21.050  -7.4232E-03
   21.060  -1.2722E-02
   21.070  -2.1010E-02
   21.080  -2.6778E-02
   21.090  -2.5922E-02
   21.100  -1.8804E-02
   21.110  -1.0607E-02
   21.120  -6.4785E-03
   21.130  -7.2690E-03
   21.140  -9.5113E-03
   21.150  -9.7223E-03
   21.160  -6.6546E-03
   21.170  -9.7358E-04
   21.180   6.1605E-03
   21.190   1.2427E-02
   21.200   1.5013E-02
   21.210   1.2693E-02
   21.220   8.1749E-03
   21.230   5.9894E-03
   21.240   8.6072E-03
   21.250   1.3991E-02
   21.260   1.8030E-02
   21.270   1.7711E-02
   21.280   1.2893E-02
   21.290   5.3972E-03
   21.300  -1.6490E-03
   21.310  -5.1143E-03
   21.320  -3.2078E-03
   21.330   2.6354E-03
   21.340   8.6142E-03
   21.350   1.0503E-02
   21.360   7.3379E-03
   21.370   1.8269E-03
   21.380  -1.4726E-03
   21.390   5.5911E-05
   21.400   5.2228E-03
   21.410   9.8731E-03
   21.420   1.0417E-02
   21.430   6.2329E-03
   21.440   1.6450E-04
   21.450  -4.2788E-03
   21.460  -5.1961E-03
   21.470  -2.9057E-03
   21.480   1.7153E-03
   21.490   7.1173E-03
   21.500   1.0763E-02
   21.510   9.2712E-03
   21.520   4.9427E-03
   21.530  -2.4646E-03
   21.540  -4.7215E-03
   21.550  -5.4196E-04
   21.560   5.9686E-03
   21.570   1.0064E-02
   21.580   1.0998E-02
   21.590   9.5359E-03
   21.600   5.5925E-03
   21.610  -8.7056E-04
   21.620  -7.3478E-03
   21.630  -6.1823E-03
   21.640   3.5669E-04
   21.650   7.8587E-03
   21.660   1.0466E-02
   21.670   6.6608E-03
   21.680   3.9242E-04
   21.690  -3.1690E-03
   21.700  -1.4904E-03
   21.710   3.1507E-03
   21.720   6.7875E-03
   21.730   7.6737E-03
   21.740   7.5317E-03
   21.750   7.5509E-03
   21.760   6.7768E-03
   21.770   4.8884E-03
   21.780   4.2558E-03
   21.790   8.5508E-03
   21.800   1.6934E-02
   21.810   2.4051E-02
   21.820   2.5124E-02
   21.830   2.0470E-02
   21.840   1.5280E-02
   21.850   1.4657E-02
   21.860   1.9384E-02
   21.870   2.5279E-02
   21.880   2.7392E-02
   21.890   2.4487E-02
   21.900   1.9219E-02
   21.910   1.3240E-02
   21.920   9.9379E-03
   21.930   8.6668E-03
   21.940   1.0353E-02
   21.950   1.5008E-02
   21.960   1.9085E-02
   21.970   1.7065E-02
   21.980   7.3579E-03
   21.990  -4.7065E-03
   22.000  -1.1179E-02
   22.010  -8.9855E-03
   22.020  -2.4749E-03
   22.030   8.3885E-04
   22.040  -3.1232E-03
   22.050  -1.2243E-02
   22.060  -2.0905E-02
   22.070  -2.5081E-02
   22.080  -2.4560E-02
   22.090  -2.1680E-02
   22.100  -1.5975E-02
   22.110  -1.0223E-02
   22.120  -7.6744E-03
   22.130  -1.1737E-02
   22.140  -1.7862E-02
   22.150  -1.7966E-02
   22.160  -5.5130E-03
   22.170   1.0880E-02
   22.180   2.0428E-02
   22.190   1.7730E-02
   22.200   1.0154E-02
   22.210   5.5700E-03
   22.220   8.7635E-03
   22.230   1.8755E-02
   22.240   3.0153E-02
   22.250   3.8277E-02
   22.260   4.0170E-02
   22.270   3.5250E-02
   22.280   2.5493E-02
   22.290   1.6354E-02
   22.300   1.4318E-02
   22.310   1.8927E-02
   22.320   2.6262E-02
   22.330   2.8890E-02
   22.340   2.3074E-02
   22.350   1.1366E-02
   22.360  -4.5962E-05
   22.370  -6.1865E-03
   22.380  -5.6852E-03
   22.390  -1.8641E-03
   22.400   1.9866E-03
   22.410   3.2461E-03
   22.420   1.6494E-03
   22.430  -3.6437E-03
   22.440  -1.0390E-02
   22.450  -1.5438E-02
   22.460  -1.6157E-02
   22.470  -1.1196E-02
   22.480  -3.2098E-03
   22.490   2.6203E-03
   22.500   2.9294E-03
   22.510  -1.7633E-03
   22.520  -5.0038E-03
   22.530  -6.8204E-03
   22.540  -7.5247E-03
   22.550  -7.5880E-03
   22.560  -4.6669E-03
   22.570   1.7016E-03
   22.580   7.9616E-03
   22.590   8.8435E-03
   22.600   2.5513E-03
   22.610  -4.4564E-03
   22.620  -6.1090E-03
   22.630  -1.4278E-03
   22.640   3.2194E-03
   22.650   5.3337E-03
   22.660   3.8829E-03
   22.670   1.4084E-03
   22.680  -7.5063E-04
   22.690  -3.1397E-03
   22.700  -4.2875E-03
   22.710  -1.3007E-03
   22.720   6.3407E-03
   22.730   1.3504E-02
   22.740   1.4463E-02
   22.750   9.1220E-03
   22.760   4.0842E-03
   22.770   5.0332E-03
   22.780   1.0430E-02
   22.790   1.5705E-02
   22.800   1.6777E-02
   22.810   1.4937E-02
   22.820   1.3663E-02
   22.830   1.3539E-02
   22.840   1.2827E-02
   22.850   1.2104E-02
   22.860   1.2007E-02
   22.870   1.2918E-02
   22.880   1.3930E-02
   22.890   1.2940E-02
   22.900   1.0773E-02
   22.910   8.3335E-03
   22.920   6.3435E-03
   22.930   4.3335E-03
   22.940   2.2274E-03
   22.950   1.8414E-04
   22.960  -8.7873E-04
   22.970  -1.0288E-03
   22.980  -1.1463E-03
   22.990  -1.4857E-03
   23.000  -2.3467E-03
   23.010  -4.3460E-03
   23.020  -8.3971E-03
   23.030  -1.2215E-02
   23.040  -1.3107E-02
   23.050  -9.1902E-03
   23.060  -3.1839E-03
   23.070  -8.4907E-04
   23.080  -3.8695E-03
   23.090  -9.3568E-03
   23.100  -1.2148E-02
   23.110  -1.0982E-02
   23.120  -7.1641E-03
   23.130  -2.5638E-03
   23.140   2.5217E-03
   23.150   6.7932E-03
   23.160   8.3244E-03
   23.170   5.8938E-03
   23.180   2.4608E-03
   23.190   2.7092E-03
   23.200   8.6898E-03
   23.210   1.6693E-02
   23.220   2.0894E-02
   23.230   1.8693E-02
   23.240   1.1842E-02
   23.250   8.4455E-03
   23.260   8.5459E-03
   23.270   9.0823E-03
   23.280   1.0343E-02
   23.290   1.1062E-02
   23.300   1.1589E-02
   23.310   1.1509E-02
   23.320   8.6496E-03
   23.330   3.4142E-03
   23.340  -7.1029E-04
   23.350  -4.3437E-04
   23.360   4.4512E-03
   23.370   1.0864E-02
   23.380   1.2640E-02
   23.390   1.0656E-02
   23.400   6.2567E-03
   23.410   4.1608E-03
   23.420   3.3940E-03
   23.430   3.8911E-03
   23.440   5.8402E-03
   23.450   9.0784E-03
   23.460   9.6739E-03
   23.470   8.0658E-03
   23.480   2.6831E-03
   23.490  -2.5870E-03
   23.500  -3.9758E-03
   23.510  -1.9756E-03
   23.520   9.3814E-04
   23.530   2.8064E-03
   23.540   3.0400E-03
   23.550   5.2940E-04
   23.560  -5.1902E-03
   23.570  -1.1352E-02
   23.580  -1.4061E-02
   23.590  -1.1193E-02
   23.600  -4.6312E-03
   23.610   1.6145E-03
   23.620   2.8637E-03
   23.630  -9.9937E-04
   23.640  -5.9986E-03
   23.650  -8.6342E-03
   23.660  -6.6453E-03
   23.670  -1.7652E-03
   23.680   4.0309E-03
   23.690   9.3602E-03
   23.700   1.2317E-02
   23.710   1.0884E-02
   23.720   6.0286E-03
   23.730   1.9231E-03
   23.740   2.8251E-03
   23.750   8.8167E-03
   23.760   1.5277E-02
   23.770   1.8919E-02
   23.780   1.8696E-02
   23.790   1.5370E-02
   23.800   1.1247E-02
   23.810   8.6237E-03
   23.820   8.1045E-03
   23.830   8.5205E-03
   23.840   9.7466E-03
   23.850   1.0739E-02
   23.860   1.0217E-02
   23.870   6.0836E-03
   23.880   1.8986E-04
   23.890  -5.1881E-03
   23.900  -6.8470E-03
   23.910  -4.7578E-03
   23.920  -3.8592E-03
   23.930  -2.8023E-03
   23.940  -4.4558E-03
   23.950  -8.3774E-03
   23.960  -1.1719E-02
   23.970  -1.1824E-02
   23.980  -8.8672E-03
   23.990  -6.1033E-03
   24.000  -5.3330E-03
   24.010  -5.2397E-03
   24.020  -4.3036E-03
   24.030  -1.6864E-03
   24.040  -2.6683E-03
   24.050  -4.3282E-03
   24.060  -3.2953E-03
   24.070   8.3079E-04
   24.080   3.0746E-03
   24.090   1.6247E-03
   24.100  -2.8205E-03
   24.110  -6.2381E-03
   24.120  -5.8469E-03
   24.130  -3.2312E-03
   24.140  -1.6673E-03
   24.150  -3.3281E-03
   24.160  -5.8505E-03
   24.170  -6.4652E-03
   24.180  -5.3316E-03
   24.190  -5.6259E-03
   24.200  -7.3911E-03
   24.210  -8.9241E-03
   24.220  -6.2062E-03
   24.230  -1.6077E-03
   24.240  -3.8947E-05
   24.250  -2.8607E-03
   24.260  -5.3068E-03
   24.270  -3.2747E-03
   24.280   2.1891E-03
   24.290   6.0250E-03
   24.300   5.5552E-03
   24.310   2.2121E-03
   24.320  -1.9497E-04
   24.330   8.9831E-05
   24.340   2.1975E-03
   24.350   3.6488E-03
   24.360   4.2805E-03
   24.370   5.0188E-03
   24.380   5.9040E-03
   24.390   4.6549E-03
   24.400   4.0831E-04
   24.410  -4.4296E-03
   24.420  -5.4800E-03
   24.430  -3.0371E-03
   24.440   1.5962E-04
   24.450   1.0361E-03
   24.460  -5.3763E-04
   24.470  -3.6160E-03
   24.480  -6.4378E-03
   24.490  -8.5763E-03
   24.500  -9.2437E-03
   24.510  -8.1596E-03
   24.520  -5.1879E-03
   24.530  -1.6070E-03
   24.540   2.4330E-04
   24.550  -1.9154E-03
   24.560  -6.8645E-03
   24.570  -1.0653E-02
   24.580  -9.8115E-03
   24.590  -5.6055E-03
   24.600  -1.4487E-03
   24.610   1.3713E-03
   24.620   1.0163E-03
   24.630  -1.1097E-03
   24.640  -4.1574E-03
   24.650  -6.8441E-03
   24.660  -6.9633E-03
   24.670  -3.7127E-03
   24.680  -6.9192E-04
   24.690   9.1333E-04
   24.700   5.6099E-04
   24.710  -1.5656E-03
   24.720  -4.1695E-03
   24.730  -6.0753E-03
   24.740  -5.8975E-03
   24.750  -3.6278E-03
   24.760   1.4667E-05
   24.770   3.2338E-03
   24.780   5.0159E-03
   24.790   2.6759E-03
   24.800  -1.0050E-03
   24.810  -3.5159E-03
   24.820  -2.4855E-03
   24.830   1.2197E-03
   24.840   5.0562E-03
   24.850   7.2966E-03
   24.860   7.2345E-03
   24.870   4.7363E-03
   24.880   1.4695E-03
   24.890  -7.8403E-04
   24.900   1.9606E-04
   24.910   3.8503E-03
   24.920   7.9743E-03
   24.930   1.0171E-02
   24.940   1.0078E-02
   24.950   8.2319E-03
   24.960   4.5868E-03
   24.970   1.8574E-03
   24.980   3.3249E-03
   24.990   8.4125E-03
   25.000   1.4751E-02
   25.010   1.8024E-02
   25.020   1.5784E-02
   25.030   9.7612E-03
   25.040   4.8835E-03
   25.050   3.0119E-03
   25.060   3.7935E-03
   25.070   6.9253E-03
   25.080   9.2388E-03
   25.090   9.6622E-03
   25.100   7.6187E-03
   25.110   2.4593E-03
   25.120  -4.0254E-03
   25.130  -7.9395E-03
   25.140  -6.0231E-03
   25.150  -1.3709E-04
   25.160   4.1615E-03
   25.170   2.4785E-03
   25.180  -4.6708E-03
   25.190  -1.0767E-02
   25.200  -1.2423E-02
   25.210  -9.4875E-03
   25.220  -5.4710E-03
   25.230  -2.4441E-03
   25.240  -4.4567E-04
   25.250   8.3558E-04
   25.260   5.5123E-04
   25.270  -1.8506E-03
   25.280  -4.1394E-03
   25.290  -2.6034E-03
   25.300   3.1256E-03
   25.310   9.2197E-03
   25.320   1.1137E-02
   25.330   7.8995E-03
   25.340   2.8758E-03
   25.350   3.3012E-04
   25.360   1.8424E-03
   25.370   5.0758E-03
   25.380   7.6748E-03
   25.390   8.3495E-03
   25.400   7.3635E-03
   25.410   6.0805E-03
   25.420   3.7672E-03
   25.430   9.3837E-04
   25.440  -2.7614E-04
   25.450   1.6964E-03
   25.460   5.9093E-03
   25.470   8.9757E-03
   25.480   8.4260E-03
   25.490   4.6485E-03
   25.500   1.0513E-03
   25.510  -8.7096E-04
   25.520  -4.2307E-04
   25.530   7.7468E-04
   25.540   1.2800E-03
   25.550   6.3753E-04
   25.560  -3.0244E-04
   25.570  -1.2835E-03
   25.580  -2.9440E-03
   25.590  -4.4564E-03
   25.600  -5.8698E-03
   25.610  -5.0564E-03
   25.620  -2.4262E-03
   25.630  -1.1961E-04
   25.640  -4.4946E-04
   25.650  -2.6909E-03
   25.660  -5.5251E-03
   25.670  -6.8181E-03
   25.680  -5.9903E-03
   25.690  -4.0369E-03
   25.700  -2.4363E-03
   25.710  -1.9934E-03
   25.720  -2.6038E-03
   25.730  -3.9536E-03
   25.740  -5.7389E-03
   25.750  -7.1944E-03
   25.760  -7.0423E-03
   25.770  -4.8182E-03
   25.780  -1.7930E-03
   25.790  -1.7121E-04
   25.800  -1.0662E-03
   25.810  -3.5617E-03
   25.820  -5.5814E-03
   25.830  -5.6407E-03
   25.840  -3.6687E-03
   25.850  -8.2505E-04
   25.860   2.4596E-03
   25.870   3.5780E-03
   25.880   3.1943E-03
   25.890   1.7426E-03
   25.900  -4.3155E-05
   25.910  -7.8669E-04
   25.920   5.2390E-04
   25.930   3.2568E-03
   25.940   5.7216E-03
   25.950   6.2325E-03
   25.960   4.5406E-03
   25.970   1.9284E-03
   25.980  -2.5894E-04
   25.990  -1.0647E-03
   26.000  -2.6761E-04
   26.010   1.4340E-03
   26.020   2.6690E-03
   26.030   2.2957E-03
   26.040   4.0777E-04
   26.050  -1.9394E-03
   26.060  -3.6163E-03
   26.070  -3.6819E-03
   26.080  -2.2651E-03
   26.090  -4.4007E-04
   26.100   4.1685E-04
   26.110  -2.2710E-04
   26.120  -1.5662E-03
   26.130  -2.6251E-03
   26.140  -2.9589E-03
   26.150  -2.5293E-03
   26.160  -1.6346E-03
   26.170  -5.7824E-04
   26.180  -6.0937E-04
   26.190  -2.3193E-03
   26.200  -4.7129E-03
   26.210  -6.2282E-03
   26.220  -5.9938E-03
   26.230  -4.8350E-03
   26.240  -3.9079E-03
   26.250  -3.9161E-03
   26.260  -4.8173E-03
   26.270  -6.1160E-03
   26.280  -7.0300E-03
   26.290  -7.0178E-03
   26.300  -5.8003E-03
   26.310  -3.6134E-03
   26.320  -1.1240E-03
   26.330   4.1341E-04
   26.340   2.6059E-03
   26.350   1.1444E-03
   26.360   2.4816E-04
   26.370   1.1089E-03
   26.380   3.2285E-03
   26.390   5.1075E-03
   26.400   5.9144E-03
   26.410   5.6839E-03
   26.420   4.7810E-03
   26.430   3.3811E-03
   26.440   2.0396E-03
   26.450   1.9027E-03
   26.460   2.5827E-03
   26.470   3.2780E-03
   26.480   3.3026E-03
   26.490   1.9520E-03
   26.500  -1.8756E-04
   26.510  -1.9454E-03
   26.520  -2.4793E-03
   26.530  -2.3554E-03
   26.540  -1.8877E-03
   26.550  -2.1278E-03
   26.560  -1.9907E-03
   26.570  -1.9554E-03
   26.580  -2.6695E-03
   26.590  -3.9578E-03
   26.600  -4.6191E-03
   26.610  -3.8368E-03
   26.620  -1.9656E-03
   26.630  -4.8330E-04
   26.640  -3.7233E-04
   26.650  -5.1957E-04
   26.660  -1.2696E-03
   26.670  -1.4372E-03
   26.680  -1.1977E-03
   26.690  -5.9439E-04
   26.700   2.7513E-04
   26.710   1.4999E-03
   26.720   2.4442E-03
   26.730   1.8855E-03
   26.740   1.4612E-05
   26.750  -1.6697E-03
   26.760  -1.3046E-03
   26.770   8.8121E-04
   26.780   3.0711E-03
   26.790   3.5974E-03
   26.800   2.6384E-03
   26.810   1.2441E-03
   26.820   9.8393E-05
   26.830  -5.4593E-04
   26.840  -3.7591E-04
   26.850   7.0122E-04
   26.860   2.4219E-03
   26.870   3.5375E-03
   26.880   3.0765E-03
   26.890   1.1882E-03
   26.900  -7.1631E-04
   26.910  -1.0322E-03
   26.920   5.5527E-04
   26.930   2.6699E-03
   26.940   3.6076E-03
   26.950   3.1570E-03
   26.960   1.5183E-03
   26.970   3.6338E-04
   26.980   2.1020E-05
   26.990   2.9908E-04
   27.000   1.0411E-03
   27.010   1.9136E-03
   27.020   2.2642E-03
   27.030   1.5999E-03
   27.040   2.6503E-04
   27.050  -8.4693E-04
   27.060  -9.2245E-04
   27.070  -1.2051E-04
   27.080   1.0388E-03
   27.090   1.7144E-03
   27.100   1.4009E-03
   27.110   4.3826E-04
   27.120  -3.5039E-04
   27.130   5.4709E-05
   27.140   6.3116E-04
   27.150   1.3187E-03
   27.160   1.8304E-03
   27.170   1.9845E-03
   27.180   9.4498E-04
   27.190   3.3948E-04
   27.200  -6.1368E-05
   27.210  -8.8024E-05
   27.220  -5.9248E-05
   27.230   2.2723E-04
   27.240   7.2043E-04
   27.250   1.0544E-03
   27.260   6.6361E-04
   27.270  -2.5353E-04
   27.280  -9.2534E-04
   27.290  -9.4153E-04
   27.300  -5.4428E-04
   27.310  -9.5215E-05
   27.320   3.0674E-04
   27.330   6.0573E-04
   27.340   3.0121E-04
   27.350   2.9737E-04
   27.360   2.2840E-05
   27.370  -1.7797E-04
   27.380  -1.1143E-04
   27.390   2.2071E-04
   27.400   7.1895E-04
   27.410   7.3752E-04
   27.420   5.1272E-04
   27.430   2.4014E-04
   27.440   2.0239E-04
   27.450   3.1102E-04
   27.460   3.5416E-04
   27.470   2.8527E-04
   27.480   3.5092E-04
   27.490   5.1781E-04
   27.500   5.0728E-04
   27.510   1.6396E-04
   27.520  -1.1418E-04
   27.530   5.8459E-05
   27.540   4.5884E-04
   27.550   7.7670E-04
   27.560   8.3060E-04
   27.570   7.2823E-04
   27.580   7.1076E-04
   27.590   7.5545E-04
   27.600   6.9584E-04
   27.610   4.2635E-04
   27.620  -1.6179E-04
   27.630  -3.1020E-04
   27.640  -3.4949E-04
   27.650  -3.4891E-04
   27.660  -9.3259E-04
   27.670  -1.5560E-03
   27.680  -1.6454E-03
   27.690  -1.2372E-03
   27.700  -8.6505E-04
   27.710  -9.8538E-04
   27.720  -1.3556E-03
   27.730  -1.4609E-03
   27.740  -1.1294E-03
   27.750  -7.9699E-04
   27.760  -8.3669E-04
   27.770  -1.0029E-03
   27.780  -7.6133E-04
   27.790  -1.3802E-04
   27.800   2.5922E-04
   27.810   4.4909E-05
   27.820  -2.4999E-04
   27.830  -2.1310E-04
   27.840   3.3578E-04
   27.850   8.8847E-04
   27.860   1.0168E-03
   27.870   7.7284E-04
   27.880   5.0616E-04
   27.890   3.6008E-04
   27.900   1.0891E-03
   27.910   1.1914E-03
   27.920   9.6013E-04
   27.930   6.5808E-04
   27.940   6.6005E-04
   27.950   7.1377E-04
   27.960   9.0720E-04
   27.970   9.2922E-04
   27.980   8.7125E-04
   27.990   8.3937E-04
   28.000   7.6718E-04
   28.010   6.2032E-04
   28.020   4.3794E-04
   28.030   3.5228E-04
   28.040   4.3309E-04
   28.050   6.2654E-04
   28.060   8.2324E-04
   28.070   8.7676E-04
   28.080   7.0451E-04
   28.090   3.8058E-04
   28.100   1.4039E-04
   28.110   1.3879E-04
   28.120   2.9845E-04
   28.130   2.1160E-04
   28.140   1.2935E-04
   28.150   2.5279E-05
   28.160  -1.2249E-05
   28.170  -3.5534E-05
   28.180  -8.3477E-05
   28.190  -8.5920E-05
   28.200   7.0261E-05
   28.210   3.6009E-04
   28.220   6.2871E-04
   28.230   7.2950E-04
   28.240   6.8571E-04
   28.250   6.5713E-04
   28.260   7.8363E-04
   28.270   1.0358E-03
   28.280   1.1867E-03
   28.290   1.2307E-03
   28.300   1.2264E-03
   28.310   1.2389E-03
   28.320   1.2492E-03
   28.330   1.1906E-03
   28.340   1.0786E-03
   28.350   9.6290E-04
   28.360   8.6452E-04
   28.370   7.7614E-04
   28.380   7.0233E-04
   28.390   6.1644E-04
   28.400   5.4019E-04
   28.410   5.4232E-04
   28.420   5.8634E-04
   28.430   6.4734E-04
   28.440   6.9507E-04
   28.450   6.1124E-04
   28.460   5.5222E-04
   28.470   6.3332E-04
   28.480   8.4510E-04
   28.490   1.0259E-03
   28.500   1.0160E-03
   28.510   8.1417E-04
   28.520   5.7775E-04
   28.530   4.6609E-04
   28.540   5.3590E-04
   28.550   6.9283E-04
   28.560   7.5498E-04
   28.570   5.8924E-04
   28.580   2.5295E-04
   28.590  -6.6282E-05
   28.600  -2.3243E-04
   28.610  -2.5037E-04
   28.620  -1.6124E-04
   28.630   1.5048E-05
   28.640   1.5649E-04
   28.650   1.0570E-04
   28.660  -1.7320E-04
   28.670  -4.8629E-04
   28.680  -5.7565E-04
   28.690  -3.8890E-04
   28.700  -1.2330E-04
   28.710   1.5887E-04
   28.720   2.9482E-04
   28.730   2.3752E-04
   28.740   3.8343E-06
   28.750  -1.6813E-04
   28.760  -1.5103E-04
   28.770   1.0955E-04
   28.780   3.8134E-04
   28.790   5.8199E-04
   28.800   5.9866E-04
   28.810   4.2558E-04
   28.820   2.0143E-04
   28.830  -1.0594E-05
   28.840  -1.4025E-04
   28.850  -1.8995E-04
   28.860  -1.6888E-04
   28.870  -5.8068E-05
   28.880  -2.9079E-05
   28.890  -1.4171E-04
   28.900  -3.7636E-04
   28.910  -3.7312E-04
   28.920  -2.8544E-04
   28.930  -9.9472E-05
   28.940   4.1990E-05
   28.950   7.1433E-05
   28.960   1.7704E-05
   28.970  -5.9843E-05
   28.980  -1.1024E-04
   28.990  -9.6529E-05
   29.000  -8.8686E-06
   29.010   1.2197E-04
   29.020   2.8467E-04
   29.030   3.5467E-04
   29.040   2.6430E-04
   29.050   1.1216E-05
   29.060  -2.4332E-04
   29.070  -3.2348E-04
   29.080  -1.9119E-04
   29.090   5.4892E-06
   29.100   9.4551E-05
   29.110   8.7142E-06
   29.120  -1.9335E-04
   29.130  -4.2904E-04
   29.140  -6.1881E-04
   29.150  -6.9977E-04
   29.160  -6.3032E-04
   29.170  -4.5864E-04
   29.180  -2.6762E-04
   29.190  -2.9247E-04
   29.200  -4.4299E-04
   29.210  -5.8442E-04
   29.220  -6.1228E-04
   29.230  -4.5550E-04
   29.240  -2.2130E-04
   29.250  -8.0888E-05
   29.260  -1.0318E-04
   29.270  -2.2218E-04
   29.280  -3.3769E-04
   29.290  -3.7088E-04
   29.300  -2.9008E-04
   29.310   1.3085E-04
   29.320   1.3950E-04
   29.330   7.8896E-05
   29.340  -2.8320E-05
   29.350  -1.3553E-04
   29.360  -2.0101E-04
   29.370  -1.9181E-04
   29.380  -9.6653E-05
   29.390  -2.3537E-07
   29.400   2.6565E-05
   29.410  -4.9047E-05
   29.420  -1.7491E-04
   29.430  -2.5599E-04
   29.440  -2.4800E-04
   29.450  -1.7049E-04
   29.460  -4.7892E-05
   29.470   3.1633E-05
   29.480   4.5627E-05
   29.490  -1.5783E-05
   29.500  -1.0907E-04
   29.510  -1.6143E-04
   29.520  -1.3895E-04
   29.530  -5.4463E-05
   29.540   4.4004E-05
   29.550   1.0248E-04
   29.560   8.0240E-05
   29.570  -3.4097E-06
   29.580  -7.8937E-05
   29.590  -2.0273E-05
   29.600  -1.2308E-05
   29.610  -6.8559E-06
   29.620  -1.3612E-05
   29.630  -2.9920E-05
   29.640  -4.6146E-05
   29.650  -5.6709E-05
   29.660  -6.4673E-05
   29.670  -7.2525E-05
   29.680  -7.4476E-05
   29.690  -6.4880E-05
   29.700  -5.2391E-05
   29.710  -5.2749E-05
   29.720  -6.6233E-05
   29.730  -7.4557E-05
   29.740  -6.6449E-05
   29.750  -5.3378E-05
   29.760  -5.1625E-05
   29.770  -5.8421E-05
   29.780  -5.7198E-05
   29.790  -4.1029E-05
   29.800  -2.0958E-05
   29.810  -1.0816E-05
   29.820  -1.2875E-05
   29.830  -1.7974E-05
   29.840  -1.6524E-05
   29.850  -6.1773E-06
   29.860   7.1910E-06
   29.870   1.7693E-05
   29.880   2.5508E-05
   29.890   3.2441E-05
   29.900   3.2147E-05
   29.910   1.6854E-05
   29.920  -5.2415E-06
   29.930  -1.0038E-05
   29.940   1.4986E-05
   29.950   5.1815E-05
   29.960   6.9410E-05
   29.970   5.6634E-05
   29.980   2.7915E-05
   29.990   3.4314E-06
   30.000  -1.2862E-05
   30.010  -9.2722E-06
   30.020   3.1358E-06
   30.030   1.6923E-05
   30.040   2.0523E-05
   30.050   6.2330E-06
   30.060  -2.2452E-05
   30.070  -5.1049E-05
   30.080  -6.4204E-05
   30.090  -5.6784E-05
   30.100  -3.8898E-05
   30.110  -2.7186E-05
   30.120  -3.1034E-05
   30.130  -4.6028E-05
   30.140  -6.2269E-05
   30.150  -7.1357E-05
   30.160  -6.7546E-05
   30.170  -4.7885E-05
   30.180  -1.9890E-05
   30.190  -5.7996E-07
   30.200  -2.2631E-06
   30.210  -1.8218E-05
   30.220  -3.0504E-05
   30.230  -2.7922E-05
   30.240  -1.4077E-05
   30.250   1.8937E-06
   30.260   1.3242E-05
   30.270   1.7246E-05
   30.280   1.3266E-05
   30.290   4.0692E-06
   30.300  -5.4716E-06
   30.310  -9.6082E-06
   30.320  -4.1355E-06
   30.330   1.1243E-05
   30.340   2.8432E-05
   30.350   2.5674E-05
   30.360   2.3896E-05
   30.370   1.9197E-05
   30.380   1.5406E-05
   30.390   1.0759E-05
   30.400   4.6645E-06
   30.410   4.1809E-06
   30.420   1.5530E-05
   30.430   3.3493E-05
   30.440   4.5334E-05
   30.450   4.4653E-05
   30.460   3.4827E-05
   30.470   2.3122E-05
   30.480   1.5938E-05
   30.490   1.8830E-05
   30.500   3.2103E-05
   30.510   4.7686E-05
   30.520   5.3829E-05
   30.530   4.5761E-05
   30.540   2.7900E-05
   30.550   9.4317E-06
   30.560  -1.1123E-06
   30.570   1.7106E-06
   30.580   1.5257E-05
   30.590   2.9114E-05
   30.600   3.2175E-05
   30.610   2.1641E-05
   30.620   2.7204E-06
   30.630   5.3545E-07
   30.640  -1.2106E-05
   30.650  -1.3041E-05
   30.660  -4.2478E-06
   30.670   5.8174E-06
   30.680   9.2484E-06
   30.690   5.3567E-06
   30.700  -2.1866E-07
   30.710  -2.3023E-06
   30.720   8.4019E-07
   30.730   7.1995E-06
   30.740   1.3909E-05
   30.750   1.8770E-05
   30.760   2.1281E-05
   30.770   2.0646E-05
   30.780   1.7179E-05
   30.790   1.4006E-05
   30.800   1.6244E-05
   30.810   2.3776E-05
   30.820   2.9622E-05
   30.830   2.7335E-05
   30.840   2.0300E-05
   30.850   1.6888E-05
   30.860   1.9695E-05
   30.870   2.2133E-05
   30.880   1.8539E-05
   30.890   6.7231E-06
   30.900   4.7838E-06
   30.910   7.6851E-06
   30.920   1.3717E-05
   30.930   1.5927E-05
   30.940   1.0986E-05
   30.950   2.3829E-06
   30.960  -2.9337E-06
   30.970  -3.9716E-06
   30.980  -3.0578E-06
   30.990  -9.8220E-07
   31.000   4.4545E-06
   31.010   2.2676E-05
   31.020   2.1670E-05
   31.030   1.0424E-05
   31.040  -2.4500E-06
   31.050  -7.9998E-06
   31.060  -2.7313E-06
   31.070   9.7130E-06
   31.080   2.2852E-05
   31.090   2.8583E-05
   31.100   2.2824E-05
   31.110   8.5477E-06
   31.120  -4.2847E-06
   31.130  -8.0049E-06
   31.140  -1.5486E-06
   31.150   9.1440E-06
   31.160   1.6796E-05
   31.170   1.5016E-05
   31.180   3.4923E-06
   31.190  -1.1832E-05
   31.200  -2.1618E-05
   31.210  -2.2027E-05
   31.220  -1.5216E-05
   31.230  -6.8054E-06
   31.240  -1.1256E-06
   31.250  -2.5363E-06
   31.260  -1.1756E-05
   31.270  -2.3753E-05
   31.280  -2.8755E-05
   31.290  -2.2580E-05
   31.300  -9.6794E-06
   31.310   7.1303E-07
   31.320   3.7784E-06
   31.330  -3.1221E-07
   31.340  -7.2454E-06
   31.350  -1.2403E-05
   31.360  -1.1798E-05
   31.370  -5.9414E-06
   31.380   2.0378E-06
   31.390   7.9313E-06
   31.400   9.4079E-06
   31.410   4.3972E-06
   31.420  -5.5336E-06
   31.430  -1.4814E-05
   31.440  -1.6384E-05
   31.450  -1.0588E-05
   31.460  -4.1536E-06
   31.470  -3.8985E-06
   31.480  -9.4343E-06
   31.490   0.0000E+00
   31.500   0.0000E+00
   31.510   0.0000E+00
   31.520   0.0000E+00
   31.530   0.0000E+00
   31.540   0.0000E+00
   31.550   0.0000E+00
   31.560   0.0000E+00
   31.570   0.0000E+00
   31.580   0.0000E+00
   31.590   0.0000E+00
   31.600   0.0000E+00
   31.610   0.0000E+00
   31.620   0.0000E+00
   31.630   0.0000E+00
   31.640   0.0000E+00
   31.650   0.0000E+00
   31.660   0.0000E+00
   31.670   0.0000E+00
   31.680   0.0000E+00
   31.690   0.0000E+00
   31.700   0.0000E+00
   31.710   0.0000E+00
   31.720   0.0000E+00
   31.730   0.0000E+00
   31.740   0.0000E+00
   31.750   0.0000E+00
   31.760   0.0000E+00
   31.770   0.0000E+00
   31.780   0.0000E+00
   31.790   0.0000E+00
   31.800   0.0000E+00
   31.810   0.0000E+00
   31.820   0.0000E+00
   31.830   0.0000E+00
   31.840   0.0000E+00
   31.850   0.0000E+00
   31.860   0.0000E+00
   31.870   0.0000E+00
   31.880   0.0000E+00
   31.890   0.0000E+00
   31.900   0.0000E+00
   31.910   0.0000E+00
   31.920   0.0000E+00
   31.930   0.0000E+00
   31.940   0.0000E+00
   31.950   0.0000E+00
   31.960   0.0000E+00
   31.970   0.0000E+00
   31.980   0.0000E+00
   31.990   0.0000E+00
   32.000   0.0000E+00
   32.010   0.0000E+00
   32.020   0.0000E+00
   32.030   0.0000E+00
   32.040   0.0000E+00
   32.050   0.0000E+00
   32.060   0.0000E+00
   32.070   0.0000E+00
   32.080   0.0000E+00
   32.090   0.0000E+00
   32.100   0.0000E+00
   32.110   0.0000E+00
   32.120   0.0000E+00
   32.130   0.0000E+00
   32.140   0.0000E+00
   32.150   0.0000E+00
   32.160   0.0000E+00
   32.170   0.0000E+00
   32.180   0.0000E+00
   32.190   0.0000E+00
   32.200   0.0000E+00
   32.210   0.0000E+00
   32.220   0.0000E+00
   32.230   0.0000E+00
   32.240   0.0000E+00
   32.250   0.0000E+00
   32.260   0.0000E+00
   32.270   0.0000E+00
   32.280   0.0000E+00
   32.290   0.0000E+00
   32.300   0.0000E+00
   32.310   0.0000E+00
   32.320   0.0000E+00
   32.330   0.0000E+00
   32.340   0.0000E+00
   32.350   0.0000E+00
   32.360   0.0000E+00
   32.370   0.0000E+00
   32.380   0.0000E+00
   32.390   0.0000E+00
   32.400   0.0000E+00
   32.410   0.0000E+00
   32.420   0.0000E+00
   32.430   0.0000E+00
   32.440   0.0000E+00
   32.450   0.0000E+00
   32.460   0.0000E+00
   32.470   0.0000E+00
   32.480   0.0000E+00
   32.490   0.0000E+00
   32.500   0.0000E+00
   32.510   0.0000E+00
   32.520   0.0000E+00
   32.530   0.0000E+00
   32.540   0.0000E+00
   32.550   0.0000E+00
   32.560   0.0000E+00
   32.570   0.0000E+00
   32.580   0.0000E+00
   32.590   0.0000E+00
   32.600   0.0000E+00
   32.610   0.0000E+00
   32.620   0.0000E+00
   32.630   0.0000E+00
   32.640   0.0000E+00
   32.650   0.0000E+00
   32.660   0.0000E+00
   32.670   0.0000E+00
   32.680   0.0000E+00
   32.690   0.0000E+00
   32.700   0.0000E+00
   32.710   0.0000E+00
   32.720   0.0000E+00
   32.730   0.0000E+00
   32.740   0.0000E+00
   32.750   0.0000E+00
   32.760   0.0000E+00
   32.770   0.0000E+00
   32.780   0.0000E+00
   32.790   0.0000E+00
   32.800   0.0000E+00
   32.810   0.0000E+00
   32.820   0.0000E+00
   32.830   0.0000E+00
   32.840   0.0000E+00
   32.850   0.0000E+00
   32.860   0.0000E+00
   32.870   0.0000E+00
   32.880   0.0000E+00
   32.890   0.0000E+00
   32.900   0.0000E+00
   32.910   0.0000E+00
   32.920   0.0000E+00
   32.930   0.0000E+00
   32.940   0.0000E+00
   32.950   0.0000E+00
   32.960   0.0000E+00
   32.970   0.0000E+00
   32.980   0.0000E+00
   32.990   0.0000E+00
   33.000   0.0000E+00
   33.010   0.0000E+00
   33.020   0.0000E+00
   33.030   0.0000E+00
   33.040   0.0000E+00
   33.050   0.0000E+00
   33.060   0.0000E+00
   33.070   0.0000E+00
   33.080   0.0000E+00
   33.090   0.0000E+00
   33.100   0.0000E+00
   33.110   0.0000E+00
   33.120   0.0000E+00
   33.130   0.0000E+00
   33.140   0.0000E+00
   33.150   0.0000E+00
   33.160   0.0000E+00
   33.170   0.0000E+00
   33.180   0.0000E+00
   33.190   0.0000E+00
   33.200   0.0000E+00
   33.210   0.0000E+00
   33.220   0.0000E+00
   33.230   0.0000E+00
   33.240   0.0000E+00
   33.250   0.0000E+00
   33.260   0.0000E+00
   33.270   0.0000E+00
   33.280   0.0000E+00
   33.290   0.0000E+00
   33.300   0.0000E+00
   33.310   0.0000E+00
   33.320   0.0000E+00
   33.330   0.0000E+00
   33.340   0.0000E+00
   33.350   0.0000E+00
   33.360   0.0000E+00
   33.370   0.0000E+00
   33.380   0.0000E+00
   33.390   0.0000E+00
   33.400   0.0000E+00
   33.410   0.0000E+00
   33.420   0.0000E+00
   33.430   0.0000E+00
   33.440   0.0000E+00
   33.450   0.0000E+00
   33.460   0.0000E+00
   33.470   0.0000E+00
   33.480   0.0000E+00
   33.490   0.0000E+00
   33.500   0.0000E+00
   33.510   0.0000E+00
   33.520   0.0000E+00
   33.530   0.0000E+00
   33.540   0.0000E+00
   33.550   0.0000E+00
   33.560   0.0000E+00
   33.570   0.0000E+00
   33.580   0.0000E+00
   33.590   0.0000E+00
   33.600   0.0000E+00
   33.610   0.0000E+00
   33.620   0.0000E+00
   33.630   0.0000E+00
   33.640   0.0000E+00
   33.650   0.0000E+00
   33.660   0.0000E+00
   33.670   0.0000E+00
   33.680   0.0000E+00
   33.690   0.0000E+00
   33.700   0.0000E+00
   33.710   0.0000E+00
   33.720   0.0000E+00
   33.730   0.0000E+00
   33.740   0.0000E+00
   33.750   0.0000E+00
   33.760   0.0000E+00
   33.770   0.0000E+00
   33.780   0.0000E+00
   33.790   0.0000E+00
   33.800   0.0000E+00
   33.810   0.0000E+00
   33.820   0.0000E+00
   33.830   0.0000E+00
   33.840   0.0000E+00
   33.850   0.0000E+00
   33.860   0.0000E+00
   33.870   0.0000E+00
   33.880   0.0000E+00
   33.890   0.0000E+00
   33.900   0.0000E+00
   33.910   0.0000E+00
   33.920   0.0000E+00
   33.930   0.0000E+00
   33.940   0.0000E+00
   33.950   0.0000E+00
   33.960   0.0000E+00
   33.970   0.0000E+00
   33.980   0.0000E+00
   33.990   0.0000E+00
   34.000   0.0000E+00
   34.010   0.0000E+00
   34.020   0.0000E+00
   34.030   0.0000E+00
   34.040   0.0000E+00
   34.050   0.0000E+00
   34.060   0.0000E+00
   34.070   0.0000E+00
   34.080   0.0000E+00
   34.090   0.0000E+00
   34.100   0.0000E+00
   34.110   0.0000E+00
   34.120   0.0000E+00
   34.130   0.0000E+00
   34.140   0.0000E+00
   34.150   0.0000E+00
   34.160   0.0000E+00
   34.170   0.0000E+00
   34.180   0.0000E+00
   34.190   0.0000E+00
   34.200   0.0000E+00
   34.210   0.0000E+00
   34.220   0.0000E+00
   34.230   0.0000E+00
   34.240   0.0000E+00
   34.250   0.0000E+00
   34.260   0.0000E+00
   34.270   0.0000E+00
   34.280   0.0000E+00
   34.290   0.0000E+00
   34.300   0.0000E+00
   34.310   0.0000E+00
   34.320   0.0000E+00
   34.330   0.0000E+00
   34.340   0.0000E+00
   34.350   0.0000E+00
   34.360   0.0000E+00
   34.370   0.0000E+00
   34.380   0.0000E+00
   34.390   0.0000E+00
   34.400   0.0000E+00
   34.410   0.0000E+00
   34.420   0.0000E+00
   34.430   0.0000E+00
   34.440   0.0000E+00
   34.450   0.0000E+00
   34.460   0.0000E+00
   34.470   0.0000E+00
   34.480   0.0000E+00
   34.490   0.0000E+00
   34.500   0.0000E+00
   34.510   0.0000E+00
   34.520   0.0000E+00
   34.530   0.0000E+00
   34.540   0.0000E+00
   34.550   0.0000E+00
   34.560   0.0000E+00
   34.570   0.0000E+00
   34.580   0.0000E+00
   34.590   0.0000E+00
   34.600   0.0000E+00
   34.610   0.0000E+00
   34.620   0.0000E+00
   34.630   0.0000E+00
   34.640   0.0000E+00
   34.650   0.0000E+00
   34.660   0.0000E+00
   34.670   0.0000E+00
   34.680   0.0000E+00
   34.690   0.0000E+00
   34.700   0.0000E+00
   34.710   0.0000E+00
   34.720   0.0000E+00
   34.730   0.0000E+00
   34.740   0.0000E+00
   34.750   0.0000E+00
   34.760   0.0000E+00
   34.770   0.0000E+00
   34.780   0.0000E+00
   34.790   0.0000E+00
   34.800   0.0000E+00
   34.810   0.0000E+00
   34.820   0.0000E+00
   34.830   0.0000E+00
   34.840   0.0000E+00
   34.850   0.0000E+00
   34.860   0.0000E+00
   34.870   0.0000E+00
   34.880   0.0000E+00
   34.890   0.0000E+00
   34.900   0.0000E+00
   34.910   0.0000E+00
   34.920   0.0000E+00
   34.930   0.0000E+00
   34.940   0.0000E+00
   34.950   0.0000E+00
   34.960   0.0000E+00
   34.970   0.0000E+00
   34.980   0.0000E+00
   34.990   0.0000E+00
   35.000   0.0000E+00
   35.010   0.0000E+00
   35.020   0.0000E+00
   35.030   0.0000E+00
   35.040   0.0000E+00
   35.050   0.0000E+00
   35.060   0.0000E+00
   35.070   0.0000E+00
   35.080   0.0000E+00
   35.090   0.0000E+00
   35.100   0.0000E+00
   35.110   0.0000E+00
   35.120   0.0000E+00
   35.130   0.0000E+00
   35.140   0.0000E+00
   35.150   0.0000E+00
   35.160   0.0000E+00
   35.170   0.0000E+00
   35.180   0.0000E+00
   35.190   0.0000E+00
   35.200   0.0000E+00
   35.210   0.0000E+00
   35.220   0.0000E+00
   35.230   0.0000E+00
   35.240   0.0000E+00
   35.250   0.0000E+00
   35.260   0.0000E+00
   35.270   0.0000E+00
   35.280   0.0000E+00
   35.290   0.0000E+00
   35.300   0.0000E+00
   35.310   0.0000E+00
   35.320   0.0000E+00
   35.330   0.0000E+00
   35.340   0.0000E+00
   35.350   0.0000E+00
   35.360   0.0000E+00
   35.370   0.0000E+00
   35.380   0.0000E+00
   35.390   0.0000E+00
   35.400   0.0000E+00
   35.410   0.0000E+00
   35.420   0.0000E+00
   35.430   0.0000E+00
   35.440   0.0000E+00
   35.450   0.0000E+00
   35.460   0.0000E+00
   35.470   0.0000E+00
   35.480   0.0000E+00
   35.490   0.0000E+00
   35.500   0.0000E+00
   35.510   0.0000E+00
   35.520   0.0000E+00
   35.530   0.0000E+00
   35.540   0.0000E+00
   35.550   0.0000E+00
   35.560   0.0000E+00
   35.570   0.0000E+00
   35.580   0.0000E+00
   35.590   0.0000E+00
   35.600   0.0000E+00
   35.610   0.0000E+00
   35.620   0.0000E+00
   35.630   0.0000E+00
   35.640   0.0000E+00
   35.650   0.0000E+00
   35.660   0.0000E+00
   35.670   0.0000E+00
   35.680   0.0000E+00
   35.690   0.0000E+00
   35.700   0.0000E+00
   35.710   0.0000E+00
   35.720   0.0000E+00
   35.730   0.0000E+00
   35.740   0.0000E+00
   35.750   0.0000E+00
   35.760   0.0000E+00
   35.770   0.0000E+00
   35.780   0.0000E+00
   35.790   0.0000E+00
   35.800   0.0000E+00
   35.810   0.0000E+00
   35.820   0.0000E+00
   35.830   0.0000E+00
   35.840   0.0000E+00
   35.850   0.0000E+00
   35.860   0.0000E+00
   35.870   0.0000E+00
   35.880   0.0000E+00
   35.890   0.0000E+00
   35.900   0.0000E+00
   35.910   0.0000E+00
   35.920   0.0000E+00
   35.930   0.0000E+00
   35.940   0.0000E+00
   35.950   0.0000E+00
   35.960   0.0000E+00
   35.970   0.0000E+00
   35.980   0.0000E+00
   35.990   0.0000E+00
   36.000   0.0000E+00
   36.010   0.0000E+00
   36.020   0.0000E+00
   36.030   0.0000E+00
   36.040   0.0000E+00
   36.050   0.0000E+00
   36.060   0.0000E+00
   36.070   0.0000E+00
   36.080   0.0000E+00
   36.090   0.0000E+00
   36.100   0.0000E+00
   36.110   0.0000E+00
   36.120   0.0000E+00
   36.130   0.0000E+00
   36.140   0.0000E+00
   36.150   0.0000E+00
   36.160   0.0000E+00
   36.170   0.0000E+00
   36.180   0.0000E+00
   36.190   0.0000E+00
   36.200   0.0000E+00
   36.210   0.0000E+00
   36.220   0.0000E+00
   36.230   0.0000E+00
   36.240   0.0000E+00
   36.250   0.0000E+00
   36.260   0.0000E+00
   36.270   0.0000E+00
   36.280   0.0000E+00
   36.290   0.0000E+00
   36.300   0.0000E+00
   36.310   0.0000E+00
   36.320   0.0000E+00
   36.330   0.0000E+00
   36.340   0.0000E+00
   36.350   0.0000E+00
   36.360   0.0000E+00
   36.370   0.0000E+00
   36.380   0.0000E+00
   36.390   0.0000E+00
   36.400   0.0000E+00
   36.410   0.0000E+00
   36.420   0.0000E+00
   36.430   0.0000E+00
   36.440   0.0000E+00
   36.450   0.0000E+00
   36.460   0.0000E+00
   36.470   0.0000E+00
   36.480   0.0000E+00
   36.490   0.0000E+00
   36.500   0.0000E+00
   36.510   0.0000E+00
   36.520   0.0000E+00
   36.530   0.0000E+00
   36.540   0.0000E+00
   36.550   0.0000E+00
   36.560   0.0000E+00
   36.570   0.0000E+00
   36.580   0.0000E+00
   36.590   0.0000E+00
   36.600   0.0000E+00
   36.610   0.0000E+00
   36.620   0.0000E+00
   36.630   0.0000E+00
   36.640   0.0000E+00
   36.650   0.0000E+00
   36.660   0.0000E+00
   36.670   0.0000E+00
   36.680   0.0000E+00
   36.690   0.0000E+00
   36.700   0.0000E+00
   36.710   0.0000E+00
   36.720   0.0000E+00
   36.730   0.0000E+00
   36.740   0.0000E+00
   36.750   0.0000E+00
   36.760   0.0000E+00
   36.770   0.0000E+00
   36.780   0.0000E+00
   36.790   0.0000E+00
   36.800   0.0000E+00
   36.810   0.0000E+00
   36.820   0.0000E+00
   36.830   0.0000E+00
   36.840   0.0000E+00
   36.850   0.0000E+00
   36.860   0.0000E+00
   36.870   0.0000E+00
   36.880   0.0000E+00
   36.890   0.0000E+00
   36.900   0.0000E+00
   36.910   0.0000E+00
   36.920   0.0000E+00
   36.930   0.0000E+00
   36.940   0.0000E+00
   36.950   0.0000E+00
   36.960   0.0000E+00
   36.970   0.0000E+00
   36.980   0.0000E+00
   36.990   0.0000E+00
   37.000   0.0000E+00
   37.010   0.0000E+00
   37.020   0.0000E+00
   37.030   0.0000E+00
   37.040   0.0000E+00
   37.050   0.0000E+00
   37.060   0.0000E+00
   37.070   0.0000E+00
   37.080   0.0000E+00
   37.090   0.0000E+00
   37.100   0.0000E+00
   37.110   0.0000E+00
   37.120   0.0000E+00
   37.130   0.0000E+00
   37.140   0.0000E+00
   37.150   0.0000E+00
   37.160   0.0000E+00
   37.170   0.0000E+00
   37.180   0.0000E+00
   37.190   0.0000E+00
   37.200   0.0000E+00
   37.210   0.0000E+00
   37.220   0.0000E+00
   37.230   0.0000E+00
   37.240   0.0000E+00
   37.250   0.0000E+00
   37.260   0.0000E+00
   37.270   0.0000E+00
   37.280   0.0000E+00
   37.290   0.0000E+00
   37.300   0.0000E+00
   37.310   0.0000E+00
   37.320   0.0000E+00
   37.330   0.0000E+00
   37.340   0.0000E+00
   37.350   0.0000E+00
   37.360   0.0000E+00
   37.370   0.0000E+00
   37.380   0.0000E+00
   37.390   0.0000E+00
   37.400   0.0000E+00
   37.410   0.0000E+00
   37.420   0.0000E+00
   37.430   0.0000E+00
   37.440   0.0000E+00
   37.450   0.0000E+00
   37.460   0.0000E+00
   37.470   0.0000E+00
   37.480   0.0000E+00
   37.490   0.0000E+00
   37.500   0.0000E+00
   37.510   0.0000E+00
   37.520   0.0000E+00
   37.530   0.0000E+00
   37.540   0.0000E+00
   37.550   0.0000E+00
   37.560   0.0000E+00
   37.570   0.0000E+00
   37.580   0.0000E+00
   37.590   0.0000E+00
   37.600   0.0000E+00
   37.610   0.0000E+00
   37.620   0.0000E+00
   37.630   0.0000E+00
   37.640   0.0000E+00
   37.650   0.0000E+00
   37.660   0.0000E+00
   37.670   0.0000E+00
   37.680   0.0000E+00
   37.690   0.0000E+00
   37.700   0.0000E+00
   37.710   0.0000E+00
   37.720   0.0000E+00
   37.730   0.0000E+00
   37.740   0.0000E+00
   37.750   0.0000E+00
   37.760   0.0000E+00
   37.770   0.0000E+00
   37.780   0.0000E+00
   37.790   0.0000E+00
   37.800   0.0000E+00
   37.810   0.0000E+00
   37.820   0.0000E+00
   37.830   0.0000E+00
   37.840   0.0000E+00
   37.850   0.0000E+00
   37.860   0.0000E+00
   37.870   0.0000E+00
   37.880   0.0000E+00
   37.890   0.0000E+00
   37.900   0.0000E+00
   37.910   0.0000E+00
   37.920   0.0000E+00
   37.930   0.0000E+00
   37.940   0.0000E+00
   37.950   0.0000E+00
   37.960   0.0000E+00
   37.970   0.0000E+00
   37.980   0.0000E+00
   37.990   0.0000E+00
   38.000   0.0000E+00
   38.010   0.0000E+00
   38.020   0.0000E+00
   38.030   0.0000E+00
   38.040   0.0000E+00
   38.050   0.0000E+00
   38.060   0.0000E+00
   38.070   0.0000E+00
   38.080   0.0000E+00
   38.090   0.0000E+00
   38.100   0.0000E+00
   38.110   0.0000E+00
   38.120   0.0000E+00
   38.130   0.0000E+00
   38.140   0.0000E+00
   38.150   0.0000E+00
   38.160   0.0000E+00
   38.170   0.0000E+00
   38.180   0.0000E+00
   38.190   0.0000E+00
   38.200   0.0000E+00
   38.210   0.0000E+00
   38.220   0.0000E+00
   38.230   0.0000E+00
   38.240   0.0000E+00
   38.250   0.0000E+00
   38.260   0.0000E+00
   38.270   0.0000E+00
   38.280   0.0000E+00
   38.290   0.0000E+00
   38.300   0.0000E+00
   38.310   0.0000E+00
   38.320   0.0000E+00
   38.330   0.0000E+00
   38.340   0.0000E+00
   38.350   0.0000E+00
   38.360   0.0000E+00
   38.370   0.0000E+00
   38.380   0.0000E+00
   38.390   0.0000E+00
   38.400   0.0000E+00
   38.410   0.0000E+00
   38.420   0.0000E+00
   38.430   0.0000E+00
   38.440   0.0000E+00
   38.450   0.0000E+00
   38.460   0.0000E+00
   38.470   0.0000E+00
   38.480   0.0000E+00
   38.490   0.0000E+00
   38.500   0.0000E+00
   38.510   0.0000E+00
   38.520   0.0000E+00
   38.530   0.0000E+00
   38.540   0.0000E+00
   38.550   0.0000E+00
   38.560   0.0000E+00
   38.570   0.0000E+00
   38.580   0.0000E+00
   38.590   0.0000E+00
   38.600   0.0000E+00
   38.610   0.0000E+00
   38.620   0.0000E+00
   38.630   0.0000E+00
   38.640   0.0000E+00
   38.650   0.0000E+00
   38.660   0.0000E+00
   38.670   0.0000E+00
   38.680   0.0000E+00
   38.690   0.0000E+00
   38.700   0.0000E+00
   38.710   0.0000E+00
   38.720   0.0000E+00
   38.730   0.0000E+00
   38.740   0.0000E+00
   38.750   0.0000E+00
   38.760   0.0000E+00
   38.770   0.0000E+00
   38.780   0.0000E+00
   38.790   0.0000E+00
   38.800   0.0000E+00
   38.810   0.0000E+00
   38.820   0.0000E+00
   38.830   0.0000E+00
   38.840   0.0000E+00
   38.850   0.0000E+00
   38.860   0.0000E+00
   38.870   0.0000E+00
   38.880   0.0000E+00
   38.890   0.0000E+00
   38.900   0.0000E+00
   38.910   0.0000E+00
   38.920   0.0000E+00
   38.930   0.0000E+00
   38.940   0.0000E+00
   38.950   0.0000E+00
   38.960   0.0000E+00
   38.970   0.0000E+00
   38.980   0.0000E+00
   38.990   0.0000E+00
   39.000   0.0000E+00
   39.010   0.0000E+00
   39.020   0.0000E+00
   39.030   0.0000E+00
   39.040   0.0000E+00
   39.050   0.0000E+00
   39.060   0.0000E+00
   39.070   0.0000E+00
   39.080   0.0000E+00
   39.090   0.0000E+00
   39.100   0.0000E+00
   39.110   0.0000E+00
   39.120   0.0000E+00
   39.130   0.0000E+00
   39.140   0.0000E+00
   39.150   0.0000E+00
   39.160   0.0000E+00
   39.170   0.0000E+00
   39.180   0.0000E+00
   39.190   0.0000E+00
   39.200   0.0000E+00
   39.210   0.0000E+00
   39.220   0.0000E+00
   39.230   0.0000E+00
   39.240   0.0000E+00
   39.250   0.0000E+00
   39.260   0.0000E+00
   39.270   0.0000E+00
   39.280   0.0000E+00
   39.290   0.0000E+00
   39.300   0.0000E+00
   39.310   0.0000E+00
   39.320   0.0000E+00
   39.330   0.0000E+00
   39.340   0.0000E+00
   39.350   0.0000E+00
   39.360   0.0000E+00
   39.370   0.0000E+00
   39.380   0.0000E+00
   39.390   0.0000E+00
   39.400   0.0000E+00
   39.410   0.0000E+00
   39.420   0.0000E+00
   39.430   0.0000E+00
   39.440   0.0000E+00
   39.450   0.0000E+00
   39.460   0.0000E+00
   39.470   0.0000E+00
   39.480   0.0000E+00
   39.490   0.0000E+00
   39.500   0.0000E+00
   39.510   0.0000E+00
   39.520   0.0000E+00
   39.530   0.0000E+00
   39.540   0.0000E+00
   39.550   0.0000E+00
   39.560   0.0000E+00
   39.570   0.0000E+00
   39.580   0.0000E+00
   39.590   0.0000E+00
   39.600   0.0000E+00
   39.610   0.0000E+00
   39.620   0.0000E+00
   39.630   0.0000E+00
   39.640   0.0000E+00
   39.650   0.0000E+00
   39.660   0.0000E+00
   39.670   0.0000E+00
   39.680   0.0000E+00
   39.690   0.0000E+00
   39.700   0.0000E+00
   39.710   0.0000E+00
   39.720   0.0000E+00
   39.730   0.0000E+00
   39.740   0.0000E+00
   39.750   0.0000E+00
   39.760   0.0000E+00
   39.770   0.0000E+00
   39.780   0.0000E+00
   39.790   0.0000E+00
   39.800   0.0000E+00
   39.810   0.0000E+00
   39.820   0.0000E+00
   39.830   0.0000E+00
   39.840   0.0000E+00
   39.850   0.0000E+00
   39.860   0.0000E+00
   39.870   0.0000E+00
   39.880   0.0000E+00
   39.890   0.0000E+00
   39.900   0.0000E+00
   39.910   0.0000E+00
   39.920   0.0000E+00
   39.930   0.0000E+00
   39.940   0.0000E+00
   39.950   0.0000E+00
   39.960   0.0000E+00
   39.970   0.0000E+00
   39.980   0.0000E+00
   39.990   0.0000E+00
   40.000   0.0000E+00
   40.010   0.0000E+00
   40.020   0.0000E+00
   40.030   0.0000E+00
   40.040   0.0000E+00
   40.050   0.0000E+00
   40.060   0.0000E+00
   40.070   0.0000E+00
   40.080   0.0000E+00
   40.090   0.0000E+00
   40.100   0.0000E+00
   40.110   0.0000E+00
   40.120   0.0000E+00
   40.130   0.0000E+00
   40.140   0.0000E+00
   40.150   0.0000E+00
   40.160   0.0000E+00
   40.170   0.0000E+00
   40.180   0.0000E+00
   40.190   0.0000E+00
   40.200   0.0000E+00
   40.210   0.0000E+00
   40.220   0.0000E+00
   40.230   0.0000E+00
   40.240   0.0000E+00
   40.250   0.0000E+00
   40.260   0.0000E+00
   40.270   0.0000E+00
   40.280   0.0000E+00
   40.290   0.0000E+00
   40.300   0.0000E+00
   40.310   0.0000E+00
   40.320   0.0000E+00
   40.330   0.0000E+00
   40.340   0.0000E+00
   40.350   0.0000E+00
   40.360   0.0000E+00
   40.370   0.0000E+00
   40.380   0.0000E+00
   40.390   0.0000E+00
   40.400   0.0000E+00
   40.410   0.0000E+00
   40.420   0.0000E+00
   40.430   0.0000E+00
   40.440   0.0000E+00
   40.450   0.0000E+00
   40.460   0.0000E+00
   40.470   0.0000E+00
   40.480   0.0000E+00
   40.490   0.0000E+00
   40.500   0.0000E+00
   40.510   0.0000E+00
   40.520   0.0000E+00
   40.530   0.0000E+00
   40.540   0.0000E+00
   40.550   0.0000E+00
   40.560   0.0000E+00
   40.570   0.0000E+00
   40.580   0.0000E+00
   40.590   0.0000E+00
   40.600   0.0000E+00
   40.610   0.0000E+00
   40.620   0.0000E+00
   40.630   0.0000E+00
   40.640   0.0000E+00
   40.650   0.0000E+00
   40.660   0.0000E+00
   40.670   0.0000E+00
   40.680   0.0000E+00
   40.690   0.0000E+00
   40.700   0.0000E+00
   40.710   0.0000E+00
   40.720   0.0000E+00
   40.730   0.0000E+00
   40.740   0.0000E+00
   40.750   0.0000E+00
   40.760   0.0000E+00
   40.770   0.0000E+00
   40.780   0.0000E+00
   40.790   0.0000E+00
   40.800   0.0000E+00
   40.810   0.0000E+00
   40.820   0.0000E+00
   40.830   0.0000E+00
   40.840   0.0000E+00
   40.850   0.0000E+00
   40.860   0.0000E+00
   40.870   0.0000E+00
   40.880   0.0000E+00
   40.890   0.0000E+00
   40.900   0.0000E+00
   40.910   0.0000E+00
   40.920   0.0000E+00
   40.930   0.0000E+00
   40.940   0.0000E+00
   40.950   0.0000E+00
