**********************************************
*******  Acceleration Time Series ************
*** Site #   1
*** trial   38
Input Parameters file =  aqv_0604__parameters.out                                                                                                
  4096 samples
dt:  0.010 sec
data format: (1x,f8.3,1p,2x,e11.4)
maximum absolute acceleration: 255.02
fault Dis.(km)=    6.43
Hypo  Dis.(km)=   12.05
  time(s) acc(cm/s**2)
    0.000   0.0000E+00
    0.010   0.0000E+00
    0.020   0.0000E+00
    0.030   0.0000E+00
    0.040   0.0000E+00
    0.050   0.0000E+00
    0.060   0.0000E+00
    0.070   0.0000E+00
    0.080   0.0000E+00
    0.090   0.0000E+00
    0.100   0.0000E+00
    0.110   0.0000E+00
    0.120   0.0000E+00
    0.130   0.0000E+00
    0.140   0.0000E+00
    0.150   0.0000E+00
    0.160   0.0000E+00
    0.170   0.0000E+00
    0.180   0.0000E+00
    0.190   0.0000E+00
    0.200   0.0000E+00
    0.210   0.0000E+00
    0.220   0.0000E+00
    0.230   0.0000E+00
    0.240   0.0000E+00
    0.250   0.0000E+00
    0.260  -8.8541E-04
    0.270  -9.5750E-04
    0.280  -1.0163E-03
    0.290  -1.0006E-03
    0.300  -8.3267E-04
    0.310  -9.5192E-04
    0.320  -1.1206E-03
    0.330  -1.0776E-03
    0.340  -9.4679E-04
    0.350  -1.0502E-03
    0.360  -1.2269E-03
    0.370  -1.1975E-03
    0.380  -1.0713E-03
    0.390  -1.1711E-03
    0.400  -1.3435E-03
    0.410  -1.3039E-03
    0.420  -1.1605E-03
    0.430  -1.2417E-03
    0.440  -1.4080E-03
    0.450  -1.3733E-03
    0.460  -1.3359E-03
    0.470  -1.3954E-03
    0.480  -1.6431E-03
    0.490  -1.6065E-03
    0.500  -1.3132E-03
    0.510  -1.3519E-03
    0.520  -1.6075E-03
    0.530  -2.6680E-04
    0.540   1.6128E-04
    0.550   5.2517E-05
    0.560  -2.5056E-04
    0.570  -3.2972E-05
    0.580   4.0909E-04
    0.590   3.1149E-04
    0.600  -1.8916E-03
    0.610  -1.6646E-03
    0.620  -1.2489E-03
    0.630  -1.3919E-03
    0.640  -1.7261E-03
    0.650  -1.4948E-03
    0.660  -1.0621E-03
    0.670  -2.4149E-03
    0.680  -2.8408E-03
    0.690  -2.6076E-03
    0.700  -2.1607E-03
    0.710  -2.3482E-03
    0.720  -2.7663E-03
    0.730  -2.5227E-03
    0.740  -2.0611E-03
    0.750  -2.2446E-03
    0.760  -2.6846E-03
    0.770  -2.4590E-03
    0.780  -1.9861E-03
    0.790  -2.1478E-03
    0.800  -2.5789E-03
    0.810  -2.3410E-03
    0.820  -1.8497E-03
    0.830  -2.0124E-03
    0.840  -2.4774E-03
    0.850  -2.2636E-03
    0.860  -1.7507E-03
    0.870  -1.8774E-03
    0.880  -2.3311E-03
    0.890  -2.1262E-03
    0.900  -1.6143E-03
    0.910  -1.7361E-03
    0.920  -2.1980E-03
    0.930  -2.0004E-03
    0.940  -1.4726E-03
    0.950  -1.5338E-03
    0.960  -1.8969E-03
    0.970  -1.6202E-03
    0.980  -1.1547E-03
    0.990  -1.3159E-03
    1.000  -1.7053E-03
    1.010  -1.4599E-03
    1.020  -9.9769E-04
    1.030  -1.5224E-03
    1.040  -1.9315E-03
    1.050  -1.6775E-03
    1.060  -8.1687E-04
    1.070  -9.5328E-04
    1.080  -1.3743E-03
    1.090  -1.1756E-03
    1.100  -7.0219E-04
    1.110  -8.2977E-04
    1.120  -1.2387E-03
    1.130  -1.0174E-03
    1.140  -5.0628E-04
    1.150  -6.2375E-04
    1.160  -1.3067E-03
    1.170  -1.1252E-03
    1.180  -6.5717E-04
    1.190  -7.7770E-04
    1.200  -6.6523E-04
    1.210  -3.6945E-04
    1.220   1.3338E-04
    1.230   4.0513E-06
    1.240  -3.8101E-04
    1.250  -1.7436E-04
    1.260   2.7155E-04
    1.270   1.3691E-04
    1.280  -2.2118E-04
    1.290   5.0636E-04
    1.300   1.0604E-03
    1.310   9.5188E-04
    1.320   5.0338E-04
    1.330   6.6264E-04
    1.340   1.1512E-03
    1.350   1.0490E-03
    1.360   5.9880E-04
    1.370   8.1166E-04
    1.380   1.4664E-03
    1.390   1.5118E-03
    1.400   1.0961E-03
    1.410   1.1623E-03
    1.420   1.6530E-03
    1.430   1.6805E-03
    1.440   1.2995E-03
    1.450   1.4331E-03
    1.460   1.9982E-03
    1.470   2.0470E-03
    1.480   1.6128E-03
    1.490   1.9635E-03
    1.500   2.4523E-03
    1.510   2.4584E-03
    1.520   2.0648E-03
    1.530   2.2132E-03
    1.540   2.7920E-03
    1.550   2.8489E-03
    1.560   2.4002E-03
    1.570   1.9931E-03
    1.580   2.3165E-03
    1.590   2.3889E-03
    1.600   2.0972E-03
    1.610   2.5718E-03
    1.620   2.9913E-03
    1.630   3.2661E-03
    1.640   3.5778E-03
    1.650   3.4861E-03
    1.660   3.8954E-03
    1.670   4.2262E-03
    1.680   4.0466E-03
    1.690   4.8993E-03
    1.700   5.3330E-03
    1.710   5.6131E-03
    1.720   5.4818E-03
    1.730   5.4254E-03
    1.740   5.7022E-03
    1.750   5.9500E-03
    1.760   5.9067E-03
    1.770   5.9924E-03
    1.780   6.3898E-03
    1.790   6.6381E-03
    1.800   6.9090E-03
    1.810   6.7813E-03
    1.820   6.9922E-03
    1.830   7.2370E-03
    1.840   7.1651E-03
    1.850   7.1722E-03
    1.860   8.5781E-03
    1.870   9.1126E-03
    1.880   8.8799E-03
    1.890   9.9479E-03
    1.900   1.0290E-02
    1.910   1.0693E-02
    1.920   1.0614E-02
    1.930   1.0401E-02
    1.940   1.0649E-02
    1.950   1.1036E-02
    1.960   1.0821E-02
    1.970   8.9043E-03
    1.980   9.0505E-03
    1.990   9.4018E-03
    2.000   9.3551E-03
    2.010   8.9679E-03
    2.020   9.3504E-03
    2.030   9.8684E-03
    2.040   9.5805E-03
    2.050   9.0947E-03
    2.060   9.3046E-03
    2.070   9.7812E-03
    2.080   9.4285E-03
    2.090   9.6682E-03
    2.100   9.7225E-03
    2.110   1.0206E-02
    2.120   9.8883E-03
    2.130   9.1859E-03
    2.140   9.2751E-03
    2.150   9.2186E-03
    2.160   8.9081E-03
    2.170   8.3049E-03
    2.180   8.6114E-03
    2.190   9.1768E-03
    2.200   8.8163E-03
    2.210   7.9521E-03
    2.220   7.9311E-03
    2.230   9.1345E-03
    2.240   8.7847E-03
    2.250   7.9719E-03
    2.260   8.0898E-03
    2.270   8.7232E-03
    2.280   8.3146E-03
    2.290   7.3042E-03
    2.300   7.2170E-03
    2.310   7.7670E-03
    2.320   7.0039E-03
    2.330   6.1275E-03
    2.340   6.1417E-03
    2.350   6.7413E-03
    2.360   7.0298E-03
    2.370   6.0868E-03
    2.380   6.0306E-03
    2.390   6.6777E-03
    2.400   6.2186E-03
    2.410   5.4082E-03
    2.420   5.6066E-03
    2.430   6.2625E-03
    2.440   5.7565E-03
    2.450   4.7393E-03
    2.460   4.7318E-03
    2.470   5.3464E-03
    2.480   5.0130E-03
    2.490   4.1965E-03
    2.500   4.3974E-03
    2.510   5.1152E-03
    2.520   4.6724E-03
    2.530   3.6243E-03
    2.540   3.6039E-03
    2.550   4.7177E-03
    2.560   4.1083E-03
    2.570   2.0927E-03
    2.580   2.3837E-03
    2.590   3.1527E-03
    2.600   2.6095E-03
    2.610   1.4874E-03
    2.620   1.6371E-03
    2.630   2.3556E-03
    2.640   2.1021E-03
    2.650   1.4663E-03
    2.660   1.7896E-03
    2.670   2.6260E-03
    2.680   1.4341E-03
    2.690   4.3648E-04
    2.700   4.5824E-04
    2.710   1.4094E-03
    2.720   1.7027E-03
    2.730   1.0615E-03
    2.740   1.5011E-03
    2.750   2.4128E-03
    2.760   1.9332E-03
    2.770   8.5870E-04
    2.780   8.2415E-04
    2.790   1.8552E-03
    2.800   1.8691E-03
    2.810   1.3232E-03
    2.820   1.7811E-03
    2.830   3.9692E-03
    2.840   3.4685E-03
    2.850   3.7361E-03
    2.860   3.7707E-03
    2.870   4.8459E-03
    2.880   5.2682E-03
    2.890   4.9546E-03
    2.900   5.2798E-03
    2.910   6.3125E-03
    2.920   6.3108E-03
    2.930   5.6946E-03
    2.940   5.7190E-03
    2.950   7.0158E-03
    2.960   5.3562E-03
    2.970   5.9849E-03
    2.980   6.2782E-03
    2.990   7.2735E-03
    3.000   7.3349E-03
    3.010   6.5361E-03
    3.020   6.7970E-03
    3.030   8.5481E-03
    3.040   9.9654E-03
    3.050   9.8153E-03
    3.060   1.0156E-02
    3.070   1.1418E-02
    3.080   1.0793E-02
    3.090   1.0607E-02
    3.100   1.1071E-02
    3.110   1.2761E-02
    3.120   1.2534E-02
    3.130   1.2613E-02
    3.140   1.2923E-02
    3.150   1.4278E-02
    3.160   1.4893E-02
    3.170   1.4631E-02
    3.180   1.4304E-02
    3.190   1.6491E-02
    3.200   1.7917E-02
    3.210   1.7774E-02
    3.220   1.7621E-02
    3.230   1.8735E-02
    3.240   1.9460E-02
    3.250   1.9428E-02
    3.260   2.0147E-02
    3.270   2.2439E-02
    3.280   2.3927E-02
    3.290   2.2886E-02
    3.300   2.2400E-02
    3.310   2.3449E-02
    3.320   2.4287E-02
    3.330   2.4505E-02
    3.340   2.5607E-02
    3.350   2.7415E-02
    3.360   2.8819E-02
    3.370   2.8075E-02
    3.380   2.7325E-02
    3.390   3.0551E-02
    3.400   3.1771E-02
    3.410   3.2430E-02
    3.420   3.3862E-02
    3.430   3.6990E-02
    3.440   3.8121E-02
    3.450   3.7045E-02
    3.460   3.6117E-02
    3.470   3.7351E-02
    3.480   3.8974E-02
    3.490   4.0171E-02
    3.500   4.1901E-02
    3.510   4.4797E-02
    3.520   4.5023E-02
    3.530   4.2758E-02
    3.540   4.1198E-02
    3.550   4.2651E-02
    3.560   4.5026E-02
    3.570   4.6727E-02
    3.580   4.8274E-02
    3.590   5.0022E-02
    3.600   4.9338E-02
    3.610   4.6322E-02
    3.620   4.4171E-02
    3.630   4.5960E-02
    3.640   4.9151E-02
    3.650   5.1724E-02
    3.660   5.3383E-02
    3.670   5.4377E-02
    3.680   5.2093E-02
    3.690   4.7937E-02
    3.700   4.6184E-02
    3.710   4.9853E-02
    3.720   5.4929E-02
    3.730   5.7871E-02
    3.740   5.8611E-02
    3.750   5.8127E-02
    3.760   5.4779E-02
    3.770   4.9977E-02
    3.780   4.8844E-02
    3.790   5.4216E-02
    3.800   6.1536E-02
    3.810   6.5451E-02
    3.820   6.4637E-02
    3.830   6.0846E-02
    3.840   5.4643E-02
    3.850   4.9423E-02
    3.860   5.0263E-02
    3.870   5.8328E-02
    3.880   6.6615E-02
    3.890   6.8931E-02
    3.900   6.4882E-02
    3.910   5.7403E-02
    3.920   4.9193E-02
    3.930   4.3019E-02
    3.940   4.5707E-02
    3.950   5.7591E-02
    3.960   6.8961E-02
    3.970   7.0083E-02
    3.980   6.0383E-02
    3.990   4.7764E-02
    4.000   3.8579E-02
    4.010   3.7594E-02
    4.020   4.7252E-02
    4.030   6.4464E-02
    4.040   7.7086E-02
    4.050   7.5995E-02
    4.060   6.2643E-02
    4.070   4.7196E-02
    4.080   3.8435E-02
    4.090   4.2873E-02
    4.100   6.1834E-02
    4.110   8.7327E-02
    4.120   1.0103E-01
    4.130   9.1621E-02
    4.140   6.6403E-02
    4.150   4.5203E-02
    4.160   4.0881E-02
    4.170   5.5191E-02
    4.180   8.1245E-02
    4.190   1.0628E-01
    4.200   1.1217E-01
    4.210   9.0285E-02
    4.220   5.1725E-02
    4.230   2.1747E-02
    4.240   1.9584E-02
    4.250   4.5310E-02
    4.260   8.4437E-02
    4.270   1.1259E-01
    4.280   1.0442E-01
    4.290   5.9196E-02
    4.300   6.0934E-03
    4.310  -1.7385E-02
    4.320   2.5947E-03
    4.330   5.2559E-02
    4.340   1.0527E-01
    4.350   1.3364E-01
    4.360   1.1759E-01
    4.370   6.2076E-02
    4.380   3.9183E-03
    4.390  -8.0953E-03
    4.400   4.6629E-02
    4.410   1.4001E-01
    4.420   2.1988E-01
    4.430   2.3980E-01
    4.440   1.8924E-01
    4.450   1.0170E-01
    4.460   4.3166E-02
    4.470   6.3114E-02
    4.480   1.5495E-01
    4.490   2.6530E-01
    4.500   3.3110E-01
    4.510   3.1226E-01
    4.520   2.0730E-01
    4.530   6.6998E-02
    4.540  -2.1001E-02
    4.550   1.1136E-02
    4.560   1.4700E-01
    4.570   2.8784E-01
    4.580   3.2291E-01
    4.590   2.1383E-01
    4.600   1.3827E-02
    4.610  -1.5971E-01
    4.620  -2.0351E-01
    4.630  -8.8512E-02
    4.640   1.1445E-01
    4.650   2.7917E-01
    4.660   2.9826E-01
    4.670   1.4943E-01
    4.680  -8.5557E-02
    4.690  -2.4801E-01
    4.700  -1.9240E-01
    4.710   1.0332E-01
    4.720   4.8782E-01
    4.730   7.2636E-01
    4.740   6.7632E-01
    4.750   3.9755E-01
    4.760   1.0585E-01
    4.770   2.6380E-02
    4.780   2.5260E-01
    4.790   6.9745E-01
    4.800   1.1323E+00
    4.810   1.3067E+00
    4.820   1.0905E+00
    4.830   5.8159E-01
    4.840   8.0568E-02
    4.850  -7.8809E-02
    4.860   2.2833E-01
    4.870   7.9110E-01
    4.880   1.1747E+00
    4.890   1.0310E+00
    4.900   3.5245E-01
    4.910  -5.0379E-01
    4.920  -1.0576E+00
    4.930  -1.0110E+00
    4.940  -4.3659E-01
    4.950   2.6511E-01
    4.960   5.8195E-01
    4.970   1.9211E-01
    4.980  -8.0530E-01
    4.990  -1.8486E+00
    5.000  -2.1919E+00
    5.010  -1.4025E+00
    5.020   2.2592E-01
    5.030   1.7773E+00
    5.040   2.3318E+00
    5.050   1.6441E+00
    5.060   2.9064E-01
    5.070  -7.2736E-01
    5.080  -5.7961E-01
    5.090   9.7025E-01
    5.100   3.3566E+00
    5.110   5.3968E+00
    5.120   5.9378E+00
    5.130   4.7206E+00
    5.140   2.6626E+00
    5.150   1.2665E+00
    5.160   1.5220E+00
    5.170   3.2217E+00
    5.180   4.9742E+00
    5.190   5.0189E+00
    5.200   2.4424E+00
    5.210  -1.8048E+00
    5.220  -5.3037E+00
    5.230  -5.8903E+00
    5.240  -3.4606E+00
    5.250   1.2549E-01
    5.260   2.3076E+00
    5.270   7.2829E-01
    5.280  -7.8887E+00
    5.290  -2.1769E+01
    5.300  -2.9744E+01
    5.310  -2.7861E+01
    5.320  -1.8745E+01
    5.330  -5.8926E+00
    5.340   7.4585E+00
    5.350   1.6244E+01
    5.360   1.1588E+01
    5.370   5.4246E-01
    5.380  -5.8727E+00
    5.390  -7.2524E+00
    5.400  -2.8615E+00
    5.410   5.2068E+00
    5.420   1.0326E+01
    5.430   1.2085E+01
    5.440   1.1197E+01
    5.450   3.3072E+00
    5.460  -3.4936E+00
    5.470  -8.1765E-02
    5.480   1.2670E+01
    5.490   2.3207E+01
    5.500   2.5247E+01
    5.510   2.0256E+01
    5.520   1.6700E+01
    5.530   1.9005E+01
    5.540   2.6768E+01
    5.550   3.1899E+01
    5.560   2.7511E+01
    5.570   1.5146E+01
    5.580   4.7315E+00
    5.590  -2.5474E+00
    5.600  -1.1547E+01
    5.610  -1.5595E+01
    5.620  -1.4034E+01
    5.630  -7.8616E+00
    5.640  -3.5440E-01
    5.650   7.7122E+00
    5.660   1.5130E+01
    5.670   1.9244E+01
    5.680   2.3742E+01
    5.690   3.7367E+01
    5.700   5.2921E+01
    5.710   5.6328E+01
    5.720   5.0388E+01
    5.730   4.5958E+01
    5.740   4.5562E+01
    5.750   4.2456E+01
    5.760   4.1517E+01
    5.770   5.2038E+01
    5.780   6.4007E+01
    5.790   6.1927E+01
    5.800   4.3815E+01
    5.810   1.8765E+01
    5.820   3.8525E-01
    5.830  -7.6404E+00
    5.840  -1.5765E+01
    5.850  -2.1644E+01
    5.860  -1.9966E+01
    5.870  -8.0625E+00
    5.880   9.1423E+00
    5.890   1.7467E+01
    5.900   1.1227E+01
    5.910  -1.2405E+00
    5.920  -3.6845E+00
    5.930   8.2086E+00
    5.940   2.1386E+01
    5.950   2.7749E+01
    5.960   2.4876E+01
    5.970   2.4597E+01
    5.980   3.1085E+01
    5.990   2.7087E+01
    6.000   2.2634E+00
    6.010  -3.0657E+01
    6.020  -4.8660E+01
    6.030  -4.4208E+01
    6.040  -2.8144E+01
    6.050  -1.4099E+01
    6.060  -1.7721E+01
    6.070  -4.4945E+01
    6.080  -7.6509E+01
    6.090  -8.3514E+01
    6.100  -7.7815E+01
    6.110  -7.7750E+01
    6.120  -6.3606E+01
    6.130  -3.9127E+01
    6.140  -2.0250E+01
    6.150  -7.9436E+00
    6.160  -5.8934E+00
    6.170  -9.3406E+00
    6.180  -8.3569E+00
    6.190  -5.0811E+00
    6.200  -7.6627E+00
    6.210  -6.9859E+00
    6.220   3.6216E+00
    6.230   1.0748E+01
    6.240   6.8673E+00
    6.250   7.6638E+00
    6.260   1.0467E+01
    6.270   1.3749E+01
    6.280   2.7006E+01
    6.290   4.7026E+01
    6.300   5.4410E+01
    6.310   4.2563E+01
    6.320   3.1028E+01
    6.330   2.9310E+01
    6.340   3.2212E+01
    6.350   1.9470E+01
    6.360  -4.9067E+00
    6.370  -2.7319E+01
    6.380  -3.8871E+01
    6.390  -3.3326E+01
    6.400  -2.8753E+01
    6.410  -2.9025E+01
    6.420  -2.6823E+01
    6.430  -3.4926E+01
    6.440  -3.9928E+01
    6.450  -1.7061E+01
    6.460   1.7297E+01
    6.470   1.9610E+01
    6.480  -2.3726E+01
    6.490  -7.0102E+01
    6.500  -8.7625E+01
    6.510  -7.5470E+01
    6.520  -5.0250E+01
    6.530  -2.1618E+01
    6.540   1.5849E+01
    6.550   5.4769E+01
    6.560   7.7943E+01
    6.570   7.4174E+01
    6.580   3.3114E+01
    6.590  -2.0220E+01
    6.600  -4.2255E+01
    6.610  -1.7987E+01
    6.620   1.2928E+01
    6.630   1.8620E+01
    6.640   1.2355E+01
    6.650   1.8729E+01
    6.660   3.6923E+01
    6.670   5.1418E+01
    6.680   6.0111E+01
    6.690   6.5319E+01
    6.700   6.9781E+01
    6.710   6.3564E+01
    6.720   4.8415E+01
    6.730   3.6543E+01
    6.740   3.1205E+01
    6.750   3.8646E+01
    6.760   6.7680E+01
    6.770   9.5839E+01
    6.780   9.5758E+01
    6.790   5.6343E+01
    6.800  -4.0468E-01
    6.810  -5.2773E+01
    6.820  -7.7238E+01
    6.830  -7.6777E+01
    6.840  -7.5047E+01
    6.850  -6.6950E+01
    6.860  -5.8345E+01
    6.870  -6.3178E+01
    6.880  -7.3574E+01
    6.890  -9.1296E+01
    6.900  -1.0933E+02
    6.910  -1.1405E+02
    6.920  -9.5820E+01
    6.930  -4.6174E+01
    6.940   1.1598E+01
    6.950   2.9636E+01
    6.960   1.6710E+01
    6.970   3.3078E-01
    6.980  -2.1551E+01
    6.990  -3.1972E+01
    7.000  -2.7376E+01
    7.010  -1.0756E+01
    7.020   2.3649E+01
    7.030   5.3994E+01
    7.040   6.7957E+01
    7.050   4.7245E+01
    7.060  -6.8371E+00
    7.070  -6.6688E+01
    7.080  -1.0316E+02
    7.090  -9.5014E+01
    7.100  -5.8290E+01
    7.110  -6.1417E+01
    7.120  -9.9430E+01
    7.130  -1.3204E+02
    7.140  -1.3660E+02
    7.150  -1.0716E+02
    7.160  -8.8167E+01
    7.170  -7.2196E+01
    7.180  -3.7637E+01
    7.190   5.3322E+00
    7.200   2.6847E+01
    7.210   1.1204E+01
    7.220  -2.6821E+01
    7.230  -4.8360E+01
    7.240  -2.5244E+01
    7.250   1.4941E+01
    7.260   5.0896E+01
    7.270   7.5442E+01
    7.280   9.2104E+01
    7.290   8.5576E+01
    7.300   5.1995E+01
    7.310  -4.3897E+00
    7.320  -6.1110E+01
    7.330  -7.2166E+01
    7.340  -4.1179E+01
    7.350  -1.5875E+01
    7.360  -2.9463E+01
    7.370  -8.2090E+01
    7.380  -1.5636E+02
    7.390  -1.9284E+02
    7.400  -1.7231E+02
    7.410  -1.0968E+02
    7.420  -3.8984E+01
    7.430   1.0448E+01
    7.440   2.0964E+01
    7.450  -1.8983E+01
    7.460  -8.6394E+01
    7.470  -1.3855E+02
    7.480  -1.5009E+02
    7.490  -1.0537E+02
    7.500  -3.3632E+01
    7.510   1.9058E+01
    7.520   5.1444E+01
    7.530   4.6035E+01
    7.540   1.6925E+01
    7.550   2.9824E+01
    7.560   9.6869E+01
    7.570   1.6981E+02
    7.580   2.2134E+02
    7.590   2.5344E+02
    7.600   2.4421E+02
    7.610   1.7978E+02
    7.620   1.0256E+02
    7.630   7.7964E+01
    7.640   8.8700E+01
    7.650   9.2845E+01
    7.660   1.0582E+02
    7.670   1.1242E+02
    7.680   8.3898E+01
    7.690   2.4255E+01
    7.700  -3.7450E+01
    7.710  -6.7554E+01
    7.720  -3.3737E+01
    7.730   1.9422E+01
    7.740   3.1246E+01
    7.750  -1.7858E+00
    7.760  -4.3417E+01
    7.770  -8.2094E+01
    7.780  -1.1200E+02
    7.790  -1.0446E+02
    7.800  -6.4638E+01
    7.810  -1.8688E+00
    7.820   8.0354E+01
    7.830   1.4164E+02
    7.840   1.3751E+02
    7.850   8.4230E+01
    7.860   3.0395E+01
    7.870   4.4945E+00
    7.880   3.4392E+00
    7.890   1.1991E+01
    7.900   3.7770E+01
    7.910   5.3554E+01
    7.920   3.8077E+01
    7.930   7.9467E+00
    7.940  -1.1068E+00
    7.950   2.1841E+00
    7.960   6.9775E-01
    7.970  -7.2873E+00
    7.980  -2.7889E+01
    7.990  -4.9009E+01
    8.000  -6.6734E+01
    8.010  -7.8644E+01
    8.020  -1.0737E+02
    8.030  -1.1187E+02
    8.040  -4.2230E+01
    8.050   7.4590E+01
    8.060   1.5518E+02
    8.070   1.5410E+02
    8.080   1.1898E+02
    8.090   9.4961E+01
    8.100   9.9193E+01
    8.110   9.3236E+01
    8.120   6.8389E+01
    8.130   4.6322E+01
    8.140   4.5629E+01
    8.150   6.9345E+01
    8.160   7.7270E+01
    8.170   3.4797E+01
    8.180  -3.6302E+01
    8.190  -8.1954E+01
    8.200  -8.2733E+01
    8.210  -6.9866E+01
    8.220  -6.7009E+01
    8.230  -6.4597E+01
    8.240  -4.8320E+01
    8.250  -3.1407E+01
    8.260  -2.4651E+01
    8.270  -2.1960E+01
    8.280  -3.0425E+01
    8.290  -4.6547E+01
    8.300  -2.6142E+01
    8.310   2.6048E+01
    8.320   5.6571E+01
    8.330   3.9136E+01
    8.340   2.4596E+01
    8.350   5.9011E+01
    8.360   1.0017E+02
    8.370   1.1590E+02
    8.380   1.0457E+02
    8.390   7.1674E+01
    8.400   4.9127E+01
    8.410   4.8949E+01
    8.420   4.4323E+01
    8.430   2.8068E+01
    8.440   4.1516E+01
    8.450   9.3204E+01
    8.460   1.1425E+02
    8.470   7.4044E+01
    8.480   1.5998E+01
    8.490  -2.5381E+01
    8.500  -3.9119E+01
    8.510  -4.8341E+01
    8.520  -5.3273E+01
    8.530  -4.1686E+01
    8.540  -2.8289E+01
    8.550  -6.0197E+00
    8.560   1.7669E+01
    8.570   1.2743E+00
    8.580  -2.3255E+01
    8.590  -7.2640E+00
    8.600   2.2960E+01
    8.610   6.6801E+01
    8.620   5.6254E+01
    8.630  -2.9131E+01
    8.640  -9.3011E+01
    8.650  -9.5153E+01
    8.660  -9.4565E+01
    8.670  -1.2965E+02
    8.680  -1.7964E+02
    8.690  -2.0408E+02
    8.700  -1.7872E+02
    8.710  -1.3541E+02
    8.720  -1.1190E+02
    8.730  -1.0567E+02
    8.740  -9.8970E+01
    8.750  -7.7342E+01
    8.760  -5.3551E+01
    8.770  -5.0430E+01
    8.780  -8.3034E+01
    8.790  -1.1605E+02
    8.800  -9.4171E+01
    8.810  -4.9598E+01
    8.820  -3.2017E+01
    8.830  -3.3712E+01
    8.840  -2.0296E+01
    8.850  -4.5962E+00
    8.860   2.3708E+01
    8.870   7.1451E+01
    8.880   1.0444E+02
    8.890   1.1765E+02
    8.900   1.1026E+02
    8.910   8.4799E+01
    8.920   4.2907E+01
    8.930   1.7792E+01
    8.940   5.9969E+00
    8.950  -1.5819E+00
    8.960   9.0085E+00
    8.970   2.2456E+01
    8.980  -2.6660E-02
    8.990  -5.0929E+01
    9.000  -7.5881E+01
    9.010  -7.5180E+01
    9.020  -7.9613E+01
    9.030  -7.3735E+01
    9.040  -3.9489E+01
    9.050   9.9628E+00
    9.060   4.5609E+01
    9.070   5.2572E+01
    9.080   3.5487E+01
    9.090  -1.1412E+01
    9.100  -6.2258E+01
    9.110  -9.7120E+01
    9.120  -9.1541E+01
    9.130  -3.2668E+01
    9.140   3.7188E+01
    9.150   6.5019E+01
    9.160   6.0418E+01
    9.170   4.2918E+01
    9.180   4.8132E+00
    9.190  -4.0661E+01
    9.200  -5.5440E+01
    9.210  -3.0885E+01
    9.220   9.0523E+00
    9.230   4.8454E+01
    9.240   4.1454E+01
    9.250  -9.5732E+00
    9.260  -8.4209E+01
    9.270  -1.4014E+02
    9.280  -1.5117E+02
    9.290  -1.2301E+02
    9.300  -7.2482E+01
    9.310  -3.6340E+01
    9.320  -7.4738E+00
    9.330  -8.3639E+00
    9.340  -4.2227E+01
    9.350  -7.9310E+01
    9.360  -9.0260E+01
    9.370  -7.3429E+01
    9.380  -3.0682E+01
    9.390   3.8452E+01
    9.400   1.0713E+02
    9.410   1.2927E+02
    9.420   1.3705E+02
    9.430   1.6948E+02
    9.440   1.9683E+02
    9.450   1.8727E+02
    9.460   1.5849E+02
    9.470   1.4325E+02
    9.480   1.4726E+02
    9.490   1.4162E+02
    9.500   1.3593E+02
    9.510   1.4509E+02
    9.520   1.6179E+02
    9.530   1.6578E+02
    9.540   1.2757E+02
    9.550   5.6024E+01
    9.560  -2.4317E+01
    9.570  -8.3477E+01
    9.580  -7.8774E+01
    9.590  -2.6632E+01
    9.600   8.7642E+00
    9.610   6.1368E+00
    9.620  -1.8896E+01
    9.630  -5.2990E+01
    9.640  -5.9303E+01
    9.650  -5.2785E+01
    9.660  -4.7746E+01
    9.670  -4.9008E+01
    9.680  -5.0647E+01
    9.690  -5.6796E+01
    9.700  -8.1438E+01
    9.710  -1.0668E+02
    9.720  -1.1487E+02
    9.730  -9.3945E+01
    9.740  -5.2342E+01
    9.750  -1.9686E+01
    9.760  -1.2871E+01
    9.770  -1.8159E+01
    9.780  -3.2424E+01
    9.790  -6.6784E+01
    9.800  -9.8751E+01
    9.810  -1.1352E+02
    9.820  -1.1612E+02
    9.830  -8.7754E+01
    9.840  -5.0670E+01
    9.850  -1.6312E+01
    9.860   2.8760E+01
    9.870   7.5588E+01
    9.880   1.0993E+02
    9.890   1.3683E+02
    9.900   1.4714E+02
    9.910   1.4811E+02
    9.920   1.7100E+02
    9.930   2.1586E+02
    9.940   2.4212E+02
    9.950   2.3142E+02
    9.960   2.0840E+02
    9.970   1.8324E+02
    9.980   1.6105E+02
    9.990   1.6478E+02
   10.000   1.4348E+02
   10.010   8.8437E+01
   10.020   5.6064E+01
   10.030   5.0013E+01
   10.040   6.4726E+01
   10.050   7.3099E+01
   10.060   2.6634E+01
   10.070  -4.5360E+01
   10.080  -1.1605E+02
   10.090  -1.7568E+02
   10.100  -1.8894E+02
   10.110  -1.5168E+02
   10.120  -9.5482E+01
   10.130  -4.7929E+01
   10.140  -7.3548E+00
   10.150   2.4543E+01
   10.160   2.2013E+01
   10.170   2.9059E+00
   10.180   1.1748E+01
   10.190   3.2043E+01
   10.200   3.3342E+01
   10.210   3.6780E+01
   10.220   6.3874E+01
   10.230   1.0443E+02
   10.240   1.2980E+02
   10.250   1.2318E+02
   10.260   1.0779E+02
   10.270   1.1436E+02
   10.280   1.3547E+02
   10.290   1.3689E+02
   10.300   9.2170E+01
   10.310   3.0070E+01
   10.320  -1.2330E+01
   10.330  -4.2117E+01
   10.340  -8.3374E+01
   10.350  -1.4189E+02
   10.360  -1.9192E+02
   10.370  -2.1543E+02
   10.380  -2.2612E+02
   10.390  -2.3016E+02
   10.400  -2.3603E+02
   10.410  -2.5331E+02
   10.420  -2.5502E+02
   10.430  -2.2084E+02
   10.440  -1.7273E+02
   10.450  -1.3451E+02
   10.460  -1.2219E+02
   10.470  -1.1570E+02
   10.480  -9.7140E+01
   10.490  -7.4974E+01
   10.500  -5.1629E+01
   10.510  -1.5497E+01
   10.520   2.3586E+01
   10.530   4.4889E+01
   10.540   4.7677E+01
   10.550   2.8734E+01
   10.560   2.1488E+01
   10.570   2.2050E+01
   10.580   3.3081E+01
   10.590   5.1206E+01
   10.600   4.9202E+01
   10.610   3.5490E+01
   10.620   1.7677E+01
   10.630  -2.9270E+00
   10.640  -1.6056E+01
   10.650  -9.0158E+00
   10.660   3.0069E+01
   10.670   6.7230E+01
   10.680   6.8937E+01
   10.690   4.9092E+01
   10.700   1.0363E+01
   10.710  -5.1979E+01
   10.720  -1.0834E+02
   10.730  -1.1731E+02
   10.740  -5.5752E+01
   10.750   4.7137E+01
   10.760   1.3138E+02
   10.770   1.5735E+02
   10.780   1.1397E+02
   10.790   2.3310E+01
   10.800  -3.6048E+01
   10.810  -4.0253E+01
   10.820  -2.5004E+01
   10.830  -1.1109E+01
   10.840   4.8594E+00
   10.850   3.8044E+01
   10.860   6.1276E+01
   10.870   5.0886E+01
   10.880   1.6716E+01
   10.890  -2.0846E+01
   10.900  -5.1664E+01
   10.910  -7.9471E+01
   10.920  -1.1755E+02
   10.930  -1.5292E+02
   10.940  -1.5749E+02
   10.950  -1.2919E+02
   10.960  -8.1073E+01
   10.970  -3.2556E+01
   10.980  -1.1890E+01
   10.990  -4.0702E+01
   11.000  -9.0472E+01
   11.010  -9.9255E+01
   11.020  -5.6303E+01
   11.030   7.0294E+00
   11.040   7.6494E+01
   11.050   1.3978E+02
   11.060   1.7408E+02
   11.070   1.6535E+02
   11.080   1.2926E+02
   11.090   8.2728E+01
   11.100   7.8159E+01
   11.110   1.1613E+02
   11.120   1.4642E+02
   11.130   1.6081E+02
   11.140   1.4313E+02
   11.150   8.2202E+01
   11.160   1.2435E+01
   11.170  -3.7681E+01
   11.180  -6.0479E+01
   11.190  -6.9901E+01
   11.200  -6.8794E+01
   11.210  -6.3083E+01
   11.220  -6.6325E+01
   11.230  -6.1628E+01
   11.240  -6.2298E+01
   11.250  -9.8607E+01
   11.260  -1.4506E+02
   11.270  -1.5340E+02
   11.280  -1.2815E+02
   11.290  -8.6644E+01
   11.300  -3.9755E+01
   11.310   2.8369E+00
   11.320   3.7980E+01
   11.330   6.2159E+01
   11.340   6.4226E+01
   11.350   5.4345E+01
   11.360   5.1972E+01
   11.370   5.8540E+01
   11.380   7.6505E+01
   11.390   8.9343E+01
   11.400   7.6989E+01
   11.410   5.2225E+01
   11.420   2.1536E+01
   11.430   4.2758E+00
   11.440   1.5168E+01
   11.450   1.9362E+01
   11.460   1.9175E+00
   11.470  -1.8012E+01
   11.480  -4.9256E+01
   11.490  -9.7187E+01
   11.500  -1.2924E+02
   11.510  -1.1131E+02
   11.520  -5.9762E+01
   11.530  -1.4126E+01
   11.540   3.9220E+00
   11.550   6.0846E-01
   11.560  -1.0354E+01
   11.570  -3.4940E+01
   11.580  -6.7650E+01
   11.590  -7.7042E+01
   11.600  -4.3758E+01
   11.610   1.3112E+01
   11.620   4.7258E+01
   11.630   4.8713E+01
   11.640   2.9414E+01
   11.650  -8.2681E+00
   11.660  -3.7424E+01
   11.670  -4.5187E+01
   11.680  -4.0426E+01
   11.690  -2.4520E+01
   11.700   6.6522E+00
   11.710   3.5369E+01
   11.720   5.1667E+01
   11.730   5.5438E+01
   11.740   3.9775E+01
   11.750   2.1211E+01
   11.760   1.3647E+01
   11.770   6.9003E+00
   11.780   2.3059E+00
   11.790   1.8357E+01
   11.800   5.7020E+01
   11.810   9.9039E+01
   11.820   1.0813E+02
   11.830   8.2231E+01
   11.840   5.8358E+01
   11.850   6.4126E+01
   11.860   7.9752E+01
   11.870   8.9709E+01
   11.880   1.0451E+02
   11.890   1.0711E+02
   11.900   8.6658E+01
   11.910   5.7890E+01
   11.920   4.2352E+01
   11.930   5.0367E+01
   11.940   7.3920E+01
   11.950   1.0473E+02
   11.960   1.2159E+02
   11.970   9.5930E+01
   11.980   5.6521E+01
   11.990   3.4252E+01
   12.000   1.5210E+01
   12.010  -4.5242E-01
   12.020  -8.6247E+00
   12.030  -5.0546E+00
   12.040   2.9690E+00
   12.050   9.3811E+00
   12.060   9.8120E+00
   12.070   1.8580E-01
   12.080  -1.9257E+01
   12.090  -4.2613E+01
   12.100  -4.4330E+01
   12.110  -3.1065E+01
   12.120  -1.7261E+01
   12.130  -5.0462E+00
   12.140   3.8402E+00
   12.150   3.3531E+00
   12.160  -9.4708E+00
   12.170  -2.9658E+01
   12.180  -6.0484E+01
   12.190  -9.1515E+01
   12.200  -1.0315E+02
   12.210  -9.0399E+01
   12.220  -7.4929E+01
   12.230  -6.7493E+01
   12.240  -7.1813E+01
   12.250  -7.5948E+01
   12.260  -6.0927E+01
   12.270  -3.2442E+01
   12.280  -8.0948E+00
   12.290   1.0265E+01
   12.300  -1.8551E+00
   12.310  -4.8517E+01
   12.320  -9.2935E+01
   12.330  -1.1273E+02
   12.340  -9.6462E+01
   12.350  -5.6145E+01
   12.360  -1.1873E+01
   12.370   2.0694E+01
   12.380   3.7903E+01
   12.390   3.3787E+01
   12.400   7.8591E+00
   12.410  -2.0929E+01
   12.420  -2.3376E+01
   12.430   5.4187E+00
   12.440   4.5096E+01
   12.450   8.5043E+01
   12.460   1.0520E+02
   12.470   9.0529E+01
   12.480   5.9962E+01
   12.490   2.1290E+01
   12.500  -2.2609E+01
   12.510  -4.2635E+01
   12.520  -4.0679E+01
   12.530  -3.7058E+01
   12.540  -2.4155E+01
   12.550   8.9875E+00
   12.560   3.7359E+01
   12.570   5.0834E+01
   12.580   5.6896E+01
   12.590   3.9028E+01
   12.600  -4.2788E+00
   12.610  -5.1805E+01
   12.620  -7.4172E+01
   12.630  -6.8100E+01
   12.640  -6.1469E+01
   12.650  -6.6108E+01
   12.660  -7.8013E+01
   12.670  -8.1633E+01
   12.680  -7.3024E+01
   12.690  -4.6516E+01
   12.700  -1.3073E+01
   12.710   1.1080E+01
   12.720   2.0186E+01
   12.730   2.3732E+01
   12.740   8.2557E+00
   12.750  -2.8023E+01
   12.760  -5.1070E+01
   12.770  -4.8114E+01
   12.780  -1.2239E+01
   12.790   3.3587E+01
   12.800   5.6112E+01
   12.810   5.2824E+01
   12.820   3.5359E+01
   12.830   1.6319E+01
   12.840  -4.7840E+00
   12.850  -2.3931E+01
   12.860  -2.5517E+01
   12.870   4.5969E+00
   12.880   4.3758E+01
   12.890   5.6387E+01
   12.900   2.9296E+01
   12.910  -2.2583E+01
   12.920  -7.4847E+01
   12.930  -9.5470E+01
   12.940  -7.2638E+01
   12.950  -2.8044E+01
   12.960  -1.0130E+00
   12.970  -3.8260E+00
   12.980  -1.3693E+01
   12.990  -2.0706E+01
   13.000  -2.0997E+01
   13.010  -1.3255E+01
   13.020  -6.7683E+00
   13.030   2.0552E+00
   13.040   1.3953E+01
   13.050   1.3184E+01
   13.060   7.9217E-01
   13.070  -2.0905E+01
   13.080  -3.5017E+01
   13.090  -2.4372E+01
   13.100   1.1305E+00
   13.110   1.1965E+01
   13.120   1.4849E+00
   13.130  -1.1581E+01
   13.140  -2.0110E+01
   13.150  -2.7507E+01
   13.160  -3.2144E+01
   13.170  -3.4768E+01
   13.180  -3.7774E+01
   13.190  -3.2498E+01
   13.200  -9.7701E+00
   13.210   1.0172E+01
   13.220   1.5984E+01
   13.230   1.3811E+01
   13.240   3.2420E+00
   13.250  -2.1099E+00
   13.260   1.1354E+01
   13.270   3.2734E+01
   13.280   5.3623E+01
   13.290   6.6285E+01
   13.300   7.2606E+01
   13.310   7.4491E+01
   13.320   6.7818E+01
   13.330   5.2689E+01
   13.340   2.9279E+01
   13.350   4.9030E-01
   13.360  -1.4527E+01
   13.370  -1.6229E+01
   13.380  -7.7710E+00
   13.390   6.6959E+00
   13.400   1.3241E+01
   13.410   1.1126E+01
   13.420  -9.7262E+00
   13.430  -4.9438E+01
   13.440  -8.4422E+01
   13.450  -9.9712E+01
   13.460  -9.8103E+01
   13.470  -8.5121E+01
   13.480  -5.9435E+01
   13.490  -3.2396E+01
   13.500  -8.5463E+00
   13.510   1.3439E+01
   13.520   1.8333E+01
   13.530   2.0721E+01
   13.540   3.6803E+01
   13.550   5.5759E+01
   13.560   5.9653E+01
   13.570   5.2520E+01
   13.580   4.4249E+01
   13.590   4.2071E+01
   13.600   5.2672E+01
   13.610   7.8431E+01
   13.620   1.1107E+02
   13.630   1.2453E+02
   13.640   1.0462E+02
   13.650   6.3420E+01
   13.660   1.8486E+01
   13.670  -1.5778E+01
   13.680  -2.8120E+01
   13.690  -2.8524E+01
   13.700  -2.4558E+01
   13.710  -1.4469E+01
   13.720  -9.0182E+00
   13.730  -1.2384E+01
   13.740  -2.1306E+01
   13.750  -2.9778E+01
   13.760  -2.7653E+01
   13.770  -2.0653E+01
   13.780  -1.6079E+01
   13.790  -1.7886E+01
   13.800  -2.3923E+01
   13.810  -2.3850E+01
   13.820  -3.9892E+00
   13.830   1.2422E+01
   13.840   1.1372E+01
   13.850   9.7924E+00
   13.860   1.8722E+01
   13.870   3.3580E+01
   13.880   5.0878E+01
   13.890   5.5031E+01
   13.900   4.3442E+01
   13.910   3.6059E+01
   13.920   2.9439E+01
   13.930   1.9440E+01
   13.940   9.0718E+00
   13.950  -5.0330E+00
   13.960  -1.4502E+01
   13.970  -1.3872E+01
   13.980  -2.9625E+00
   13.990   8.4202E+00
   14.000   1.3834E+01
   14.010   1.8255E+01
   14.020   2.5259E+01
   14.030   3.1752E+01
   14.040   3.1722E+01
   14.050   2.8988E+01
   14.060   3.6373E+01
   14.070   5.0765E+01
   14.080   5.7882E+01
   14.090   4.9094E+01
   14.100   2.4177E+01
   14.110  -4.3485E+00
   14.120  -2.1992E+01
   14.130  -2.3021E+01
   14.140  -1.0640E+01
   14.150   7.8037E+00
   14.160   2.0609E+01
   14.170   1.0646E+01
   14.180  -1.4883E+01
   14.190  -4.2789E+01
   14.200  -7.3648E+01
   14.210  -9.2488E+01
   14.220  -7.9312E+01
   14.230  -4.7762E+01
   14.240  -2.2834E+01
   14.250  -1.7706E+01
   14.260  -2.6656E+01
   14.270  -3.6031E+01
   14.280  -4.4103E+01
   14.290  -4.4981E+01
   14.300  -3.8324E+01
   14.310  -2.9464E+01
   14.320  -2.0625E+01
   14.330  -1.3418E+01
   14.340  -3.1068E+00
   14.350   1.1855E+01
   14.360   3.5385E+01
   14.370   6.3816E+01
   14.380   7.6603E+01
   14.390   6.6027E+01
   14.400   3.7209E+01
   14.410   1.1008E+01
   14.420   1.8830E+00
   14.430   7.3248E+00
   14.440   1.8915E+01
   14.450   2.3582E+01
   14.460   2.1680E+01
   14.470   2.4639E+01
   14.480   2.4405E+01
   14.490   9.5129E+00
   14.500  -1.0737E+01
   14.510  -2.3569E+01
   14.520  -2.9565E+01
   14.530  -3.0094E+01
   14.540  -3.2367E+01
   14.550  -4.2614E+01
   14.560  -5.3913E+01
   14.570  -5.5614E+01
   14.580  -5.3008E+01
   14.590  -5.2381E+01
   14.600  -5.1872E+01
   14.610  -5.0604E+01
   14.620  -4.2352E+01
   14.630  -3.0476E+01
   14.640  -2.3550E+01
   14.650  -2.5564E+01
   14.660  -2.4432E+01
   14.670  -1.0440E+01
   14.680   1.4192E+01
   14.690   3.8619E+01
   14.700   4.7155E+01
   14.710   4.4796E+01
   14.720   4.9363E+01
   14.730   5.6352E+01
   14.740   5.3969E+01
   14.750   4.6532E+01
   14.760   4.0694E+01
   14.770   4.4232E+01
   14.780   5.4026E+01
   14.790   5.6325E+01
   14.800   4.3853E+01
   14.810   2.9960E+01
   14.820   1.8935E+01
   14.830   1.1375E+01
   14.840   4.4835E+00
   14.850  -4.3209E+00
   14.860  -2.8582E+00
   14.870   4.9451E+00
   14.880   4.3371E+00
   14.890  -6.4260E+00
   14.900  -2.0999E+01
   14.910  -2.6565E+01
   14.920  -2.5628E+01
   14.930  -2.5491E+01
   14.940  -2.3677E+01
   14.950  -1.9004E+01
   14.960  -6.2980E+00
   14.970   8.5193E+00
   14.980   9.6379E+00
   14.990   1.7103E+00
   15.000  -5.2180E+00
   15.010  -5.2197E+00
   15.020  -1.9285E+00
   15.030  -2.4265E+00
   15.040  -8.0301E+00
   15.050  -1.6828E+01
   15.060  -2.3486E+01
   15.070  -2.6596E+01
   15.080  -2.0855E+01
   15.090  -1.2611E+01
   15.100  -1.1470E+01
   15.110  -1.2210E+01
   15.120  -1.2546E+01
   15.130  -1.6712E+01
   15.140  -2.6860E+01
   15.150  -3.7236E+01
   15.160  -3.7242E+01
   15.170  -2.7041E+01
   15.180  -1.4980E+01
   15.190  -9.9175E+00
   15.200  -1.1643E+01
   15.210  -1.5940E+01
   15.220  -1.6122E+01
   15.230  -9.0464E+00
   15.240   3.5756E+00
   15.250   2.5016E+01
   15.260   4.6905E+01
   15.270   5.5601E+01
   15.280   4.7358E+01
   15.290   2.6116E+01
   15.300   8.8794E-01
   15.310  -1.3616E+01
   15.320  -8.3794E+00
   15.330   7.1636E+00
   15.340   1.7628E+01
   15.350   1.8472E+01
   15.360   1.7415E+01
   15.370   1.5025E+01
   15.380   8.7197E+00
   15.390  -4.5463E+00
   15.400  -1.3449E+01
   15.410  -2.1284E+00
   15.420   1.8583E+01
   15.430   2.9416E+01
   15.440   2.4029E+01
   15.450   1.0140E+01
   15.460  -9.2714E-01
   15.470  -1.2160E+00
   15.480   6.5826E+00
   15.490   1.0920E+01
   15.500   7.4587E+00
   15.510  -2.2039E+00
   15.520  -1.1542E+01
   15.530  -1.7811E+01
   15.540  -2.0966E+01
   15.550  -1.8838E+01
   15.560  -1.1469E+01
   15.570  -2.0145E+00
   15.580   7.1083E+00
   15.590   1.0408E+01
   15.600   6.2751E+00
   15.610  -6.1778E-01
   15.620  -1.0837E+01
   15.630  -2.0567E+01
   15.640  -2.4181E+01
   15.650  -2.7599E+01
   15.660  -2.8443E+01
   15.670  -2.2713E+01
   15.680  -1.5047E+01
   15.690  -9.3926E+00
   15.700  -5.2570E+00
   15.710  -2.8900E+00
   15.720  -3.9809E+00
   15.730  -4.6382E+00
   15.740   4.8370E-01
   15.750   4.8984E+00
   15.760   4.9722E+00
   15.770   8.2362E+00
   15.780   2.0111E+01
   15.790   3.0684E+01
   15.800   3.3379E+01
   15.810   3.2870E+01
   15.820   3.2295E+01
   15.830   3.1869E+01
   15.840   2.8869E+01
   15.850   1.9661E+01
   15.860   9.1169E+00
   15.870   3.6809E+00
   15.880   3.8104E+00
   15.890   7.4992E+00
   15.900   9.6935E+00
   15.910   5.7401E+00
   15.920   1.0170E+00
   15.930  -3.3687E+00
   15.940  -8.5445E+00
   15.950  -1.2380E+01
   15.960  -1.5685E+01
   15.970  -1.8378E+01
   15.980  -1.7729E+01
   15.990  -1.1300E+01
   16.000  -4.1591E+00
   16.010  -3.5638E+00
   16.020  -8.2560E+00
   16.030  -1.0910E+01
   16.040  -9.3890E+00
   16.050  -5.5752E+00
   16.060  -2.2332E+00
   16.070   7.9776E-01
   16.080   2.3084E+00
   16.090   4.0347E+00
   16.100   6.1830E+00
   16.110   7.6070E+00
   16.120   9.7948E+00
   16.130   1.4817E+01
   16.140   2.1123E+01
   16.150   2.2252E+01
   16.160   1.5107E+01
   16.170   1.8750E+00
   16.180  -1.1160E+01
   16.190  -1.7023E+01
   16.200  -1.4889E+01
   16.210  -1.1346E+01
   16.220  -8.2964E+00
   16.230  -3.7305E+00
   16.240  -1.8109E+00
   16.250  -6.2902E+00
   16.260  -1.4869E+01
   16.270  -2.0260E+01
   16.280  -1.6097E+01
   16.290  -6.6360E+00
   16.300   2.0225E+00
   16.310   6.1831E+00
   16.320   4.9760E+00
   16.330   2.8190E+00
   16.340   2.0934E+00
   16.350   3.1005E+00
   16.360   6.8097E+00
   16.370   1.0549E+01
   16.380   1.4431E+01
   16.390   1.6824E+01
   16.400   1.3522E+01
   16.410   5.2015E+00
   16.420  -2.0342E+00
   16.430  -4.4161E+00
   16.440  -7.2315E-01
   16.450   5.7827E+00
   16.460   9.6214E+00
   16.470   6.9106E+00
   16.480   2.6371E-01
   16.490  -5.6339E+00
   16.500  -1.0103E+01
   16.510  -1.1128E+01
   16.520  -9.7243E+00
   16.530  -5.3451E+00
   16.540  -5.3877E-01
   16.550   1.8352E+00
   16.560   2.1714E+00
   16.570   2.5983E+00
   16.580   2.1306E+00
   16.590   1.0405E+00
   16.600   1.4293E-02
   16.610  -2.2555E+00
   16.620  -5.1585E+00
   16.630  -6.4580E+00
   16.640  -5.6654E+00
   16.650  -2.1572E+00
   16.660   1.7446E+00
   16.670   4.5090E+00
   16.680   4.7253E+00
   16.690  -4.6545E-01
   16.700  -6.9508E+00
   16.710  -9.3201E+00
   16.720  -6.0728E+00
   16.730   2.8576E+00
   16.740   1.2056E+01
   16.750   1.9050E+01
   16.760   2.2302E+01
   16.770   1.9584E+01
   16.780   1.3483E+01
   16.790   6.9258E+00
   16.800   1.4038E+00
   16.810  -1.0108E+00
   16.820   1.2851E+00
   16.830   4.5705E+00
   16.840   5.7564E+00
   16.850   4.2683E+00
   16.860   4.8320E-01
   16.870  -2.5276E+00
   16.880  -4.1069E+00
   16.890  -5.8132E+00
   16.900  -6.7857E+00
   16.910  -6.3518E+00
   16.920  -6.8167E+00
   16.930  -7.7060E+00
   16.940  -8.0810E+00
   16.950  -8.9209E+00
   16.960  -1.0510E+01
   16.970  -1.0674E+01
   16.980  -7.5052E+00
   16.990  -2.7204E+00
   17.000   3.7782E-03
   17.010  -7.5322E-01
   17.020  -3.0056E+00
   17.030  -3.8752E+00
   17.040  -7.6116E-01
   17.050   4.3497E+00
   17.060   7.6601E+00
   17.070   8.3987E+00
   17.080   8.8140E+00
   17.090   7.0826E+00
   17.100   3.1089E+00
   17.110  -4.3937E-01
   17.120  -2.5984E+00
   17.130  -3.1808E+00
   17.140  -1.6182E+00
   17.150   4.9523E-01
   17.160  -2.2780E-02
   17.170  -2.6974E+00
   17.180  -3.7001E+00
   17.190  -3.3628E+00
   17.200  -4.0702E+00
   17.210  -6.8134E+00
   17.220  -1.0703E+01
   17.230  -1.1754E+01
   17.240  -9.3708E+00
   17.250  -6.6333E+00
   17.260  -5.9142E+00
   17.270  -6.5978E+00
   17.280  -6.9006E+00
   17.290  -5.7999E+00
   17.300  -3.8359E+00
   17.310  -4.6774E+00
   17.320  -8.0811E+00
   17.330  -7.9732E+00
   17.340  -3.1270E+00
   17.350   3.3512E+00
   17.360   8.7057E+00
   17.370   9.8135E+00
   17.380   6.7391E+00
   17.390   3.3100E+00
   17.400   2.0238E+00
   17.410   2.4631E+00
   17.420   4.0123E+00
   17.430   7.3352E+00
   17.440   1.1895E+01
   17.450   1.5223E+01
   17.460   1.4775E+01
   17.470   9.5243E+00
   17.480   1.7779E+00
   17.490  -4.6246E+00
   17.500  -6.2445E+00
   17.510  -3.5197E+00
   17.520   1.9600E-01
   17.530   1.3864E+00
   17.540  -5.4192E-01
   17.550  -3.7886E+00
   17.560  -5.5077E+00
   17.570  -4.9823E+00
   17.580  -2.3630E+00
   17.590   1.5377E+00
   17.600   4.6620E+00
   17.610   5.3740E+00
   17.620   2.8111E+00
   17.630  -1.5605E+00
   17.640  -5.0187E+00
   17.650  -5.6617E+00
   17.660  -3.7056E+00
   17.670  -7.4600E-01
   17.680   1.2765E+00
   17.690   1.2945E+00
   17.700  -3.7839E-01
   17.710  -2.6198E+00
   17.720  -3.5143E+00
   17.730  -2.3877E+00
   17.740  -1.3824E-01
   17.750   1.8022E+00
   17.760   2.2455E+00
   17.770   1.7885E+00
   17.780   8.1595E-01
   17.790  -1.1782E+00
   17.800  -2.6285E+00
   17.810  -1.9367E+00
   17.820   2.9158E-01
   17.830   1.9031E+00
   17.840   8.6960E-01
   17.850  -2.6670E+00
   17.860  -6.7561E+00
   17.870  -9.4398E+00
   17.880  -8.8662E+00
   17.890  -5.7736E+00
   17.900  -1.9204E+00
   17.910   1.0943E+00
   17.920   2.8399E+00
   17.930   3.1597E+00
   17.940   2.5279E+00
   17.950   1.3068E+00
   17.960   8.1649E-01
   17.970   1.2546E+00
   17.980   1.7146E+00
   17.990   3.1519E+00
   18.000   4.7275E+00
   18.010   4.9661E+00
   18.020   3.8819E+00
   18.030   2.5463E+00
   18.040   1.7620E+00
   18.050   2.1831E+00
   18.060   3.0729E+00
   18.070   2.4893E+00
   18.080   9.9692E-01
   18.090  -6.7868E-01
   18.100  -2.1409E+00
   18.110  -2.9329E+00
   18.120  -2.7571E+00
   18.130  -1.4657E+00
   18.140   3.2754E-02
   18.150   1.3339E+00
   18.160   2.0744E+00
   18.170   1.0322E+00
   18.180   1.2994E-02
   18.190   5.8826E-01
   18.200   1.9651E+00
   18.210   3.1501E+00
   18.220   3.4865E+00
   18.230   2.6206E+00
   18.240   1.1604E+00
   18.250   1.2753E-01
   18.260  -1.6344E-01
   18.270   2.0642E-01
   18.280   2.9578E-01
   18.290  -2.0678E-02
   18.300  -1.4373E-01
   18.310  -2.8855E-01
   18.320  -5.3338E-01
   18.330  -1.0628E+00
   18.340  -1.6141E+00
   18.350  -1.2864E+00
   18.360  -4.5888E-01
   18.370   3.9047E-01
   18.380   6.2209E-01
   18.390  -6.8942E-02
   18.400  -9.2443E-01
   18.410  -6.4269E-01
   18.420   1.3339E-01
   18.430   5.7584E-02
   18.440  -5.7747E-01
   18.450  -7.7107E-01
   18.460  -3.5976E-01
   18.470  -6.6075E-02
   18.480  -2.1974E-01
   18.490  -2.5827E-01
   18.500  -3.4654E-01
   18.510  -1.0623E-01
   18.520   4.3611E-01
   18.530   7.2879E-01
   18.540   7.1345E-01
   18.550   6.5564E-01
   18.560   5.8287E-01
   18.570   4.8794E-01
   18.580   3.9529E-01
   18.590   1.1378E-01
   18.600  -2.2546E-01
   18.610  -4.3133E-01
   18.620  -3.4029E-01
   18.630  -1.4668E-01
   18.640  -2.0084E-01
   18.650  -2.5900E-01
   18.660  -1.2733E-01
   18.670  -1.5524E-02
   18.680  -1.8066E-01
   18.690  -4.9311E-01
   18.700  -5.5743E-01
   18.710  -2.8466E-01
   18.720   2.1177E-01
   18.730   7.0803E-01
   18.740   9.6430E-01
   18.750   8.4258E-01
   18.760   5.6959E-01
   18.770   2.8992E-01
   18.780   3.0047E-02
   18.790  -9.8899E-02
   18.800  -5.2177E-02
   18.810   1.2708E-01
   18.820   2.2756E-01
   18.830   1.8222E-01
   18.840  -2.4171E-02
   18.850  -4.1346E-01
   18.860  -7.0366E-01
   18.870  -7.4116E-01
   18.880  -6.8058E-01
   18.890  -6.1005E-01
   18.900  -5.5039E-01
   18.910  -4.7165E-01
   18.920  -2.3748E-01
   18.930   3.5702E-02
   18.940   2.0748E-01
   18.950   3.2901E-01
   18.960   3.7690E-01
   18.970   3.1580E-01
   18.980   1.8889E-01
   18.990   8.8462E-02
   19.000   9.4012E-02
   19.010   1.6149E-01
   19.020   1.8911E-01
   19.030   2.5037E-01
   19.040   2.9077E-01
   19.050   2.1405E-01
   19.060   9.5651E-02
   19.070  -2.3034E-02
   19.080  -1.8059E-01
   19.090  -3.0181E-01
   19.100  -3.1181E-01
   19.110  -2.3476E-01
   19.120  -1.5757E-01
   19.130  -1.4532E-01
   19.140  -1.9242E-01
   19.150  -2.2813E-01
   19.160  -2.3080E-01
   19.170  -2.0232E-01
   19.180  -1.4396E-01
   19.190  -8.8268E-02
   19.200  -1.5259E-02
   19.210   7.9756E-02
   19.220   1.5869E-01
   19.230   1.9417E-01
   19.240   1.8559E-01
   19.250   1.7318E-01
   19.260   1.9195E-01
   19.270   2.2489E-01
   19.280   2.0788E-01
   19.290   1.4869E-01
   19.300   6.4160E-02
   19.310  -3.9713E-02
   19.320  -1.0556E-01
   19.330  -1.2127E-01
   19.340  -1.1411E-01
   19.350  -8.4995E-02
   19.360  -3.4529E-02
   19.370   2.6242E-02
   19.380   7.9745E-02
   19.390   8.5284E-02
   19.400   9.0738E-03
   19.410  -8.0519E-02
   19.420  -1.1730E-01
   19.430  -1.4804E-01
   19.440  -1.3012E-01
   19.450  -2.7737E-02
   19.460   7.1441E-02
   19.470   1.0648E-01
   19.480   7.6869E-02
   19.490   8.8943E-03
   19.500  -4.4873E-02
   19.510  -7.7306E-02
   19.520  -7.7587E-02
   19.530  -3.6715E-02
   19.540  -2.3714E-02
   19.550  -7.0881E-02
   19.560  -1.3887E-01
   19.570  -2.1769E-01
   19.580  -2.3667E-01
   19.590  -1.6164E-01
   19.600  -1.5434E-02
   19.610   1.2710E-01
   19.620   1.8582E-01
   19.630   1.7140E-01
   19.640   1.0542E-01
   19.650   1.1656E-02
   19.660  -7.4221E-02
   19.670  -1.5481E-01
   19.680  -1.6477E-01
   19.690  -1.1136E-01
   19.700  -4.5415E-02
   19.710   2.2469E-02
   19.720   2.5096E-02
   19.730  -2.1126E-02
   19.740  -2.4198E-02
   19.750   1.3605E-02
   19.760   2.2808E-02
   19.770  -2.0122E-02
   19.780  -7.1756E-02
   19.790  -6.9907E-02
   19.800  -3.1003E-02
   19.810  -2.8968E-03
   19.820   3.6204E-02
   19.830   5.4455E-02
   19.840   4.0749E-02
   19.850  -2.6329E-03
   19.860  -1.2260E-01
   19.870  -2.6126E-01
   19.880  -3.3802E-01
   19.890  -3.3071E-01
   19.900  -2.4267E-01
   19.910  -1.4729E-01
   19.920  -1.0692E-01
   19.930  -1.3122E-01
   19.940  -1.9049E-01
   19.950  -2.1434E-01
   19.960  -1.7971E-01
   19.970  -1.2265E-01
   19.980  -8.0719E-02
   19.990  -5.4541E-02
   20.000  -3.9692E-02
   20.010  -5.4995E-02
   20.020  -7.1900E-02
   20.030  -5.2289E-02
   20.040  -3.2581E-02
   20.050   6.9438E-03
   20.060   7.4899E-02
   20.070   1.5792E-01
   20.080   1.7967E-01
   20.090   1.2954E-01
   20.100   1.0837E-01
   20.110   1.2855E-01
   20.120   1.4605E-01
   20.130   1.4680E-01
   20.140   9.1332E-02
   20.150   2.6148E-02
   20.160  -2.7787E-02
   20.170  -9.3298E-02
   20.180  -1.7506E-01
   20.190  -2.4522E-01
   20.200  -2.7075E-01
   20.210  -2.2475E-01
   20.220  -1.0318E-01
   20.230   8.5469E-03
   20.240   3.1530E-02
   20.250  -3.3889E-02
   20.260  -1.4829E-01
   20.270  -2.1601E-01
   20.280  -2.0350E-01
   20.290  -1.4388E-01
   20.300  -5.3046E-02
   20.310   5.1254E-02
   20.320   1.3054E-01
   20.330   1.4148E-01
   20.340   8.3687E-02
   20.350   3.0384E-02
   20.360   4.6838E-02
   20.370   1.2474E-01
   20.380   1.6965E-01
   20.390   1.4581E-01
   20.400   1.4303E-01
   20.410   2.0066E-01
   20.420   2.5523E-01
   20.430   2.6111E-01
   20.440   2.1283E-01
   20.450   1.3355E-01
   20.460   5.0513E-02
   20.470   5.0968E-04
   20.480  -7.4975E-03
   20.490  -2.7738E-02
   20.500  -5.4198E-02
   20.510  -3.7375E-02
   20.520   1.4594E-02
   20.530   4.0943E-02
   20.540   6.8851E-04
   20.550  -7.4124E-02
   20.560  -1.2523E-01
   20.570  -1.7122E-01
   20.580  -2.2236E-01
   20.590  -2.3846E-01
   20.600  -2.2770E-01
   20.610  -1.9198E-01
   20.620  -1.1307E-01
   20.630  -2.1368E-03
   20.640   3.9847E-02
   20.650   8.3464E-03
   20.660  -1.1181E-02
   20.670  -1.8433E-03
   20.680   2.2419E-02
   20.690   3.6822E-02
   20.700   5.4676E-02
   20.710   1.0607E-01
   20.720   1.6135E-01
   20.730   2.0053E-01
   20.740   2.0702E-01
   20.750   1.7086E-01
   20.760   1.3705E-01
   20.770   1.4979E-01
   20.780   1.8606E-01
   20.790   1.6293E-01
   20.800   1.0300E-01
   20.810   6.8249E-02
   20.820   6.4179E-02
   20.830   6.2718E-02
   20.840   5.5908E-02
   20.850   2.5373E-02
   20.860  -2.9583E-02
   20.870  -9.7473E-02
   20.880  -1.4973E-01
   20.890  -1.6565E-01
   20.900  -1.5063E-01
   20.910  -9.8638E-02
   20.920  -3.2578E-02
   20.930   1.4423E-02
   20.940   3.6905E-02
   20.950   2.6993E-02
   20.960   3.0862E-03
   20.970  -5.3041E-03
   20.980   4.4418E-03
   20.990   2.3396E-02
   21.000   4.0416E-02
   21.010   4.6072E-02
   21.020   4.2125E-02
   21.030   3.2298E-02
   21.040   2.2221E-02
   21.050   1.9090E-02
   21.060   2.6536E-02
   21.070   3.9135E-02
   21.080   4.5461E-02
   21.090   3.3317E-02
   21.100   9.3971E-03
   21.110  -1.2439E-02
   21.120  -2.2049E-02
   21.130  -1.8685E-02
   21.140  -9.0305E-03
   21.150  -1.8486E-04
   21.160  -1.3664E-03
   21.170  -1.3123E-02
   21.180  -3.0163E-02
   21.190  -4.2001E-02
   21.200  -4.0808E-02
   21.210  -2.7823E-02
   21.220  -1.3799E-02
   21.230  -9.9066E-03
   21.240  -1.7839E-02
   21.250  -2.8080E-02
   21.260  -3.0612E-02
   21.270  -2.4350E-02
   21.280  -1.5732E-02
   21.290  -8.6834E-03
   21.300  -2.6477E-03
   21.310   2.0737E-03
   21.320   1.5432E-03
   21.330  -4.8082E-03
   21.340  -1.0461E-02
   21.350  -7.8282E-03
   21.360   2.3535E-03
   21.370   1.2494E-02
   21.380   1.6035E-02
   21.390   1.3101E-02
   21.400   8.0343E-03
   21.410   5.5255E-03
   21.420   6.8712E-03
   21.430   9.6852E-03
   21.440   1.0106E-02
   21.450   7.7010E-03
   21.460   5.2895E-03
   21.470   4.4984E-03
   21.480   2.6825E-03
   21.490  -2.7028E-03
   21.500  -1.0586E-02
   21.510  -1.6664E-02
   21.520  -1.9566E-02
   21.530  -1.9476E-02
   21.540  -1.9376E-02
   21.550  -2.0956E-02
   21.560  -2.5237E-02
   21.570  -2.9174E-02
   21.580  -2.9374E-02
   21.590  -2.6089E-02
   21.600  -2.3289E-02
   21.610  -2.2228E-02
   21.620  -2.0168E-02
   21.630  -1.5516E-02
   21.640  -1.1816E-02
   21.650  -1.2697E-02
   21.660  -1.4441E-02
   21.670  -1.0116E-02
   21.680   9.6665E-05
   21.690   9.2444E-03
   21.700   8.3930E-03
   21.710  -2.4531E-03
   21.720  -1.5011E-02
   21.730  -1.9443E-02
   21.740  -1.3274E-02
   21.750  -2.4884E-03
   21.760   4.0268E-03
   21.770   2.1085E-03
   21.780  -6.0625E-03
   21.790  -1.8085E-02
   21.800  -3.1014E-02
   21.810  -3.8299E-02
   21.820  -3.3135E-02
   21.830  -1.6804E-02
   21.840  -1.9085E-03
   21.850  -7.9726E-04
   21.860  -1.3836E-02
   21.870  -2.9577E-02
   21.880  -3.6753E-02
   21.890  -3.1262E-02
   21.900  -1.6533E-02
   21.910  -2.5976E-05
   21.920   9.0074E-03
   21.930   5.0731E-03
   21.940  -8.9654E-03
   21.950  -2.2656E-02
   21.960  -2.6731E-02
   21.970  -1.9885E-02
   21.980  -7.9854E-03
   21.990   2.4162E-04
   22.000  -4.0518E-04
   22.010  -8.5764E-03
   22.020  -1.8816E-02
   22.030  -2.5525E-02
   22.040  -2.6246E-02
   22.050  -2.0282E-02
   22.060  -1.0666E-02
   22.070  -2.2888E-03
   22.080  -1.0563E-03
   22.090  -7.6756E-03
   22.100  -1.4677E-02
   22.110  -1.4953E-02
   22.120  -8.0547E-03
   22.130   1.9991E-03
   22.140   9.5235E-03
   22.150   1.4217E-02
   22.160   1.7658E-02
   22.170   1.8920E-02
   22.180   1.8059E-02
   22.190   1.4719E-02
   22.200   1.1521E-02
   22.210   1.1483E-02
   22.220   1.4410E-02
   22.230   1.7804E-02
   22.240   1.8998E-02
   22.250   1.7472E-02
   22.260   1.3088E-02
   22.270   5.5189E-03
   22.280  -5.2218E-03
   22.290  -1.4222E-02
   22.300  -1.6894E-02
   22.310  -1.1967E-02
   22.320  -4.7238E-03
   22.330  -2.0343E-03
   22.340  -7.7481E-03
   22.350  -1.6563E-02
   22.360  -2.3688E-02
   22.370  -2.7089E-02
   22.380  -2.4019E-02
   22.390  -1.7319E-02
   22.400  -1.0532E-02
   22.410  -7.1463E-03
   22.420  -8.9182E-03
   22.430  -1.3317E-02
   22.440  -1.5890E-02
   22.450  -1.2420E-02
   22.460  -7.1537E-03
   22.470  -9.0577E-04
   22.480   4.5314E-03
   22.490   8.8644E-03
   22.500   1.0563E-02
   22.510   9.7476E-03
   22.520   7.9000E-03
   22.530   7.1967E-03
   22.540   8.0846E-03
   22.550   9.4512E-03
   22.560   9.8584E-03
   22.570   8.6449E-03
   22.580   8.9531E-03
   22.590   1.0965E-02
   22.600   1.3442E-02
   22.610   1.3810E-02
   22.620   1.0961E-02
   22.630   8.8218E-03
   22.640   1.0493E-02
   22.650   1.6888E-02
   22.660   2.3229E-02
   22.670   2.5325E-02
   22.680   2.2458E-02
   22.690   1.7485E-02
   22.700   1.2590E-02
   22.710   8.3790E-03
   22.720   7.2027E-03
   22.730   9.5017E-03
   22.740   1.3996E-02
   22.750   1.6937E-02
   22.760   1.4059E-02
   22.770   5.4777E-03
   22.780  -3.4018E-03
   22.790  -5.7278E-03
   22.800  -2.8895E-04
   22.810   6.3835E-03
   22.820   8.4877E-03
   22.830   6.0096E-03
   22.840   2.0829E-03
   22.850   2.6183E-04
   22.860  -1.2948E-03
   22.870  -2.7215E-03
   22.880  -1.7985E-03
   22.890   2.5787E-03
   22.900   8.0003E-03
   22.910   1.0912E-02
   22.920   9.5261E-03
   22.930   5.7428E-03
   22.940   3.1471E-03
   22.950   4.5119E-03
   22.960   8.8425E-03
   22.970   1.2882E-02
   22.980   1.3699E-02
   22.990   1.1690E-02
   23.000   8.5748E-03
   23.010   5.4002E-03
   23.020   1.9465E-03
   23.030  -1.7170E-03
   23.040  -3.6429E-03
   23.050  -3.1828E-03
   23.060  -2.9465E-03
   23.070  -1.7120E-03
   23.080  -2.0550E-04
   23.090   3.1412E-04
   23.100  -1.1263E-03
   23.110  -2.9523E-03
   23.120  -3.8814E-03
   23.130  -3.2831E-03
   23.140  -1.3547E-03
   23.150   1.8499E-03
   23.160   6.4425E-03
   23.170   9.5038E-03
   23.180   1.0326E-02
   23.190   8.6738E-03
   23.200   5.1345E-03
   23.210   2.1418E-03
   23.220   1.0842E-03
   23.230   3.6077E-03
   23.240   8.2158E-03
   23.250   1.1091E-02
   23.260   9.6880E-03
   23.270   4.9770E-03
   23.280   7.8635E-05
   23.290  -2.9577E-03
   23.300  -3.8315E-03
   23.310  -3.7664E-03
   23.320  -1.4539E-03
   23.330  -1.6821E-03
   23.340  -3.1189E-03
   23.350  -6.2890E-03
   23.360  -9.6860E-03
   23.370  -1.1463E-02
   23.380  -1.0777E-02
   23.390  -7.3377E-03
   23.400  -2.3954E-03
   23.410   1.1515E-03
   23.420   9.4864E-04
   23.430  -3.1300E-03
   23.440  -5.3918E-03
   23.450  -7.5356E-03
   23.460  -5.2602E-03
   23.470  -2.0810E-03
   23.480  -9.0960E-04
   23.490  -1.6611E-03
   23.500  -2.8808E-03
   23.510  -3.8464E-03
   23.520  -6.1972E-03
   23.530  -9.9526E-03
   23.540  -1.3821E-02
   23.550  -1.4103E-02
   23.560  -8.9138E-03
   23.570  -4.1303E-03
   23.580  -2.7614E-03
   23.590  -5.2025E-03
   23.600  -6.9324E-03
   23.610  -7.6869E-03
   23.620  -6.5669E-03
   23.630  -5.3675E-03
   23.640  -3.7184E-03
   23.650   3.5769E-05
   23.660   5.8796E-03
   23.670   8.2629E-03
   23.680   5.7448E-03
   23.690   7.0657E-04
   23.700  -1.9073E-03
   23.710   4.4622E-04
   23.720   5.2967E-03
   23.730   7.7509E-03
   23.740   4.9940E-03
   23.750  -1.0433E-03
   23.760  -5.9146E-03
   23.770  -6.2871E-03
   23.780  -5.0669E-03
   23.790  -4.4450E-03
   23.800  -4.8915E-03
   23.810  -5.3069E-03
   23.820  -5.7559E-03
   23.830  -6.5272E-03
   23.840  -9.0905E-03
   23.850  -1.0480E-02
   23.860  -9.4051E-03
   23.870  -9.1384E-03
   23.880  -7.7798E-03
   23.890  -8.2949E-03
   23.900  -9.4317E-03
   23.910  -9.4843E-03
   23.920  -6.8802E-03
   23.930  -3.4838E-03
   23.940  -1.3211E-03
   23.950  -1.0353E-03
   23.960  -1.6983E-03
   23.970  -2.2666E-03
   23.980  -2.8293E-03
   23.990  -4.1993E-03
   24.000  -5.1200E-03
   24.010  -5.0831E-03
   24.020  -4.0791E-03
   24.030  -3.0381E-03
   24.040  -3.1837E-03
   24.050  -4.3119E-03
   24.060  -5.1439E-03
   24.070  -4.7471E-03
   24.080  -3.5090E-03
   24.090  -2.4476E-03
   24.100  -1.4415E-03
   24.110   9.6494E-06
   24.120   2.3121E-03
   24.130   3.8324E-03
   24.140   2.9971E-03
   24.150   1.2056E-04
   24.160  -1.5928E-03
   24.170  -1.1586E-04
   24.180   3.6353E-03
   24.190   5.6735E-03
   24.200   3.8637E-03
   24.210  -7.7250E-04
   24.220  -5.3900E-03
   24.230  -8.0480E-03
   24.240  -8.5914E-03
   24.250  -7.5900E-03
   24.260  -5.8437E-03
   24.270  -4.3903E-03
   24.280  -5.1106E-03
   24.290  -8.6461E-03
   24.300  -1.2813E-02
   24.310  -1.3626E-02
   24.320  -9.1060E-03
   24.330  -1.6925E-03
   24.340   3.4796E-03
   24.350   3.0632E-03
   24.360  -1.7724E-03
   24.370  -6.4050E-03
   24.380  -6.4431E-03
   24.390  -5.1046E-04
   24.400   7.3224E-03
   24.410   1.4085E-02
   24.420   1.6061E-02
   24.430   1.3752E-02
   24.440   9.1273E-03
   24.450   4.9226E-03
   24.460   3.1537E-03
   24.470   3.9262E-03
   24.480   5.9356E-03
   24.490   7.2937E-03
   24.500   6.1270E-03
   24.510   1.5404E-03
   24.520  -4.6574E-03
   24.530  -9.0905E-03
   24.540  -9.0042E-03
   24.550  -5.1287E-03
   24.560  -1.1765E-03
   24.570  -8.0113E-05
   24.580  -1.2994E-03
   24.590  -2.5159E-03
   24.600  -2.2407E-03
   24.610  -8.9632E-04
   24.620   5.9241E-04
   24.630   2.1973E-03
   24.640   4.8233E-03
   24.650   8.4726E-03
   24.660   1.1201E-02
   24.670   1.0831E-02
   24.680   8.0294E-03
   24.690   6.1744E-03
   24.700   7.4504E-03
   24.710   1.0193E-02
   24.720   1.0188E-02
   24.730   8.8647E-03
   24.740   7.7059E-03
   24.750   6.9201E-03
   24.760   6.2501E-03
   24.770   4.6200E-03
   24.780   2.6473E-03
   24.790   2.2381E-03
   24.800   3.8714E-03
   24.810   5.5702E-03
   24.820   4.8322E-03
   24.830   1.3982E-03
   24.840  -2.2373E-03
   24.850  -3.2318E-03
   24.860  -9.4428E-04
   24.870   2.5707E-03
   24.880   3.5497E-03
   24.890   3.5410E-03
   24.900   1.4783E-03
   24.910  -1.0988E-03
   24.920  -4.1186E-03
   24.930  -3.6095E-03
   24.940  -1.2435E-03
   24.950   7.9652E-04
   24.960   1.2070E-03
   24.970   1.2543E-04
   24.980  -2.4463E-03
   24.990  -5.3515E-03
   25.000  -6.5597E-03
   25.010  -4.5945E-03
   25.020  -7.7345E-04
   25.030   2.6560E-03
   25.040   3.7884E-03
   25.050   3.0163E-03
   25.060   2.2692E-03
   25.070   2.0584E-03
   25.080   4.4283E-03
   25.090   6.5753E-03
   25.100   7.6857E-03
   25.110   7.3238E-03
   25.120   6.6813E-03
   25.130   6.4395E-03
   25.140   6.2681E-03
   25.150   6.1158E-03
   25.160   6.5518E-03
   25.170   7.5086E-03
   25.180   7.4187E-03
   25.190   4.9484E-03
   25.200   1.2168E-04
   25.210  -3.2139E-03
   25.220  -4.2874E-03
   25.230  -3.5292E-03
   25.240  -3.0652E-03
   25.250  -4.2691E-03
   25.260  -7.0271E-03
   25.270  -9.8835E-03
   25.280  -1.1566E-02
   25.290  -1.2064E-02
   25.300  -1.2050E-02
   25.310  -1.1681E-02
   25.320  -1.0946E-02
   25.330  -1.0309E-02
   25.340  -1.1832E-02
   25.350  -1.4249E-02
   25.360  -1.4403E-02
   25.370  -1.2664E-02
   25.380  -9.6036E-03
   25.390  -7.2834E-03
   25.400  -6.4718E-03
   25.410  -6.6663E-03
   25.420  -7.4870E-03
   25.430  -8.2307E-03
   25.440  -8.5075E-03
   25.450  -7.0845E-03
   25.460  -3.6670E-03
   25.470   2.1908E-04
   25.480   2.7152E-03
   25.490   2.9922E-03
   25.500   1.9190E-03
   25.510   1.2341E-03
   25.520   1.9415E-03
   25.530   3.5628E-03
   25.540   5.1614E-03
   25.550   6.0018E-03
   25.560   6.2657E-03
   25.570   5.8653E-03
   25.580   4.2480E-03
   25.590   1.1029E-03
   25.600  -1.6728E-03
   25.610  -2.2120E-03
   25.620   8.0330E-04
   25.630   1.9083E-03
   25.640   1.0142E-03
   25.650  -1.4002E-03
   25.660  -4.1119E-03
   25.670  -6.1177E-03
   25.680  -7.4515E-03
   25.690  -7.9379E-03
   25.700  -7.7051E-03
   25.710  -6.9716E-03
   25.720  -6.5336E-03
   25.730  -7.5683E-03
   25.740  -1.0273E-02
   25.750  -1.2717E-02
   25.760  -1.2501E-02
   25.770  -9.3198E-03
   25.780  -5.8079E-03
   25.790  -4.2469E-03
   25.800  -4.5119E-03
   25.810  -4.8943E-03
   25.820  -4.9372E-03
   25.830  -5.1303E-03
   25.840  -5.4402E-03
   25.850  -5.0365E-03
   25.860  -3.0076E-03
   25.870  -8.6085E-04
   25.880  -3.9713E-04
   25.890  -2.0011E-03
   25.900  -4.4605E-03
   25.910  -5.7975E-03
   25.920  -5.2208E-03
   25.930  -3.5959E-03
   25.940  -2.6133E-03
   25.950  -2.6854E-03
   25.960  -3.0134E-03
   25.970  -2.9857E-03
   25.980  -2.2096E-03
   25.990  -2.7760E-03
   26.000  -3.3243E-03
   26.010  -2.7232E-03
   26.020  -1.3377E-03
   26.030  -2.3844E-04
   26.040   1.3442E-04
   26.050   5.0372E-04
   26.060   8.9375E-04
   26.070   6.8758E-04
   26.080  -3.8124E-04
   26.090  -9.9727E-04
   26.100  -3.6451E-04
   26.110   1.5073E-03
   26.120   3.2719E-03
   26.130   4.5182E-03
   26.140   4.1337E-03
   26.150   3.1897E-03
   26.160   2.3246E-03
   26.170   1.9881E-03
   26.180   1.2495E-03
   26.190   1.9183E-03
   26.200   3.0284E-03
   26.210   3.9132E-03
   26.220   3.1440E-03
   26.230   3.4866E-04
   26.240  -2.7610E-03
   26.250  -3.7520E-03
   26.260  -2.5724E-03
   26.270  -6.4637E-04
   26.280  -5.2460E-06
   26.290  -1.2959E-03
   26.300  -2.4663E-03
   26.310  -3.7540E-03
   26.320  -5.1373E-03
   26.330  -5.8025E-03
   26.340  -4.9348E-03
   26.350  -2.3789E-03
   26.360   3.7493E-04
   26.370   1.8536E-03
   26.380   1.1838E-03
   26.390  -8.3160E-04
   26.400  -2.2880E-03
   26.410  -1.5304E-03
   26.420   8.4277E-04
   26.430   3.1004E-03
   26.440   3.8919E-03
   26.450   4.0947E-03
   26.460   4.0303E-03
   26.470   3.0165E-03
   26.480   1.4124E-03
   26.490  -4.5880E-05
   26.500   1.5907E-03
   26.510   3.6641E-03
   26.520   5.8761E-03
   26.530   6.0183E-03
   26.540   4.0277E-03
   26.550   1.1050E-03
   26.560  -1.3108E-03
   26.570  -1.9900E-03
   26.580  -8.4993E-04
   26.590   1.2782E-03
   26.600   3.1001E-03
   26.610   3.8276E-03
   26.620   2.9667E-03
   26.630   8.2902E-04
   26.640  -1.3899E-03
   26.650  -1.8915E-03
   26.660   1.4457E-04
   26.670   2.9037E-03
   26.680   5.4489E-03
   26.690   5.7751E-03
   26.700   4.2176E-03
   26.710   1.5124E-03
   26.720  -9.2571E-04
   26.730  -1.6204E-03
   26.740  -3.2859E-04
   26.750   1.7328E-03
   26.760   2.8589E-03
   26.770   2.3356E-03
   26.780   2.6499E-04
   26.790  -2.5516E-03
   26.800  -4.6079E-03
   26.810  -4.6508E-03
   26.820  -2.4920E-03
   26.830   5.2618E-04
   26.840   2.3625E-03
   26.850   2.0706E-03
   26.860   1.3111E-04
   26.870  -2.1293E-03
   26.880  -3.2519E-03
   26.890  -2.3855E-03
   26.900   1.8126E-04
   26.910   3.1068E-03
   26.920   4.7090E-03
   26.930   4.2307E-03
   26.940   2.1010E-03
   26.950  -1.0254E-04
   26.960  -1.2953E-03
   26.970  -4.6271E-04
   26.980   1.5803E-03
   26.990   3.3063E-03
   27.000   3.2952E-03
   27.010   1.7857E-03
   27.020  -2.7742E-04
   27.030  -2.1625E-03
   27.040  -3.3844E-03
   27.050  -3.2741E-03
   27.060  -1.6581E-03
   27.070   3.2687E-04
   27.080   1.0886E-03
   27.090  -9.7404E-05
   27.100  -2.4719E-03
   27.110  -4.0937E-03
   27.120  -3.8270E-03
   27.130  -1.8860E-03
   27.140   3.4929E-04
   27.150   1.7461E-03
   27.160   3.3406E-03
   27.170   2.7025E-03
   27.180   1.2454E-03
   27.190  -4.7538E-04
   27.200  -1.4798E-03
   27.210  -6.8068E-04
   27.220   1.1587E-03
   27.230   2.9750E-03
   27.240   2.8542E-03
   27.250   7.9156E-04
   27.260  -1.6242E-03
   27.270  -2.6475E-03
   27.280  -2.1730E-03
   27.290  -9.9946E-04
   27.300  -3.0131E-04
   27.310   2.7948E-04
   27.320  -4.0324E-05
   27.330  -1.2597E-03
   27.340  -3.0540E-03
   27.350  -4.4760E-03
   27.360  -4.4718E-03
   27.370  -2.6837E-03
   27.380  -2.8310E-04
   27.390   8.5972E-04
   27.400   6.8581E-05
   27.410  -2.3417E-03
   27.420  -3.8924E-03
   27.430  -3.9006E-03
   27.440  -2.2972E-03
   27.450  -1.5404E-04
   27.460   1.2957E-03
   27.470   1.4736E-03
   27.480   5.0482E-04
   27.490  -9.2478E-04
   27.500  -2.0861E-03
   27.510  -2.3315E-03
   27.520  -1.3837E-03
   27.530   4.4555E-04
   27.540   2.2115E-03
   27.550   2.6609E-03
   27.560   1.3471E-03
   27.570  -7.4701E-04
   27.580  -2.0984E-03
   27.590  -1.7846E-03
   27.600  -2.0930E-04
   27.610   1.5005E-03
   27.620   2.2573E-03
   27.630   1.7656E-03
   27.640   4.1495E-04
   27.650  -1.0003E-03
   27.660  -1.8508E-03
   27.670  -1.7211E-03
   27.680  -6.0934E-04
   27.690   7.5180E-04
   27.700   1.9399E-03
   27.710   1.5072E-03
   27.720  -4.7519E-04
   27.730  -2.5273E-03
   27.740  -3.1032E-03
   27.750  -1.9218E-03
   27.760   2.4828E-06
   27.770   1.0531E-03
   27.780   1.0768E-03
   27.790   2.6383E-04
   27.800  -7.2923E-04
   27.810  -1.2979E-03
   27.820  -1.1706E-03
   27.830  -3.0671E-04
   27.840   1.0030E-03
   27.850   2.2241E-03
   27.860   2.8657E-03
   27.870   2.0859E-03
   27.880   6.8110E-04
   27.890  -2.1826E-04
   27.900   1.7256E-04
   27.910   1.3446E-03
   27.920   2.3594E-03
   27.930   2.4059E-03
   27.940   1.4131E-03
   27.950   1.2924E-04
   27.960  -5.8030E-04
   27.970  -2.7924E-04
   27.980   4.9859E-04
   27.990   1.0470E-03
   28.000   4.8362E-04
   28.010  -7.8524E-05
   28.020  -7.8020E-04
   28.030  -1.6168E-03
   28.040  -1.9440E-03
   28.050  -1.7664E-03
   28.060  -1.0516E-03
   28.070  -1.0996E-04
   28.080   3.7103E-04
   28.090  -2.5066E-05
   28.100  -1.0171E-03
   28.110  -1.6617E-03
   28.120  -1.2803E-03
   28.130  -3.6096E-05
   28.140   1.1753E-03
   28.150   1.3967E-03
   28.160   7.6991E-04
   28.170   2.0476E-04
   28.180   5.4126E-05
   28.190   1.7854E-04
   28.200   3.6701E-04
   28.210   7.3863E-04
   28.220   1.3848E-03
   28.230   1.9808E-03
   28.240   1.8653E-03
   28.250   8.4028E-04
   28.260  -5.4045E-04
   28.270  -8.4645E-04
   28.280   3.3195E-06
   28.290   1.2164E-03
   28.300   1.6868E-03
   28.310   1.1084E-03
   28.320   5.6149E-05
   28.330  -7.2891E-04
   28.340  -1.0422E-03
   28.350  -1.0248E-03
   28.360  -7.7379E-04
   28.370  -2.5557E-04
   28.380   2.8883E-04
   28.390   3.3154E-04
   28.400  -5.0005E-04
   28.410  -1.8228E-03
   28.420  -2.7007E-03
   28.430  -2.4045E-03
   28.440  -1.1668E-03
   28.450   4.9185E-05
   28.460   3.6997E-04
   28.470  -2.4818E-04
   28.480  -1.2011E-03
   28.490  -1.8124E-03
   28.500  -1.8160E-03
   28.510  -1.2646E-03
   28.520  -4.0172E-04
   28.530   4.3684E-04
   28.540   7.9617E-04
   28.550   4.0040E-04
   28.560  -3.9730E-04
   28.570  -8.2759E-04
   28.580  -1.1688E-03
   28.590  -8.1689E-04
   28.600  -2.4721E-05
   28.610   6.2719E-04
   28.620   6.6179E-04
   28.630   8.2872E-05
   28.640  -6.9646E-04
   28.650  -1.2370E-03
   28.660  -1.3728E-03
   28.670  -1.1438E-03
   28.680  -6.7718E-04
   28.690  -1.8424E-04
   28.700   2.8761E-05
   28.710  -2.1484E-04
   28.720  -7.6361E-04
   28.730  -1.2114E-03
   28.740  -1.2226E-03
   28.750  -7.4113E-04
   28.760  -1.8767E-05
   28.770   5.3683E-04
   28.780   5.8273E-04
   28.790   1.3710E-04
   28.800  -4.3662E-04
   28.810  -7.0697E-04
   28.820  -5.1903E-04
   28.830  -1.0514E-05
   28.840   5.0661E-04
   28.850   8.4355E-04
   28.860   6.5632E-04
   28.870   1.1364E-04
   28.880  -4.2926E-04
   28.890  -7.1348E-04
   28.900  -5.9183E-04
   28.910  -1.5631E-04
   28.920   3.0684E-04
   28.930   4.9218E-04
   28.940   2.4761E-04
   28.950  -2.9792E-04
   28.960  -7.9923E-04
   28.970  -9.2259E-04
   28.980  -6.0131E-04
   28.990  -6.7592E-05
   29.000   3.2403E-04
   29.010   3.5087E-04
   29.020   3.7595E-05
   29.030  -3.7573E-04
   29.040  -6.1170E-04
   29.050  -5.2387E-04
   29.060  -1.7316E-04
   29.070   2.5916E-04
   29.080   5.7060E-04
   29.090   6.1235E-04
   29.100   3.4357E-04
   29.110  -8.5400E-05
   29.120  -3.7301E-04
   29.130  -2.8294E-04
   29.140   1.2547E-04
   29.150   5.3534E-04
   29.160   6.4681E-04
   29.170   2.6837E-04
   29.180  -8.9389E-05
   29.190  -1.8968E-04
   29.200  -9.2514E-05
   29.210   9.7563E-05
   29.220   2.6621E-04
   29.230   3.6885E-04
   29.240   1.5799E-05
   29.250   2.1439E-05
   29.260  -9.2731E-05
   29.270  -2.3081E-04
   29.280  -2.1229E-04
   29.290  -9.8658E-06
   29.300   2.1470E-04
   29.310   2.8867E-04
   29.320   2.1789E-04
   29.330   1.1596E-04
   29.340   7.0040E-05
   29.350   7.8748E-05
   29.360   1.1433E-04
   29.370   1.4648E-04
   29.380   1.7008E-04
   29.390   1.8517E-04
   29.400   1.7960E-04
   29.410   1.2724E-04
   29.420   1.1562E-05
   29.430  -7.9006E-05
   29.440  -4.2398E-05
   29.450   9.0749E-05
   29.460   1.6584E-04
   29.470   9.6720E-05
   29.480  -2.3443E-05
   29.490  -7.4352E-05
   29.500  -4.4991E-05
   29.510  -8.8775E-07
   29.520   3.4257E-05
   29.530   6.4610E-05
   29.540   8.3632E-05
   29.550   7.6820E-05
   29.560   5.4318E-05
   29.570  -4.0670E-05
   29.580  -1.0233E-04
   29.590  -6.5644E-05
   29.600   9.5314E-06
   29.610   6.0319E-05
   29.620   4.9785E-05
   29.630  -7.8172E-05
   29.640  -1.4311E-04
   29.650  -1.5456E-04
   29.660  -1.1799E-04
   29.670  -7.3972E-05
   29.680  -5.4950E-05
   29.690  -7.0144E-05
   29.700  -1.0591E-04
   29.710  -8.2935E-05
   29.720  -5.3341E-05
   29.730   8.6581E-06
   29.740   2.9213E-05
   29.750   2.7819E-05
   29.760   2.7540E-05
   29.770   1.2995E-05
   29.780  -1.8153E-05
   29.790  -4.5188E-05
   29.800  -3.3515E-05
   29.810   1.8164E-05
   29.820   6.9130E-05
   29.830   7.4495E-05
   29.840   3.5077E-05
   29.850  -1.2093E-05
   29.860  -3.3150E-05
   29.870  -2.7235E-05
   29.880  -9.5627E-06
   29.890   6.2445E-06
   29.900   1.7062E-05
   29.910   1.7858E-05
   29.920   2.8984E-06
   29.930  -2.8914E-05
   29.940  -6.0291E-05
   29.950  -6.7107E-05
   29.960  -3.8290E-05
   29.970   4.7797E-06
   29.980   3.0068E-05
   29.990   1.9139E-05
   30.000   4.6204E-06
   30.010  -8.5101E-06
   30.020  -1.2245E-05
   30.030  -3.8466E-06
   30.040   2.1018E-05
   30.050   1.3493E-05
   30.060   1.6716E-05
   30.070   2.6766E-05
   30.080   3.7439E-05
   30.090   4.3945E-05
   30.100   4.2504E-05
   30.110   3.0796E-05
   30.120   1.3805E-05
   30.130   3.2140E-06
   30.140   8.2146E-06
   30.150   2.5412E-05
   30.160   4.1604E-05
   30.170   4.5478E-05
   30.180   3.6994E-05
   30.190   2.4435E-05
   30.200   1.5450E-05
   30.210   1.0576E-05
   30.220   7.4143E-06
   30.230   6.6577E-06
   30.240   1.1682E-05
   30.250   1.9707E-05
   30.260   2.0753E-05
   30.270   8.5896E-06
   30.280  -8.3584E-06
   30.290  -1.4633E-05
   30.300  -4.2269E-06
   30.310   1.3798E-05
   30.320   2.7660E-05
   30.330   3.2771E-05
   30.340   3.0214E-05
   30.350   2.0471E-05
   30.360   6.8903E-06
   30.370  -1.1898E-06
   30.380   5.9583E-06
   30.390   2.6286E-05
   30.400   4.5567E-05
   30.410   4.9313E-05
   30.420   3.5907E-05
   30.430   1.6123E-05
   30.440   3.2041E-06
   30.450   2.9233E-06
   30.460   1.2785E-05
   30.470   2.5687E-05
   30.480   3.4134E-05
   30.490   3.1756E-05
   30.500   1.7708E-05
   30.510  -2.2399E-07
   30.520  -8.5790E-06
   30.530  -7.4794E-07
   30.540   1.5700E-05
   30.550   2.5011E-05
   30.560   1.9162E-05
   30.570   3.3783E-06
   30.580  -1.0736E-05
   30.590  -1.6129E-05
   30.600  -1.1911E-05
   30.610  -9.9582E-07
   30.620   1.2158E-05
   30.630   2.0468E-05
   30.640   1.7280E-05
   30.650   1.6069E-06
   30.660  -1.7374E-05
   30.670  -2.5817E-05
   30.680  -1.6873E-05
   30.690   7.2382E-08
   30.700   7.6431E-06
   30.710  -2.4106E-06
   30.720  -2.0548E-05
   30.730  -3.1911E-05
   30.740  -3.2093E-05
   30.750  -2.8092E-05
   30.760  -2.4847E-05
   30.770  -2.0618E-05
   30.780  -1.4074E-05
   30.790  -1.0750E-05
   30.800  -1.5687E-05
   30.810  -2.5311E-05
   30.820  -2.9642E-05
   30.830  -2.3311E-05
   30.840  -1.0255E-05
   30.850   8.7875E-07
   30.860   4.7947E-06
   30.870   1.7255E-06
   30.880  -5.0793E-06
   30.890  -1.3387E-05
   30.900  -2.1200E-05
   30.910  -2.4780E-05
   30.920  -2.0757E-05
   30.930  -6.8921E-06
   30.940   1.3167E-06
   30.950  -6.2834E-06
   30.960  -2.6680E-05
   30.970  -4.6839E-05
   30.980  -5.4968E-05
   30.990  -4.9087E-05
   31.000  -3.4706E-05
   31.010  -2.0792E-05
   31.020  -1.5434E-05
   31.030  -2.2015E-05
   31.040  -3.5676E-05
   31.050  -4.7022E-05
   31.060  -4.8431E-05
   31.070  -3.8608E-05
   31.080  -2.4530E-05
   31.090  -7.9413E-06
   31.100  -1.4999E-06
   31.110  -8.5329E-06
   31.120  -2.1655E-05
   31.130  -2.8188E-05
   31.140  -2.1791E-05
   31.150  -7.4259E-06
   31.160   5.8524E-06
   31.170   1.1928E-05
   31.180   8.7963E-06
   31.190  -2.0070E-06
   31.200  -1.3496E-05
   31.210  -1.6965E-05
   31.220  -1.0219E-05
   31.230   3.8944E-06
   31.240   9.2358E-06
   31.250   8.5308E-06
   31.260   1.4220E-06
   31.270  -1.1917E-05
   31.280  -2.5495E-05
   31.290  -2.9664E-05
   31.300  -2.1129E-05
   31.310  -9.1582E-06
   31.320  -5.0509E-06
   31.330  -1.0722E-05
   31.340  -1.9013E-05
   31.350  -2.4331E-05
   31.360  -2.6219E-05
   31.370  -2.6688E-05
   31.380  -2.6072E-05
   31.390  -2.3591E-05
   31.400  -1.8328E-05
   31.410  -1.2607E-05
   31.420  -1.1203E-05
   31.430  -1.6014E-05
   31.440  -2.0086E-05
   31.450  -1.4562E-05
   31.460  -4.2754E-07
   31.470   1.0861E-05
   31.480   1.2876E-05
   31.490   1.1533E-05
   31.500   1.5227E-05
   31.510   2.2261E-05
   31.520   2.6053E-05
   31.530   2.5931E-05
   31.540   2.7752E-05
   31.550   3.3698E-05
   31.560   3.9380E-05
   31.570   3.8889E-05
   31.580   3.1478E-05
   31.590   2.1647E-05
   31.600   1.6571E-05
   31.610   1.9028E-05
   31.620   2.3974E-05
   31.630   2.3141E-05
   31.640   1.5818E-05
   31.650   8.8388E-06
   31.660   6.1826E-06
   31.670   3.1996E-06
   31.680  -3.3397E-06
   31.690  -8.1524E-06
   31.700   1.6883E-05
   31.710   1.6267E-05
   31.720   1.3774E-05
   31.730   1.1633E-05
   31.740   1.4062E-05
   31.750   1.9801E-05
   31.760   2.3686E-05
   31.770   2.3156E-05
   31.780   2.1557E-05
   31.790   2.1839E-05
   31.800   2.3765E-05
   31.810   2.5656E-05
   31.820   2.8026E-05
   31.830   3.1012E-05
   31.840   3.3831E-05
   31.850   0.0000E+00
   31.860   0.0000E+00
   31.870   0.0000E+00
   31.880   0.0000E+00
   31.890   0.0000E+00
   31.900   0.0000E+00
   31.910   0.0000E+00
   31.920   0.0000E+00
   31.930   0.0000E+00
   31.940   0.0000E+00
   31.950   0.0000E+00
   31.960   0.0000E+00
   31.970   0.0000E+00
   31.980   0.0000E+00
   31.990   0.0000E+00
   32.000   0.0000E+00
   32.010   0.0000E+00
   32.020   0.0000E+00
   32.030   0.0000E+00
   32.040   0.0000E+00
   32.050   0.0000E+00
   32.060   0.0000E+00
   32.070   0.0000E+00
   32.080   0.0000E+00
   32.090   0.0000E+00
   32.100   0.0000E+00
   32.110   0.0000E+00
   32.120   0.0000E+00
   32.130   0.0000E+00
   32.140   0.0000E+00
   32.150   0.0000E+00
   32.160   0.0000E+00
   32.170   0.0000E+00
   32.180   0.0000E+00
   32.190   0.0000E+00
   32.200   0.0000E+00
   32.210   0.0000E+00
   32.220   0.0000E+00
   32.230   0.0000E+00
   32.240   0.0000E+00
   32.250   0.0000E+00
   32.260   0.0000E+00
   32.270   0.0000E+00
   32.280   0.0000E+00
   32.290   0.0000E+00
   32.300   0.0000E+00
   32.310   0.0000E+00
   32.320   0.0000E+00
   32.330   0.0000E+00
   32.340   0.0000E+00
   32.350   0.0000E+00
   32.360   0.0000E+00
   32.370   0.0000E+00
   32.380   0.0000E+00
   32.390   0.0000E+00
   32.400   0.0000E+00
   32.410   0.0000E+00
   32.420   0.0000E+00
   32.430   0.0000E+00
   32.440   0.0000E+00
   32.450   0.0000E+00
   32.460   0.0000E+00
   32.470   0.0000E+00
   32.480   0.0000E+00
   32.490   0.0000E+00
   32.500   0.0000E+00
   32.510   0.0000E+00
   32.520   0.0000E+00
   32.530   0.0000E+00
   32.540   0.0000E+00
   32.550   0.0000E+00
   32.560   0.0000E+00
   32.570   0.0000E+00
   32.580   0.0000E+00
   32.590   0.0000E+00
   32.600   0.0000E+00
   32.610   0.0000E+00
   32.620   0.0000E+00
   32.630   0.0000E+00
   32.640   0.0000E+00
   32.650   0.0000E+00
   32.660   0.0000E+00
   32.670   0.0000E+00
   32.680   0.0000E+00
   32.690   0.0000E+00
   32.700   0.0000E+00
   32.710   0.0000E+00
   32.720   0.0000E+00
   32.730   0.0000E+00
   32.740   0.0000E+00
   32.750   0.0000E+00
   32.760   0.0000E+00
   32.770   0.0000E+00
   32.780   0.0000E+00
   32.790   0.0000E+00
   32.800   0.0000E+00
   32.810   0.0000E+00
   32.820   0.0000E+00
   32.830   0.0000E+00
   32.840   0.0000E+00
   32.850   0.0000E+00
   32.860   0.0000E+00
   32.870   0.0000E+00
   32.880   0.0000E+00
   32.890   0.0000E+00
   32.900   0.0000E+00
   32.910   0.0000E+00
   32.920   0.0000E+00
   32.930   0.0000E+00
   32.940   0.0000E+00
   32.950   0.0000E+00
   32.960   0.0000E+00
   32.970   0.0000E+00
   32.980   0.0000E+00
   32.990   0.0000E+00
   33.000   0.0000E+00
   33.010   0.0000E+00
   33.020   0.0000E+00
   33.030   0.0000E+00
   33.040   0.0000E+00
   33.050   0.0000E+00
   33.060   0.0000E+00
   33.070   0.0000E+00
   33.080   0.0000E+00
   33.090   0.0000E+00
   33.100   0.0000E+00
   33.110   0.0000E+00
   33.120   0.0000E+00
   33.130   0.0000E+00
   33.140   0.0000E+00
   33.150   0.0000E+00
   33.160   0.0000E+00
   33.170   0.0000E+00
   33.180   0.0000E+00
   33.190   0.0000E+00
   33.200   0.0000E+00
   33.210   0.0000E+00
   33.220   0.0000E+00
   33.230   0.0000E+00
   33.240   0.0000E+00
   33.250   0.0000E+00
   33.260   0.0000E+00
   33.270   0.0000E+00
   33.280   0.0000E+00
   33.290   0.0000E+00
   33.300   0.0000E+00
   33.310   0.0000E+00
   33.320   0.0000E+00
   33.330   0.0000E+00
   33.340   0.0000E+00
   33.350   0.0000E+00
   33.360   0.0000E+00
   33.370   0.0000E+00
   33.380   0.0000E+00
   33.390   0.0000E+00
   33.400   0.0000E+00
   33.410   0.0000E+00
   33.420   0.0000E+00
   33.430   0.0000E+00
   33.440   0.0000E+00
   33.450   0.0000E+00
   33.460   0.0000E+00
   33.470   0.0000E+00
   33.480   0.0000E+00
   33.490   0.0000E+00
   33.500   0.0000E+00
   33.510   0.0000E+00
   33.520   0.0000E+00
   33.530   0.0000E+00
   33.540   0.0000E+00
   33.550   0.0000E+00
   33.560   0.0000E+00
   33.570   0.0000E+00
   33.580   0.0000E+00
   33.590   0.0000E+00
   33.600   0.0000E+00
   33.610   0.0000E+00
   33.620   0.0000E+00
   33.630   0.0000E+00
   33.640   0.0000E+00
   33.650   0.0000E+00
   33.660   0.0000E+00
   33.670   0.0000E+00
   33.680   0.0000E+00
   33.690   0.0000E+00
   33.700   0.0000E+00
   33.710   0.0000E+00
   33.720   0.0000E+00
   33.730   0.0000E+00
   33.740   0.0000E+00
   33.750   0.0000E+00
   33.760   0.0000E+00
   33.770   0.0000E+00
   33.780   0.0000E+00
   33.790   0.0000E+00
   33.800   0.0000E+00
   33.810   0.0000E+00
   33.820   0.0000E+00
   33.830   0.0000E+00
   33.840   0.0000E+00
   33.850   0.0000E+00
   33.860   0.0000E+00
   33.870   0.0000E+00
   33.880   0.0000E+00
   33.890   0.0000E+00
   33.900   0.0000E+00
   33.910   0.0000E+00
   33.920   0.0000E+00
   33.930   0.0000E+00
   33.940   0.0000E+00
   33.950   0.0000E+00
   33.960   0.0000E+00
   33.970   0.0000E+00
   33.980   0.0000E+00
   33.990   0.0000E+00
   34.000   0.0000E+00
   34.010   0.0000E+00
   34.020   0.0000E+00
   34.030   0.0000E+00
   34.040   0.0000E+00
   34.050   0.0000E+00
   34.060   0.0000E+00
   34.070   0.0000E+00
   34.080   0.0000E+00
   34.090   0.0000E+00
   34.100   0.0000E+00
   34.110   0.0000E+00
   34.120   0.0000E+00
   34.130   0.0000E+00
   34.140   0.0000E+00
   34.150   0.0000E+00
   34.160   0.0000E+00
   34.170   0.0000E+00
   34.180   0.0000E+00
   34.190   0.0000E+00
   34.200   0.0000E+00
   34.210   0.0000E+00
   34.220   0.0000E+00
   34.230   0.0000E+00
   34.240   0.0000E+00
   34.250   0.0000E+00
   34.260   0.0000E+00
   34.270   0.0000E+00
   34.280   0.0000E+00
   34.290   0.0000E+00
   34.300   0.0000E+00
   34.310   0.0000E+00
   34.320   0.0000E+00
   34.330   0.0000E+00
   34.340   0.0000E+00
   34.350   0.0000E+00
   34.360   0.0000E+00
   34.370   0.0000E+00
   34.380   0.0000E+00
   34.390   0.0000E+00
   34.400   0.0000E+00
   34.410   0.0000E+00
   34.420   0.0000E+00
   34.430   0.0000E+00
   34.440   0.0000E+00
   34.450   0.0000E+00
   34.460   0.0000E+00
   34.470   0.0000E+00
   34.480   0.0000E+00
   34.490   0.0000E+00
   34.500   0.0000E+00
   34.510   0.0000E+00
   34.520   0.0000E+00
   34.530   0.0000E+00
   34.540   0.0000E+00
   34.550   0.0000E+00
   34.560   0.0000E+00
   34.570   0.0000E+00
   34.580   0.0000E+00
   34.590   0.0000E+00
   34.600   0.0000E+00
   34.610   0.0000E+00
   34.620   0.0000E+00
   34.630   0.0000E+00
   34.640   0.0000E+00
   34.650   0.0000E+00
   34.660   0.0000E+00
   34.670   0.0000E+00
   34.680   0.0000E+00
   34.690   0.0000E+00
   34.700   0.0000E+00
   34.710   0.0000E+00
   34.720   0.0000E+00
   34.730   0.0000E+00
   34.740   0.0000E+00
   34.750   0.0000E+00
   34.760   0.0000E+00
   34.770   0.0000E+00
   34.780   0.0000E+00
   34.790   0.0000E+00
   34.800   0.0000E+00
   34.810   0.0000E+00
   34.820   0.0000E+00
   34.830   0.0000E+00
   34.840   0.0000E+00
   34.850   0.0000E+00
   34.860   0.0000E+00
   34.870   0.0000E+00
   34.880   0.0000E+00
   34.890   0.0000E+00
   34.900   0.0000E+00
   34.910   0.0000E+00
   34.920   0.0000E+00
   34.930   0.0000E+00
   34.940   0.0000E+00
   34.950   0.0000E+00
   34.960   0.0000E+00
   34.970   0.0000E+00
   34.980   0.0000E+00
   34.990   0.0000E+00
   35.000   0.0000E+00
   35.010   0.0000E+00
   35.020   0.0000E+00
   35.030   0.0000E+00
   35.040   0.0000E+00
   35.050   0.0000E+00
   35.060   0.0000E+00
   35.070   0.0000E+00
   35.080   0.0000E+00
   35.090   0.0000E+00
   35.100   0.0000E+00
   35.110   0.0000E+00
   35.120   0.0000E+00
   35.130   0.0000E+00
   35.140   0.0000E+00
   35.150   0.0000E+00
   35.160   0.0000E+00
   35.170   0.0000E+00
   35.180   0.0000E+00
   35.190   0.0000E+00
   35.200   0.0000E+00
   35.210   0.0000E+00
   35.220   0.0000E+00
   35.230   0.0000E+00
   35.240   0.0000E+00
   35.250   0.0000E+00
   35.260   0.0000E+00
   35.270   0.0000E+00
   35.280   0.0000E+00
   35.290   0.0000E+00
   35.300   0.0000E+00
   35.310   0.0000E+00
   35.320   0.0000E+00
   35.330   0.0000E+00
   35.340   0.0000E+00
   35.350   0.0000E+00
   35.360   0.0000E+00
   35.370   0.0000E+00
   35.380   0.0000E+00
   35.390   0.0000E+00
   35.400   0.0000E+00
   35.410   0.0000E+00
   35.420   0.0000E+00
   35.430   0.0000E+00
   35.440   0.0000E+00
   35.450   0.0000E+00
   35.460   0.0000E+00
   35.470   0.0000E+00
   35.480   0.0000E+00
   35.490   0.0000E+00
   35.500   0.0000E+00
   35.510   0.0000E+00
   35.520   0.0000E+00
   35.530   0.0000E+00
   35.540   0.0000E+00
   35.550   0.0000E+00
   35.560   0.0000E+00
   35.570   0.0000E+00
   35.580   0.0000E+00
   35.590   0.0000E+00
   35.600   0.0000E+00
   35.610   0.0000E+00
   35.620   0.0000E+00
   35.630   0.0000E+00
   35.640   0.0000E+00
   35.650   0.0000E+00
   35.660   0.0000E+00
   35.670   0.0000E+00
   35.680   0.0000E+00
   35.690   0.0000E+00
   35.700   0.0000E+00
   35.710   0.0000E+00
   35.720   0.0000E+00
   35.730   0.0000E+00
   35.740   0.0000E+00
   35.750   0.0000E+00
   35.760   0.0000E+00
   35.770   0.0000E+00
   35.780   0.0000E+00
   35.790   0.0000E+00
   35.800   0.0000E+00
   35.810   0.0000E+00
   35.820   0.0000E+00
   35.830   0.0000E+00
   35.840   0.0000E+00
   35.850   0.0000E+00
   35.860   0.0000E+00
   35.870   0.0000E+00
   35.880   0.0000E+00
   35.890   0.0000E+00
   35.900   0.0000E+00
   35.910   0.0000E+00
   35.920   0.0000E+00
   35.930   0.0000E+00
   35.940   0.0000E+00
   35.950   0.0000E+00
   35.960   0.0000E+00
   35.970   0.0000E+00
   35.980   0.0000E+00
   35.990   0.0000E+00
   36.000   0.0000E+00
   36.010   0.0000E+00
   36.020   0.0000E+00
   36.030   0.0000E+00
   36.040   0.0000E+00
   36.050   0.0000E+00
   36.060   0.0000E+00
   36.070   0.0000E+00
   36.080   0.0000E+00
   36.090   0.0000E+00
   36.100   0.0000E+00
   36.110   0.0000E+00
   36.120   0.0000E+00
   36.130   0.0000E+00
   36.140   0.0000E+00
   36.150   0.0000E+00
   36.160   0.0000E+00
   36.170   0.0000E+00
   36.180   0.0000E+00
   36.190   0.0000E+00
   36.200   0.0000E+00
   36.210   0.0000E+00
   36.220   0.0000E+00
   36.230   0.0000E+00
   36.240   0.0000E+00
   36.250   0.0000E+00
   36.260   0.0000E+00
   36.270   0.0000E+00
   36.280   0.0000E+00
   36.290   0.0000E+00
   36.300   0.0000E+00
   36.310   0.0000E+00
   36.320   0.0000E+00
   36.330   0.0000E+00
   36.340   0.0000E+00
   36.350   0.0000E+00
   36.360   0.0000E+00
   36.370   0.0000E+00
   36.380   0.0000E+00
   36.390   0.0000E+00
   36.400   0.0000E+00
   36.410   0.0000E+00
   36.420   0.0000E+00
   36.430   0.0000E+00
   36.440   0.0000E+00
   36.450   0.0000E+00
   36.460   0.0000E+00
   36.470   0.0000E+00
   36.480   0.0000E+00
   36.490   0.0000E+00
   36.500   0.0000E+00
   36.510   0.0000E+00
   36.520   0.0000E+00
   36.530   0.0000E+00
   36.540   0.0000E+00
   36.550   0.0000E+00
   36.560   0.0000E+00
   36.570   0.0000E+00
   36.580   0.0000E+00
   36.590   0.0000E+00
   36.600   0.0000E+00
   36.610   0.0000E+00
   36.620   0.0000E+00
   36.630   0.0000E+00
   36.640   0.0000E+00
   36.650   0.0000E+00
   36.660   0.0000E+00
   36.670   0.0000E+00
   36.680   0.0000E+00
   36.690   0.0000E+00
   36.700   0.0000E+00
   36.710   0.0000E+00
   36.720   0.0000E+00
   36.730   0.0000E+00
   36.740   0.0000E+00
   36.750   0.0000E+00
   36.760   0.0000E+00
   36.770   0.0000E+00
   36.780   0.0000E+00
   36.790   0.0000E+00
   36.800   0.0000E+00
   36.810   0.0000E+00
   36.820   0.0000E+00
   36.830   0.0000E+00
   36.840   0.0000E+00
   36.850   0.0000E+00
   36.860   0.0000E+00
   36.870   0.0000E+00
   36.880   0.0000E+00
   36.890   0.0000E+00
   36.900   0.0000E+00
   36.910   0.0000E+00
   36.920   0.0000E+00
   36.930   0.0000E+00
   36.940   0.0000E+00
   36.950   0.0000E+00
   36.960   0.0000E+00
   36.970   0.0000E+00
   36.980   0.0000E+00
   36.990   0.0000E+00
   37.000   0.0000E+00
   37.010   0.0000E+00
   37.020   0.0000E+00
   37.030   0.0000E+00
   37.040   0.0000E+00
   37.050   0.0000E+00
   37.060   0.0000E+00
   37.070   0.0000E+00
   37.080   0.0000E+00
   37.090   0.0000E+00
   37.100   0.0000E+00
   37.110   0.0000E+00
   37.120   0.0000E+00
   37.130   0.0000E+00
   37.140   0.0000E+00
   37.150   0.0000E+00
   37.160   0.0000E+00
   37.170   0.0000E+00
   37.180   0.0000E+00
   37.190   0.0000E+00
   37.200   0.0000E+00
   37.210   0.0000E+00
   37.220   0.0000E+00
   37.230   0.0000E+00
   37.240   0.0000E+00
   37.250   0.0000E+00
   37.260   0.0000E+00
   37.270   0.0000E+00
   37.280   0.0000E+00
   37.290   0.0000E+00
   37.300   0.0000E+00
   37.310   0.0000E+00
   37.320   0.0000E+00
   37.330   0.0000E+00
   37.340   0.0000E+00
   37.350   0.0000E+00
   37.360   0.0000E+00
   37.370   0.0000E+00
   37.380   0.0000E+00
   37.390   0.0000E+00
   37.400   0.0000E+00
   37.410   0.0000E+00
   37.420   0.0000E+00
   37.430   0.0000E+00
   37.440   0.0000E+00
   37.450   0.0000E+00
   37.460   0.0000E+00
   37.470   0.0000E+00
   37.480   0.0000E+00
   37.490   0.0000E+00
   37.500   0.0000E+00
   37.510   0.0000E+00
   37.520   0.0000E+00
   37.530   0.0000E+00
   37.540   0.0000E+00
   37.550   0.0000E+00
   37.560   0.0000E+00
   37.570   0.0000E+00
   37.580   0.0000E+00
   37.590   0.0000E+00
   37.600   0.0000E+00
   37.610   0.0000E+00
   37.620   0.0000E+00
   37.630   0.0000E+00
   37.640   0.0000E+00
   37.650   0.0000E+00
   37.660   0.0000E+00
   37.670   0.0000E+00
   37.680   0.0000E+00
   37.690   0.0000E+00
   37.700   0.0000E+00
   37.710   0.0000E+00
   37.720   0.0000E+00
   37.730   0.0000E+00
   37.740   0.0000E+00
   37.750   0.0000E+00
   37.760   0.0000E+00
   37.770   0.0000E+00
   37.780   0.0000E+00
   37.790   0.0000E+00
   37.800   0.0000E+00
   37.810   0.0000E+00
   37.820   0.0000E+00
   37.830   0.0000E+00
   37.840   0.0000E+00
   37.850   0.0000E+00
   37.860   0.0000E+00
   37.870   0.0000E+00
   37.880   0.0000E+00
   37.890   0.0000E+00
   37.900   0.0000E+00
   37.910   0.0000E+00
   37.920   0.0000E+00
   37.930   0.0000E+00
   37.940   0.0000E+00
   37.950   0.0000E+00
   37.960   0.0000E+00
   37.970   0.0000E+00
   37.980   0.0000E+00
   37.990   0.0000E+00
   38.000   0.0000E+00
   38.010   0.0000E+00
   38.020   0.0000E+00
   38.030   0.0000E+00
   38.040   0.0000E+00
   38.050   0.0000E+00
   38.060   0.0000E+00
   38.070   0.0000E+00
   38.080   0.0000E+00
   38.090   0.0000E+00
   38.100   0.0000E+00
   38.110   0.0000E+00
   38.120   0.0000E+00
   38.130   0.0000E+00
   38.140   0.0000E+00
   38.150   0.0000E+00
   38.160   0.0000E+00
   38.170   0.0000E+00
   38.180   0.0000E+00
   38.190   0.0000E+00
   38.200   0.0000E+00
   38.210   0.0000E+00
   38.220   0.0000E+00
   38.230   0.0000E+00
   38.240   0.0000E+00
   38.250   0.0000E+00
   38.260   0.0000E+00
   38.270   0.0000E+00
   38.280   0.0000E+00
   38.290   0.0000E+00
   38.300   0.0000E+00
   38.310   0.0000E+00
   38.320   0.0000E+00
   38.330   0.0000E+00
   38.340   0.0000E+00
   38.350   0.0000E+00
   38.360   0.0000E+00
   38.370   0.0000E+00
   38.380   0.0000E+00
   38.390   0.0000E+00
   38.400   0.0000E+00
   38.410   0.0000E+00
   38.420   0.0000E+00
   38.430   0.0000E+00
   38.440   0.0000E+00
   38.450   0.0000E+00
   38.460   0.0000E+00
   38.470   0.0000E+00
   38.480   0.0000E+00
   38.490   0.0000E+00
   38.500   0.0000E+00
   38.510   0.0000E+00
   38.520   0.0000E+00
   38.530   0.0000E+00
   38.540   0.0000E+00
   38.550   0.0000E+00
   38.560   0.0000E+00
   38.570   0.0000E+00
   38.580   0.0000E+00
   38.590   0.0000E+00
   38.600   0.0000E+00
   38.610   0.0000E+00
   38.620   0.0000E+00
   38.630   0.0000E+00
   38.640   0.0000E+00
   38.650   0.0000E+00
   38.660   0.0000E+00
   38.670   0.0000E+00
   38.680   0.0000E+00
   38.690   0.0000E+00
   38.700   0.0000E+00
   38.710   0.0000E+00
   38.720   0.0000E+00
   38.730   0.0000E+00
   38.740   0.0000E+00
   38.750   0.0000E+00
   38.760   0.0000E+00
   38.770   0.0000E+00
   38.780   0.0000E+00
   38.790   0.0000E+00
   38.800   0.0000E+00
   38.810   0.0000E+00
   38.820   0.0000E+00
   38.830   0.0000E+00
   38.840   0.0000E+00
   38.850   0.0000E+00
   38.860   0.0000E+00
   38.870   0.0000E+00
   38.880   0.0000E+00
   38.890   0.0000E+00
   38.900   0.0000E+00
   38.910   0.0000E+00
   38.920   0.0000E+00
   38.930   0.0000E+00
   38.940   0.0000E+00
   38.950   0.0000E+00
   38.960   0.0000E+00
   38.970   0.0000E+00
   38.980   0.0000E+00
   38.990   0.0000E+00
   39.000   0.0000E+00
   39.010   0.0000E+00
   39.020   0.0000E+00
   39.030   0.0000E+00
   39.040   0.0000E+00
   39.050   0.0000E+00
   39.060   0.0000E+00
   39.070   0.0000E+00
   39.080   0.0000E+00
   39.090   0.0000E+00
   39.100   0.0000E+00
   39.110   0.0000E+00
   39.120   0.0000E+00
   39.130   0.0000E+00
   39.140   0.0000E+00
   39.150   0.0000E+00
   39.160   0.0000E+00
   39.170   0.0000E+00
   39.180   0.0000E+00
   39.190   0.0000E+00
   39.200   0.0000E+00
   39.210   0.0000E+00
   39.220   0.0000E+00
   39.230   0.0000E+00
   39.240   0.0000E+00
   39.250   0.0000E+00
   39.260   0.0000E+00
   39.270   0.0000E+00
   39.280   0.0000E+00
   39.290   0.0000E+00
   39.300   0.0000E+00
   39.310   0.0000E+00
   39.320   0.0000E+00
   39.330   0.0000E+00
   39.340   0.0000E+00
   39.350   0.0000E+00
   39.360   0.0000E+00
   39.370   0.0000E+00
   39.380   0.0000E+00
   39.390   0.0000E+00
   39.400   0.0000E+00
   39.410   0.0000E+00
   39.420   0.0000E+00
   39.430   0.0000E+00
   39.440   0.0000E+00
   39.450   0.0000E+00
   39.460   0.0000E+00
   39.470   0.0000E+00
   39.480   0.0000E+00
   39.490   0.0000E+00
   39.500   0.0000E+00
   39.510   0.0000E+00
   39.520   0.0000E+00
   39.530   0.0000E+00
   39.540   0.0000E+00
   39.550   0.0000E+00
   39.560   0.0000E+00
   39.570   0.0000E+00
   39.580   0.0000E+00
   39.590   0.0000E+00
   39.600   0.0000E+00
   39.610   0.0000E+00
   39.620   0.0000E+00
   39.630   0.0000E+00
   39.640   0.0000E+00
   39.650   0.0000E+00
   39.660   0.0000E+00
   39.670   0.0000E+00
   39.680   0.0000E+00
   39.690   0.0000E+00
   39.700   0.0000E+00
   39.710   0.0000E+00
   39.720   0.0000E+00
   39.730   0.0000E+00
   39.740   0.0000E+00
   39.750   0.0000E+00
   39.760   0.0000E+00
   39.770   0.0000E+00
   39.780   0.0000E+00
   39.790   0.0000E+00
   39.800   0.0000E+00
   39.810   0.0000E+00
   39.820   0.0000E+00
   39.830   0.0000E+00
   39.840   0.0000E+00
   39.850   0.0000E+00
   39.860   0.0000E+00
   39.870   0.0000E+00
   39.880   0.0000E+00
   39.890   0.0000E+00
   39.900   0.0000E+00
   39.910   0.0000E+00
   39.920   0.0000E+00
   39.930   0.0000E+00
   39.940   0.0000E+00
   39.950   0.0000E+00
   39.960   0.0000E+00
   39.970   0.0000E+00
   39.980   0.0000E+00
   39.990   0.0000E+00
   40.000   0.0000E+00
   40.010   0.0000E+00
   40.020   0.0000E+00
   40.030   0.0000E+00
   40.040   0.0000E+00
   40.050   0.0000E+00
   40.060   0.0000E+00
   40.070   0.0000E+00
   40.080   0.0000E+00
   40.090   0.0000E+00
   40.100   0.0000E+00
   40.110   0.0000E+00
   40.120   0.0000E+00
   40.130   0.0000E+00
   40.140   0.0000E+00
   40.150   0.0000E+00
   40.160   0.0000E+00
   40.170   0.0000E+00
   40.180   0.0000E+00
   40.190   0.0000E+00
   40.200   0.0000E+00
   40.210   0.0000E+00
   40.220   0.0000E+00
   40.230   0.0000E+00
   40.240   0.0000E+00
   40.250   0.0000E+00
   40.260   0.0000E+00
   40.270   0.0000E+00
   40.280   0.0000E+00
   40.290   0.0000E+00
   40.300   0.0000E+00
   40.310   0.0000E+00
   40.320   0.0000E+00
   40.330   0.0000E+00
   40.340   0.0000E+00
   40.350   0.0000E+00
   40.360   0.0000E+00
   40.370   0.0000E+00
   40.380   0.0000E+00
   40.390   0.0000E+00
   40.400   0.0000E+00
   40.410   0.0000E+00
   40.420   0.0000E+00
   40.430   0.0000E+00
   40.440   0.0000E+00
   40.450   0.0000E+00
   40.460   0.0000E+00
   40.470   0.0000E+00
   40.480   0.0000E+00
   40.490   0.0000E+00
   40.500   0.0000E+00
   40.510   0.0000E+00
   40.520   0.0000E+00
   40.530   0.0000E+00
   40.540   0.0000E+00
   40.550   0.0000E+00
   40.560   0.0000E+00
   40.570   0.0000E+00
   40.580   0.0000E+00
   40.590   0.0000E+00
   40.600   0.0000E+00
   40.610   0.0000E+00
   40.620   0.0000E+00
   40.630   0.0000E+00
   40.640   0.0000E+00
   40.650   0.0000E+00
   40.660   0.0000E+00
   40.670   0.0000E+00
   40.680   0.0000E+00
   40.690   0.0000E+00
   40.700   0.0000E+00
   40.710   0.0000E+00
   40.720   0.0000E+00
   40.730   0.0000E+00
   40.740   0.0000E+00
   40.750   0.0000E+00
   40.760   0.0000E+00
   40.770   0.0000E+00
   40.780   0.0000E+00
   40.790   0.0000E+00
   40.800   0.0000E+00
   40.810   0.0000E+00
   40.820   0.0000E+00
   40.830   0.0000E+00
   40.840   0.0000E+00
   40.850   0.0000E+00
   40.860   0.0000E+00
   40.870   0.0000E+00
   40.880   0.0000E+00
   40.890   0.0000E+00
   40.900   0.0000E+00
   40.910   0.0000E+00
   40.920   0.0000E+00
   40.930   0.0000E+00
   40.940   0.0000E+00
   40.950   0.0000E+00
