**********************************************
*******  Acceleration Time Series ************
*** Site #   1
*** trial   10
Input Parameters file =  aqv_0604__parameters.out                                                                                                
  4096 samples
dt:  0.010 sec
data format: (1x,f8.3,1p,2x,e11.4)
maximum absolute acceleration: 242.64
fault Dis.(km)=    6.43
Hypo  Dis.(km)=   12.05
  time(s) acc(cm/s**2)
    0.000   0.0000E+00
    0.010   0.0000E+00
    0.020   0.0000E+00
    0.030   0.0000E+00
    0.040   0.0000E+00
    0.050   0.0000E+00
    0.060   0.0000E+00
    0.070   0.0000E+00
    0.080   0.0000E+00
    0.090   0.0000E+00
    0.100   0.0000E+00
    0.110   0.0000E+00
    0.120   0.0000E+00
    0.130   0.0000E+00
    0.140   0.0000E+00
    0.150  -1.4294E-03
    0.160  -1.5063E-03
    0.170  -1.5235E-03
    0.180  -1.5301E-03
    0.190  -1.5733E-03
    0.200  -1.6531E-03
    0.210  -1.6688E-03
    0.220  -1.6674E-03
    0.230  -1.7002E-03
    0.240  -1.7719E-03
    0.250  -1.7834E-03
    0.260  -1.7808E-03
    0.270  -1.8119E-03
    0.280  -1.8837E-03
    0.290  -1.8932E-03
    0.300  -1.8833E-03
    0.310  -1.9028E-03
    0.320  -1.9623E-03
    0.330  -1.9625E-03
    0.340  -1.9471E-03
    0.350  -1.9662E-03
    0.360  -2.0276E-03
    0.370  -2.0256E-03
    0.380  -2.0015E-03
    0.390  -2.0075E-03
    0.400  -2.0569E-03
    0.410  -2.0463E-03
    0.420  -2.0191E-03
    0.430  -2.0253E-03
    0.440  -2.0804E-03
    0.450  -2.0701E-03
    0.460  -2.0327E-03
    0.470  -2.0227E-03
    0.480  -2.0630E-03
    0.490  -2.8447E-03
    0.500  -3.0126E-03
    0.510  -3.1191E-03
    0.520  -3.0645E-03
    0.530  -3.0408E-03
    0.540  -3.1774E-03
    0.550  -3.2616E-03
    0.560  -3.1970E-03
    0.570  -3.1790E-03
    0.580  -3.3339E-03
    0.590  -3.4319E-03
    0.600  -3.3612E-03
    0.610  -3.3183E-03
    0.620  -3.4483E-03
    0.630  -3.5357E-03
    0.640  -3.4643E-03
    0.650  -3.4242E-03
    0.660  -3.5673E-03
    0.670  -3.0764E-03
    0.680  -3.0523E-03
    0.690  -2.9858E-03
    0.700  -3.0523E-03
    0.710  -3.1344E-03
    0.720  -3.1138E-03
    0.730  -3.0580E-03
    0.740  -3.1356E-03
    0.750  -3.2180E-03
    0.760  -3.1869E-03
    0.770  -3.1176E-03
    0.780  -3.2433E-03
    0.790  -3.7154E-03
    0.800  -3.6644E-03
    0.810  -3.5779E-03
    0.820  -3.6310E-03
    0.830  -3.7219E-03
    0.840  -3.6787E-03
    0.850  -3.6802E-03
    0.860  -3.7830E-03
    0.870  -3.9111E-03
    0.880  -3.8681E-03
    0.890  -3.7706E-03
    0.900  -3.8532E-03
    0.910  -3.9699E-03
    0.920  -3.9349E-03
    0.930  -3.8580E-03
    0.940  -3.9689E-03
    0.950  -4.1042E-03
    0.960  -4.0595E-03
    0.970  -3.9615E-03
    0.980  -4.0522E-03
    0.990  -4.1898E-03
    1.000  -4.1602E-03
    1.010  -2.4139E-03
    1.020  -2.4762E-03
    1.030  -2.5939E-03
    1.040  -2.5332E-03
    1.050  -2.3736E-03
    1.060  -3.4681E-03
    1.070  -3.6459E-03
    1.080  -3.5544E-03
    1.090  -3.4267E-03
    1.100  -3.5964E-03
    1.110  -3.8073E-03
    1.120  -3.7327E-03
    1.130  -3.5968E-03
    1.140  -3.7585E-03
    1.150  -3.9771E-03
    1.160  -4.5603E-03
    1.170  -4.4301E-03
    1.180  -4.6548E-03
    1.190  -4.9645E-03
    1.200  -4.9713E-03
    1.210  -4.8357E-03
    1.220  -5.0569E-03
    1.230  -5.3813E-03
    1.240  -6.2021E-03
    1.250  -5.3307E-03
    1.260  -5.4605E-03
    1.270  -5.7253E-03
    1.280  -5.4926E-03
    1.290  -6.4611E-03
    1.300  -6.8331E-03
    1.310  -6.9812E-03
    1.320  -6.8860E-03
    1.330  -7.0191E-03
    1.340  -7.4218E-03
    1.350  -7.5639E-03
    1.360  -7.7377E-03
    1.370  -7.8408E-03
    1.380  -8.2441E-03
    1.390  -8.2860E-03
    1.400  -8.0520E-03
    1.410  -9.1019E-03
    1.420  -9.6881E-03
    1.430  -9.5609E-03
    1.440  -9.1672E-03
    1.450  -9.1209E-03
    1.460  -7.1788E-03
    1.470  -7.3051E-03
    1.480  -6.6658E-03
    1.490  -6.5565E-03
    1.500  -7.2373E-03
    1.510  -7.4051E-03
    1.520  -6.7104E-03
    1.530  -6.4725E-03
    1.540  -7.0733E-03
    1.550  -7.2436E-03
    1.560  -6.6217E-03
    1.570  -6.2971E-03
    1.580  -6.4843E-03
    1.590  -6.6729E-03
    1.600  -6.1734E-03
    1.610  -5.9103E-03
    1.620  -6.3825E-03
    1.630  -6.5977E-03
    1.640  -6.1912E-03
    1.650  -7.1860E-03
    1.660  -7.8977E-03
    1.670  -8.1548E-03
    1.680  -7.4600E-03
    1.690  -7.0765E-03
    1.700  -7.7642E-03
    1.710  -8.1054E-03
    1.720  -7.4945E-03
    1.730  -7.1551E-03
    1.740  -7.9468E-03
    1.750  -8.2954E-03
    1.760  -7.6570E-03
    1.770  -7.4020E-03
    1.780  -8.0831E-03
    1.790  -8.6459E-03
    1.800  -8.1780E-03
    1.810  -7.1173E-03
    1.820  -7.8643E-03
    1.830  -8.4440E-03
    1.840  -7.8909E-03
    1.850  -7.0468E-03
    1.860  -7.7390E-03
    1.870  -8.3686E-03
    1.880  -7.9188E-03
    1.890  -7.4175E-03
    1.900  -8.0294E-03
    1.910  -8.6177E-03
    1.920  -8.1203E-03
    1.930  -7.6777E-03
    1.940  -8.4499E-03
    1.950  -9.1104E-03
    1.960  -7.8741E-03
    1.970  -7.4947E-03
    1.980  -8.2234E-03
    1.990  -8.8188E-03
    2.000  -8.3882E-03
    2.010  -7.9651E-03
    2.020  -8.7016E-03
    2.030  -9.3820E-03
    2.040  -9.0498E-03
    2.050  -8.6815E-03
    2.060  -9.4579E-03
    2.070  -1.0197E-02
    2.080  -9.8432E-03
    2.090  -9.7567E-03
    2.100  -1.0557E-02
    2.110  -1.1765E-02
    2.120  -1.1527E-02
    2.130  -1.0934E-02
    2.140  -1.1831E-02
    2.150  -1.3350E-02
    2.160  -1.3169E-02
    2.170  -1.2851E-02
    2.180  -1.3724E-02
    2.190  -1.4636E-02
    2.200  -1.5114E-02
    2.210  -1.4816E-02
    2.220  -1.5733E-02
    2.230  -1.6715E-02
    2.240  -1.6609E-02
    2.250  -1.6618E-02
    2.260  -1.7580E-02
    2.270  -1.8689E-02
    2.280  -1.8704E-02
    2.290  -1.8420E-02
    2.300  -2.0068E-02
    2.310  -2.1204E-02
    2.320  -2.1272E-02
    2.330  -2.1015E-02
    2.340  -2.2009E-02
    2.350  -2.3176E-02
    2.360  -2.3110E-02
    2.370  -2.2252E-02
    2.380  -2.4646E-02
    2.390  -2.5971E-02
    2.400  -2.6088E-02
    2.410  -2.5778E-02
    2.420  -2.6855E-02
    2.430  -2.8209E-02
    2.440  -2.8376E-02
    2.450  -2.8071E-02
    2.460  -2.9171E-02
    2.470  -3.0604E-02
    2.480  -3.0812E-02
    2.490  -3.0468E-02
    2.500  -3.1515E-02
    2.510  -3.2953E-02
    2.520  -3.3242E-02
    2.530  -3.2963E-02
    2.540  -3.4066E-02
    2.550  -3.6125E-02
    2.560  -3.6401E-02
    2.570  -3.6077E-02
    2.580  -3.7114E-02
    2.590  -3.8568E-02
    2.600  -3.8957E-02
    2.610  -3.8696E-02
    2.620  -3.9770E-02
    2.630  -4.1251E-02
    2.640  -4.2598E-02
    2.650  -4.1912E-02
    2.660  -4.2939E-02
    2.670  -4.5255E-02
    2.680  -4.5926E-02
    2.690  -4.5695E-02
    2.700  -4.6776E-02
    2.710  -4.8364E-02
    2.720  -4.8773E-02
    2.730  -4.8541E-02
    2.740  -4.9748E-02
    2.750  -5.1563E-02
    2.760  -5.3662E-02
    2.770  -5.3550E-02
    2.780  -5.4588E-02
    2.790  -5.6339E-02
    2.800  -5.7066E-02
    2.810  -5.5936E-02
    2.820  -5.7191E-02
    2.830  -5.9119E-02
    2.840  -5.9874E-02
    2.850  -5.9714E-02
    2.860  -6.1608E-02
    2.870  -6.3442E-02
    2.880  -6.4109E-02
    2.890  -6.3253E-02
    2.900  -6.4623E-02
    2.910  -6.6666E-02
    2.920  -6.7507E-02
    2.930  -6.7348E-02
    2.940  -6.8576E-02
    2.950  -7.0573E-02
    2.960  -7.1442E-02
    2.970  -7.1445E-02
    2.980  -7.2689E-02
    2.990  -7.4906E-02
    3.000  -7.5813E-02
    3.010  -7.6381E-02
    3.020  -8.0024E-02
    3.030  -8.2026E-02
    3.040  -8.3509E-02
    3.050  -8.3592E-02
    3.060  -8.5117E-02
    3.070  -8.7221E-02
    3.080  -8.8410E-02
    3.090  -8.8415E-02
    3.100  -8.9782E-02
    3.110  -9.2171E-02
    3.120  -9.2994E-02
    3.130  -9.3233E-02
    3.140  -9.5179E-02
    3.150  -9.7921E-02
    3.160  -9.8930E-02
    3.170  -9.8843E-02
    3.180  -1.0055E-01
    3.190  -1.0335E-01
    3.200  -1.0494E-01
    3.210  -1.0527E-01
    3.220  -1.0725E-01
    3.230  -1.1040E-01
    3.240  -1.1198E-01
    3.250  -1.1217E-01
    3.260  -1.1386E-01
    3.270  -1.1721E-01
    3.280  -1.1930E-01
    3.290  -1.2043E-01
    3.300  -1.2414E-01
    3.310  -1.2745E-01
    3.320  -1.2895E-01
    3.330  -1.2920E-01
    3.340  -1.3177E-01
    3.350  -1.3651E-01
    3.360  -1.3937E-01
    3.370  -1.3974E-01
    3.380  -1.4247E-01
    3.390  -1.4623E-01
    3.400  -1.4854E-01
    3.410  -1.4877E-01
    3.420  -1.4977E-01
    3.430  -1.5568E-01
    3.440  -1.5950E-01
    3.450  -1.6109E-01
    3.460  -1.6349E-01
    3.470  -1.6669E-01
    3.480  -1.6860E-01
    3.490  -1.6748E-01
    3.500  -1.7110E-01
    3.510  -1.7659E-01
    3.520  -1.8022E-01
    3.530  -1.8196E-01
    3.540  -1.8522E-01
    3.550  -1.8946E-01
    3.560  -1.9161E-01
    3.570  -1.9254E-01
    3.580  -1.9631E-01
    3.590  -2.0357E-01
    3.600  -2.0963E-01
    3.610  -2.1200E-01
    3.620  -2.1453E-01
    3.630  -2.1915E-01
    3.640  -2.2364E-01
    3.650  -2.2757E-01
    3.660  -2.3319E-01
    3.670  -2.4159E-01
    3.680  -2.4869E-01
    3.690  -2.5305E-01
    3.700  -2.5742E-01
    3.710  -2.6349E-01
    3.720  -2.6700E-01
    3.730  -2.7067E-01
    3.740  -2.7940E-01
    3.750  -2.9124E-01
    3.760  -2.9899E-01
    3.770  -2.9983E-01
    3.780  -3.0072E-01
    3.790  -3.0488E-01
    3.800  -3.1101E-01
    3.810  -3.1567E-01
    3.820  -3.2217E-01
    3.830  -3.3164E-01
    3.840  -3.3886E-01
    3.850  -3.4125E-01
    3.860  -3.4167E-01
    3.870  -3.4387E-01
    3.880  -3.4901E-01
    3.890  -3.5834E-01
    3.900  -3.7292E-01
    3.910  -3.8719E-01
    3.920  -3.9307E-01
    3.930  -3.9204E-01
    3.940  -3.9581E-01
    3.950  -4.0830E-01
    3.960  -4.2355E-01
    3.970  -4.3661E-01
    3.980  -4.5173E-01
    3.990  -4.7069E-01
    4.000  -4.8511E-01
    4.010  -4.8880E-01
    4.020  -4.8912E-01
    4.030  -4.9821E-01
    4.040  -5.1864E-01
    4.050  -5.4400E-01
    4.060  -5.6534E-01
    4.070  -5.7511E-01
    4.080  -5.7225E-01
    4.090  -5.6600E-01
    4.100  -5.6935E-01
    4.110  -5.8298E-01
    4.120  -5.9650E-01
    4.130  -6.0735E-01
    4.140  -6.1649E-01
    4.150  -6.2597E-01
    4.160  -6.2145E-01
    4.170  -5.9966E-01
    4.180  -5.8300E-01
    4.190  -5.9480E-01
    4.200  -6.2888E-01
    4.210  -6.5921E-01
    4.220  -6.6739E-01
    4.230  -6.5761E-01
    4.240  -6.4768E-01
    4.250  -6.5259E-01
    4.260  -6.7759E-01
    4.270  -7.1705E-01
    4.280  -7.5914E-01
    4.290  -8.0199E-01
    4.300  -8.4467E-01
    4.310  -8.7369E-01
    4.320  -8.7600E-01
    4.330  -8.6977E-01
    4.340  -9.0064E-01
    4.350  -9.8694E-01
    4.360  -1.0844E+00
    4.370  -1.1312E+00
    4.380  -1.1183E+00
    4.390  -1.0886E+00
    4.400  -1.0811E+00
    4.410  -1.0958E+00
    4.420  -1.1164E+00
    4.430  -1.1372E+00
    4.440  -1.1593E+00
    4.450  -1.1691E+00
    4.460  -1.1385E+00
    4.470  -1.0496E+00
    4.480  -9.3114E-01
    4.490  -8.5645E-01
    4.500  -8.8139E-01
    4.510  -9.6787E-01
    4.520  -1.0050E+00
    4.530  -9.2814E-01
    4.540  -7.9884E-01
    4.550  -7.2861E-01
    4.560  -7.5365E-01
    4.570  -8.2463E-01
    4.580  -9.0900E-01
    4.590  -1.0290E+00
    4.600  -1.1878E+00
    4.610  -1.3133E+00
    4.620  -1.3347E+00
    4.630  -1.2941E+00
    4.640  -1.3424E+00
    4.650  -1.5942E+00
    4.660  -1.9967E+00
    4.670  -2.3489E+00
    4.680  -2.4781E+00
    4.690  -2.4106E+00
    4.700  -2.3357E+00
    4.710  -2.3891E+00
    4.720  -2.5205E+00
    4.730  -2.6085E+00
    4.740  -2.6472E+00
    4.750  -2.7003E+00
    4.760  -2.7007E+00
    4.770  -2.4471E+00
    4.780  -1.8988E+00
    4.790  -1.3432E+00
    4.800  -1.1304E+00
    4.810  -1.2510E+00
    4.820  -1.3049E+00
    4.830  -9.2588E-01
    4.840  -1.6827E-01
    4.850   5.6963E-01
    4.860   9.4166E-01
    4.870   9.2714E-01
    4.880   7.1699E-01
    4.890   4.2866E-01
    4.900   2.5675E-02
    4.910  -4.3681E-01
    4.920  -6.6414E-01
    4.930  -4.3853E-01
    4.940  -1.4128E-01
    4.950  -6.3196E-01
    4.960  -2.3476E+00
    4.970  -4.6109E+00
    4.980  -6.2254E+00
    4.990  -6.7651E+00
    5.000  -6.9722E+00
    5.010  -7.6839E+00
    5.020  -8.7836E+00
    5.030  -9.5236E+00
    5.040  -9.6712E+00
    5.050  -9.6684E+00
    5.060  -9.6791E+00
    5.070  -9.0468E+00
    5.080  -7.2729E+00
    5.090  -5.0694E+00
    5.100  -3.8749E+00
    5.110  -4.0164E+00
    5.120  -3.9735E+00
    5.130  -1.3929E+00
    5.140   5.1872E+00
    5.150   1.5816E+01
    5.160   2.6022E+01
    5.170   2.8879E+01
    5.180   2.7216E+01
    5.190   2.7096E+01
    5.200   2.6306E+01
    5.210   1.9751E+01
    5.220   1.3127E+01
    5.230   1.6103E+01
    5.240   2.5655E+01
    5.250   3.0338E+01
    5.260   2.9312E+01
    5.270   2.6462E+01
    5.280   2.1550E+01
    5.290   1.4601E+01
    5.300   6.4394E+00
    5.310  -8.2872E-01
    5.320  -8.9648E+00
    5.330  -1.8124E+01
    5.340  -2.4413E+01
    5.350  -2.7529E+01
    5.360  -3.1793E+01
    5.370  -3.3026E+01
    5.380  -2.7365E+01
    5.390  -2.0466E+01
    5.400  -1.4977E+01
    5.410  -1.1881E+01
    5.420  -7.9357E+00
    5.430  -5.3979E+00
    5.440  -6.9306E+00
    5.450  -7.6125E+00
    5.460  -4.6713E+00
    5.470   3.4338E+00
    5.480   1.7181E+01
    5.490   2.9818E+01
    5.500   3.7577E+01
    5.510   3.9202E+01
    5.520   3.6050E+01
    5.530   3.1021E+01
    5.540   2.7439E+01
    5.550   2.5351E+01
    5.560   2.3899E+01
    5.570   2.6594E+01
    5.580   3.0109E+01
    5.590   2.8399E+01
    5.600   1.8698E+01
    5.610   3.9051E+00
    5.620  -9.1643E+00
    5.630  -1.5023E+01
    5.640  -1.0360E+01
    5.650  -4.6097E+00
    5.660  -1.1021E+01
    5.670  -1.6769E+01
    5.680  -3.0369E+00
    5.690   1.4058E+01
    5.700   1.5027E+01
    5.710   7.5960E+00
    5.720   3.8534E+00
    5.730   4.5905E+00
    5.740   2.0341E+00
    5.750  -4.6536E+00
    5.760  -5.5850E+00
    5.770   1.9014E+00
    5.780   1.0868E+01
    5.790   1.2596E+01
    5.800   2.3661E+00
    5.810  -1.3767E+01
    5.820  -2.3299E+01
    5.830  -1.8364E+01
    5.840  -4.2565E-01
    5.850   1.7824E+01
    5.860   2.3438E+01
    5.870   1.2690E+01
    5.880   1.4625E+00
    5.890  -3.0950E+00
    5.900  -2.4848E+00
    5.910  -4.4333E+00
    5.920   1.1616E-01
    5.930   1.4172E+01
    5.940   3.0070E+01
    5.950   4.0773E+01
    5.960   3.4295E+01
    5.970   1.4499E+01
    5.980  -3.2241E+00
    5.990  -1.0428E+01
    6.000  -7.9747E+00
    6.010  -6.2516E+00
    6.020  -8.0857E+00
    6.030  -6.2356E+00
    6.040  -3.0859E+00
    6.050  -9.8249E+00
    6.060  -2.8119E+01
    6.070  -4.1280E+01
    6.080  -4.5033E+01
    6.090  -4.4320E+01
    6.100  -3.0323E+01
    6.110  -8.3917E+00
    6.120   1.1893E+01
    6.130   2.7682E+01
    6.140   3.6201E+01
    6.150   4.0112E+01
    6.160   4.4589E+01
    6.170   4.3135E+01
    6.180   3.9961E+01
    6.190   4.4960E+01
    6.200   4.6637E+01
    6.210   4.1482E+01
    6.220   2.9857E+01
    6.230   2.1310E+01
    6.240   2.0136E+01
    6.250   2.9172E+01
    6.260   4.3903E+01
    6.270   5.7057E+01
    6.280   6.5750E+01
    6.290   5.9142E+01
    6.300   3.8409E+01
    6.310   2.3065E+01
    6.320   9.6029E+00
    6.330   7.9579E+00
    6.340   3.2395E+01
    6.350   5.5329E+01
    6.360   5.8032E+01
    6.370   5.0992E+01
    6.380   3.3233E+01
    6.390   3.0628E+00
    6.400  -1.4257E+01
    6.410  -8.8574E+00
    6.420  -1.2813E+01
    6.430  -3.6479E+01
    6.440  -5.6080E+01
    6.450  -5.4678E+01
    6.460  -4.4608E+01
    6.470  -3.8980E+01
    6.480  -3.5031E+01
    6.490  -2.3634E+01
    6.500  -4.7439E+00
    6.510   1.6334E+00
    6.520  -1.0434E+01
    6.530  -2.5845E+01
    6.540  -2.7028E+01
    6.550  -1.9455E+01
    6.560  -2.6662E+01
    6.570  -4.6789E+01
    6.580  -7.5624E+01
    6.590  -8.9129E+01
    6.600  -8.4747E+01
    6.610  -8.7506E+01
    6.620  -8.7745E+01
    6.630  -5.6886E+01
    6.640   1.2937E+01
    6.650   7.3664E+01
    6.660   9.1676E+01
    6.670   7.1751E+01
    6.680   4.2520E+01
    6.690   2.9529E+01
    6.700   3.1712E+01
    6.710   4.8819E+01
    6.720   7.2644E+01
    6.730   8.6163E+01
    6.740   7.3426E+01
    6.750   4.9748E+01
    6.760   3.0297E+01
    6.770   1.0926E+01
    6.780  -1.8440E+01
    6.790  -4.1602E+01
    6.800  -5.6414E+01
    6.810  -7.1074E+01
    6.820  -8.3998E+01
    6.830  -8.6299E+01
    6.840  -7.2446E+01
    6.850  -4.8198E+01
    6.860  -3.9699E+01
    6.870  -5.2913E+01
    6.880  -7.3851E+01
    6.890  -1.0026E+02
    6.900  -1.0239E+02
    6.910  -5.9473E+01
    6.920   3.4216E+00
    6.930   3.9611E+01
    6.940   4.2915E+01
    6.950   3.8027E+01
    6.960   3.4519E+01
    6.970   2.3526E+01
    6.980   2.3462E+00
    6.990  -4.4191E+00
    7.000   1.6927E+01
    7.010   4.1170E+01
    7.020   5.0193E+01
    7.030   3.9302E+01
    7.040   1.8505E+01
    7.050   9.3642E+00
    7.060   2.5837E+01
    7.070   5.5654E+01
    7.080   5.5087E+01
    7.090   7.7022E+00
    7.100  -4.9803E+01
    7.110  -7.6349E+01
    7.120  -7.9666E+01
    7.130  -6.8892E+01
    7.140  -6.4393E+01
    7.150  -7.3357E+01
    7.160  -9.4387E+01
    7.170  -1.1498E+02
    7.180  -1.3716E+02
    7.190  -1.4579E+02
    7.200  -1.2767E+02
    7.210  -9.6327E+01
    7.220  -6.9971E+01
    7.230  -6.0176E+01
    7.240  -6.0593E+01
    7.250  -6.1850E+01
    7.260  -7.1462E+01
    7.270  -5.9287E+01
    7.280  -9.9589E+00
    7.290   2.8340E+01
    7.300   3.6485E+01
    7.310   2.7568E+01
    7.320   2.3909E+01
    7.330   2.3404E+01
    7.340   3.3692E+01
    7.350   3.6869E+01
    7.360   1.7421E+01
    7.370  -1.3360E+01
    7.380  -2.3590E+01
    7.390  -1.4616E+01
    7.400  -1.3013E+01
    7.410   4.4226E+00
    7.420   3.5705E+01
    7.430   2.9689E+01
    7.440  -2.6358E+01
    7.450  -8.8608E+01
    7.460  -1.1509E+02
    7.470  -1.0240E+02
    7.480  -5.3227E+01
    7.490   6.8833E+00
    7.500   6.8594E+01
    7.510   1.3031E+02
    7.520   1.6789E+02
    7.530   1.8182E+02
    7.540   1.6729E+02
    7.550   1.1960E+02
    7.560   7.2614E+01
    7.570   5.9967E+01
    7.580   8.5617E+01
    7.590   1.3439E+02
    7.600   1.6819E+02
    7.610   1.6331E+02
    7.620   1.3257E+02
    7.630   8.8405E+01
    7.640   5.0820E+01
    7.650   2.3487E+01
    7.660   1.0663E+01
    7.670  -9.1733E+00
    7.680  -4.0186E+01
    7.690  -5.1839E+01
    7.700  -3.4787E+01
    7.710   1.4260E+00
    7.720   3.2095E+01
    7.730   4.0056E+01
    7.740   2.9043E+01
    7.750   4.9672E+00
    7.760  -1.8494E+01
    7.770  -4.9598E+01
    7.780  -8.2858E+01
    7.790  -7.1944E+01
    7.800  -1.2915E+00
    7.810   8.6846E+01
    7.820   1.3106E+02
    7.830   1.1230E+02
    7.840   3.4657E+01
    7.850  -6.5937E+01
    7.860  -1.4127E+02
    7.870  -1.6387E+02
    7.880  -1.4092E+02
    7.890  -9.8216E+01
    7.900  -4.7788E+01
    7.910  -1.2601E+01
    7.920   4.6209E+00
    7.930  -5.0866E-01
    7.940  -3.6719E+01
    7.950  -7.2932E+01
    7.960  -8.5368E+01
    7.970  -9.1709E+01
    7.980  -9.4850E+01
    7.990  -9.7757E+01
    8.000  -1.1030E+02
    8.010  -1.3002E+02
    8.020  -1.2072E+02
    8.030  -8.5405E+01
    8.040  -3.1898E+01
    8.050   4.3611E+01
    8.060   1.2355E+02
    8.070   1.9372E+02
    8.080   2.3999E+02
    8.090   2.4264E+02
    8.100   1.8821E+02
    8.110   1.1385E+02
    8.120   7.7184E+01
    8.130   7.3049E+01
    8.140   8.6059E+01
    8.150   1.2125E+02
    8.160   1.5513E+02
    8.170   1.6986E+02
    8.180   1.5247E+02
    8.190   1.0805E+02
    8.200   5.7689E+01
    8.210   2.5722E+00
    8.220  -3.4281E+01
    8.230  -4.4932E+01
    8.240  -4.8328E+01
    8.250  -5.6715E+01
    8.260  -5.7453E+01
    8.270  -5.7554E+01
    8.280  -3.6820E+01
    8.290   4.1016E-01
    8.300   1.3688E+01
    8.310   1.0295E+01
    8.320   8.4959E+00
    8.330   2.2433E+01
    8.340   2.0007E+01
    8.350  -1.0034E+01
    8.360  -3.0164E+01
    8.370  -1.4421E+01
    8.380   3.0048E+01
    8.390   5.7058E+01
    8.400   4.3006E+01
    8.410   2.0302E+01
    8.420  -4.1349E-01
    8.430  -1.4416E+01
    8.440   1.5653E+00
    8.450   4.7402E+01
    8.460   8.8789E+01
    8.470   9.7199E+01
    8.480   7.1791E+01
    8.490   2.6686E+01
    8.500  -2.4125E+01
    8.510  -5.6995E+01
    8.520  -4.5114E+01
    8.530   5.8230E+00
    8.540   4.2165E+01
    8.550   2.3632E+01
    8.560  -4.0544E+01
    8.570  -1.1958E+02
    8.580  -1.8948E+02
    8.590  -2.2172E+02
    8.600  -1.8694E+02
    8.610  -1.1277E+02
    8.620  -4.7481E+01
    8.630  -1.5628E+01
    8.640  -3.8461E+01
    8.650  -9.3738E+01
    8.660  -1.1396E+02
    8.670  -8.0892E+01
    8.680  -3.8521E+01
    8.690  -5.7463E+00
    8.700   6.5129E+00
    8.710  -1.3002E+01
    8.720  -6.1296E+01
    8.730  -1.1062E+02
    8.740  -1.2318E+02
    8.750  -9.8146E+01
    8.760  -5.1480E+01
    8.770  -1.7943E+01
    8.780  -1.4125E+01
    8.790  -1.6566E+01
    8.800  -1.0650E+01
    8.810   1.6276E+01
    8.820   6.5026E+01
    8.830   9.7632E+01
    8.840   8.5607E+01
    8.850   4.9415E+01
    8.860   9.7631E+00
    8.870  -1.0183E+01
    8.880  -5.6284E+00
    8.890   5.6646E+00
    8.900   2.5736E+01
    8.910   5.1350E+01
    8.920   4.5345E+01
    8.930   8.4119E-01
    8.940  -6.2346E+01
    8.950  -1.1917E+02
    8.960  -1.3255E+02
    8.970  -8.2165E+01
    8.980  -2.6083E+01
    8.990  -1.0178E+01
    9.000  -3.3248E+01
    9.010  -7.0536E+01
    9.020  -8.8337E+01
    9.030  -7.6763E+01
    9.040  -4.5169E+01
    9.050  -4.1158E+00
    9.060   2.7602E+01
    9.070   2.0961E+01
    9.080  -1.4509E+01
    9.090  -5.6455E+01
    9.100  -7.2231E+01
    9.110  -4.0106E+01
    9.120   2.2899E+01
    9.130   6.3898E+01
    9.140   5.2717E+01
    9.150  -4.9725E-02
    9.160  -4.4469E+01
    9.170  -7.0242E+01
    9.180  -8.2693E+01
    9.190  -6.3967E+01
    9.200  -4.7370E+00
    9.210   5.3397E+01
    9.220   7.0765E+01
    9.230   5.7296E+01
    9.240   4.3349E+01
    9.250   3.6649E+01
    9.260   4.4907E+01
    9.270   8.4835E+01
    9.280   1.2494E+02
    9.290   1.1452E+02
    9.300   5.7315E+01
    9.310  -9.3141E+00
    9.320  -3.9817E+01
    9.330  -1.6042E+01
    9.340   2.0309E+01
    9.350   5.4040E+01
    9.360   7.7231E+01
    9.370   5.6074E+01
    9.380  -1.3286E+01
    9.390  -1.1344E+02
    9.400  -1.8311E+02
    9.410  -1.7683E+02
    9.420  -1.4878E+02
    9.430  -1.3465E+02
    9.440  -1.2185E+02
    9.450  -1.0352E+02
    9.460  -9.0060E+01
    9.470  -7.5368E+01
    9.480  -4.5342E+01
    9.490  -2.3062E+01
    9.500  -1.8067E+01
    9.510  -1.0562E+01
    9.520   1.3157E+01
    9.530   4.3518E+01
    9.540   6.0387E+01
    9.550   8.1613E+01
    9.560   1.1794E+02
    9.570   1.6793E+02
    9.580   2.1508E+02
    9.590   2.2429E+02
    9.600   1.6853E+02
    9.610   9.0105E+01
    9.620   5.7149E+01
    9.630   7.9163E+01
    9.640   1.2045E+02
    9.650   1.2426E+02
    9.660   8.5282E+01
    9.670   5.2451E+01
    9.680   5.5803E+01
    9.690   5.6058E+01
    9.700   2.1223E+01
    9.710  -8.8251E+00
    9.720   1.4941E+01
    9.730   6.4787E+01
    9.740   7.3478E+01
    9.750   3.1789E+01
    9.760  -1.5390E+01
    9.770  -2.9627E+01
    9.780  -2.3924E+01
    9.790  -3.5983E+01
    9.800  -5.2196E+01
    9.810  -2.7984E+01
    9.820   3.3559E+01
    9.830   9.6046E+01
    9.840   1.4383E+02
    9.850   1.5887E+02
    9.860   1.0723E+02
    9.870   2.8898E+01
    9.880  -1.3952E+01
    9.890  -2.8345E+01
    9.900  -2.5032E+01
    9.910   8.0543E+00
    9.920   5.7790E+01
    9.930   5.9573E+01
    9.940   1.6176E+01
    9.950  -3.6510E+01
    9.960  -7.5864E+01
    9.970  -9.5933E+01
    9.980  -9.9388E+01
    9.990  -7.8291E+01
   10.000  -3.7046E+01
   10.010  -2.0298E-01
   10.020   9.0135E-01
   10.030  -1.6536E+01
   10.040  -1.4422E+01
   10.050   3.1414E+00
   10.060   8.4134E+00
   10.070   9.3431E+00
   10.080   1.4193E+01
   10.090   1.3928E+01
   10.100   7.0984E+00
   10.110   1.1798E+01
   10.120   2.8329E+01
   10.130   6.6999E+01
   10.140   1.0967E+02
   10.150   1.1382E+02
   10.160   6.9017E+01
   10.170  -2.5859E+00
   10.180  -6.1868E+01
   10.190  -7.2234E+01
   10.200  -3.9295E+01
   10.210   1.4840E+01
   10.220   7.6396E+01
   10.230   1.0448E+02
   10.240   8.2415E+01
   10.250   4.1666E+01
   10.260   1.2047E+01
   10.270   3.6414E+00
   10.280   2.2905E+01
   10.290   5.5027E+01
   10.300   9.8258E+01
   10.310   1.2381E+02
   10.320   7.9506E+01
   10.330  -8.7615E+00
   10.340  -6.5000E+01
   10.350  -8.2225E+01
   10.360  -8.3968E+01
   10.370  -7.4663E+01
   10.380  -5.9772E+01
   10.390  -5.9101E+01
   10.400  -6.9623E+01
   10.410  -8.1606E+01
   10.420  -1.0663E+02
   10.430  -1.3580E+02
   10.440  -1.7585E+02
   10.450  -2.1922E+02
   10.460  -2.2604E+02
   10.470  -1.9107E+02
   10.480  -1.5189E+02
   10.490  -1.2385E+02
   10.500  -1.0858E+02
   10.510  -1.0868E+02
   10.520  -8.6098E+01
   10.530  -4.1995E+01
   10.540   1.9151E+01
   10.550   8.1906E+01
   10.560   1.0828E+02
   10.570   8.9581E+01
   10.580   3.1093E+01
   10.590  -3.8415E+01
   10.600  -7.7986E+01
   10.610  -7.3648E+01
   10.620  -2.4320E+01
   10.630   3.4663E+01
   10.640   4.8491E+01
   10.650   2.3698E+01
   10.660  -1.7765E+01
   10.670  -8.0395E+01
   10.680  -1.3893E+02
   10.690  -1.5016E+02
   10.700  -1.2668E+02
   10.710  -7.7177E+01
   10.720  -1.1366E+01
   10.730   2.9603E+01
   10.740   2.8748E+01
   10.750  -3.1503E+00
   10.760  -3.9656E+01
   10.770  -4.8240E+01
   10.780  -1.2486E+01
   10.790   3.3682E+01
   10.800   5.6465E+01
   10.810   4.3437E+01
   10.820   1.4770E+01
   10.830  -1.1994E+01
   10.840  -2.9554E+01
   10.850  -2.0442E+01
   10.860   1.7652E+01
   10.870   6.4135E+01
   10.880   9.6694E+01
   10.890   1.1304E+02
   10.900   1.0033E+02
   10.910   7.5361E+01
   10.920   7.7955E+01
   10.930   1.0214E+02
   10.940   1.1919E+02
   10.950   1.2343E+02
   10.960   1.0083E+02
   10.970   4.3608E+01
   10.980  -3.1214E+01
   10.990  -8.1800E+01
   11.000  -1.0426E+02
   11.010  -1.0171E+02
   11.020  -7.1966E+01
   11.030  -4.3773E+01
   11.040  -9.9283E+00
   11.050   3.0129E+01
   11.060   4.9466E+01
   11.070   3.2402E+01
   11.080  -7.2190E+00
   11.090  -3.9191E+01
   11.100  -5.2385E+01
   11.110  -6.3410E+01
   11.120  -6.7458E+01
   11.130  -6.0175E+01
   11.140  -4.6144E+01
   11.150  -2.5729E+01
   11.160   3.4241E+00
   11.170   2.1805E+01
   11.180   9.0487E+00
   11.190  -2.1768E+01
   11.200  -4.4178E+01
   11.210  -3.1017E+01
   11.220  -2.1771E-01
   11.230   5.0624E+00
   11.240  -6.4709E+00
   11.250  -8.5455E+00
   11.260   3.4493E+00
   11.270   7.2674E-01
   11.280  -3.8083E+00
   11.290   1.5214E-01
   11.300   1.2695E+01
   11.310   3.6024E+01
   11.320   6.6820E+01
   11.330   8.9545E+01
   11.340   7.1299E+01
   11.350   2.7287E+01
   11.360   2.3930E+00
   11.370   1.2916E+01
   11.380   4.2241E+01
   11.390   4.7712E+01
   11.400   2.1632E+01
   11.410   1.7494E+00
   11.420  -2.0180E+01
   11.430  -4.6173E+01
   11.440  -5.6818E+01
   11.450  -5.9241E+01
   11.460  -5.0464E+01
   11.470  -1.4455E+01
   11.480   2.7099E+01
   11.490   4.0062E+01
   11.500   2.1099E+01
   11.510  -2.1283E+01
   11.520  -5.4942E+01
   11.530  -5.9588E+01
   11.540  -5.5347E+01
   11.550  -3.2653E+01
   11.560   7.3669E+00
   11.570   4.6889E+01
   11.580   7.7268E+01
   11.590   8.5373E+01
   11.600   6.2859E+01
   11.610   2.3384E+01
   11.620   5.6675E+00
   11.630   2.1639E+01
   11.640   4.9620E+01
   11.650   6.6389E+01
   11.660   7.2062E+01
   11.670   7.7215E+01
   11.680   8.5377E+01
   11.690   9.1571E+01
   11.700   6.2192E+01
   11.710  -1.1768E+01
   11.720  -6.9559E+01
   11.730  -7.4105E+01
   11.740  -7.2082E+01
   11.750  -7.1374E+01
   11.760  -6.1360E+01
   11.770  -4.7289E+01
   11.780  -2.8296E+01
   11.790  -1.3023E+01
   11.800  -9.5374E+00
   11.810  -1.4123E+01
   11.820  -4.1407E+01
   11.830  -7.9030E+01
   11.840  -9.3817E+01
   11.850  -9.3518E+01
   11.860  -9.7271E+01
   11.870  -9.0327E+01
   11.880  -4.7331E+01
   11.890   2.8784E+00
   11.900   3.9030E+01
   11.910   4.9421E+01
   11.920   3.0844E+01
   11.930   7.8783E+00
   11.940   4.5723E+00
   11.950   1.6169E+01
   11.960   2.7777E+01
   11.970   3.9579E+01
   11.980   5.7405E+01
   11.990   7.6073E+01
   12.000   6.6481E+01
   12.010   2.3615E+01
   12.020  -1.1310E+01
   12.030  -1.0234E+01
   12.040   1.7030E+01
   12.050   5.4154E+01
   12.060   7.4547E+01
   12.070   6.9635E+01
   12.080   3.8322E+01
   12.090   7.3617E+00
   12.100  -2.4775E+00
   12.110   5.6313E+00
   12.120   2.6047E+01
   12.130   4.0961E+01
   12.140   3.7406E+01
   12.150   6.8498E+00
   12.160  -4.2383E+01
   12.170  -6.4212E+01
   12.180  -5.2393E+01
   12.190  -4.3359E+01
   12.200  -3.4887E+01
   12.210  -2.5900E+01
   12.220  -3.1534E+01
   12.230  -4.8855E+01
   12.240  -4.6998E+01
   12.250  -2.7321E+01
   12.260  -4.6379E+00
   12.270   5.7820E+00
   12.280  -6.4002E+00
   12.290  -3.0310E+01
   12.300  -4.0118E+01
   12.310  -2.6091E+01
   12.320  -1.2570E+01
   12.330  -5.6866E+00
   12.340   5.9457E+00
   12.350   2.8723E+01
   12.360   5.4756E+01
   12.370   6.3995E+01
   12.380   4.8173E+01
   12.390   3.2770E+01
   12.400   3.8624E+01
   12.410   5.5662E+01
   12.420   5.7642E+01
   12.430   4.0033E+01
   12.440   2.3117E+01
   12.450   2.4394E+01
   12.460   3.9828E+01
   12.470   5.4405E+01
   12.480   5.6892E+01
   12.490   4.7389E+01
   12.500   3.2626E+01
   12.510   2.0891E+01
   12.520   8.3886E+00
   12.530  -1.2656E+01
   12.540  -3.1378E+01
   12.550  -2.6775E+01
   12.560   1.2018E+00
   12.570   1.7813E+01
   12.580   2.7464E+00
   12.590  -3.5899E+01
   12.600  -7.5430E+01
   12.610  -9.5285E+01
   12.620  -9.2871E+01
   12.630  -7.3313E+01
   12.640  -4.7483E+01
   12.650  -2.1930E+01
   12.660  -5.6374E-01
   12.670   8.2535E+00
   12.680  -6.7506E+00
   12.690  -3.3801E+01
   12.700  -5.0426E+01
   12.710  -2.9308E+01
   12.720   2.3391E+01
   12.730   6.7149E+01
   12.740   7.4780E+01
   12.750   4.9622E+01
   12.760   1.8744E+01
   12.770   8.0841E-01
   12.780  -3.6417E+00
   12.790   7.7670E+00
   12.800   3.2281E+01
   12.810   5.1425E+01
   12.820   4.7638E+01
   12.830   2.7107E+01
   12.840  -2.6552E+00
   12.850  -3.0938E+01
   12.860  -3.5642E+01
   12.870  -1.2541E+01
   12.880   1.4973E+01
   12.890   1.5960E+01
   12.900  -1.2662E+01
   12.910  -4.5379E+01
   12.920  -6.2422E+01
   12.930  -5.9662E+01
   12.940  -4.4245E+01
   12.950  -3.6264E+01
   12.960  -3.5533E+01
   12.970  -3.6727E+01
   12.980  -3.6182E+01
   12.990  -3.9457E+01
   13.000  -5.7419E+01
   13.010  -7.5487E+01
   13.020  -6.7493E+01
   13.030  -3.0284E+01
   13.040   1.2880E+01
   13.050   3.1414E+01
   13.060   3.3432E+01
   13.070   4.5873E+01
   13.080   5.6461E+01
   13.090   5.1380E+01
   13.100   4.6404E+01
   13.110   5.4688E+01
   13.120   6.8748E+01
   13.130   7.5785E+01
   13.140   7.2883E+01
   13.150   6.1794E+01
   13.160   5.4945E+01
   13.170   6.0554E+01
   13.180   7.2973E+01
   13.190   8.8149E+01
   13.200   8.7707E+01
   13.210   7.2295E+01
   13.220   5.4741E+01
   13.230   4.4769E+01
   13.240   4.2692E+01
   13.250   2.4216E+01
   13.260  -3.5651E+00
   13.270  -1.2196E+01
   13.280   2.0844E-01
   13.290   1.6090E+01
   13.300   1.7924E+01
   13.310   7.4562E+00
   13.320   1.4427E+00
   13.330   4.1848E+00
   13.340  -1.9423E+00
   13.350  -1.8765E+01
   13.360  -2.8235E+01
   13.370  -1.9876E+01
   13.380   1.3565E+00
   13.390   2.0849E+01
   13.400   2.3808E+01
   13.410   6.4248E+00
   13.420  -1.9785E+01
   13.430  -4.0275E+01
   13.440  -4.6508E+01
   13.450  -3.8215E+01
   13.460  -3.6301E+01
   13.470  -4.4267E+01
   13.480  -5.0629E+01
   13.490  -5.1356E+01
   13.500  -5.0550E+01
   13.510  -4.5617E+01
   13.520  -2.9051E+01
   13.530  -4.0012E+00
   13.540   1.7885E+01
   13.550   1.9043E+01
   13.560  -6.2955E+00
   13.570  -3.1156E+01
   13.580  -3.2334E+01
   13.590  -1.8312E+01
   13.600  -3.5704E+00
   13.610   7.1659E+00
   13.620   2.6896E+01
   13.630   4.9099E+01
   13.640   5.0268E+01
   13.650   4.0492E+01
   13.660   3.8111E+01
   13.670   3.6282E+01
   13.680   4.0456E+01
   13.690   4.8826E+01
   13.700   4.5973E+01
   13.710   3.8722E+01
   13.720   4.0858E+01
   13.730   4.0974E+01
   13.740   3.0839E+01
   13.750   1.7944E+01
   13.760   1.4425E+01
   13.770   1.9868E+01
   13.780   3.4369E+01
   13.790   5.0002E+01
   13.800   4.6301E+01
   13.810   2.6228E+01
   13.820   1.3510E+01
   13.830   8.9435E+00
   13.840  -9.8442E-01
   13.850  -1.8181E+01
   13.860  -3.1141E+01
   13.870  -2.6810E+01
   13.880  -1.7022E+01
   13.890  -1.0179E+01
   13.900  -5.1550E+00
   13.910  -5.1043E+00
   13.920  -1.0960E+01
   13.930  -1.9064E+01
   13.940  -3.7982E+01
   13.950  -6.8024E+01
   13.960  -9.3071E+01
   13.970  -9.7134E+01
   13.980  -6.5860E+01
   13.990  -1.8702E+01
   14.000   1.4489E+01
   14.010   1.5622E+01
   14.020  -1.0145E+01
   14.030  -4.1060E+01
   14.040  -5.3922E+01
   14.050  -4.4386E+01
   14.060  -2.0360E+01
   14.070   1.5494E+01
   14.080   5.4282E+01
   14.090   7.6441E+01
   14.100   7.0319E+01
   14.110   4.2520E+01
   14.120   8.9090E+00
   14.130  -1.6053E+01
   14.140  -1.9352E+01
   14.150  -5.7175E+00
   14.160   1.0124E+01
   14.170   1.9804E+01
   14.180   1.4156E+01
   14.190  -4.6772E+00
   14.200  -3.2925E+01
   14.210  -6.2719E+01
   14.220  -7.2990E+01
   14.230  -5.8765E+01
   14.240  -3.1432E+01
   14.250  -1.4457E+01
   14.260  -1.7090E+01
   14.270  -2.6924E+01
   14.280  -3.3135E+01
   14.290  -3.5698E+01
   14.300  -3.3247E+01
   14.310  -3.0465E+01
   14.320  -2.9471E+01
   14.330  -2.8193E+01
   14.340  -2.0339E+01
   14.350  -5.4144E+00
   14.360   3.2056E+00
   14.370   4.9860E+00
   14.380   8.0779E+00
   14.390   2.2411E+01
   14.400   4.0951E+01
   14.410   4.6311E+01
   14.420   3.9648E+01
   14.430   2.9025E+01
   14.440   1.7799E+01
   14.450   9.0247E+00
   14.460   1.2564E+01
   14.470   1.9217E+01
   14.480   2.0073E+01
   14.490   1.7744E+01
   14.500   1.1581E+01
   14.510   2.3554E-01
   14.520  -1.3635E+01
   14.530  -2.4067E+01
   14.540  -2.8594E+01
   14.550  -1.8637E+01
   14.560  -6.5832E+00
   14.570  -9.2325E-01
   14.580   3.9431E+00
   14.590   9.6477E+00
   14.600   1.1080E+01
   14.610   7.1325E+00
   14.620   1.0232E+01
   14.630   2.0683E+01
   14.640   2.8355E+01
   14.650   2.6514E+01
   14.660   2.1329E+01
   14.670   1.6664E+01
   14.680   1.0444E+01
   14.690   8.1745E+00
   14.700   1.3562E+01
   14.710   1.9308E+01
   14.720   1.2228E+01
   14.730  -2.1449E+00
   14.740  -1.8072E+01
   14.750  -3.1074E+01
   14.760  -3.2670E+01
   14.770  -2.2124E+01
   14.780  -4.1081E+00
   14.790   1.2760E+01
   14.800   1.7618E+01
   14.810   6.9115E+00
   14.820  -1.0488E+01
   14.830  -1.4919E+01
   14.840  -1.1479E+00
   14.850   1.8037E+01
   14.860   2.5271E+01
   14.870   2.1151E+01
   14.880   1.2585E+01
   14.890   1.5516E+00
   14.900  -1.4327E+01
   14.910  -3.1868E+01
   14.920  -3.9597E+01
   14.930  -3.2745E+01
   14.940  -1.9771E+01
   14.950  -1.6148E+01
   14.960  -2.7159E+01
   14.970  -4.3163E+01
   14.980  -4.5610E+01
   14.990  -3.2835E+01
   15.000  -2.1638E+01
   15.010  -1.5958E+01
   15.020  -1.4904E+01
   15.030  -1.5980E+01
   15.040  -1.1914E+01
   15.050  -8.9317E+00
   15.060  -1.3535E+01
   15.070  -1.5538E+01
   15.080  -4.9353E+00
   15.090   1.2461E+01
   15.100   2.0309E+01
   15.110   1.4702E+01
   15.120   8.8339E+00
   15.130   9.4785E+00
   15.140   1.1480E+01
   15.150   8.8131E+00
   15.160   2.1622E+00
   15.170   4.1690E+00
   15.180   1.1213E+01
   15.190   1.1759E+01
   15.200   3.2092E+00
   15.210  -1.2752E+01
   15.220  -2.4428E+01
   15.230  -1.8796E+01
   15.240  -2.8337E-01
   15.250   1.6078E+01
   15.260   2.3286E+01
   15.270   2.1222E+01
   15.280   1.4982E+01
   15.290   7.7037E+00
   15.300   3.1840E-01
   15.310  -7.4562E+00
   15.320  -1.0109E+01
   15.330  -4.5857E+00
   15.340   5.3464E+00
   15.350   1.0648E+01
   15.360   7.5624E+00
   15.370  -7.1277E-01
   15.380  -6.1747E+00
   15.390  -6.8636E+00
   15.400  -7.8019E+00
   15.410  -1.2375E+01
   15.420  -1.8841E+01
   15.430  -2.1194E+01
   15.440  -1.9110E+01
   15.450  -1.5908E+01
   15.460  -1.0566E+01
   15.470  -5.7659E+00
   15.480  -2.4187E+00
   15.490  -4.6532E+00
   15.500  -1.1543E+01
   15.510  -1.4715E+01
   15.520  -1.4141E+01
   15.530  -1.0122E+01
   15.540  -1.7030E+00
   15.550   5.1482E+00
   15.560   6.6969E+00
   15.570   9.2437E+00
   15.580   9.3945E+00
   15.590   6.9327E+00
   15.600   6.9613E+00
   15.610   1.0773E+01
   15.620   1.9079E+01
   15.630   2.8071E+01
   15.640   2.9888E+01
   15.650   2.5796E+01
   15.660   1.9124E+01
   15.670   1.2749E+01
   15.680   1.0299E+01
   15.690   1.3466E+01
   15.700   1.8874E+01
   15.710   2.2962E+01
   15.720   2.1818E+01
   15.730   1.4569E+01
   15.740   5.0921E+00
   15.750  -5.1995E+00
   15.760  -1.1149E+01
   15.770  -7.1296E+00
   15.780   4.6533E+00
   15.790   1.6230E+01
   15.800   1.8963E+01
   15.810   1.1790E+01
   15.820   1.4670E+00
   15.830  -5.3494E+00
   15.840  -6.5848E+00
   15.850  -5.0317E+00
   15.860  -1.8652E+00
   15.870   2.5457E+00
   15.880   5.4570E+00
   15.890   7.4451E+00
   15.900   6.3825E+00
   15.910   3.0488E+00
   15.920   1.7037E+00
   15.930   4.7800E+00
   15.940   1.0795E+01
   15.950   1.5640E+01
   15.960   1.6824E+01
   15.970   1.2233E+01
   15.980   8.0857E+00
   15.990   6.8353E+00
   16.000   5.4782E+00
   16.010   5.3005E+00
   16.020   6.5199E+00
   16.030   5.9352E+00
   16.040   8.0478E-01
   16.050  -9.5957E+00
   16.060  -2.0149E+01
   16.070  -2.6074E+01
   16.080  -2.8631E+01
   16.090  -2.8395E+01
   16.100  -2.3484E+01
   16.110  -1.4720E+01
   16.120  -8.6590E+00
   16.130  -6.4945E+00
   16.140  -6.5728E+00
   16.150  -8.1960E+00
   16.160  -9.0012E+00
   16.170  -5.0640E+00
   16.180   1.1325E+00
   16.190   6.6127E+00
   16.200   1.0885E+01
   16.210   1.2416E+01
   16.220   1.3024E+01
   16.230   1.5930E+01
   16.240   2.1202E+01
   16.250   2.3694E+01
   16.260   1.9752E+01
   16.270   1.3500E+01
   16.280   8.3103E+00
   16.290   3.2971E+00
   16.300  -8.3149E-01
   16.310  -1.5075E-02
   16.320   4.8893E+00
   16.330   8.4014E+00
   16.340   7.9907E+00
   16.350   5.0556E+00
   16.360  -3.2002E-02
   16.370  -3.7448E+00
   16.380  -4.2283E+00
   16.390  -2.9469E+00
   16.400  -1.5125E+00
   16.410  -3.6016E-01
   16.420   1.0057E+00
   16.430   7.1358E-01
   16.440  -1.4727E+00
   16.450  -4.5314E+00
   16.460  -6.6787E+00
   16.470  -7.0082E+00
   16.480  -4.7400E+00
   16.490  -1.5364E+00
   16.500   6.2347E-01
   16.510   8.1750E-01
   16.520  -6.9394E-01
   16.530  -3.9658E+00
   16.540  -6.9233E+00
   16.550  -6.5090E+00
   16.560  -3.6334E+00
   16.570  -1.5830E+00
   16.580  -7.8030E-01
   16.590  -2.2626E-01
   16.600  -9.2954E-01
   16.610  -4.3061E+00
   16.620  -7.6295E+00
   16.630  -6.8659E+00
   16.640  -3.0132E+00
   16.650   1.1626E+00
   16.660   4.2229E+00
   16.670   3.4016E+00
   16.680  -2.0682E+00
   16.690  -7.5095E+00
   16.700  -8.4922E+00
   16.710  -5.8614E+00
   16.720  -3.8432E+00
   16.730  -3.7889E+00
   16.740  -2.9608E+00
   16.750  -9.7423E-01
   16.760   6.5145E-01
   16.770   2.8136E+00
   16.780   4.1572E+00
   16.790   4.4313E+00
   16.800   5.0355E+00
   16.810   4.8795E+00
   16.820   3.4832E+00
   16.830   7.9129E-01
   16.840  -3.0726E+00
   16.850  -3.3789E+00
   16.860   6.6125E-02
   16.870   3.1669E+00
   16.880   4.2456E+00
   16.890   3.7287E+00
   16.900   1.6650E+00
   16.910  -2.3557E+00
   16.920  -5.6928E+00
   16.930  -5.8263E+00
   16.940  -2.5055E+00
   16.950   2.3043E+00
   16.960   6.0084E+00
   16.970   5.4089E+00
   16.980   1.7602E+00
   16.990  -6.8874E-01
   17.000  -8.8466E-01
   17.010   3.3444E-01
   17.020   2.0862E+00
   17.030   2.8222E+00
   17.040   2.6553E+00
   17.050   1.9140E+00
   17.060   4.3205E-01
   17.070  -2.0142E+00
   17.080  -4.4195E+00
   17.090  -3.6107E+00
   17.100   3.8524E-01
   17.110   2.7228E+00
   17.120   2.4465E+00
   17.130   6.9075E-01
   17.140  -2.2756E+00
   17.150  -4.1578E+00
   17.160  -3.5081E+00
   17.170  -1.3948E+00
   17.180   4.5557E-01
   17.190   9.3037E-01
   17.200   9.0374E-01
   17.210   2.5471E+00
   17.220   4.5812E+00
   17.230   3.8984E+00
   17.240   1.1422E+00
   17.250  -4.6502E-01
   17.260  -1.0347E+00
   17.270  -1.6987E+00
   17.280  -3.0080E+00
   17.290  -5.4998E+00
   17.300  -7.3670E+00
   17.310  -7.8360E+00
   17.320  -8.0391E+00
   17.330  -7.7061E+00
   17.340  -6.3279E+00
   17.350  -4.1147E+00
   17.360  -1.2290E+00
   17.370   1.3117E+00
   17.380   1.6109E+00
   17.390  -8.3434E-01
   17.400  -4.2258E+00
   17.410  -7.7729E+00
   17.420  -1.0040E+01
   17.430  -9.1850E+00
   17.440  -6.6649E+00
   17.450  -3.9589E+00
   17.460  -9.5878E-01
   17.470   7.2875E-01
   17.480  -3.6726E-01
   17.490  -3.5169E+00
   17.500  -5.9923E+00
   17.510  -5.2671E+00
   17.520  -2.3870E+00
   17.530   1.0373E+00
   17.540   3.0519E+00
   17.550   3.5637E+00
   17.560   3.7408E+00
   17.570   4.3440E+00
   17.580   5.4469E+00
   17.590   6.5217E+00
   17.600   6.4981E+00
   17.610   4.8040E+00
   17.620   2.2725E+00
   17.630   1.5424E+00
   17.640   2.5258E+00
   17.650   3.2802E+00
   17.660   3.7340E+00
   17.670   4.3900E+00
   17.680   4.3535E+00
   17.690   2.5695E+00
   17.700  -1.9485E+00
   17.710  -5.7045E+00
   17.720  -5.1817E+00
   17.730  -2.5578E+00
   17.740  -9.7988E-01
   17.750  -1.0027E+00
   17.760  -1.8192E+00
   17.770  -3.6910E+00
   17.780  -6.4190E+00
   17.790  -7.4744E+00
   17.800  -6.8976E+00
   17.810  -5.2892E+00
   17.820  -3.0957E+00
   17.830  -5.5161E-01
   17.840   1.4364E+00
   17.850   2.7861E+00
   17.860   4.2942E+00
   17.870   5.2405E+00
   17.880   5.0496E+00
   17.890   4.0035E+00
   17.900   3.4505E+00
   17.910   3.7609E+00
   17.920   3.8951E+00
   17.930   3.4971E+00
   17.940   2.6906E+00
   17.950   2.1387E+00
   17.960   2.1399E+00
   17.970   2.0486E+00
   17.980   1.5473E+00
   17.990   1.2970E+00
   18.000   1.4434E+00
   18.010   1.7545E+00
   18.020   1.7732E+00
   18.030   1.4432E+00
   18.040   8.9305E-01
   18.050   1.7339E-01
   18.060  -4.8122E-01
   18.070  -6.8000E-01
   18.080  -6.0554E-01
   18.090  -5.3745E-01
   18.100  -2.1913E-01
   18.110  -2.1830E-01
   18.120  -7.6945E-01
   18.130  -9.5264E-01
   18.140  -5.4703E-01
   18.150   1.4939E-01
   18.160   1.1594E+00
   18.170   2.0582E+00
   18.180   2.5140E+00
   18.190   2.1751E+00
   18.200   1.1718E+00
   18.210   8.0304E-02
   18.220  -6.0855E-01
   18.230  -8.8949E-01
   18.240  -1.0555E+00
   18.250  -1.0934E+00
   18.260  -1.0187E+00
   18.270  -1.0029E+00
   18.280  -8.6371E-01
   18.290  -5.7663E-01
   18.300  -1.8945E-01
   18.310   5.1154E-01
   18.320   1.3200E+00
   18.330   1.5771E+00
   18.340   1.1137E+00
   18.350   1.6650E-01
   18.360  -7.2600E-01
   18.370  -1.0396E+00
   18.380  -6.3215E-01
   18.390   2.7810E-01
   18.400   9.6532E-01
   18.410   1.0742E+00
   18.420   5.8580E-01
   18.430  -5.4688E-01
   18.440  -1.8132E+00
   18.450  -2.4588E+00
   18.460  -2.2608E+00
   18.470  -1.4957E+00
   18.480  -4.9240E-01
   18.490  -8.7419E-02
   18.500  -6.0553E-01
   18.510  -1.3328E+00
   18.520  -1.8893E+00
   18.530  -1.9408E+00
   18.540  -1.2154E+00
   18.550  -1.9111E-01
   18.560   7.6610E-01
   18.570   1.4448E+00
   18.580   1.7633E+00
   18.590   1.6395E+00
   18.600   1.1738E+00
   18.610   9.6112E-01
   18.620   1.3163E+00
   18.630   1.9678E+00
   18.640   2.4397E+00
   18.650   2.2096E+00
   18.660   1.4005E+00
   18.670   7.1635E-01
   18.680   2.1420E-01
   18.690  -3.2300E-02
   18.700   2.9305E-01
   18.710   6.7554E-01
   18.720   7.3129E-01
   18.730   5.0081E-01
   18.740   1.9379E-01
   18.750  -1.7064E-01
   18.760  -5.7858E-01
   18.770  -5.3675E-01
   18.780  -4.6236E-02
   18.790   4.1718E-01
   18.800   5.1112E-01
   18.810   1.0735E-01
   18.820  -2.7664E-01
   18.830  -2.4302E-01
   18.840   1.7999E-01
   18.850   3.4693E-01
   18.860   1.0885E-01
   18.870  -1.1683E-01
   18.880  -3.8272E-01
   18.890  -6.6853E-01
   18.900  -8.3295E-01
   18.910  -1.0234E+00
   18.920  -1.3180E+00
   18.930  -1.4255E+00
   18.940  -1.3957E+00
   18.950  -1.2475E+00
   18.960  -1.0211E+00
   18.970  -8.5676E-01
   18.980  -7.8294E-01
   18.990  -5.3328E-01
   19.000   8.9663E-02
   19.010   5.8575E-01
   19.020   5.6962E-01
   19.030   2.1164E-01
   19.040  -1.0897E-01
   19.050  -3.4102E-02
   19.060   3.8384E-01
   19.070   8.1270E-01
   19.080   1.3003E+00
   19.090   1.5444E+00
   19.100   1.1367E+00
   19.110   5.0344E-01
   19.120   2.6223E-02
   19.130  -2.6956E-01
   19.140  -2.4738E-01
   19.150  -5.9868E-03
   19.160   2.1016E-01
   19.170   2.8061E-01
   19.180   1.7584E-01
   19.190  -7.4921E-02
   19.200  -3.6020E-01
   19.210  -5.2036E-01
   19.220  -4.7618E-01
   19.230  -2.7316E-01
   19.240  -2.9853E-02
   19.250   1.6284E-01
   19.260   2.5080E-01
   19.270   2.3531E-01
   19.280   1.3433E-01
   19.290  -2.2831E-02
   19.300  -1.4271E-01
   19.310  -1.4465E-01
   19.320  -4.5149E-02
   19.330   4.9744E-02
   19.340   6.6042E-02
   19.350   2.5069E-02
   19.360  -4.1846E-03
   19.370   1.7749E-02
   19.380   7.4793E-02
   19.390   1.0763E-01
   19.400   9.2522E-02
   19.410   4.8814E-02
   19.420  -7.0459E-03
   19.430  -6.2503E-02
   19.440  -1.2203E-01
   19.450  -1.4771E-01
   19.460  -1.1539E-01
   19.470  -4.2492E-02
   19.480   3.2135E-02
   19.490   6.9414E-02
   19.500   5.2133E-02
   19.510   7.5840E-03
   19.520  -2.6041E-02
   19.530  -4.2837E-02
   19.540  -5.6835E-02
   19.550  -7.0871E-02
   19.560  -6.7299E-02
   19.570  -6.1533E-02
   19.580  -7.5248E-02
   19.590  -7.9024E-02
   19.600  -5.0851E-02
   19.610  -5.8532E-03
   19.620   4.6476E-02
   19.630   9.0613E-02
   19.640   8.1205E-02
   19.650   4.5750E-02
   19.660   3.1662E-02
   19.670   3.1709E-02
   19.680   3.9334E-02
   19.690   1.3787E-02
   19.700  -4.5112E-02
   19.710  -9.4098E-02
   19.720  -1.1039E-01
   19.730  -8.8471E-02
   19.740  -2.2828E-02
   19.750   6.4792E-02
   19.760   1.1346E-01
   19.770   1.0720E-01
   19.780   5.7845E-02
   19.790  -3.8631E-02
   19.800  -1.2839E-01
   19.810  -1.3234E-01
   19.820  -5.2697E-02
   19.830   2.5699E-02
   19.840   5.2294E-02
   19.850   3.1019E-02
   19.860  -2.0656E-02
   19.870  -7.6709E-02
   19.880  -1.0990E-01
   19.890  -9.3643E-02
   19.900  -1.9892E-02
   19.910   5.3598E-02
   19.920   9.7012E-02
   19.930   9.7222E-02
   19.940   5.0075E-02
   19.950  -2.6268E-03
   19.960  -2.1094E-02
   19.970   1.8041E-03
   19.980   4.2629E-02
   19.990   7.0769E-02
   20.000   7.7528E-02
   20.010   6.4647E-02
   20.020   6.2497E-02
   20.030   6.3127E-02
   20.040   3.8505E-02
   20.050   1.3231E-02
   20.060   2.6079E-02
   20.070   6.4007E-02
   20.080   8.6941E-02
   20.090   7.0353E-02
   20.100   1.8297E-02
   20.110  -3.5322E-02
   20.120  -4.5013E-02
   20.130  -2.7007E-02
   20.140  -1.6537E-02
   20.150  -1.3658E-02
   20.160  -1.9324E-03
   20.170   9.9560E-03
   20.180  -4.2170E-03
   20.190  -2.0605E-02
   20.200  -6.0524E-03
   20.210   5.0170E-02
   20.220   1.4364E-01
   20.230   2.1923E-01
   20.240   1.9322E-01
   20.250   6.9970E-02
   20.260  -4.6862E-02
   20.270  -9.1211E-02
   20.280  -5.5932E-02
   20.290   2.6717E-02
   20.300   1.1311E-01
   20.310   1.6981E-01
   20.320   1.8942E-01
   20.330   1.6050E-01
   20.340   6.4270E-02
   20.350  -5.0380E-02
   20.360  -9.9217E-02
   20.370  -6.4220E-02
   20.380   4.7086E-05
   20.390   2.7687E-02
   20.400  -9.7103E-03
   20.410  -5.7954E-02
   20.420  -7.9196E-02
   20.430  -8.9083E-02
   20.440  -7.6167E-02
   20.450  -4.7907E-02
   20.460  -4.4116E-02
   20.470  -7.5696E-02
   20.480  -1.1888E-01
   20.490  -1.6571E-01
   20.500  -1.9187E-01
   20.510  -1.5436E-01
   20.520  -6.3439E-02
   20.530   5.9083E-03
   20.540   9.2779E-03
   20.550  -1.9167E-02
   20.560  -4.8303E-02
   20.570  -7.1621E-02
   20.580  -8.3558E-02
   20.590  -8.9476E-02
   20.600  -8.7761E-02
   20.610  -6.8166E-02
   20.620  -4.0858E-02
   20.630  -2.6027E-02
   20.640  -4.1447E-02
   20.650  -6.2721E-02
   20.660  -6.2437E-02
   20.670  -3.9640E-02
   20.680  -3.6550E-02
   20.690  -5.9440E-02
   20.700  -7.6329E-02
   20.710  -8.9821E-02
   20.720  -1.0216E-01
   20.730  -1.0044E-01
   20.740  -7.2466E-02
   20.750  -2.4933E-02
   20.760   2.2887E-02
   20.770   4.1858E-02
   20.780   3.1781E-02
   20.790   7.3877E-03
   20.800  -1.5787E-02
   20.810  -1.8910E-02
   20.820  -2.3581E-03
   20.830   1.8023E-02
   20.840   2.9146E-02
   20.850   3.0278E-02
   20.860   2.7494E-02
   20.870   2.2799E-02
   20.880   1.3859E-02
   20.890   3.4933E-03
   20.900   1.3228E-03
   20.910   1.2484E-02
   20.920   2.8763E-02
   20.930   3.6068E-02
   20.940   2.8895E-02
   20.950   1.4685E-02
   20.960   5.2136E-03
   20.970   7.2107E-03
   20.980   1.5986E-02
   20.990   2.3865E-02
   21.000   2.5537E-02
   21.010   2.2969E-02
   21.020   1.9986E-02
   21.030   1.5076E-02
   21.040   4.5113E-03
   21.050  -7.6962E-03
   21.060  -1.0240E-02
   21.070   1.5021E-03
   21.080   1.7183E-02
   21.090   2.2152E-02
   21.100   1.3527E-02
   21.110   1.1783E-03
   21.120  -5.0046E-03
   21.130  -4.0402E-03
   21.140  -1.0677E-03
   21.150  -5.1794E-04
   21.160  -2.5907E-04
   21.170   1.8825E-03
   21.180   5.1383E-03
   21.190   3.5846E-03
   21.200  -7.0000E-03
   21.210  -2.0740E-02
   21.220  -2.4983E-02
   21.230  -1.5042E-02
   21.240  -1.0777E-03
   21.250   3.7462E-03
   21.260  -1.8664E-03
   21.270  -8.4676E-03
   21.280  -1.0419E-02
   21.290  -9.3438E-03
   21.300  -9.1144E-03
   21.310  -8.9010E-03
   21.320  -5.3270E-03
   21.330   2.2826E-03
   21.340   9.5431E-03
   21.350   1.0497E-02
   21.360   2.9327E-03
   21.370  -7.6519E-03
   21.380  -1.2189E-02
   21.390  -7.5793E-03
   21.400  -5.4814E-05
   21.410   2.9280E-03
   21.420   1.0897E-03
   21.430  -1.0323E-03
   21.440  -2.0412E-03
   21.450  -4.3938E-03
   21.460  -8.9045E-03
   21.470  -1.2566E-02
   21.480  -1.2454E-02
   21.490  -1.0694E-02
   21.500  -7.4118E-03
   21.510  -8.5518E-03
   21.520  -1.6393E-02
   21.530  -2.7510E-02
   21.540  -3.2990E-02
   21.550  -3.0105E-02
   21.560  -2.1690E-02
   21.570  -1.4922E-02
   21.580  -1.2595E-02
   21.590  -1.2698E-02
   21.600  -1.3855E-02
   21.610  -1.6702E-02
   21.620  -2.0282E-02
   21.630  -2.0617E-02
   21.640  -1.3892E-02
   21.650  -2.5483E-03
   21.660   8.3474E-03
   21.670   1.1894E-02
   21.680   5.5521E-03
   21.690  -4.7695E-03
   21.700  -8.6200E-03
   21.710  -1.3433E-03
   21.720   1.1894E-02
   21.730   1.9430E-02
   21.740   2.0113E-02
   21.750   1.5685E-02
   21.760   8.1877E-03
   21.770   4.1619E-04
   21.780  -6.4805E-03
   21.790  -7.7148E-03
   21.800  -3.0271E-03
   21.810   2.6423E-03
   21.820   3.5567E-03
   21.830  -1.9844E-03
   21.840  -1.0726E-02
   21.850  -1.7900E-02
   21.860  -1.8826E-02
   21.870  -1.3531E-02
   21.880  -6.7179E-03
   21.890  -2.9246E-03
   21.900  -5.6281E-03
   21.910  -1.1969E-02
   21.920  -1.7868E-02
   21.930  -1.9931E-02
   21.940  -1.8057E-02
   21.950  -8.5515E-03
   21.960  -1.4228E-04
   21.970   1.4465E-03
   21.980  -3.6922E-03
   21.990  -9.6950E-03
   22.000  -1.0981E-02
   22.010  -6.5627E-03
   22.020   5.8771E-04
   22.030   7.2824E-03
   22.040   1.1586E-02
   22.050   1.1957E-02
   22.060   7.3090E-03
   22.070   1.3519E-04
   22.080  -4.7967E-03
   22.090  -2.7459E-03
   22.100   5.6802E-03
   22.110   1.3771E-02
   22.120   1.4949E-02
   22.130   1.0588E-02
   22.140   4.6432E-03
   22.150   2.3374E-03
   22.160   2.3334E-03
   22.170   2.6700E-03
   22.180   4.8499E-03
   22.190   1.0414E-02
   22.200   1.6293E-02
   22.210   1.6403E-02
   22.220   8.5192E-03
   22.230  -3.0704E-03
   22.240  -1.0434E-02
   22.250  -8.5718E-03
   22.260   4.6894E-04
   22.270   1.0037E-02
   22.280   1.3190E-02
   22.290   7.8459E-03
   22.300  -4.6074E-04
   22.310  -7.4164E-03
   22.320  -1.0323E-02
   22.330  -8.0653E-03
   22.340   6.3966E-04
   22.350   1.2465E-02
   22.360   2.0351E-02
   22.370   1.8234E-02
   22.380   7.2743E-03
   22.390  -4.5322E-03
   22.400  -8.4688E-03
   22.410  -9.9598E-04
   22.420   1.3634E-02
   22.430   2.5601E-02
   22.440   2.6038E-02
   22.450   1.6787E-02
   22.460   4.9469E-03
   22.470  -1.4866E-03
   22.480  -2.4401E-04
   22.490   6.0579E-03
   22.500   1.4081E-02
   22.510   2.0024E-02
   22.520   1.9231E-02
   22.530   9.0664E-03
   22.540  -6.2858E-03
   22.550  -1.7308E-02
   22.560  -1.6698E-02
   22.570  -5.6425E-03
   22.580   5.9895E-03
   22.590   9.5462E-03
   22.600   2.6419E-03
   22.610  -7.8729E-03
   22.620  -1.3514E-02
   22.630  -1.2566E-02
   22.640  -1.0059E-02
   22.650  -7.3808E-03
   22.660  -2.5541E-03
   22.670   4.2029E-03
   22.680   8.1691E-03
   22.690   3.9087E-03
   22.700  -3.8236E-03
   22.710  -6.8481E-03
   22.720  -2.5505E-03
   22.730   4.3176E-03
   22.740   8.1843E-03
   22.750   9.6681E-03
   22.760   1.1350E-02
   22.770   1.2686E-02
   22.780   1.1618E-02
   22.790   6.1005E-03
   22.800   1.0472E-03
   22.810   1.6952E-03
   22.820   8.5885E-03
   22.830   1.5151E-02
   22.840   1.4076E-02
   22.850   5.1060E-03
   22.860  -1.9321E-03
   22.870  -5.0277E-03
   22.880  -4.6925E-03
   22.890  -4.8192E-03
   22.900  -4.5056E-03
   22.910  -1.7243E-03
   22.920   9.7373E-04
   22.930  -1.8815E-03
   22.940  -1.0080E-02
   22.950  -1.6980E-02
   22.960  -1.6695E-02
   22.970  -1.0577E-02
   22.980  -4.3559E-03
   22.990  -2.7750E-03
   23.000  -5.8846E-03
   23.010  -1.0404E-02
   23.020  -1.2466E-02
   23.030  -1.1087E-02
   23.040  -9.8954E-03
   23.050  -9.9052E-03
   23.060  -9.2530E-03
   23.070  -6.5115E-03
   23.080  -3.9618E-03
   23.090  -5.4629E-03
   23.100  -9.9409E-03
   23.110  -1.2752E-02
   23.120  -1.0516E-02
   23.130  -8.6874E-03
   23.140  -8.8437E-03
   23.150  -1.0495E-02
   23.160  -1.2296E-02
   23.170  -1.2487E-02
   23.180  -1.1309E-02
   23.190  -1.0682E-02
   23.200  -1.2301E-02
   23.210  -1.5841E-02
   23.220  -1.8263E-02
   23.230  -1.7304E-02
   23.240  -1.2787E-02
   23.250  -1.0957E-02
   23.260  -1.1164E-02
   23.270  -1.1380E-02
   23.280  -1.0906E-02
   23.290  -1.2768E-02
   23.300  -1.5340E-02
   23.310  -1.7391E-02
   23.320  -1.6540E-02
   23.330  -1.3269E-02
   23.340  -9.0808E-03
   23.350  -7.8875E-03
   23.360  -9.8500E-03
   23.370  -1.4349E-02
   23.380  -1.6230E-02
   23.390  -1.4302E-02
   23.400  -1.0198E-02
   23.410  -7.2036E-03
   23.420  -5.2418E-03
   23.430  -2.5538E-03
   23.440   1.4315E-04
   23.450  -4.0388E-04
   23.460  -4.1679E-03
   23.470  -5.9723E-03
   23.480  -2.4712E-03
   23.490   4.3245E-03
   23.500   9.8005E-03
   23.510   7.1007E-03
   23.520   1.5043E-03
   23.530  -4.3612E-03
   23.540  -7.1775E-03
   23.550  -6.8414E-03
   23.560  -4.7763E-03
   23.570  -4.0943E-03
   23.580  -5.2257E-03
   23.590  -7.0221E-03
   23.600  -1.0065E-02
   23.610  -1.4818E-02
   23.620  -2.0012E-02
   23.630  -2.1875E-02
   23.640  -1.8869E-02
   23.650  -1.4539E-02
   23.660  -1.3760E-02
   23.670  -1.7033E-02
   23.680  -2.0047E-02
   23.690  -1.9997E-02
   23.700  -1.7572E-02
   23.710  -1.5457E-02
   23.720  -1.4558E-02
   23.730  -1.3350E-02
   23.740  -1.0497E-02
   23.750  -6.7512E-03
   23.760  -5.3866E-03
   23.770  -7.0522E-03
   23.780  -7.8164E-03
   23.790  -6.2918E-03
   23.800  -1.6348E-03
   23.810   1.8445E-03
   23.820   1.5246E-03
   23.830  -3.5143E-04
   23.840  -8.3695E-04
   23.850   4.6950E-04
   23.860   3.2026E-03
   23.870   4.6888E-03
   23.880   6.0952E-03
   23.890   7.8644E-03
   23.900   8.8089E-03
   23.910   1.0953E-02
   23.920   9.4057E-03
   23.930   6.5913E-03
   23.940   6.5855E-03
   23.950   1.1240E-02
   23.960   1.7753E-02
   23.970   1.8137E-02
   23.980   1.4235E-02
   23.990   7.1100E-03
   24.000   2.1909E-03
   24.010   2.0347E-03
   24.020   4.5834E-03
   24.030   6.3377E-03
   24.040   5.8321E-03
   24.050   3.3719E-03
   24.060  -9.5873E-04
   24.070  -5.5573E-03
   24.080  -9.0374E-03
   24.090  -1.0617E-02
   24.100  -9.4400E-03
   24.110  -6.1619E-03
   24.120  -3.8056E-03
   24.130  -5.3731E-03
   24.140  -1.1203E-02
   24.150  -1.5297E-02
   24.160  -1.3460E-02
   24.170  -6.7310E-03
   24.180  -8.3708E-04
   24.190   1.3579E-03
   24.200  -1.3724E-03
   24.210  -3.8958E-03
   24.220  -3.6568E-03
   24.230  -1.7392E-03
   24.240   3.1423E-04
   24.250   1.6049E-03
   24.260   3.1717E-03
   24.270   3.3760E-03
   24.280   1.7620E-03
   24.290  -3.0502E-03
   24.300  -7.4273E-03
   24.310  -6.5658E-03
   24.320  -9.2161E-04
   24.330   4.8772E-03
   24.340   4.6676E-03
   24.350  -1.3334E-03
   24.360  -7.4780E-03
   24.370  -8.8971E-03
   24.380  -6.0410E-03
   24.390  -2.4363E-03
   24.400  -5.1636E-04
   24.410   3.8016E-04
   24.420   1.7343E-03
   24.430   1.9888E-03
   24.440   4.1296E-04
   24.450  -1.7914E-03
   24.460  -1.6783E-03
   24.470   2.3847E-03
   24.480   7.2823E-03
   24.490   8.7889E-03
   24.500   5.5466E-03
   24.510   9.3084E-04
   24.520  -1.8813E-03
   24.530  -1.7433E-03
   24.540  -7.6644E-04
   24.550  -4.0812E-04
   24.560  -6.4147E-04
   24.570  -1.5285E-03
   24.580  -4.1572E-03
   24.590  -8.5908E-03
   24.600  -1.2689E-02
   24.610  -1.1467E-02
   24.620  -9.4016E-03
   24.630  -5.4368E-03
   24.640  -4.0315E-03
   24.650  -6.4422E-03
   24.660  -1.0364E-02
   24.670  -1.2294E-02
   24.680  -1.2032E-02
   24.690  -9.0355E-03
   24.700  -5.1674E-03
   24.710  -1.6852E-03
   24.720   5.9819E-04
   24.730   9.6601E-05
   24.740  -3.8788E-03
   24.750  -7.4927E-03
   24.760  -8.8945E-03
   24.770  -5.2961E-03
   24.780   6.0043E-04
   24.790   4.8946E-03
   24.800   5.5452E-03
   24.810   3.0002E-03
   24.820  -2.1512E-03
   24.830  -7.2657E-03
   24.840  -1.0153E-02
   24.850  -8.2546E-03
   24.860  -1.5169E-03
   24.870   5.9421E-03
   24.880   8.3248E-03
   24.890   3.6164E-03
   24.900  -4.2614E-03
   24.910  -8.6212E-03
   24.920  -6.3506E-03
   24.930   2.0160E-04
   24.940   6.3704E-03
   24.950   9.6880E-03
   24.960   9.5608E-03
   24.970   5.7185E-03
   24.980  -1.4456E-03
   24.990  -8.2487E-03
   25.000  -9.7092E-03
   25.010  -4.0965E-03
   25.020   3.8376E-03
   25.030   6.9744E-03
   25.040   1.9654E-03
   25.050  -7.9304E-03
   25.060  -1.6342E-02
   25.070  -1.8622E-02
   25.080  -1.4915E-02
   25.090  -8.7279E-03
   25.100  -4.1322E-03
   25.110  -3.2638E-03
   25.120  -6.4069E-03
   25.130  -1.1948E-02
   25.140  -1.6604E-02
   25.150  -1.5101E-02
   25.160  -8.1471E-03
   25.170   1.9540E-03
   25.180   8.9081E-03
   25.190   9.2957E-03
   25.200   4.4173E-03
   25.210  -7.4547E-04
   25.220  -2.6586E-03
   25.230  -3.4393E-04
   25.240   5.1848E-03
   25.250   1.0420E-02
   25.260   1.2134E-02
   25.270   9.5357E-03
   25.280   3.2949E-03
   25.290  -2.0733E-03
   25.300  -5.6606E-03
   25.310  -5.1246E-03
   25.320  -1.6735E-03
   25.330   2.5944E-03
   25.340   3.7783E-03
   25.350   1.1544E-03
   25.360  -4.3286E-03
   25.370  -8.6425E-03
   25.380  -8.9837E-03
   25.390  -5.0146E-03
   25.400   9.5340E-04
   25.410   5.4849E-03
   25.420   6.0652E-03
   25.430   3.4171E-03
   25.440   3.8386E-05
   25.450  -2.5032E-03
   25.460  -3.7093E-03
   25.470  -2.2611E-03
   25.480   2.7252E-03
   25.490   8.7779E-03
   25.500   1.0754E-02
   25.510   6.3298E-03
   25.520  -9.4764E-04
   25.530  -5.5391E-03
   25.540  -4.9054E-03
   25.550  -8.0364E-04
   25.560   3.7643E-03
   25.570   6.7032E-03
   25.580   6.5377E-03
   25.590   3.0270E-03
   25.600  -2.6191E-03
   25.610  -6.7216E-03
   25.620  -7.1955E-03
   25.630  -3.2229E-03
   25.640   2.9901E-03
   25.650   7.0058E-03
   25.660   5.5327E-03
   25.670  -2.8860E-04
   25.680  -5.6773E-03
   25.690  -7.0078E-03
   25.700  -4.7596E-03
   25.710  -1.0486E-03
   25.720   2.8071E-03
   25.730   5.0371E-03
   25.740   3.0864E-03
   25.750  -1.8236E-03
   25.760  -7.5322E-03
   25.770  -9.4734E-03
   25.780  -6.6653E-03
   25.790  -1.8030E-03
   25.800   2.3587E-03
   25.810   4.0981E-03
   25.820   2.2327E-03
   25.830  -1.7795E-03
   25.840  -4.9202E-03
   25.850  -5.4041E-03
   25.860  -1.5399E-03
   25.870   3.7938E-03
   25.880   7.9647E-03
   25.890   8.8479E-03
   25.900   6.1934E-03
   25.910   1.7611E-03
   25.920  -5.7531E-04
   25.930   6.4456E-04
   25.940   3.8873E-03
   25.950   6.8082E-03
   25.960   8.2191E-03
   25.970   7.7738E-03
   25.980   5.1157E-03
   25.990   8.3601E-04
   26.000  -2.6284E-03
   26.010  -2.5051E-03
   26.020   6.0670E-04
   26.030   4.9755E-03
   26.040   5.8738E-03
   26.050   3.5057E-03
   26.060  -5.8978E-04
   26.070  -3.5979E-03
   26.080  -3.9738E-03
   26.090  -1.9856E-03
   26.100   3.9157E-04
   26.110   1.8617E-03
   26.120   1.9454E-03
   26.130   5.3742E-04
   26.140  -2.2439E-03
   26.150  -5.2186E-03
   26.160  -6.2042E-03
   26.170  -3.9995E-03
   26.180  -2.0543E-04
   26.190   2.0048E-03
   26.200   9.1159E-04
   26.210  -2.3485E-03
   26.220  -5.3454E-03
   26.230  -6.6276E-03
   26.240  -5.5975E-03
   26.250  -3.1065E-03
   26.260  -4.4272E-04
   26.270   1.3213E-03
   26.280   1.1643E-03
   26.290  -6.9262E-04
   26.300  -3.1108E-03
   26.310  -4.5980E-03
   26.320  -3.6368E-03
   26.330  -2.2571E-04
   26.340   3.5479E-03
   26.350   4.9438E-03
   26.360   3.2067E-03
   26.370   3.5766E-04
   26.380  -1.9578E-03
   26.390  -2.2620E-03
   26.400  -5.5793E-04
   26.410   2.1730E-03
   26.420   4.3575E-03
   26.430   4.5873E-03
   26.440   2.6476E-03
   26.450  -2.4379E-04
   26.460  -2.2668E-03
   26.470  -2.1114E-03
   26.480   2.6272E-04
   26.490   3.3766E-03
   26.500   5.2331E-03
   26.510   4.5756E-03
   26.520   2.1255E-03
   26.530  -2.6660E-04
   26.540  -1.1845E-03
   26.550  -4.7004E-04
   26.560   1.7968E-03
   26.570   4.3720E-03
   26.580   6.0651E-03
   26.590   3.3310E-03
   26.600   2.7742E-04
   26.610  -3.0551E-03
   26.620  -3.9183E-03
   26.630  -2.5065E-03
   26.640  -1.6198E-04
   26.650   1.6607E-03
   26.660   1.8485E-03
   26.670   2.7762E-04
   26.680  -2.0376E-03
   26.690  -3.7119E-03
   26.700  -3.9637E-03
   26.710  -2.7916E-03
   26.720  -6.4250E-04
   26.730   1.5085E-03
   26.740   2.5104E-03
   26.750   1.1037E-03
   26.760  -1.5636E-03
   26.770  -3.3506E-03
   26.780  -3.0670E-03
   26.790  -1.2940E-03
   26.800   6.8422E-04
   26.810   1.9441E-03
   26.820   1.9986E-03
   26.830   6.5132E-04
   26.840  -1.6564E-03
   26.850  -3.5703E-03
   26.860  -3.9045E-03
   26.870  -2.5243E-03
   26.880  -4.7881E-04
   26.890   8.3394E-04
   26.900   4.9695E-04
   26.910  -1.2498E-03
   26.920  -3.1461E-03
   26.930  -3.8275E-03
   26.940  -2.9727E-03
   26.950  -1.6049E-03
   26.960  -9.8721E-05
   26.970   8.7709E-04
   26.980   5.9231E-04
   26.990  -9.3751E-04
   27.000  -2.4788E-03
   27.010  -2.5430E-03
   27.020  -8.9546E-04
   27.030   1.2717E-03
   27.040   2.5885E-03
   27.050   2.5289E-03
   27.060   1.3540E-03
   27.070  -3.0906E-05
   27.080  -1.3769E-03
   27.090  -1.2232E-03
   27.100  -4.3077E-05
   27.110   1.4681E-03
   27.120   2.3878E-03
   27.130   2.0095E-03
   27.140   3.3837E-04
   27.150  -1.8552E-03
   27.160  -3.1680E-03
   27.170  -2.7633E-03
   27.180  -1.3251E-03
   27.190  -1.5963E-04
   27.200  -1.0729E-05
   27.210  -7.8412E-04
   27.220  -2.0045E-03
   27.230  -3.1808E-03
   27.240  -3.6017E-03
   27.250  -2.7476E-03
   27.260  -9.2794E-04
   27.270   1.7291E-03
   27.280   2.2329E-03
   27.290   1.4603E-03
   27.300   1.6749E-04
   27.310  -6.9268E-04
   27.320  -3.2961E-04
   27.330   1.1293E-03
   27.340   2.4457E-03
   27.350   3.2060E-03
   27.360   2.7799E-03
   27.370   1.5993E-03
   27.380   3.8805E-04
   27.390  -2.8475E-04
   27.400  -3.6859E-05
   27.410   1.0158E-03
   27.420   2.1384E-03
   27.430   2.4249E-03
   27.440   1.6803E-03
   27.450   4.5607E-04
   27.460  -5.4732E-04
   27.470  -1.3621E-03
   27.480  -5.1004E-04
   27.490   2.8155E-04
   27.500   1.0368E-03
   27.510   9.9540E-04
   27.520   3.0305E-04
   27.530  -6.0098E-04
   27.540  -1.0107E-03
   27.550  -6.5944E-04
   27.560   8.0378E-05
   27.570   5.8563E-04
   27.580   8.0390E-04
   27.590   6.0276E-04
   27.600   3.4963E-04
   27.610  -1.0062E-05
   27.620  -2.5694E-04
   27.630  -1.1971E-04
   27.640   1.1227E-04
   27.650   5.0689E-04
   27.660   5.5855E-04
   27.670   4.6091E-04
   27.680  -1.4105E-05
   27.690  -4.4438E-04
   27.700  -5.0761E-04
   27.710  -3.2375E-04
   27.720  -7.7343E-05
   27.730   2.0401E-04
   27.740   5.6158E-04
   27.750   7.8161E-04
   27.760   6.7563E-04
   27.770   3.0122E-04
   27.780   3.6538E-06
   27.790   4.1441E-06
   27.800   2.9267E-04
   27.810   6.4203E-04
   27.820   8.3724E-04
   27.830   6.2761E-04
   27.840   1.1075E-04
   27.850  -6.2514E-04
   27.860  -1.2427E-03
   27.870  -1.3774E-03
   27.880  -8.0704E-04
   27.890   1.6837E-04
   27.900   8.6405E-04
   27.910   7.3204E-04
   27.920  -2.6492E-05
   27.930  -7.2941E-04
   27.940  -8.4918E-04
   27.950  -3.9849E-04
   27.960   2.6373E-04
   27.970   8.8261E-04
   27.980   1.1622E-03
   27.990   9.3003E-04
   28.000   1.9112E-04
   28.010  -6.6776E-04
   28.020  -1.0126E-03
   28.030  -5.1008E-04
   28.040   3.2942E-04
   28.050   8.9227E-04
   28.060   6.2676E-04
   28.070  -2.6572E-04
   28.080  -1.1428E-03
   28.090  -1.4263E-03
   28.100  -1.1179E-03
   28.110  -6.8827E-04
   28.120  -4.3829E-04
   28.130  -3.8451E-04
   28.140  -4.7768E-04
   28.150  -7.9117E-04
   28.160  -1.1994E-03
   28.170  -1.3578E-03
   28.180  -9.9505E-04
   28.190  -3.2017E-04
   28.200   2.1189E-04
   28.210   2.6862E-04
   28.220  -5.1749E-05
   28.230  -5.2737E-04
   28.240  -4.7453E-04
   28.250  -1.2488E-05
   28.260   5.5608E-04
   28.270   8.4401E-04
   28.280   7.8243E-04
   28.290   5.3655E-04
   28.300   3.3410E-04
   28.310   1.2300E-04
   28.320  -6.4047E-05
   28.330  -1.4348E-04
   28.340  -2.7017E-05
   28.350   1.9936E-04
   28.360   3.9485E-04
   28.370   4.1150E-04
   28.380   2.4676E-04
   28.390   2.1072E-05
   28.400  -3.4719E-05
   28.410   1.2052E-04
   28.420   3.1243E-04
   28.430   2.0677E-04
   28.440   2.2242E-04
   28.450   3.5098E-04
   28.460   5.0695E-04
   28.470   3.4126E-04
   28.480  -7.5608E-05
   28.490  -4.7039E-04
   28.500  -5.5062E-04
   28.510  -3.8777E-04
   28.520  -2.2647E-04
   28.530  -2.3533E-04
   28.540  -3.6518E-04
   28.550  -5.4015E-04
   28.560  -6.9945E-04
   28.570  -8.4836E-04
   28.580  -9.4795E-04
   28.590  -9.5021E-04
   28.600  -7.7546E-04
   28.610  -5.9077E-04
   28.620  -3.2721E-04
   28.630  -3.4431E-04
   28.640  -5.4112E-04
   28.650  -6.1356E-04
   28.660  -3.8003E-04
   28.670  -2.8515E-06
   28.680   2.4950E-04
   28.690   4.5616E-04
   28.700   6.0273E-04
   28.710   6.7102E-04
   28.720   6.3710E-04
   28.730   5.2765E-04
   28.740   7.4365E-06
   28.750   8.8180E-05
   28.760   2.7151E-04
   28.770   4.3426E-04
   28.780   4.4056E-04
   28.790   1.7710E-04
   28.800  -2.3527E-04
   28.810  -5.5357E-04
   28.820  -6.2281E-04
   28.830  -9.4250E-04
   28.840  -7.5281E-04
   28.850  -4.9729E-04
   28.860  -5.5082E-04
   28.870   8.7287E-05
   28.880   6.6556E-05
   28.890  -3.1539E-05
   28.900  -1.2683E-04
   28.910  -1.4878E-04
   28.920  -5.2591E-05
   28.930   1.6043E-04
   28.940   3.9749E-04
   28.950   5.0079E-04
   28.960   3.9445E-04
   28.970   1.7826E-04
   28.980   2.4629E-05
   28.990   4.5020E-06
   29.000   8.0153E-05
   29.010   1.3166E-04
   29.020   1.6826E-04
   29.030   1.6501E-04
   29.040   6.5089E-05
   29.050  -1.3738E-04
   29.060  -3.5144E-04
   29.070  -4.5795E-04
   29.080  -3.9768E-04
   29.090  -2.1027E-04
   29.100  -2.3485E-05
   29.110   1.7028E-05
   29.120  -1.2512E-04
   29.130  -3.2422E-04
   29.140  -4.1123E-04
   29.150  -3.3931E-04
   29.160  -1.8450E-04
   29.170  -2.4830E-05
   29.180   1.0809E-04
   29.190   1.6391E-04
   29.200   1.0045E-04
   29.210  -7.7780E-05
   29.220  -2.4573E-04
   29.230  -2.8286E-04
   29.240  -1.7306E-04
   29.250  -4.1750E-06
   29.260   1.0029E-04
   29.270   5.6873E-05
   29.280  -1.1132E-04
   29.290  -2.8340E-04
   29.300  -3.3179E-04
   29.310  -3.0535E-04
   29.320  -2.0417E-04
   29.330  -8.0201E-05
   29.340   2.8003E-05
   29.350   7.9054E-05
   29.360   3.3669E-05
   29.370  -8.2492E-05
   29.380  -1.6674E-04
   29.390  -1.2458E-04
   29.400   4.7060E-05
   29.410   2.5380E-04
   29.420   3.6590E-04
   29.430   3.1591E-04
   29.440   1.4787E-04
   29.450  -1.0066E-05
   29.460  -5.9928E-05
   29.470  -1.1026E-05
   29.480   5.4599E-05
   29.490   8.6541E-05
   29.500   8.2091E-05
   29.510   3.6079E-05
   29.520  -7.8284E-05
   29.530  -2.4183E-04
   29.540  -3.3313E-04
   29.550  -3.2119E-04
   29.560  -2.1892E-04
   29.570  -1.1216E-04
   29.580  -1.1364E-04
   29.590  -1.8040E-04
   29.600  -2.8824E-04
   29.610  -3.4620E-04
   29.620  -3.0624E-04
   29.630  -2.0151E-04
   29.640  -1.1279E-04
   29.650  -8.2075E-05
   29.660  -9.6594E-05
   29.670  -1.3085E-04
   29.680  -1.8049E-04
   29.690  -2.2634E-04
   29.700  -2.2460E-04
   29.710  -1.5091E-04
   29.720  -5.3757E-05
   29.730  -1.6881E-05
   29.740  -8.2143E-05
   29.750  -2.0183E-04
   29.760  -2.8204E-04
   29.770  -2.5567E-04
   29.780  -1.4215E-04
   29.790  -2.6322E-05
   29.800   1.4140E-05
   29.810  -2.2096E-05
   29.820  -8.4922E-05
   29.830  -1.3074E-04
   29.840  -1.4826E-04
   29.850  -1.2261E-04
   29.860  -3.9965E-05
   29.870   7.4403E-05
   29.880   1.5174E-04
   29.890   1.1381E-04
   29.900  -3.8050E-07
   29.910  -1.0008E-04
   29.920  -1.1719E-04
   29.930  -4.8873E-05
   29.940   4.5983E-05
   29.950   9.6081E-05
   29.960   6.4452E-05
   29.970  -2.1316E-05
   29.980  -1.0479E-04
   29.990  -1.4853E-04
   30.000  -1.5117E-04
   30.010  -1.1552E-04
   30.020  -4.1600E-05
   30.030   1.3600E-05
   30.040   6.9360E-06
   30.050  -6.4142E-05
   30.060  -5.1174E-06
   30.070  -4.0623E-06
   30.080   7.8130E-06
   30.090   2.0510E-05
   30.100   2.2881E-05
   30.110   1.4633E-05
   30.120   4.8162E-06
   30.130   3.4394E-06
   30.140   8.0395E-06
   30.150   1.0373E-05
   30.160   7.8463E-06
   30.170   9.1254E-06
   30.180   1.8865E-05
   30.190   3.0913E-05
   30.200   3.3390E-05
   30.210   2.4289E-05
   30.220   1.0479E-05
   30.230   2.3957E-06
   30.240   1.0125E-05
   30.250   1.3675E-05
   30.260   2.2067E-05
   30.270   2.9958E-05
   30.280   3.1956E-05
   30.290   2.1820E-05
   30.300   1.6487E-05
   30.310   1.1583E-05
   30.320   1.0053E-05
   30.330   8.5052E-06
   30.340   1.3951E-05
   30.350   2.1382E-05
   30.360   2.7090E-05
   30.370   2.7141E-05
   30.380   2.2386E-05
   30.390   1.9762E-05
   30.400   1.4650E-05
   30.410   2.0950E-05
   30.420   2.5907E-05
   30.430   2.7801E-05
   30.440   2.9288E-05
   30.450   3.2671E-05
   30.460   3.6517E-05
   30.470   3.8003E-05
   30.480   3.5062E-05
   30.490   2.8022E-05
   30.500   2.0242E-05
   30.510   1.7389E-05
   30.520   2.2570E-05
   30.530   3.2442E-05
   30.540   3.9181E-05
   30.550   3.7426E-05
   30.560   2.7948E-05
   30.570   1.6441E-05
   30.580   9.5321E-06
   30.590   1.1802E-05
   30.600   2.1962E-05
   30.610   3.5528E-05
   30.620   3.9807E-05
   30.630   3.2082E-05
   30.640   1.6371E-05
   30.650   1.9262E-06
   30.660  -1.5105E-06
   30.670   9.8164E-06
   30.680   2.8272E-05
   30.690   3.9138E-05
   30.700   3.2927E-05
   30.710   1.4188E-05
   30.720  -3.9636E-06
   30.730  -1.1549E-05
   30.740  -7.3181E-06
   30.750   4.7744E-06
   30.760   1.8443E-05
   30.770   2.5920E-05
   30.780   2.0646E-05
   30.790   3.6994E-06
   30.800  -1.4817E-05
   30.810  -2.2160E-05
   30.820  -1.2784E-05
   30.830   7.7955E-06
   30.840   2.6548E-05
   30.850   3.2396E-05
   30.860   2.3356E-05
   30.870   7.3284E-06
   30.880  -4.9700E-06
   30.890  -6.5854E-06
   30.900   3.3627E-06
   30.910   2.0567E-05
   30.920   3.5969E-05
   30.930   3.9681E-05
   30.940   2.8429E-05
   30.950   9.9852E-06
   30.960  -3.4285E-06
   30.970  -5.0749E-06
   30.980   3.1898E-06
   30.990   1.6075E-05
   31.000   2.7988E-05
   31.010   3.2738E-05
   31.020   2.5259E-05
   31.030   7.7461E-06
   31.040  -9.2935E-06
   31.050  -1.4059E-05
   31.060  -3.4706E-06
   31.070   1.4716E-05
   31.080   2.8031E-05
   31.090   2.8775E-05
   31.100   1.8464E-05
   31.110   5.0780E-06
   31.120  -4.1643E-06
   31.130  -5.9493E-06
   31.140   3.4805E-07
   31.150   1.3276E-05
   31.160   2.5854E-05
   31.170   2.7201E-05
   31.180   1.2334E-05
   31.190  -9.4046E-06
   31.200  -2.1791E-05
   31.210  -1.7323E-05
   31.220  -3.3100E-06
   31.230   8.1155E-06
   31.240   1.0771E-05
   31.250   5.3176E-06
   31.260  -5.8675E-06
   31.270  -1.9429E-05
   31.280  -2.9441E-05
   31.290  -2.8885E-05
   31.300  -1.5924E-05
   31.310   2.5186E-06
   31.320   1.3954E-05
   31.330   1.0187E-05
   31.340  -5.0993E-06
   31.350  -1.8586E-05
   31.360  -1.9682E-05
   31.370  -9.3189E-06
   31.380   3.4832E-06
   31.390   1.1940E-05
   31.400   1.4568E-05
   31.410   1.1298E-05
   31.420   1.8803E-06
   31.430  -9.6781E-06
   31.440  -1.4895E-05
   31.450  -8.0959E-06
   31.460   6.4141E-06
   31.470   1.7656E-05
   31.480   1.7182E-05
   31.490   5.7314E-06
   31.500  -8.5364E-06
   31.510  -1.6234E-05
   31.520  -1.3756E-05
   31.530  -4.4858E-06
   31.540   5.3475E-06
   31.550   1.1750E-05
   31.560   1.2886E-05
   31.570   7.7398E-06
   31.580  -2.1920E-06
   31.590  -1.0061E-05
   31.600  -8.2261E-06
   31.610   3.7313E-06
   31.620   1.7131E-05
   31.630   2.2877E-05
   31.640   1.8966E-05
   31.650   0.0000E+00
   31.660   0.0000E+00
   31.670   0.0000E+00
   31.680   0.0000E+00
   31.690   0.0000E+00
   31.700   0.0000E+00
   31.710   0.0000E+00
   31.720   0.0000E+00
   31.730   0.0000E+00
   31.740   0.0000E+00
   31.750   0.0000E+00
   31.760   0.0000E+00
   31.770   0.0000E+00
   31.780   0.0000E+00
   31.790   0.0000E+00
   31.800   0.0000E+00
   31.810   0.0000E+00
   31.820   0.0000E+00
   31.830   0.0000E+00
   31.840   0.0000E+00
   31.850   0.0000E+00
   31.860   0.0000E+00
   31.870   0.0000E+00
   31.880   0.0000E+00
   31.890   0.0000E+00
   31.900   0.0000E+00
   31.910   0.0000E+00
   31.920   0.0000E+00
   31.930   0.0000E+00
   31.940   0.0000E+00
   31.950   0.0000E+00
   31.960   0.0000E+00
   31.970   0.0000E+00
   31.980   0.0000E+00
   31.990   0.0000E+00
   32.000   0.0000E+00
   32.010   0.0000E+00
   32.020   0.0000E+00
   32.030   0.0000E+00
   32.040   0.0000E+00
   32.050   0.0000E+00
   32.060   0.0000E+00
   32.070   0.0000E+00
   32.080   0.0000E+00
   32.090   0.0000E+00
   32.100   0.0000E+00
   32.110   0.0000E+00
   32.120   0.0000E+00
   32.130   0.0000E+00
   32.140   0.0000E+00
   32.150   0.0000E+00
   32.160   0.0000E+00
   32.170   0.0000E+00
   32.180   0.0000E+00
   32.190   0.0000E+00
   32.200   0.0000E+00
   32.210   0.0000E+00
   32.220   0.0000E+00
   32.230   0.0000E+00
   32.240   0.0000E+00
   32.250   0.0000E+00
   32.260   0.0000E+00
   32.270   0.0000E+00
   32.280   0.0000E+00
   32.290   0.0000E+00
   32.300   0.0000E+00
   32.310   0.0000E+00
   32.320   0.0000E+00
   32.330   0.0000E+00
   32.340   0.0000E+00
   32.350   0.0000E+00
   32.360   0.0000E+00
   32.370   0.0000E+00
   32.380   0.0000E+00
   32.390   0.0000E+00
   32.400   0.0000E+00
   32.410   0.0000E+00
   32.420   0.0000E+00
   32.430   0.0000E+00
   32.440   0.0000E+00
   32.450   0.0000E+00
   32.460   0.0000E+00
   32.470   0.0000E+00
   32.480   0.0000E+00
   32.490   0.0000E+00
   32.500   0.0000E+00
   32.510   0.0000E+00
   32.520   0.0000E+00
   32.530   0.0000E+00
   32.540   0.0000E+00
   32.550   0.0000E+00
   32.560   0.0000E+00
   32.570   0.0000E+00
   32.580   0.0000E+00
   32.590   0.0000E+00
   32.600   0.0000E+00
   32.610   0.0000E+00
   32.620   0.0000E+00
   32.630   0.0000E+00
   32.640   0.0000E+00
   32.650   0.0000E+00
   32.660   0.0000E+00
   32.670   0.0000E+00
   32.680   0.0000E+00
   32.690   0.0000E+00
   32.700   0.0000E+00
   32.710   0.0000E+00
   32.720   0.0000E+00
   32.730   0.0000E+00
   32.740   0.0000E+00
   32.750   0.0000E+00
   32.760   0.0000E+00
   32.770   0.0000E+00
   32.780   0.0000E+00
   32.790   0.0000E+00
   32.800   0.0000E+00
   32.810   0.0000E+00
   32.820   0.0000E+00
   32.830   0.0000E+00
   32.840   0.0000E+00
   32.850   0.0000E+00
   32.860   0.0000E+00
   32.870   0.0000E+00
   32.880   0.0000E+00
   32.890   0.0000E+00
   32.900   0.0000E+00
   32.910   0.0000E+00
   32.920   0.0000E+00
   32.930   0.0000E+00
   32.940   0.0000E+00
   32.950   0.0000E+00
   32.960   0.0000E+00
   32.970   0.0000E+00
   32.980   0.0000E+00
   32.990   0.0000E+00
   33.000   0.0000E+00
   33.010   0.0000E+00
   33.020   0.0000E+00
   33.030   0.0000E+00
   33.040   0.0000E+00
   33.050   0.0000E+00
   33.060   0.0000E+00
   33.070   0.0000E+00
   33.080   0.0000E+00
   33.090   0.0000E+00
   33.100   0.0000E+00
   33.110   0.0000E+00
   33.120   0.0000E+00
   33.130   0.0000E+00
   33.140   0.0000E+00
   33.150   0.0000E+00
   33.160   0.0000E+00
   33.170   0.0000E+00
   33.180   0.0000E+00
   33.190   0.0000E+00
   33.200   0.0000E+00
   33.210   0.0000E+00
   33.220   0.0000E+00
   33.230   0.0000E+00
   33.240   0.0000E+00
   33.250   0.0000E+00
   33.260   0.0000E+00
   33.270   0.0000E+00
   33.280   0.0000E+00
   33.290   0.0000E+00
   33.300   0.0000E+00
   33.310   0.0000E+00
   33.320   0.0000E+00
   33.330   0.0000E+00
   33.340   0.0000E+00
   33.350   0.0000E+00
   33.360   0.0000E+00
   33.370   0.0000E+00
   33.380   0.0000E+00
   33.390   0.0000E+00
   33.400   0.0000E+00
   33.410   0.0000E+00
   33.420   0.0000E+00
   33.430   0.0000E+00
   33.440   0.0000E+00
   33.450   0.0000E+00
   33.460   0.0000E+00
   33.470   0.0000E+00
   33.480   0.0000E+00
   33.490   0.0000E+00
   33.500   0.0000E+00
   33.510   0.0000E+00
   33.520   0.0000E+00
   33.530   0.0000E+00
   33.540   0.0000E+00
   33.550   0.0000E+00
   33.560   0.0000E+00
   33.570   0.0000E+00
   33.580   0.0000E+00
   33.590   0.0000E+00
   33.600   0.0000E+00
   33.610   0.0000E+00
   33.620   0.0000E+00
   33.630   0.0000E+00
   33.640   0.0000E+00
   33.650   0.0000E+00
   33.660   0.0000E+00
   33.670   0.0000E+00
   33.680   0.0000E+00
   33.690   0.0000E+00
   33.700   0.0000E+00
   33.710   0.0000E+00
   33.720   0.0000E+00
   33.730   0.0000E+00
   33.740   0.0000E+00
   33.750   0.0000E+00
   33.760   0.0000E+00
   33.770   0.0000E+00
   33.780   0.0000E+00
   33.790   0.0000E+00
   33.800   0.0000E+00
   33.810   0.0000E+00
   33.820   0.0000E+00
   33.830   0.0000E+00
   33.840   0.0000E+00
   33.850   0.0000E+00
   33.860   0.0000E+00
   33.870   0.0000E+00
   33.880   0.0000E+00
   33.890   0.0000E+00
   33.900   0.0000E+00
   33.910   0.0000E+00
   33.920   0.0000E+00
   33.930   0.0000E+00
   33.940   0.0000E+00
   33.950   0.0000E+00
   33.960   0.0000E+00
   33.970   0.0000E+00
   33.980   0.0000E+00
   33.990   0.0000E+00
   34.000   0.0000E+00
   34.010   0.0000E+00
   34.020   0.0000E+00
   34.030   0.0000E+00
   34.040   0.0000E+00
   34.050   0.0000E+00
   34.060   0.0000E+00
   34.070   0.0000E+00
   34.080   0.0000E+00
   34.090   0.0000E+00
   34.100   0.0000E+00
   34.110   0.0000E+00
   34.120   0.0000E+00
   34.130   0.0000E+00
   34.140   0.0000E+00
   34.150   0.0000E+00
   34.160   0.0000E+00
   34.170   0.0000E+00
   34.180   0.0000E+00
   34.190   0.0000E+00
   34.200   0.0000E+00
   34.210   0.0000E+00
   34.220   0.0000E+00
   34.230   0.0000E+00
   34.240   0.0000E+00
   34.250   0.0000E+00
   34.260   0.0000E+00
   34.270   0.0000E+00
   34.280   0.0000E+00
   34.290   0.0000E+00
   34.300   0.0000E+00
   34.310   0.0000E+00
   34.320   0.0000E+00
   34.330   0.0000E+00
   34.340   0.0000E+00
   34.350   0.0000E+00
   34.360   0.0000E+00
   34.370   0.0000E+00
   34.380   0.0000E+00
   34.390   0.0000E+00
   34.400   0.0000E+00
   34.410   0.0000E+00
   34.420   0.0000E+00
   34.430   0.0000E+00
   34.440   0.0000E+00
   34.450   0.0000E+00
   34.460   0.0000E+00
   34.470   0.0000E+00
   34.480   0.0000E+00
   34.490   0.0000E+00
   34.500   0.0000E+00
   34.510   0.0000E+00
   34.520   0.0000E+00
   34.530   0.0000E+00
   34.540   0.0000E+00
   34.550   0.0000E+00
   34.560   0.0000E+00
   34.570   0.0000E+00
   34.580   0.0000E+00
   34.590   0.0000E+00
   34.600   0.0000E+00
   34.610   0.0000E+00
   34.620   0.0000E+00
   34.630   0.0000E+00
   34.640   0.0000E+00
   34.650   0.0000E+00
   34.660   0.0000E+00
   34.670   0.0000E+00
   34.680   0.0000E+00
   34.690   0.0000E+00
   34.700   0.0000E+00
   34.710   0.0000E+00
   34.720   0.0000E+00
   34.730   0.0000E+00
   34.740   0.0000E+00
   34.750   0.0000E+00
   34.760   0.0000E+00
   34.770   0.0000E+00
   34.780   0.0000E+00
   34.790   0.0000E+00
   34.800   0.0000E+00
   34.810   0.0000E+00
   34.820   0.0000E+00
   34.830   0.0000E+00
   34.840   0.0000E+00
   34.850   0.0000E+00
   34.860   0.0000E+00
   34.870   0.0000E+00
   34.880   0.0000E+00
   34.890   0.0000E+00
   34.900   0.0000E+00
   34.910   0.0000E+00
   34.920   0.0000E+00
   34.930   0.0000E+00
   34.940   0.0000E+00
   34.950   0.0000E+00
   34.960   0.0000E+00
   34.970   0.0000E+00
   34.980   0.0000E+00
   34.990   0.0000E+00
   35.000   0.0000E+00
   35.010   0.0000E+00
   35.020   0.0000E+00
   35.030   0.0000E+00
   35.040   0.0000E+00
   35.050   0.0000E+00
   35.060   0.0000E+00
   35.070   0.0000E+00
   35.080   0.0000E+00
   35.090   0.0000E+00
   35.100   0.0000E+00
   35.110   0.0000E+00
   35.120   0.0000E+00
   35.130   0.0000E+00
   35.140   0.0000E+00
   35.150   0.0000E+00
   35.160   0.0000E+00
   35.170   0.0000E+00
   35.180   0.0000E+00
   35.190   0.0000E+00
   35.200   0.0000E+00
   35.210   0.0000E+00
   35.220   0.0000E+00
   35.230   0.0000E+00
   35.240   0.0000E+00
   35.250   0.0000E+00
   35.260   0.0000E+00
   35.270   0.0000E+00
   35.280   0.0000E+00
   35.290   0.0000E+00
   35.300   0.0000E+00
   35.310   0.0000E+00
   35.320   0.0000E+00
   35.330   0.0000E+00
   35.340   0.0000E+00
   35.350   0.0000E+00
   35.360   0.0000E+00
   35.370   0.0000E+00
   35.380   0.0000E+00
   35.390   0.0000E+00
   35.400   0.0000E+00
   35.410   0.0000E+00
   35.420   0.0000E+00
   35.430   0.0000E+00
   35.440   0.0000E+00
   35.450   0.0000E+00
   35.460   0.0000E+00
   35.470   0.0000E+00
   35.480   0.0000E+00
   35.490   0.0000E+00
   35.500   0.0000E+00
   35.510   0.0000E+00
   35.520   0.0000E+00
   35.530   0.0000E+00
   35.540   0.0000E+00
   35.550   0.0000E+00
   35.560   0.0000E+00
   35.570   0.0000E+00
   35.580   0.0000E+00
   35.590   0.0000E+00
   35.600   0.0000E+00
   35.610   0.0000E+00
   35.620   0.0000E+00
   35.630   0.0000E+00
   35.640   0.0000E+00
   35.650   0.0000E+00
   35.660   0.0000E+00
   35.670   0.0000E+00
   35.680   0.0000E+00
   35.690   0.0000E+00
   35.700   0.0000E+00
   35.710   0.0000E+00
   35.720   0.0000E+00
   35.730   0.0000E+00
   35.740   0.0000E+00
   35.750   0.0000E+00
   35.760   0.0000E+00
   35.770   0.0000E+00
   35.780   0.0000E+00
   35.790   0.0000E+00
   35.800   0.0000E+00
   35.810   0.0000E+00
   35.820   0.0000E+00
   35.830   0.0000E+00
   35.840   0.0000E+00
   35.850   0.0000E+00
   35.860   0.0000E+00
   35.870   0.0000E+00
   35.880   0.0000E+00
   35.890   0.0000E+00
   35.900   0.0000E+00
   35.910   0.0000E+00
   35.920   0.0000E+00
   35.930   0.0000E+00
   35.940   0.0000E+00
   35.950   0.0000E+00
   35.960   0.0000E+00
   35.970   0.0000E+00
   35.980   0.0000E+00
   35.990   0.0000E+00
   36.000   0.0000E+00
   36.010   0.0000E+00
   36.020   0.0000E+00
   36.030   0.0000E+00
   36.040   0.0000E+00
   36.050   0.0000E+00
   36.060   0.0000E+00
   36.070   0.0000E+00
   36.080   0.0000E+00
   36.090   0.0000E+00
   36.100   0.0000E+00
   36.110   0.0000E+00
   36.120   0.0000E+00
   36.130   0.0000E+00
   36.140   0.0000E+00
   36.150   0.0000E+00
   36.160   0.0000E+00
   36.170   0.0000E+00
   36.180   0.0000E+00
   36.190   0.0000E+00
   36.200   0.0000E+00
   36.210   0.0000E+00
   36.220   0.0000E+00
   36.230   0.0000E+00
   36.240   0.0000E+00
   36.250   0.0000E+00
   36.260   0.0000E+00
   36.270   0.0000E+00
   36.280   0.0000E+00
   36.290   0.0000E+00
   36.300   0.0000E+00
   36.310   0.0000E+00
   36.320   0.0000E+00
   36.330   0.0000E+00
   36.340   0.0000E+00
   36.350   0.0000E+00
   36.360   0.0000E+00
   36.370   0.0000E+00
   36.380   0.0000E+00
   36.390   0.0000E+00
   36.400   0.0000E+00
   36.410   0.0000E+00
   36.420   0.0000E+00
   36.430   0.0000E+00
   36.440   0.0000E+00
   36.450   0.0000E+00
   36.460   0.0000E+00
   36.470   0.0000E+00
   36.480   0.0000E+00
   36.490   0.0000E+00
   36.500   0.0000E+00
   36.510   0.0000E+00
   36.520   0.0000E+00
   36.530   0.0000E+00
   36.540   0.0000E+00
   36.550   0.0000E+00
   36.560   0.0000E+00
   36.570   0.0000E+00
   36.580   0.0000E+00
   36.590   0.0000E+00
   36.600   0.0000E+00
   36.610   0.0000E+00
   36.620   0.0000E+00
   36.630   0.0000E+00
   36.640   0.0000E+00
   36.650   0.0000E+00
   36.660   0.0000E+00
   36.670   0.0000E+00
   36.680   0.0000E+00
   36.690   0.0000E+00
   36.700   0.0000E+00
   36.710   0.0000E+00
   36.720   0.0000E+00
   36.730   0.0000E+00
   36.740   0.0000E+00
   36.750   0.0000E+00
   36.760   0.0000E+00
   36.770   0.0000E+00
   36.780   0.0000E+00
   36.790   0.0000E+00
   36.800   0.0000E+00
   36.810   0.0000E+00
   36.820   0.0000E+00
   36.830   0.0000E+00
   36.840   0.0000E+00
   36.850   0.0000E+00
   36.860   0.0000E+00
   36.870   0.0000E+00
   36.880   0.0000E+00
   36.890   0.0000E+00
   36.900   0.0000E+00
   36.910   0.0000E+00
   36.920   0.0000E+00
   36.930   0.0000E+00
   36.940   0.0000E+00
   36.950   0.0000E+00
   36.960   0.0000E+00
   36.970   0.0000E+00
   36.980   0.0000E+00
   36.990   0.0000E+00
   37.000   0.0000E+00
   37.010   0.0000E+00
   37.020   0.0000E+00
   37.030   0.0000E+00
   37.040   0.0000E+00
   37.050   0.0000E+00
   37.060   0.0000E+00
   37.070   0.0000E+00
   37.080   0.0000E+00
   37.090   0.0000E+00
   37.100   0.0000E+00
   37.110   0.0000E+00
   37.120   0.0000E+00
   37.130   0.0000E+00
   37.140   0.0000E+00
   37.150   0.0000E+00
   37.160   0.0000E+00
   37.170   0.0000E+00
   37.180   0.0000E+00
   37.190   0.0000E+00
   37.200   0.0000E+00
   37.210   0.0000E+00
   37.220   0.0000E+00
   37.230   0.0000E+00
   37.240   0.0000E+00
   37.250   0.0000E+00
   37.260   0.0000E+00
   37.270   0.0000E+00
   37.280   0.0000E+00
   37.290   0.0000E+00
   37.300   0.0000E+00
   37.310   0.0000E+00
   37.320   0.0000E+00
   37.330   0.0000E+00
   37.340   0.0000E+00
   37.350   0.0000E+00
   37.360   0.0000E+00
   37.370   0.0000E+00
   37.380   0.0000E+00
   37.390   0.0000E+00
   37.400   0.0000E+00
   37.410   0.0000E+00
   37.420   0.0000E+00
   37.430   0.0000E+00
   37.440   0.0000E+00
   37.450   0.0000E+00
   37.460   0.0000E+00
   37.470   0.0000E+00
   37.480   0.0000E+00
   37.490   0.0000E+00
   37.500   0.0000E+00
   37.510   0.0000E+00
   37.520   0.0000E+00
   37.530   0.0000E+00
   37.540   0.0000E+00
   37.550   0.0000E+00
   37.560   0.0000E+00
   37.570   0.0000E+00
   37.580   0.0000E+00
   37.590   0.0000E+00
   37.600   0.0000E+00
   37.610   0.0000E+00
   37.620   0.0000E+00
   37.630   0.0000E+00
   37.640   0.0000E+00
   37.650   0.0000E+00
   37.660   0.0000E+00
   37.670   0.0000E+00
   37.680   0.0000E+00
   37.690   0.0000E+00
   37.700   0.0000E+00
   37.710   0.0000E+00
   37.720   0.0000E+00
   37.730   0.0000E+00
   37.740   0.0000E+00
   37.750   0.0000E+00
   37.760   0.0000E+00
   37.770   0.0000E+00
   37.780   0.0000E+00
   37.790   0.0000E+00
   37.800   0.0000E+00
   37.810   0.0000E+00
   37.820   0.0000E+00
   37.830   0.0000E+00
   37.840   0.0000E+00
   37.850   0.0000E+00
   37.860   0.0000E+00
   37.870   0.0000E+00
   37.880   0.0000E+00
   37.890   0.0000E+00
   37.900   0.0000E+00
   37.910   0.0000E+00
   37.920   0.0000E+00
   37.930   0.0000E+00
   37.940   0.0000E+00
   37.950   0.0000E+00
   37.960   0.0000E+00
   37.970   0.0000E+00
   37.980   0.0000E+00
   37.990   0.0000E+00
   38.000   0.0000E+00
   38.010   0.0000E+00
   38.020   0.0000E+00
   38.030   0.0000E+00
   38.040   0.0000E+00
   38.050   0.0000E+00
   38.060   0.0000E+00
   38.070   0.0000E+00
   38.080   0.0000E+00
   38.090   0.0000E+00
   38.100   0.0000E+00
   38.110   0.0000E+00
   38.120   0.0000E+00
   38.130   0.0000E+00
   38.140   0.0000E+00
   38.150   0.0000E+00
   38.160   0.0000E+00
   38.170   0.0000E+00
   38.180   0.0000E+00
   38.190   0.0000E+00
   38.200   0.0000E+00
   38.210   0.0000E+00
   38.220   0.0000E+00
   38.230   0.0000E+00
   38.240   0.0000E+00
   38.250   0.0000E+00
   38.260   0.0000E+00
   38.270   0.0000E+00
   38.280   0.0000E+00
   38.290   0.0000E+00
   38.300   0.0000E+00
   38.310   0.0000E+00
   38.320   0.0000E+00
   38.330   0.0000E+00
   38.340   0.0000E+00
   38.350   0.0000E+00
   38.360   0.0000E+00
   38.370   0.0000E+00
   38.380   0.0000E+00
   38.390   0.0000E+00
   38.400   0.0000E+00
   38.410   0.0000E+00
   38.420   0.0000E+00
   38.430   0.0000E+00
   38.440   0.0000E+00
   38.450   0.0000E+00
   38.460   0.0000E+00
   38.470   0.0000E+00
   38.480   0.0000E+00
   38.490   0.0000E+00
   38.500   0.0000E+00
   38.510   0.0000E+00
   38.520   0.0000E+00
   38.530   0.0000E+00
   38.540   0.0000E+00
   38.550   0.0000E+00
   38.560   0.0000E+00
   38.570   0.0000E+00
   38.580   0.0000E+00
   38.590   0.0000E+00
   38.600   0.0000E+00
   38.610   0.0000E+00
   38.620   0.0000E+00
   38.630   0.0000E+00
   38.640   0.0000E+00
   38.650   0.0000E+00
   38.660   0.0000E+00
   38.670   0.0000E+00
   38.680   0.0000E+00
   38.690   0.0000E+00
   38.700   0.0000E+00
   38.710   0.0000E+00
   38.720   0.0000E+00
   38.730   0.0000E+00
   38.740   0.0000E+00
   38.750   0.0000E+00
   38.760   0.0000E+00
   38.770   0.0000E+00
   38.780   0.0000E+00
   38.790   0.0000E+00
   38.800   0.0000E+00
   38.810   0.0000E+00
   38.820   0.0000E+00
   38.830   0.0000E+00
   38.840   0.0000E+00
   38.850   0.0000E+00
   38.860   0.0000E+00
   38.870   0.0000E+00
   38.880   0.0000E+00
   38.890   0.0000E+00
   38.900   0.0000E+00
   38.910   0.0000E+00
   38.920   0.0000E+00
   38.930   0.0000E+00
   38.940   0.0000E+00
   38.950   0.0000E+00
   38.960   0.0000E+00
   38.970   0.0000E+00
   38.980   0.0000E+00
   38.990   0.0000E+00
   39.000   0.0000E+00
   39.010   0.0000E+00
   39.020   0.0000E+00
   39.030   0.0000E+00
   39.040   0.0000E+00
   39.050   0.0000E+00
   39.060   0.0000E+00
   39.070   0.0000E+00
   39.080   0.0000E+00
   39.090   0.0000E+00
   39.100   0.0000E+00
   39.110   0.0000E+00
   39.120   0.0000E+00
   39.130   0.0000E+00
   39.140   0.0000E+00
   39.150   0.0000E+00
   39.160   0.0000E+00
   39.170   0.0000E+00
   39.180   0.0000E+00
   39.190   0.0000E+00
   39.200   0.0000E+00
   39.210   0.0000E+00
   39.220   0.0000E+00
   39.230   0.0000E+00
   39.240   0.0000E+00
   39.250   0.0000E+00
   39.260   0.0000E+00
   39.270   0.0000E+00
   39.280   0.0000E+00
   39.290   0.0000E+00
   39.300   0.0000E+00
   39.310   0.0000E+00
   39.320   0.0000E+00
   39.330   0.0000E+00
   39.340   0.0000E+00
   39.350   0.0000E+00
   39.360   0.0000E+00
   39.370   0.0000E+00
   39.380   0.0000E+00
   39.390   0.0000E+00
   39.400   0.0000E+00
   39.410   0.0000E+00
   39.420   0.0000E+00
   39.430   0.0000E+00
   39.440   0.0000E+00
   39.450   0.0000E+00
   39.460   0.0000E+00
   39.470   0.0000E+00
   39.480   0.0000E+00
   39.490   0.0000E+00
   39.500   0.0000E+00
   39.510   0.0000E+00
   39.520   0.0000E+00
   39.530   0.0000E+00
   39.540   0.0000E+00
   39.550   0.0000E+00
   39.560   0.0000E+00
   39.570   0.0000E+00
   39.580   0.0000E+00
   39.590   0.0000E+00
   39.600   0.0000E+00
   39.610   0.0000E+00
   39.620   0.0000E+00
   39.630   0.0000E+00
   39.640   0.0000E+00
   39.650   0.0000E+00
   39.660   0.0000E+00
   39.670   0.0000E+00
   39.680   0.0000E+00
   39.690   0.0000E+00
   39.700   0.0000E+00
   39.710   0.0000E+00
   39.720   0.0000E+00
   39.730   0.0000E+00
   39.740   0.0000E+00
   39.750   0.0000E+00
   39.760   0.0000E+00
   39.770   0.0000E+00
   39.780   0.0000E+00
   39.790   0.0000E+00
   39.800   0.0000E+00
   39.810   0.0000E+00
   39.820   0.0000E+00
   39.830   0.0000E+00
   39.840   0.0000E+00
   39.850   0.0000E+00
   39.860   0.0000E+00
   39.870   0.0000E+00
   39.880   0.0000E+00
   39.890   0.0000E+00
   39.900   0.0000E+00
   39.910   0.0000E+00
   39.920   0.0000E+00
   39.930   0.0000E+00
   39.940   0.0000E+00
   39.950   0.0000E+00
   39.960   0.0000E+00
   39.970   0.0000E+00
   39.980   0.0000E+00
   39.990   0.0000E+00
   40.000   0.0000E+00
   40.010   0.0000E+00
   40.020   0.0000E+00
   40.030   0.0000E+00
   40.040   0.0000E+00
   40.050   0.0000E+00
   40.060   0.0000E+00
   40.070   0.0000E+00
   40.080   0.0000E+00
   40.090   0.0000E+00
   40.100   0.0000E+00
   40.110   0.0000E+00
   40.120   0.0000E+00
   40.130   0.0000E+00
   40.140   0.0000E+00
   40.150   0.0000E+00
   40.160   0.0000E+00
   40.170   0.0000E+00
   40.180   0.0000E+00
   40.190   0.0000E+00
   40.200   0.0000E+00
   40.210   0.0000E+00
   40.220   0.0000E+00
   40.230   0.0000E+00
   40.240   0.0000E+00
   40.250   0.0000E+00
   40.260   0.0000E+00
   40.270   0.0000E+00
   40.280   0.0000E+00
   40.290   0.0000E+00
   40.300   0.0000E+00
   40.310   0.0000E+00
   40.320   0.0000E+00
   40.330   0.0000E+00
   40.340   0.0000E+00
   40.350   0.0000E+00
   40.360   0.0000E+00
   40.370   0.0000E+00
   40.380   0.0000E+00
   40.390   0.0000E+00
   40.400   0.0000E+00
   40.410   0.0000E+00
   40.420   0.0000E+00
   40.430   0.0000E+00
   40.440   0.0000E+00
   40.450   0.0000E+00
   40.460   0.0000E+00
   40.470   0.0000E+00
   40.480   0.0000E+00
   40.490   0.0000E+00
   40.500   0.0000E+00
   40.510   0.0000E+00
   40.520   0.0000E+00
   40.530   0.0000E+00
   40.540   0.0000E+00
   40.550   0.0000E+00
   40.560   0.0000E+00
   40.570   0.0000E+00
   40.580   0.0000E+00
   40.590   0.0000E+00
   40.600   0.0000E+00
   40.610   0.0000E+00
   40.620   0.0000E+00
   40.630   0.0000E+00
   40.640   0.0000E+00
   40.650   0.0000E+00
   40.660   0.0000E+00
   40.670   0.0000E+00
   40.680   0.0000E+00
   40.690   0.0000E+00
   40.700   0.0000E+00
   40.710   0.0000E+00
   40.720   0.0000E+00
   40.730   0.0000E+00
   40.740   0.0000E+00
   40.750   0.0000E+00
   40.760   0.0000E+00
   40.770   0.0000E+00
   40.780   0.0000E+00
   40.790   0.0000E+00
   40.800   0.0000E+00
   40.810   0.0000E+00
   40.820   0.0000E+00
   40.830   0.0000E+00
   40.840   0.0000E+00
   40.850   0.0000E+00
   40.860   0.0000E+00
   40.870   0.0000E+00
   40.880   0.0000E+00
   40.890   0.0000E+00
   40.900   0.0000E+00
   40.910   0.0000E+00
   40.920   0.0000E+00
   40.930   0.0000E+00
   40.940   0.0000E+00
   40.950   0.0000E+00
