**********************************************
*******  Acceleration Time Series ************
*** Site #   1
*** trial   21
Input Parameters file =  aqv_0604__parameters.out                                                                                                
  4096 samples
dt:  0.010 sec
data format: (1x,f8.3,1p,2x,e11.4)
maximum absolute acceleration: 257.84
fault Dis.(km)=    6.43
Hypo  Dis.(km)=   12.05
  time(s) acc(cm/s**2)
    0.000   0.0000E+00
    0.010   0.0000E+00
    0.020   0.0000E+00
    0.030   0.0000E+00
    0.040   0.0000E+00
    0.050   0.0000E+00
    0.060   0.0000E+00
    0.070   0.0000E+00
    0.080   0.0000E+00
    0.090   0.0000E+00
    0.100   0.0000E+00
    0.110   0.0000E+00
    0.120   0.0000E+00
    0.130   0.0000E+00
    0.140   0.0000E+00
    0.150   0.0000E+00
    0.160   0.0000E+00
    0.170   0.0000E+00
    0.180   0.0000E+00
    0.190   0.0000E+00
    0.200   0.0000E+00
    0.210   0.0000E+00
    0.220   0.0000E+00
    0.230   0.0000E+00
    0.240   0.0000E+00
    0.250   0.0000E+00
    0.260   0.0000E+00
    0.270   0.0000E+00
    0.280   0.0000E+00
    0.290   0.0000E+00
    0.300   0.0000E+00
    0.310   0.0000E+00
    0.320   0.0000E+00
    0.330   0.0000E+00
    0.340   0.0000E+00
    0.350   0.0000E+00
    0.360   0.0000E+00
    0.370   0.0000E+00
    0.380   0.0000E+00
    0.390   3.1339E-04
    0.400   2.7672E-04
    0.410   2.7432E-04
    0.420   2.9313E-04
    0.430   2.6464E-04
    0.440   2.0864E-04
    0.450   1.9252E-04
    0.460   2.0949E-04
    0.470   1.9260E-04
    0.480   1.5014E-04
    0.490   1.4153E-04
    0.500   9.5548E-04
    0.510   8.0785E-04
    0.520   7.2631E-04
    0.530   7.6126E-04
    0.540   7.5909E-04
    0.550   6.1556E-04
    0.560   5.3627E-04
    0.570   5.7180E-04
    0.580   5.6469E-04
    0.590   4.0321E-04
    0.600   3.0100E-04
    0.610   3.2043E-04
    0.620   3.0939E-04
    0.630   1.5176E-04
    0.640   5.2011E-05
    0.650   7.2644E-05
    0.660   6.0128E-05
    0.670  -1.1044E-04
    0.680  -2.2796E-04
    0.690  -2.2176E-04
    0.700  -2.3966E-04
    0.710  -4.0986E-04
    0.720  -5.2563E-04
    0.730  -5.1213E-04
    0.740  -5.2533E-04
    0.750  -7.0324E-04
    0.760  -3.1443E-04
    0.770  -8.9221E-04
    0.780  -8.1006E-04
    0.790  -5.0700E-04
    0.800  -7.4886E-04
    0.810  -6.9655E-04
    0.820  -2.0572E-03
    0.830  -2.2124E-03
    0.840  -3.2598E-03
    0.850  -3.3412E-03
    0.860  -3.2238E-03
    0.870  -3.3409E-03
    0.880  -3.7008E-03
    0.890  -3.7873E-03
    0.900  -3.6819E-03
    0.910  -3.8105E-03
    0.920  -2.6566E-03
    0.930  -2.6250E-03
    0.940  -2.7377E-03
    0.950  -2.9084E-03
    0.960  -4.2718E-03
    0.970  -4.2306E-03
    0.980  -4.2475E-03
    0.990  -4.5769E-03
    1.000  -4.8848E-03
    1.010  -4.8233E-03
    1.020  -4.8103E-03
    1.030  -5.0923E-03
    1.040  -3.7677E-03
    1.050  -3.7938E-03
    1.060  -3.7028E-03
    1.070  -3.9369E-03
    1.080  -5.1960E-03
    1.090  -6.7848E-03
    1.100  -7.0548E-03
    1.110  -7.2480E-03
    1.120  -7.4727E-03
    1.130  -7.6768E-03
    1.140  -7.9286E-03
    1.150  -6.7062E-03
    1.160  -6.7067E-03
    1.170  -7.0578E-03
    1.180  -7.4081E-03
    1.190  -7.5048E-03
    1.200  -7.6617E-03
    1.210  -6.9630E-03
    1.220  -7.2656E-03
    1.230  -7.3608E-03
    1.240  -7.5499E-03
    1.250  -7.9496E-03
    1.260  -8.2758E-03
    1.270  -8.3306E-03
    1.280  -8.4328E-03
    1.290  -8.7531E-03
    1.300  -1.1592E-02
    1.310  -1.1776E-02
    1.320  -1.1860E-02
    1.330  -1.2214E-02
    1.340  -1.2560E-02
    1.350  -1.2653E-02
    1.360  -1.2653E-02
    1.370  -1.2971E-02
    1.380  -1.3345E-02
    1.390  -1.3489E-02
    1.400  -1.2582E-02
    1.410  -1.3575E-02
    1.420  -1.3867E-02
    1.430  -1.3896E-02
    1.440  -1.3861E-02
    1.450  -1.4113E-02
    1.460  -1.4428E-02
    1.470  -1.4572E-02
    1.480  -1.4511E-02
    1.490  -1.4814E-02
    1.500  -1.5056E-02
    1.510  -1.4951E-02
    1.520  -1.4838E-02
    1.530  -1.5082E-02
    1.540  -1.5276E-02
    1.550  -1.5129E-02
    1.560  -1.4984E-02
    1.570  -1.5222E-02
    1.580  -1.5402E-02
    1.590  -1.5235E-02
    1.600  -1.5048E-02
    1.610  -1.4606E-02
    1.620  -1.4753E-02
    1.630  -1.6189E-02
    1.640  -1.5986E-02
    1.650  -1.5858E-02
    1.660  -1.6018E-02
    1.670  -1.5811E-02
    1.680  -1.5518E-02
    1.690  -1.5662E-02
    1.700  -1.5809E-02
    1.710  -1.5601E-02
    1.720  -1.5314E-02
    1.730  -1.5448E-02
    1.740  -1.5562E-02
    1.750  -1.5299E-02
    1.760  -1.4936E-02
    1.770  -1.5043E-02
    1.780  -1.5162E-02
    1.790  -1.4922E-02
    1.800  -1.4569E-02
    1.810  -1.4643E-02
    1.820  -1.4720E-02
    1.830  -1.4425E-02
    1.840  -1.4028E-02
    1.850  -1.4115E-02
    1.860  -1.4250E-02
    1.870  -1.4438E-02
    1.880  -1.4052E-02
    1.890  -1.4059E-02
    1.900  -1.5525E-02
    1.910  -1.5427E-02
    1.920  -1.4870E-02
    1.930  -1.4894E-02
    1.940  -1.5058E-02
    1.950  -1.5092E-02
    1.960  -1.4839E-02
    1.970  -1.4800E-02
    1.980  -1.4972E-02
    1.990  -1.4960E-02
    2.000  -1.4792E-02
    2.010  -1.4848E-02
    2.020  -1.5004E-02
    2.030  -1.5041E-02
    2.040  -1.4834E-02
    2.050  -1.4887E-02
    2.060  -1.5028E-02
    2.070  -1.4958E-02
    2.080  -1.4750E-02
    2.090  -1.4816E-02
    2.100  -1.5070E-02
    2.110  -1.5016E-02
    2.120  -1.4844E-02
    2.130  -1.5115E-02
    2.140  -1.5414E-02
    2.150  -1.5610E-02
    2.160  -1.5470E-02
    2.170  -1.5752E-02
    2.180  -1.6118E-02
    2.190  -1.6183E-02
    2.200  -1.6129E-02
    2.210  -1.6501E-02
    2.220  -1.6120E-02
    2.230  -1.6248E-02
    2.240  -1.6262E-02
    2.250  -1.6403E-02
    2.260  -1.6824E-02
    2.270  -1.7055E-02
    2.280  -1.7201E-02
    2.290  -1.7698E-02
    2.300  -1.8193E-02
    2.310  -1.8427E-02
    2.320  -1.8553E-02
    2.330  -1.9092E-02
    2.340  -1.9712E-02
    2.350  -2.0131E-02
    2.360  -2.1024E-02
    2.370  -2.0835E-02
    2.380  -2.0162E-02
    2.390  -2.0444E-02
    2.400  -1.9895E-02
    2.410  -2.0193E-02
    2.420  -2.0969E-02
    2.430  -2.1364E-02
    2.440  -2.1596E-02
    2.450  -2.2468E-02
    2.460  -2.3347E-02
    2.470  -2.3790E-02
    2.480  -2.3987E-02
    2.490  -2.5838E-02
    2.500  -2.6906E-02
    2.510  -2.7326E-02
    2.520  -2.7764E-02
    2.530  -2.8883E-02
    2.540  -3.0019E-02
    2.550  -3.0844E-02
    2.560  -3.1271E-02
    2.570  -3.2424E-02
    2.580  -3.3499E-02
    2.590  -3.4262E-02
    2.600  -3.4816E-02
    2.610  -3.5653E-02
    2.620  -3.7026E-02
    2.630  -3.6323E-02
    2.640  -3.6796E-02
    2.650  -3.8068E-02
    2.660  -3.9433E-02
    2.670  -4.0396E-02
    2.680  -4.1243E-02
    2.690  -4.2650E-02
    2.700  -4.4217E-02
    2.710  -4.5232E-02
    2.720  -4.5844E-02
    2.730  -4.7196E-02
    2.740  -4.8807E-02
    2.750  -5.0129E-02
    2.760  -5.1110E-02
    2.770  -5.2762E-02
    2.780  -5.4214E-02
    2.790  -5.5190E-02
    2.800  -5.5981E-02
    2.810  -5.7621E-02
    2.820  -5.9320E-02
    2.830  -6.0639E-02
    2.840  -6.2337E-02
    2.850  -6.3902E-02
    2.860  -6.5542E-02
    2.870  -6.6861E-02
    2.880  -6.7828E-02
    2.890  -6.9404E-02
    2.900  -7.1188E-02
    2.910  -7.2677E-02
    2.920  -7.3751E-02
    2.930  -7.5259E-02
    2.940  -7.7221E-02
    2.950  -7.8575E-02
    2.960  -7.8498E-02
    2.970  -8.0369E-02
    2.980  -8.2125E-02
    2.990  -8.3505E-02
    3.000  -8.4691E-02
    3.010  -8.7699E-02
    3.020  -8.9569E-02
    3.030  -9.0965E-02
    3.040  -9.2288E-02
    3.050  -9.4268E-02
    3.060  -9.5842E-02
    3.070  -9.7206E-02
    3.080  -9.8379E-02
    3.090  -1.0044E-01
    3.100  -1.0245E-01
    3.110  -1.0396E-01
    3.120  -1.0549E-01
    3.130  -1.0745E-01
    3.140  -1.0935E-01
    3.150  -1.1078E-01
    3.160  -1.1201E-01
    3.170  -1.1411E-01
    3.180  -1.1620E-01
    3.190  -1.1714E-01
    3.200  -1.1845E-01
    3.210  -1.2040E-01
    3.220  -1.2231E-01
    3.230  -1.2366E-01
    3.240  -1.2464E-01
    3.250  -1.2681E-01
    3.260  -1.2801E-01
    3.270  -1.2960E-01
    3.280  -1.3055E-01
    3.290  -1.3215E-01
    3.300  -1.3415E-01
    3.310  -1.3351E-01
    3.320  -1.3453E-01
    3.330  -1.3655E-01
    3.340  -1.3897E-01
    3.350  -1.4072E-01
    3.360  -1.4144E-01
    3.370  -1.4284E-01
    3.380  -1.4488E-01
    3.390  -1.4648E-01
    3.400  -1.4774E-01
    3.410  -1.5002E-01
    3.420  -1.5146E-01
    3.430  -1.5274E-01
    3.440  -1.5335E-01
    3.450  -1.5479E-01
    3.460  -1.5670E-01
    3.470  -1.5878E-01
    3.480  -1.6053E-01
    3.490  -1.6318E-01
    3.500  -1.6595E-01
    3.510  -1.6758E-01
    3.520  -1.6847E-01
    3.530  -1.7010E-01
    3.540  -1.7226E-01
    3.550  -1.7450E-01
    3.560  -1.7671E-01
    3.570  -1.7999E-01
    3.580  -1.8316E-01
    3.590  -1.8506E-01
    3.600  -1.8513E-01
    3.610  -1.8696E-01
    3.620  -1.8997E-01
    3.630  -1.9170E-01
    3.640  -1.9466E-01
    3.650  -1.9937E-01
    3.660  -2.0296E-01
    3.670  -2.0524E-01
    3.680  -2.0636E-01
    3.690  -2.0859E-01
    3.700  -2.1199E-01
    3.710  -2.1606E-01
    3.720  -2.2033E-01
    3.730  -2.2535E-01
    3.740  -2.2927E-01
    3.750  -2.3256E-01
    3.760  -2.3384E-01
    3.770  -2.3722E-01
    3.780  -2.4236E-01
    3.790  -2.4791E-01
    3.800  -2.5269E-01
    3.810  -2.5796E-01
    3.820  -2.6249E-01
    3.830  -2.6509E-01
    3.840  -2.6641E-01
    3.850  -2.7000E-01
    3.860  -2.7624E-01
    3.870  -2.8375E-01
    3.880  -2.9046E-01
    3.890  -2.9632E-01
    3.900  -2.9962E-01
    3.910  -3.0120E-01
    3.920  -3.0335E-01
    3.930  -3.0970E-01
    3.940  -3.1856E-01
    3.950  -3.2634E-01
    3.960  -3.3310E-01
    3.970  -3.3963E-01
    3.980  -3.4477E-01
    3.990  -3.4745E-01
    4.000  -3.4993E-01
    4.010  -3.5767E-01
    4.020  -3.7014E-01
    4.030  -3.8345E-01
    4.040  -3.9275E-01
    4.050  -3.9819E-01
    4.060  -4.0094E-01
    4.070  -4.0430E-01
    4.080  -4.1113E-01
    4.090  -4.2368E-01
    4.100  -4.3862E-01
    4.110  -4.5142E-01
    4.120  -4.6031E-01
    4.130  -4.6675E-01
    4.140  -4.7013E-01
    4.150  -4.7205E-01
    4.160  -4.7749E-01
    4.170  -4.9272E-01
    4.180  -5.1346E-01
    4.190  -5.3016E-01
    4.200  -5.3523E-01
    4.210  -5.3341E-01
    4.220  -5.3264E-01
    4.230  -5.3890E-01
    4.240  -5.5246E-01
    4.250  -5.7320E-01
    4.260  -5.9301E-01
    4.270  -6.0808E-01
    4.280  -6.1495E-01
    4.290  -6.1623E-01
    4.300  -6.1544E-01
    4.310  -6.2068E-01
    4.320  -6.3987E-01
    4.330  -6.7412E-01
    4.340  -7.0816E-01
    4.350  -7.2480E-01
    4.360  -7.2140E-01
    4.370  -7.1564E-01
    4.380  -7.2345E-01
    4.390  -7.4797E-01
    4.400  -7.8092E-01
    4.410  -8.1603E-01
    4.420  -8.4587E-01
    4.430  -8.6298E-01
    4.440  -8.6251E-01
    4.450  -8.5199E-01
    4.460  -8.4920E-01
    4.470  -8.7086E-01
    4.480  -9.1772E-01
    4.490  -9.7087E-01
    4.500  -9.9732E-01
    4.510  -9.8385E-01
    4.520  -9.4989E-01
    4.530  -9.3320E-01
    4.540  -9.5019E-01
    4.550  -9.9029E-01
    4.560  -1.0333E+00
    4.570  -1.0692E+00
    4.580  -1.0887E+00
    4.590  -1.0802E+00
    4.600  -1.0441E+00
    4.610  -1.0126E+00
    4.620  -1.0269E+00
    4.630  -1.1024E+00
    4.640  -1.2038E+00
    4.650  -1.2722E+00
    4.660  -1.2706E+00
    4.670  -1.2220E+00
    4.680  -1.1878E+00
    4.690  -1.2176E+00
    4.700  -1.3049E+00
    4.710  -1.4118E+00
    4.720  -1.5053E+00
    4.730  -1.5716E+00
    4.740  -1.5904E+00
    4.750  -1.5503E+00
    4.760  -1.4843E+00
    4.770  -1.4776E+00
    4.780  -1.5858E+00
    4.790  -1.7664E+00
    4.800  -1.8959E+00
    4.810  -1.8834E+00
    4.820  -1.7479E+00
    4.830  -1.6019E+00
    4.840  -1.5476E+00
    4.850  -1.6046E+00
    4.860  -1.7156E+00
    4.870  -1.8131E+00
    4.880  -1.8567E+00
    4.890  -1.8196E+00
    4.900  -1.6746E+00
    4.910  -1.4593E+00
    4.920  -1.3143E+00
    4.930  -1.3961E+00
    4.940  -1.6929E+00
    4.950  -1.9912E+00
    4.960  -2.0571E+00
    4.970  -1.8734E+00
    4.980  -1.6414E+00
    4.990  -1.5890E+00
    5.000  -1.7797E+00
    5.010  -2.1242E+00
    5.020  -2.4919E+00
    5.030  -2.7940E+00
    5.040  -2.9579E+00
    5.050  -2.9231E+00
    5.060  -2.7151E+00
    5.070  -2.5500E+00
    5.080  -2.7300E+00
    5.090  -3.3441E+00
    5.100  -4.0536E+00
    5.110  -4.3261E+00
    5.120  -3.9430E+00
    5.130  -3.2402E+00
    5.140  -2.7522E+00
    5.150  -2.7165E+00
    5.160  -2.9662E+00
    5.170  -3.2424E+00
    5.180  -3.3927E+00
    5.190  -3.2942E+00
    5.200  -2.7629E+00
    5.210  -1.7727E+00
    5.220  -6.9864E-01
    5.230  -1.9967E-01
    5.240  -6.3846E-01
    5.250  -1.6200E+00
    5.260  -2.1719E+00
    5.270  -1.6413E+00
    5.280  -4.1063E-01
    5.290   3.5325E-01
    5.300  -1.6143E-01
    5.310  -1.6963E+00
    5.320  -3.3725E+00
    5.330  -4.6807E+00
    5.340  -5.6118E+00
    5.350  -6.0820E+00
    5.360  -5.8253E+00
    5.370  -5.2939E+00
    5.380  -6.0178E+00
    5.390  -9.4184E+00
    5.400  -1.4550E+01
    5.410  -1.8131E+01
    5.420  -1.8396E+01
    5.430  -1.6143E+01
    5.440  -1.2327E+01
    5.450  -9.5220E+00
    5.460  -9.9834E+00
    5.470  -1.1263E+01
    5.480  -9.8820E+00
    5.490  -5.5959E+00
    5.500  -3.3151E+00
    5.510  -2.0219E+00
    5.520   3.3563E+00
    5.530   7.3898E+00
    5.540   6.9204E+00
    5.550   3.9864E+00
    5.560   4.6741E-01
    5.570   1.8722E+00
    5.580   8.4900E+00
    5.590   1.5611E+01
    5.600   1.5552E+01
    5.610   1.2908E+01
    5.620   1.3205E+01
    5.630   9.0446E+00
    5.640  -1.9401E-02
    5.650  -3.4569E+00
    5.660   3.8288E+00
    5.670   1.6462E+01
    5.680   2.6242E+01
    5.690   2.6258E+01
    5.700   1.5873E+01
    5.710  -7.9595E-01
    5.720  -1.8352E+01
    5.730  -3.0068E+01
    5.740  -3.1701E+01
    5.750  -2.8464E+01
    5.760  -2.1084E+01
    5.770  -1.0162E+01
    5.780  -7.7145E+00
    5.790  -1.7546E+01
    5.800  -3.2370E+01
    5.810  -3.9728E+01
    5.820  -3.6799E+01
    5.830  -2.8375E+01
    5.840  -2.9125E+01
    5.850  -4.1933E+01
    5.860  -5.9361E+01
    5.870  -7.5160E+01
    5.880  -7.6393E+01
    5.890  -5.8416E+01
    5.900  -3.3354E+01
    5.910  -1.3612E+01
    5.920  -7.9891E+00
    5.930  -2.2364E+01
    5.940  -4.3385E+01
    5.950  -5.4265E+01
    5.960  -4.5460E+01
    5.970  -1.2571E+01
    5.980   2.9570E+01
    5.990   5.9311E+01
    6.000   7.2297E+01
    6.010   7.1367E+01
    6.020   6.6244E+01
    6.030   6.5943E+01
    6.040   6.7079E+01
    6.050   7.9101E+01
    6.060   9.8181E+01
    6.070   1.0795E+02
    6.080   1.1150E+02
    6.090   1.0423E+02
    6.100   8.2590E+01
    6.110   5.6358E+01
    6.120   4.1087E+01
    6.130   2.2809E+01
    6.140  -1.8804E+01
    6.150  -6.5536E+01
    6.160  -9.3492E+01
    6.170  -1.0005E+02
    6.180  -8.1826E+01
    6.190  -5.2833E+01
    6.200  -3.5826E+01
    6.210  -3.4000E+01
    6.220  -3.4749E+01
    6.230  -2.8932E+01
    6.240  -4.1707E+01
    6.250  -5.9045E+01
    6.260  -4.1074E+01
    6.270   7.7675E+00
    6.280   6.0787E+01
    6.290   8.8881E+01
    6.300   9.0457E+01
    6.310   8.0171E+01
    6.320   5.4181E+01
    6.330   3.5144E+01
    6.340   2.5817E+01
    6.350   2.4108E+01
    6.360   4.8558E+01
    6.370   9.5974E+01
    6.380   1.2416E+02
    6.390   1.1111E+02
    6.400   5.9071E+01
    6.410  -7.8408E+00
    6.420  -3.6463E+01
    6.430  -1.5617E+01
    6.440   1.5965E+01
    6.450   4.3154E+01
    6.460   6.2011E+01
    6.470   7.0357E+01
    6.480   6.2716E+01
    6.490   3.8568E+01
    6.500   1.8043E+01
    6.510   1.6436E+01
    6.520   1.7076E+01
    6.530   1.7746E+01
    6.540   2.4984E+01
    6.550   3.6477E+01
    6.560   4.4610E+01
    6.570   4.2642E+01
    6.580   3.0428E+01
    6.590   1.7805E+01
    6.600   7.6566E+00
    6.610  -2.4298E+01
    6.620  -7.1284E+01
    6.630  -1.0111E+02
    6.640  -9.6635E+01
    6.650  -7.4217E+01
    6.660  -5.3666E+01
    6.670  -2.5253E+01
    6.680   1.0186E+01
    6.690   1.9210E+01
    6.700  -2.2330E+01
    6.710  -7.3186E+01
    6.720  -7.1272E+01
    6.730  -2.2899E+01
    6.740   2.6294E+01
    6.750   4.9183E+01
    6.760   2.5792E+01
    6.770  -1.2315E+01
    6.780  -2.6794E+01
    6.790  -2.2086E+01
    6.800  -2.8380E+00
    6.810   7.6922E+00
    6.820   1.4077E+01
    6.830   4.2974E+01
    6.840   8.1047E+01
    6.850   9.2145E+01
    6.860   6.5749E+01
    6.870   3.3206E+01
    6.880   2.7514E+01
    6.890   6.2764E+01
    6.900   1.2661E+02
    6.910   1.8510E+02
    6.920   2.0835E+02
    6.930   1.8816E+02
    6.940   1.4416E+02
    6.950   9.4593E+01
    6.960   2.5238E+01
    6.970  -3.4294E+01
    6.980  -3.5708E+01
    6.990   5.6572E-01
    7.000   3.5015E+01
    7.010   3.7419E+01
    7.020   6.0329E+00
    7.030  -1.8758E+01
    7.040  -2.3725E+01
    7.050  -3.3546E+01
    7.060  -5.1143E+01
    7.070  -6.8290E+01
    7.080  -9.1482E+01
    7.090  -1.2098E+02
    7.100  -1.3934E+02
    7.110  -1.3236E+02
    7.120  -9.7033E+01
    7.130  -4.3518E+01
    7.140   1.2448E+00
    7.150   2.4664E+01
    7.160   1.8851E+01
    7.170  -2.6031E+00
    7.180  -6.5796E+00
    7.190  -1.2338E+01
    7.200  -3.0791E+01
    7.210  -3.0246E+01
    7.220  -6.5955E+00
    7.230   1.9947E+01
    7.240   4.4046E+01
    7.250   7.3830E+01
    7.260   1.0380E+02
    7.270   1.2829E+02
    7.280   1.5272E+02
    7.290   1.4189E+02
    7.300   8.5341E+01
    7.310   2.3534E+01
    7.320  -1.0078E+01
    7.330  -1.5411E+01
    7.340  -1.2041E+01
    7.350  -2.7669E+01
    7.360  -5.4243E+01
    7.370  -6.8084E+01
    7.380  -7.0571E+01
    7.390  -7.9132E+01
    7.400  -1.0141E+02
    7.410  -1.3856E+02
    7.420  -1.8312E+02
    7.430  -2.0408E+02
    7.440  -2.0976E+02
    7.450  -2.1867E+02
    7.460  -2.0555E+02
    7.470  -1.5969E+02
    7.480  -1.0984E+02
    7.490  -6.7165E+01
    7.500  -4.9612E+01
    7.510  -5.9200E+01
    7.520  -4.9885E+01
    7.530  -7.5764E+00
    7.540   1.2716E+01
    7.550  -1.0975E+01
    7.560  -4.1411E+01
    7.570  -3.8894E+01
    7.580  -6.9398E+00
    7.590   1.8497E+01
    7.600   2.4646E+01
    7.610   4.1557E+01
    7.620   7.8537E+01
    7.630   1.1604E+02
    7.640   1.3296E+02
    7.650   1.0891E+02
    7.660   4.7117E+01
    7.670   5.0576E+00
    7.680   9.4942E+00
    7.690   2.5180E+01
    7.700   3.3890E+01
    7.710   2.7768E+01
    7.720  -2.1888E+00
    7.730  -2.8421E+01
    7.740  -2.3250E+01
    7.750  -4.0770E-01
    7.760   4.6116E+00
    7.770   8.5587E+00
    7.780   3.2252E+01
    7.790   3.8002E+01
    7.800  -2.7599E+00
    7.810  -7.7643E+01
    7.820  -1.2672E+02
    7.830  -1.0676E+02
    7.840  -4.6220E+01
    7.850  -1.7658E+01
    7.860  -3.0197E+01
    7.870  -5.0255E+01
    7.880  -3.4916E+01
    7.890   1.2482E+01
    7.900   4.2058E+01
    7.910   4.1204E+01
    7.920   3.1441E+01
    7.930   3.0665E+01
    7.940   2.8817E+01
    7.950   2.5072E+01
    7.960   2.5784E+01
    7.970   4.5695E+01
    7.980   7.7309E+01
    7.990   9.5814E+01
    8.000   6.4220E+01
    8.010  -1.6979E+01
    8.020  -6.6166E+01
    8.030  -3.9632E+01
    8.040   2.1001E+01
    8.050   6.1621E+01
    8.060   5.6244E+01
    8.070   5.5503E+00
    8.080  -5.0973E+01
    8.090  -6.0261E+01
    8.100  -4.0613E+01
    8.110  -3.2370E+01
    8.120  -2.0359E+01
    8.130   1.1545E+01
    8.140   3.9188E+01
    8.150   1.9671E+01
    8.160  -4.4137E+01
    8.170  -1.1164E+02
    8.180  -1.3216E+02
    8.190  -8.7379E+01
    8.200  -2.3071E+01
    8.210   1.1752E+01
    8.220   5.8566E+00
    8.230  -1.8542E+01
    8.240  -4.3396E+01
    8.250  -5.7188E+01
    8.260  -4.7236E+01
    8.270  -2.5772E+01
    8.280  -1.3404E+01
    8.290   2.5172E-01
    8.300   2.3114E+01
    8.310   2.9032E+01
    8.320   2.5450E+01
    8.330   2.8295E+01
    8.340   4.4067E+01
    8.350   8.7809E+01
    8.360   1.0288E+02
    8.370   7.0848E+01
    8.380   3.2014E+01
    8.390   1.9408E+01
    8.400   3.7173E+01
    8.410   6.8203E+01
    8.420   1.1041E+02
    8.430   1.4191E+02
    8.440   1.4124E+02
    8.450   1.0853E+02
    8.460   5.0023E+01
    8.470  -2.9536E+01
    8.480  -8.4566E+01
    8.490  -6.2327E+01
    8.500   1.5984E+01
    8.510   7.3264E+01
    8.520   7.7087E+01
    8.530   4.1244E+01
    8.540  -2.2876E+01
    8.550  -9.3805E+01
    8.560  -1.3981E+02
    8.570  -1.3882E+02
    8.580  -9.0833E+01
    8.590  -4.4864E+01
    8.600  -3.9553E+01
    8.610  -8.1223E+01
    8.620  -1.4949E+02
    8.630  -2.0013E+02
    8.640  -1.9871E+02
    8.650  -1.5429E+02
    8.660  -8.4734E+01
    8.670   3.4274E+00
    8.680   8.7380E+01
    8.690   1.3595E+02
    8.700   1.2801E+02
    8.710   7.6896E+01
    8.720   4.1013E+01
    8.730   5.9688E+01
    8.740   1.0864E+02
    8.750   1.2136E+02
    8.760   9.8989E+01
    8.770   8.5966E+01
    8.780   8.1817E+01
    8.790   9.0582E+01
    8.800   8.2229E+01
    8.810   4.5842E+01
    8.820   2.9514E+01
    8.830   4.7913E+01
    8.840   4.7421E+01
    8.850   1.5522E+01
    8.860  -1.2330E+01
    8.870  -3.5879E+01
    8.880  -5.8144E+01
    8.890  -7.2146E+01
    8.900  -8.5742E+01
    8.910  -1.0318E+02
    8.920  -1.2890E+02
    8.930  -1.3312E+02
    8.940  -1.0630E+02
    8.950  -8.1620E+01
    8.960  -6.1836E+01
    8.970  -3.9297E+01
    8.980  -2.9261E+01
    8.990  -3.2712E+01
    9.000  -3.0303E+01
    9.010  -2.6725E+01
    9.020  -2.1043E+01
    9.030   1.6835E+00
    9.040   1.8280E+01
    9.050   1.7270E+01
    9.060   4.5796E+00
    9.070   7.1951E+00
    9.080   4.1003E+01
    9.090   8.7042E+01
    9.100   1.3397E+02
    9.110   1.4372E+02
    9.120   8.6054E+01
    9.130   4.8722E+00
    9.140  -4.9050E+01
    9.150  -6.1187E+01
    9.160  -3.8425E+01
    9.170  -2.0994E+00
    9.180   1.1909E+01
    9.190  -8.1099E+00
    9.200  -3.8644E+01
    9.210  -8.9872E+01
    9.220  -1.6297E+02
    9.230  -1.8662E+02
    9.240  -1.1067E+02
    9.250   1.5961E+01
    9.260   1.2782E+02
    9.270   1.8738E+02
    9.280   1.7005E+02
    9.290   1.0535E+02
    9.300   4.0505E+01
    9.310  -2.2133E-01
    9.320  -2.4601E+00
    9.330   5.7355E+01
    9.340   1.3423E+02
    9.350   1.6026E+02
    9.360   1.1937E+02
    9.370   4.1972E+01
    9.380  -3.7415E+01
    9.390  -8.2159E+01
    9.400  -6.1499E+01
    9.410   1.8542E+00
    9.420   6.2879E+01
    9.430   8.4522E+01
    9.440   4.2675E+01
    9.450  -1.8837E+01
    9.460  -4.0855E+01
    9.470  -2.8724E+00
    9.480   7.2225E+01
    9.490   1.2167E+02
    9.500   1.1589E+02
    9.510   7.4620E+01
    9.520   3.0553E+01
    9.530  -4.8661E+00
    9.540  -2.6500E+01
    9.550  -2.2538E+01
    9.560   7.6592E+00
    9.570   4.3987E+01
    9.580   5.7819E+01
    9.590   1.4921E+01
    9.600  -9.3000E+01
    9.610  -1.9907E+02
    9.620  -1.9569E+02
    9.630  -1.0122E+02
    9.640  -1.1692E+01
    9.650   3.2194E+01
    9.660   3.1618E+01
    9.670   3.0420E+00
    9.680  -3.4569E+01
    9.690  -5.2107E+01
    9.700  -4.4420E+01
    9.710  -2.0193E+01
    9.720   3.2284E+01
    9.730   6.8962E+01
    9.740   3.3800E+01
    9.750  -6.3904E+01
    9.760  -1.5049E+02
    9.770  -1.5770E+02
    9.780  -6.8784E+01
    9.790   5.7647E+01
    9.800   1.3484E+02
    9.810   1.3512E+02
    9.820   1.0613E+02
    9.830   8.0289E+01
    9.840   4.4639E+01
    9.850  -2.5073E+00
    9.860  -2.4330E+00
    9.870   8.5889E+01
    9.880   1.9375E+02
    9.890   2.2490E+02
    9.900   1.7255E+02
    9.910   8.7259E+01
    9.920   2.9501E+01
    9.930   4.3768E+01
    9.940   1.0191E+02
    9.950   1.4083E+02
    9.960   1.2429E+02
    9.970   7.8523E+01
    9.980   2.0921E+01
    9.990  -6.9548E+01
   10.000  -1.6983E+02
   10.010  -2.2409E+02
   10.020  -2.1957E+02
   10.030  -1.8278E+02
   10.040  -1.5638E+02
   10.050  -1.7800E+02
   10.060  -2.2884E+02
   10.070  -2.5784E+02
   10.080  -2.2801E+02
   10.090  -1.6473E+02
   10.100  -1.2506E+02
   10.110  -1.0459E+02
   10.120  -7.1941E+01
   10.130  -4.1460E+01
   10.140  -3.9526E+01
   10.150  -7.1091E+01
   10.160  -1.0484E+02
   10.170  -8.8973E+01
   10.180  -3.9646E+01
   10.190  -6.5598E+00
   10.200   2.1489E+00
   10.210  -4.5584E+00
   10.220  -1.0374E+01
   10.230  -1.1092E+00
   10.240   5.1948E+00
   10.250   2.7213E+00
   10.260   7.5602E+00
   10.270  -1.7648E+00
   10.280  -3.8285E+01
   10.290  -4.2643E+01
   10.300  -9.5481E+00
   10.310   2.0454E+01
   10.320   3.6909E+01
   10.330   3.8547E+01
   10.340   1.1541E+01
   10.350  -2.6161E+01
   10.360  -4.2735E+01
   10.370  -2.2364E+01
   10.380   5.9690E+00
   10.390   2.0200E+01
   10.400   3.2149E+01
   10.410   1.6525E+01
   10.420  -4.3136E+01
   10.430  -9.3179E+01
   10.440  -8.3776E+01
   10.450  -4.4667E+01
   10.460  -9.4540E+00
   10.470   3.8514E+01
   10.480   1.0495E+02
   10.490   1.4882E+02
   10.500   1.3386E+02
   10.510   7.5790E+01
   10.520   1.6286E+01
   10.530  -8.2970E+00
   10.540   1.3958E+01
   10.550   5.1946E+01
   10.560   5.5583E+01
   10.570   2.3281E+01
   10.580   5.0040E+00
   10.590   1.0615E+01
   10.600   1.7369E+01
   10.610  -1.2884E+01
   10.620  -6.5750E+01
   10.630  -7.4675E+01
   10.640  -3.8917E+01
   10.650   3.2788E+00
   10.660   2.1352E+01
   10.670  -1.2231E+00
   10.680  -2.7129E+01
   10.690  -2.5331E+01
   10.700  -2.2811E+01
   10.710  -3.0082E+01
   10.720  -3.1292E+01
   10.730  -7.4527E+00
   10.740   4.1960E+01
   10.750   9.3219E+01
   10.760   1.0882E+02
   10.770   8.2951E+01
   10.780   3.2075E+01
   10.790   6.8331E+00
   10.800   1.7261E+01
   10.810   2.1485E+01
   10.820   1.5314E+00
   10.830  -2.0502E+01
   10.840  -7.2170E+00
   10.850   2.8201E+01
   10.860   4.4036E+01
   10.870   2.2587E+01
   10.880  -7.0469E+00
   10.890  -1.6303E+01
   10.900  -2.4878E+01
   10.910  -4.6356E+01
   10.920  -6.0631E+01
   10.930  -5.4206E+01
   10.940  -4.8858E+01
   10.950  -4.5162E+01
   10.960  -4.6051E+01
   10.970  -5.2054E+01
   10.980  -5.2110E+01
   10.990  -4.2218E+01
   11.000  -1.8313E+01
   11.010   1.2989E+01
   11.020   4.0192E+01
   11.030   4.8954E+01
   11.040   6.3732E+01
   11.050   8.7432E+01
   11.060   8.8588E+01
   11.070   6.0086E+01
   11.080   2.7587E+01
   11.090   1.2776E+01
   11.100   1.4285E+01
   11.110   1.7499E+01
   11.120   2.2331E+01
   11.130   3.9876E+01
   11.140   5.5371E+01
   11.150   5.3707E+01
   11.160   4.0133E+01
   11.170   1.3873E+01
   11.180  -1.4698E+01
   11.190  -2.3472E+01
   11.200  -1.6081E+01
   11.210  -1.0306E+01
   11.220  -2.5648E+01
   11.230  -4.2308E+01
   11.240  -3.7725E+01
   11.250  -1.1612E+01
   11.260   1.1620E+01
   11.270   1.1953E+01
   11.280   4.0615E+00
   11.290   1.0390E+01
   11.300   1.9897E+01
   11.310   2.8115E+01
   11.320   3.9462E+01
   11.330   4.0184E+01
   11.340   2.7976E+01
   11.350   2.7110E+01
   11.360   4.3794E+01
   11.370   5.4164E+01
   11.380   4.8653E+01
   11.390   2.6676E+01
   11.400   6.0130E+00
   11.410  -8.4890E+00
   11.420  -2.3877E+01
   11.430  -3.0619E+01
   11.440  -2.9315E+01
   11.450  -1.3861E+01
   11.460   2.1396E+00
   11.470   4.1108E+00
   11.480  -3.2780E+00
   11.490  -5.6735E+00
   11.500   2.5542E+00
   11.510   3.9993E+00
   11.520  -1.2196E+01
   11.530  -4.0145E+01
   11.540  -6.5087E+01
   11.550  -6.8752E+01
   11.560  -6.9701E+01
   11.570  -7.0129E+01
   11.580  -4.8104E+01
   11.590  -5.3659E+00
   11.600   2.8034E+01
   11.610   4.7174E+01
   11.620   4.4777E+01
   11.630   2.1552E+01
   11.640  -1.9377E+00
   11.650  -1.2936E+01
   11.660  -1.5389E+01
   11.670  -2.5922E+01
   11.680  -3.0481E+01
   11.690  -1.3560E+01
   11.700   1.9458E+01
   11.710   3.4744E+01
   11.720   2.1641E+01
   11.730   4.3839E+00
   11.740   4.8064E+00
   11.750   2.2177E+01
   11.760   5.1901E+01
   11.770   7.9505E+01
   11.780   9.8894E+01
   11.790   1.1916E+02
   11.800   1.2691E+02
   11.810   1.1446E+02
   11.820   8.5922E+01
   11.830   4.8701E+01
   11.840   2.4490E+01
   11.850   3.6265E+01
   11.860   6.1198E+01
   11.870   5.3251E+01
   11.880   1.6186E+01
   11.890  -3.9809E+00
   11.900   4.8692E+00
   11.910   1.6100E+01
   11.920   6.8206E+00
   11.930  -1.2203E+01
   11.940  -2.5797E+01
   11.950  -2.3969E+01
   11.960  -1.0104E+01
   11.970  -5.1111E+00
   11.980   1.8960E+00
   11.990   1.2366E+01
   12.000   1.8917E+01
   12.010   2.8235E+01
   12.020   3.4403E+01
   12.030   3.3514E+01
   12.040   2.7191E+01
   12.050   3.0965E+01
   12.060   2.9847E+01
   12.070  -6.9885E-01
   12.080  -4.5756E+01
   12.090  -7.1927E+01
   12.100  -4.5427E+01
   12.110   1.3436E+00
   12.120   1.7287E+01
   12.130   1.0365E+01
   12.140   1.0694E+01
   12.150   2.4326E+01
   12.160   4.3930E+01
   12.170   3.6866E+01
   12.180   1.6571E+01
   12.190   1.0760E+01
   12.200   1.3909E+00
   12.210  -2.3423E+00
   12.220   1.1256E+01
   12.230   2.9945E+01
   12.240   5.6863E+01
   12.250   8.7156E+01
   12.260   1.0016E+02
   12.270   9.1517E+01
   12.280   5.8913E+01
   12.290   5.1036E+00
   12.300  -4.3669E+01
   12.310  -6.6798E+01
   12.320  -6.0268E+01
   12.330  -4.7269E+01
   12.340  -3.9961E+01
   12.350  -3.2741E+01
   12.360  -1.7596E+01
   12.370  -2.0201E+00
   12.380   5.4712E+00
   12.390   4.7941E+00
   12.400  -1.5285E+01
   12.410  -3.9935E+01
   12.420  -4.7656E+01
   12.430  -3.7186E+01
   12.440  -2.7229E+01
   12.450  -2.4250E+01
   12.460  -1.3171E+01
   12.470   3.6834E+00
   12.480   1.4302E+01
   12.490   9.1019E+00
   12.500   3.2998E-01
   12.510   8.5255E+00
   12.520   2.4628E+01
   12.530   2.4616E+01
   12.540   2.5379E+00
   12.550  -4.1511E+01
   12.560  -7.9834E+01
   12.570  -8.6267E+01
   12.580  -6.0532E+01
   12.590  -2.3799E+01
   12.600  -2.3921E-01
   12.610   7.8377E+00
   12.620  -7.0843E-01
   12.630  -3.2720E+01
   12.640  -6.1003E+01
   12.650  -4.6944E+01
   12.660  -1.3823E+01
   12.670   6.9963E+00
   12.680   1.6602E+01
   12.690   2.3612E+01
   12.700   3.5456E+01
   12.710   3.6314E+01
   12.720   2.3811E+01
   12.730   2.5536E+01
   12.740   5.4928E+01
   12.750   8.0821E+01
   12.760   7.5556E+01
   12.770   5.3440E+01
   12.780   3.5620E+01
   12.790   2.5347E+01
   12.800   1.8674E+01
   12.810   1.6408E+01
   12.820   1.6473E+01
   12.830   1.6597E+01
   12.840   9.9470E+00
   12.850   5.9303E-03
   12.860  -1.1897E+01
   12.870  -2.9363E+01
   12.880  -4.7075E+01
   12.890  -5.5008E+01
   12.900  -5.8137E+01
   12.910  -7.8548E+01
   12.920  -1.1046E+02
   12.930  -1.0878E+02
   12.940  -7.1341E+01
   12.950  -3.4423E+01
   12.960  -1.7366E+01
   12.970  -7.0826E+00
   12.980  -2.0436E+00
   12.990   5.9499E+00
   13.000   1.2594E+01
   13.010   1.2322E+01
   13.020   1.4603E+01
   13.030   1.7976E+01
   13.040   3.0527E+01
   13.050   5.1490E+01
   13.060   6.9045E+01
   13.070   6.5613E+01
   13.080   5.0109E+01
   13.090   3.9856E+01
   13.100   2.9448E+01
   13.110   1.3946E+01
   13.120  -1.3549E+01
   13.130  -4.2415E+01
   13.140  -4.1713E+01
   13.150  -2.6972E+01
   13.160  -2.1277E+01
   13.170  -2.2981E+01
   13.180  -2.7002E+01
   13.190  -3.9225E+01
   13.200  -5.3804E+01
   13.210  -6.1731E+01
   13.220  -6.2796E+01
   13.230  -4.9111E+01
   13.240  -2.6395E+01
   13.250  -5.9055E+00
   13.260   6.7848E+00
   13.270   8.6862E+00
   13.280  -2.9787E+00
   13.290  -1.4999E+01
   13.300  -1.3042E+01
   13.310   1.5439E+00
   13.320   1.9796E+01
   13.330   3.4033E+01
   13.340   4.8807E+01
   13.350   5.5779E+01
   13.360   4.7420E+01
   13.370   3.3587E+01
   13.380   2.6448E+01
   13.390   2.8935E+01
   13.400   3.6469E+01
   13.410   4.4373E+01
   13.420   3.9980E+01
   13.430   2.6286E+01
   13.440   2.0363E+01
   13.450   1.1330E+01
   13.460  -6.2956E+00
   13.470  -1.1426E+01
   13.480  -7.8318E+00
   13.490  -2.1201E+01
   13.500  -4.7620E+01
   13.510  -6.5255E+01
   13.520  -6.6110E+01
   13.530  -5.1602E+01
   13.540  -3.2867E+01
   13.550  -3.0223E+01
   13.560  -5.1602E+01
   13.570  -7.9169E+01
   13.580  -8.5191E+01
   13.590  -7.5951E+01
   13.600  -6.4329E+01
   13.610  -3.9092E+01
   13.620  -1.7170E+00
   13.630   2.8096E+01
   13.640   3.5232E+01
   13.650   2.2345E+01
   13.660   2.3543E-01
   13.670  -1.7590E+01
   13.680  -2.0249E+01
   13.690  -4.6096E+00
   13.700   1.4663E+01
   13.710   2.3692E+01
   13.720   2.4666E+01
   13.730   2.4921E+01
   13.740   1.8582E+01
   13.750   8.7014E+00
   13.760   8.6628E+00
   13.770   2.4117E+01
   13.780   4.4711E+01
   13.790   5.4262E+01
   13.800   3.8711E+01
   13.810   7.5850E+00
   13.820  -2.1178E+01
   13.830  -3.4851E+01
   13.840  -2.7536E+01
   13.850  -1.2014E+01
   13.860  -2.9130E+00
   13.870  -5.2302E+00
   13.880  -1.9456E+01
   13.890  -4.2589E+01
   13.900  -7.2839E+01
   13.910  -9.6764E+01
   13.920  -8.8424E+01
   13.930  -4.6508E+01
   13.940  -3.3304E+00
   13.950   1.2635E+01
   13.960  -2.0550E-01
   13.970  -1.9257E+01
   13.980  -2.9933E+01
   13.990  -2.8215E+01
   14.000  -1.2613E+01
   14.010   8.6212E+00
   14.020   3.6056E+01
   14.030   6.9077E+01
   14.040   7.8123E+01
   14.050   5.0650E+01
   14.060   7.4913E+00
   14.070  -2.3938E+01
   14.080  -2.1773E+01
   14.090   5.6398E+00
   14.100   3.7005E+01
   14.110   5.7192E+01
   14.120   5.7309E+01
   14.130   4.5610E+01
   14.140   3.1610E+01
   14.150   1.7425E+01
   14.160   2.6479E+00
   14.170  -9.4010E+00
   14.180  -1.4145E+01
   14.190  -1.8476E+01
   14.200  -2.0421E+01
   14.210  -2.2050E+01
   14.220  -2.3753E+01
   14.230  -1.9717E+01
   14.240  -1.2517E+01
   14.250  -1.5564E+01
   14.260  -3.0853E+01
   14.270  -3.4670E+01
   14.280  -2.3722E+01
   14.290  -1.0112E+01
   14.300   3.3454E+00
   14.310   1.8137E+01
   14.320   3.0244E+01
   14.330   3.6193E+01
   14.340   3.4271E+01
   14.350   2.6423E+01
   14.360   2.4472E+01
   14.370   3.1259E+01
   14.380   4.1272E+01
   14.390   5.0560E+01
   14.400   5.7069E+01
   14.410   5.0284E+01
   14.420   3.0227E+01
   14.430   7.6619E+00
   14.440  -8.9470E+00
   14.450  -2.0273E+01
   14.460  -3.1226E+01
   14.470  -3.6460E+01
   14.480  -3.0619E+01
   14.490  -1.8646E+01
   14.500  -1.2490E+01
   14.510  -1.4991E+01
   14.520  -2.3646E+01
   14.530  -3.1100E+01
   14.540  -3.5041E+01
   14.550  -3.5512E+01
   14.560  -3.5183E+01
   14.570  -3.4119E+01
   14.580  -3.1318E+01
   14.590  -2.6269E+01
   14.600  -1.8891E+01
   14.610  -1.1325E+01
   14.620   3.7022E-01
   14.630   1.0757E+01
   14.640   1.7822E+01
   14.650   2.5911E+01
   14.660   2.5701E+01
   14.670   1.1202E+01
   14.680  -3.8901E+00
   14.690  -1.0181E+01
   14.700  -5.7617E+00
   14.710   3.1604E+00
   14.720   7.4735E+00
   14.730   5.8454E+00
   14.740   3.6617E+00
   14.750   5.5412E+00
   14.760   7.1293E+00
   14.770  -2.0760E+00
   14.780  -1.3461E+01
   14.790  -1.3209E+01
   14.800  -5.9450E+00
   14.810  -3.6471E+00
   14.820  -9.9864E+00
   14.830  -1.5575E+01
   14.840  -1.0083E+01
   14.850  -1.4046E+00
   14.860   5.2304E+00
   14.870   1.1139E+01
   14.880   1.8366E+01
   14.890   3.2832E+01
   14.900   5.1287E+01
   14.910   5.9318E+01
   14.920   5.6894E+01
   14.930   5.0453E+01
   14.940   4.5250E+01
   14.950   4.2518E+01
   14.960   3.5293E+01
   14.970   2.2176E+01
   14.980   6.4310E+00
   14.990  -9.4384E-01
   15.000   4.1861E+00
   15.010   1.6983E+01
   15.020   2.9506E+01
   15.030   3.0515E+01
   15.040   1.8209E+01
   15.050  -2.1729E+00
   15.060  -2.8274E+01
   15.070  -4.5143E+01
   15.080  -4.3053E+01
   15.090  -3.3940E+01
   15.100  -2.6720E+01
   15.110  -2.1070E+01
   15.120  -1.4436E+01
   15.130  -8.9810E+00
   15.140  -1.0413E+01
   15.150  -1.4575E+01
   15.160  -1.4112E+01
   15.170  -4.3819E+00
   15.180   2.8783E+00
   15.190  -2.2515E-01
   15.200  -6.8062E+00
   15.210  -1.2105E+01
   15.220  -1.6186E+01
   15.230  -1.9597E+01
   15.240  -2.2841E+01
   15.250  -2.1953E+01
   15.260  -1.3311E+01
   15.270  -5.6967E+00
   15.280  -8.0349E+00
   15.290  -1.2157E+01
   15.300  -1.1099E+01
   15.310  -1.3623E+00
   15.320   1.0234E+01
   15.330   1.7267E+01
   15.340   2.0825E+01
   15.350   2.0643E+01
   15.360   1.2487E+01
   15.370  -2.3567E+00
   15.380  -1.1482E+01
   15.390  -7.8672E+00
   15.400   4.1208E+00
   15.410   1.5962E+01
   15.420   2.0693E+01
   15.430   2.0970E+01
   15.440   1.5826E+01
   15.450   8.6587E+00
   15.460   7.5187E+00
   15.470   1.2920E+01
   15.480   1.6438E+01
   15.490   2.0646E+01
   15.500   2.8885E+01
   15.510   3.3090E+01
   15.520   2.5931E+01
   15.530   1.6791E+01
   15.540   1.3939E+01
   15.550   1.6550E+01
   15.560   2.1089E+01
   15.570   1.9833E+01
   15.580   1.4271E+01
   15.590   7.3011E+00
   15.600  -1.0672E+00
   15.610  -9.1014E+00
   15.620  -8.2411E+00
   15.630   2.0072E+00
   15.640   9.4809E+00
   15.650   9.0338E+00
   15.660   1.3370E-01
   15.670  -1.5252E+01
   15.680  -2.7379E+01
   15.690  -3.3849E+01
   15.700  -3.7207E+01
   15.710  -4.0454E+01
   15.720  -3.8767E+01
   15.730  -3.5969E+01
   15.740  -3.4076E+01
   15.750  -2.7203E+01
   15.760  -2.1057E+01
   15.770  -2.3498E+01
   15.780  -2.7119E+01
   15.790  -2.2851E+01
   15.800  -1.1798E+01
   15.810  -8.0414E-01
   15.820   5.7326E+00
   15.830   9.0483E+00
   15.840   4.4593E+00
   15.850  -5.1360E+00
   15.860  -8.3552E+00
   15.870  -6.7608E+00
   15.880  -7.1165E+00
   15.890  -7.7869E+00
   15.900  -4.9723E+00
   15.910  -7.5385E-01
   15.920  -6.5009E-01
   15.930  -7.3608E+00
   15.940  -1.6459E+01
   15.950  -1.6906E+01
   15.960  -1.0224E+01
   15.970  -4.3630E+00
   15.980  -4.0080E+00
   15.990  -7.6534E+00
   16.000  -9.6577E+00
   16.010  -9.7286E+00
   16.020  -1.1136E+01
   16.030  -1.2263E+01
   16.040  -8.2032E+00
   16.050   8.3134E-01
   16.060   8.8186E+00
   16.070   1.1550E+01
   16.080   7.0016E+00
   16.090  -3.7210E+00
   16.100  -1.0343E+01
   16.110  -9.4342E+00
   16.120  -4.1166E+00
   16.130   4.5991E+00
   16.140   1.1337E+01
   16.150   1.2923E+01
   16.160   1.2670E+01
   16.170   9.9826E+00
   16.180   3.6863E+00
   16.190  -1.3560E+00
   16.200  -3.2351E+00
   16.210  -4.0539E+00
   16.220  -4.3472E+00
   16.230  -4.5880E+00
   16.240  -5.5126E+00
   16.250  -5.4877E+00
   16.260  -5.4806E+00
   16.270  -3.9721E+00
   16.280  -7.5226E-01
   16.290  -1.6827E+00
   16.300  -5.4700E+00
   16.310  -7.9489E+00
   16.320  -7.5589E+00
   16.330  -4.6292E+00
   16.340   8.3684E-01
   16.350   6.5746E+00
   16.360   1.1083E+01
   16.370   1.2265E+01
   16.380   7.5738E+00
   16.390   5.6409E-02
   16.400  -3.5070E+00
   16.410  -1.9762E+00
   16.420   1.1337E+00
   16.430   4.3646E+00
   16.440   3.9945E+00
   16.450  -1.3754E+00
   16.460  -9.8078E+00
   16.470  -1.7210E+01
   16.480  -1.9033E+01
   16.490  -1.4652E+01
   16.500  -7.8079E+00
   16.510  -1.7938E-01
   16.520   5.6628E+00
   16.530   6.3309E+00
   16.540   1.7172E+00
   16.550  -1.9247E+00
   16.560   4.1189E-01
   16.570   7.2849E+00
   16.580   1.5126E+01
   16.590   1.8647E+01
   16.600   1.4508E+01
   16.610   6.8557E+00
   16.620   4.8148E+00
   16.630   9.4142E+00
   16.640   1.3761E+01
   16.650   1.5479E+01
   16.660   1.7118E+01
   16.670   1.6636E+01
   16.680   1.1008E+01
   16.690   3.8519E+00
   16.700  -1.1159E+00
   16.710  -1.1465E+00
   16.720   5.1455E+00
   16.730   1.3396E+01
   16.740   1.5325E+01
   16.750   9.1620E+00
   16.760   2.6603E+00
   16.770   2.1870E+00
   16.780   5.9611E+00
   16.790   7.8812E+00
   16.800   6.0475E+00
   16.810   4.9676E+00
   16.820   6.6254E+00
   16.830   7.1900E+00
   16.840   3.8977E+00
   16.850   6.5729E-01
   16.860   3.4230E-01
   16.870   2.6067E+00
   16.880   5.3201E+00
   16.890   6.3573E+00
   16.900   4.8506E+00
   16.910   2.1103E+00
   16.920   7.8765E-01
   16.930   6.9980E-01
   16.940   2.1955E-01
   16.950  -1.0102E+00
   16.960  -2.2022E+00
   16.970  -8.4090E-01
   16.980   3.3000E+00
   16.990   5.5883E+00
   17.000   5.4760E+00
   17.010   5.5301E+00
   17.020   6.2339E+00
   17.030   5.2922E+00
   17.040   2.6110E+00
   17.050   6.4070E-01
   17.060   5.7440E-01
   17.070   2.6812E+00
   17.080   4.5918E+00
   17.090   4.3050E+00
   17.100   2.5264E+00
   17.110   8.2572E-01
   17.120  -5.3061E-01
   17.130  -1.6583E+00
   17.140  -3.2474E+00
   17.150  -4.2421E+00
   17.160  -3.6630E+00
   17.170  -2.1112E+00
   17.180  -1.9563E-01
   17.190   9.7834E-01
   17.200   1.4828E+00
   17.210   5.8676E-01
   17.220  -1.1949E+00
   17.230  -6.6925E-01
   17.240   1.3702E+00
   17.250   1.2557E+00
   17.260  -5.4249E-01
   17.270  -2.7434E+00
   17.280  -5.3389E+00
   17.290  -8.3729E+00
   17.300  -9.3812E+00
   17.310  -9.0731E+00
   17.320  -7.5934E+00
   17.330  -5.5650E+00
   17.340  -4.5018E+00
   17.350  -4.3246E+00
   17.360  -4.4682E+00
   17.370  -3.3949E+00
   17.380  -9.4691E-01
   17.390   4.4286E-01
   17.400  -1.2787E+00
   17.410  -3.8223E+00
   17.420  -5.1144E+00
   17.430  -6.9029E+00
   17.440  -7.7117E+00
   17.450  -5.4118E+00
   17.460  -1.2598E+00
   17.470   1.3684E+00
   17.480   1.9184E+00
   17.490   1.7839E+00
   17.500   1.6296E+00
   17.510   1.4257E+00
   17.520   2.0954E+00
   17.530   3.2429E+00
   17.540   4.1203E+00
   17.550   3.5038E+00
   17.560   1.5041E+00
   17.570   3.8387E-01
   17.580   8.9684E-01
   17.590   1.4856E+00
   17.600   9.6181E-01
   17.610  -2.4161E-01
   17.620  -1.4011E+00
   17.630  -2.7018E+00
   17.640  -3.7164E+00
   17.650  -3.5177E+00
   17.660  -2.0804E+00
   17.670  -6.5688E-01
   17.680  -8.2491E-01
   17.690  -1.8655E+00
   17.700  -2.3776E+00
   17.710  -2.9592E+00
   17.720  -3.4021E+00
   17.730  -2.1282E+00
   17.740   8.7804E-01
   17.750   3.5161E+00
   17.760   4.7723E+00
   17.770   4.8314E+00
   17.780   4.1009E+00
   17.790   3.6215E+00
   17.800   3.3284E+00
   17.810   3.1229E+00
   17.820   3.6807E+00
   17.830   3.9681E+00
   17.840   3.3561E+00
   17.850   1.9627E+00
   17.860   3.5632E-01
   17.870  -4.7475E-01
   17.880   7.6435E-02
   17.890   1.1242E+00
   17.900   1.4226E+00
   17.910   4.6628E-01
   17.920  -1.8902E+00
   17.930  -4.0034E+00
   17.940  -3.9151E+00
   17.950  -2.3122E+00
   17.960  -4.2650E-01
   17.970   1.0252E+00
   17.980   1.5878E+00
   17.990   1.4816E+00
   18.000   1.3182E+00
   18.010   6.1973E-01
   18.020  -8.0705E-01
   18.030  -1.5402E+00
   18.040  -1.0043E+00
   18.050  -8.1092E-01
   18.060  -1.3505E+00
   18.070  -1.6969E+00
   18.080  -1.2185E+00
   18.090  -1.8846E-01
   18.100   1.0840E+00
   18.110   2.4998E+00
   18.120   2.4170E+00
   18.130   7.6182E-01
   18.140  -1.0870E+00
   18.150  -2.9266E+00
   18.160  -3.9227E+00
   18.170  -3.0835E+00
   18.180  -9.4607E-01
   18.190   5.9603E-01
   18.200   8.7957E-01
   18.210   6.2832E-01
   18.220   5.1697E-01
   18.230   2.0334E-01
   18.240  -7.9089E-01
   18.250  -1.3976E+00
   18.260  -7.3989E-01
   18.270   4.9319E-01
   18.280   1.0754E+00
   18.290   4.2412E-02
   18.300  -1.9864E+00
   18.310  -3.3032E+00
   18.320  -3.1347E+00
   18.330  -2.2643E+00
   18.340  -1.5936E+00
   18.350  -1.6232E+00
   18.360  -2.2102E+00
   18.370  -2.8848E+00
   18.380  -3.3947E+00
   18.390  -3.7210E+00
   18.400  -3.7481E+00
   18.410  -3.1489E+00
   18.420  -1.9663E+00
   18.430  -8.0836E-01
   18.440  -5.3383E-01
   18.450  -6.4070E-01
   18.460  -2.0857E-02
   18.470   9.6529E-01
   18.480   1.8654E+00
   18.490   2.7055E+00
   18.500   2.9499E+00
   18.510   2.2274E+00
   18.520   1.1837E+00
   18.530   7.5119E-01
   18.540   1.2520E+00
   18.550   2.0492E+00
   18.560   2.8328E+00
   18.570   3.7356E+00
   18.580   3.8120E+00
   18.590   2.9714E+00
   18.600   1.8482E+00
   18.610   6.5587E-01
   18.620  -2.0131E-01
   18.630  -3.6109E-01
   18.640  -2.5083E-01
   18.650   1.0047E-01
   18.660   3.1394E-01
   18.670  -3.2114E-01
   18.680  -1.1746E+00
   18.690  -1.7627E+00
   18.700  -2.2614E+00
   18.710  -2.4293E+00
   18.720  -2.3050E+00
   18.730  -2.1487E+00
   18.740  -1.9406E+00
   18.750  -1.9377E+00
   18.760  -2.0596E+00
   18.770  -2.1727E+00
   18.780  -1.9382E+00
   18.790  -1.1491E+00
   18.800  -1.4977E-01
   18.810   6.0770E-01
   18.820   1.0066E+00
   18.830   1.0322E+00
   18.840   9.3185E-01
   18.850   9.6314E-01
   18.860   1.0977E+00
   18.870   1.2206E+00
   18.880   1.3071E+00
   18.890   1.3902E+00
   18.900   1.2736E+00
   18.910   9.7283E-01
   18.920   7.4260E-01
   18.930   6.8243E-01
   18.940   7.3732E-01
   18.950   7.6518E-01
   18.960   7.6031E-01
   18.970   6.4599E-01
   18.980   3.5111E-01
   18.990   5.8921E-02
   19.000  -4.9912E-02
   19.010  -2.0054E-03
   19.020   5.8014E-02
   19.030   1.3066E-01
   19.040   1.5987E-01
   19.050   1.6935E-01
   19.060   2.1902E-01
   19.070   2.5429E-01
   19.080   1.8447E-01
   19.090   3.1522E-02
   19.100  -1.6337E-01
   19.110  -3.2978E-01
   19.120  -3.4587E-01
   19.130  -2.1458E-01
   19.140  -1.5693E-02
   19.150   1.4008E-01
   19.160   7.5986E-02
   19.170  -2.0157E-01
   19.180  -4.4309E-01
   19.190  -4.7338E-01
   19.200  -3.5675E-01
   19.210  -1.2907E-01
   19.220   1.4944E-01
   19.230   2.7818E-01
   19.240   1.4620E-01
   19.250  -7.9523E-02
   19.260  -2.4663E-01
   19.270  -3.2772E-01
   19.280  -2.8552E-01
   19.290  -9.1438E-02
   19.300   1.0728E-01
   19.310   9.8454E-02
   19.320   4.7374E-02
   19.330   3.0988E-02
   19.340   1.7774E-02
   19.350   5.5298E-02
   19.360   9.0187E-02
   19.370   9.4067E-02
   19.380   7.1394E-02
   19.390   3.8289E-02
   19.400  -5.4056E-03
   19.410  -5.5860E-03
   19.420   6.4193E-02
   19.430   2.1350E-01
   19.440   3.4766E-01
   19.450   3.6989E-01
   19.460   2.9652E-01
   19.470   1.5239E-01
   19.480   2.5191E-02
   19.490   2.3152E-02
   19.500   1.0515E-01
   19.510   1.8022E-01
   19.520   1.9667E-01
   19.530   1.5325E-01
   19.540   7.3376E-02
   19.550  -5.8006E-03
   19.560  -4.9546E-02
   19.570  -3.7942E-02
   19.580   2.2766E-02
   19.590   1.0451E-01
   19.600   1.3493E-01
   19.610   8.0095E-02
   19.620  -8.0867E-03
   19.630  -3.8674E-02
   19.640   2.6729E-02
   19.650   1.3224E-01
   19.660   2.1736E-01
   19.670   2.5621E-01
   19.680   2.3108E-01
   19.690   1.6071E-01
   19.700   7.7302E-02
   19.710   2.2471E-02
   19.720   1.3861E-02
   19.730   2.6690E-02
   19.740   3.8207E-02
   19.750   4.4964E-02
   19.760   2.6116E-02
   19.770  -3.4840E-02
   19.780  -1.1204E-01
   19.790  -1.4979E-01
   19.800  -1.2540E-01
   19.810  -6.5556E-02
   19.820  -1.4636E-02
   19.830   5.3943E-03
   19.840   8.8177E-05
   19.850  -1.8437E-02
   19.860  -4.0655E-02
   19.870  -4.0601E-02
   19.880  -8.8216E-03
   19.890   4.2471E-02
   19.900   7.6753E-02
   19.910   6.9884E-02
   19.920   3.7643E-02
   19.930   6.0622E-03
   19.940   1.1029E-02
   19.950   5.2856E-02
   19.960   1.0150E-01
   19.970   1.3060E-01
   19.980   1.4180E-01
   19.990   1.3718E-01
   20.000   1.1447E-01
   20.010   7.9985E-02
   20.020   5.3897E-02
   20.030   4.5453E-02
   20.040   5.8070E-02
   20.050   7.9976E-02
   20.060   9.2516E-02
   20.070   8.4274E-02
   20.080   6.1456E-02
   20.090   4.2872E-02
   20.100   3.7430E-02
   20.110   3.8567E-02
   20.120   3.8914E-02
   20.130   3.6516E-02
   20.140   3.0138E-02
   20.150   1.6405E-02
   20.160  -1.7364E-03
   20.170  -1.0529E-02
   20.180   2.6656E-03
   20.190   3.0630E-02
   20.200   4.9133E-02
   20.210   4.1252E-02
   20.220   1.5601E-02
   20.230  -5.5217E-03
   20.240  -9.1405E-03
   20.250   7.4042E-04
   20.260   1.5731E-02
   20.270   3.0928E-02
   20.280   4.1377E-02
   20.290   3.7731E-02
   20.300   1.5329E-02
   20.310  -1.5304E-02
   20.320  -3.1627E-02
   20.330  -1.9093E-02
   20.340   1.3607E-02
   20.350   3.9738E-02
   20.360   3.8805E-02
   20.370   1.3687E-02
   20.380  -1.4665E-02
   20.390  -2.8201E-02
   20.400  -2.2908E-02
   20.410  -4.9059E-03
   20.420   1.7859E-02
   20.430   3.5390E-02
   20.440   3.7255E-02
   20.450   2.0181E-02
   20.460  -4.6218E-03
   20.470  -1.8918E-02
   20.480  -1.1652E-02
   20.490   1.2892E-02
   20.500   4.0341E-02
   20.510   5.4830E-02
   20.520   4.7962E-02
   20.530   2.3786E-02
   20.540  -1.2992E-03
   20.550  -9.9602E-03
   20.560   3.4709E-03
   20.570   2.8461E-02
   20.580   4.7868E-02
   20.590   4.9989E-02
   20.600   3.5692E-02
   20.610   1.5310E-02
   20.620   1.3550E-03
   20.630   4.3123E-04
   20.640   1.2181E-02
   20.650   3.1185E-02
   20.660   4.9275E-02
   20.670   5.5502E-02
   20.680   4.2888E-02
   20.690   1.7437E-02
   20.700  -1.6813E-03
   20.710   6.2424E-04
   20.720   2.0404E-02
   20.730   3.8884E-02
   20.740   4.2758E-02
   20.750   3.3443E-02
   20.760   1.9296E-02
   20.770   4.3725E-03
   20.780  -9.2847E-03
   20.790  -1.6030E-02
   20.800  -8.8866E-03
   20.810   9.4604E-03
   20.820   2.4853E-02
   20.830   2.2408E-02
   20.840   1.8239E-03
   20.850  -2.1786E-02
   20.860  -3.0905E-02
   20.870  -2.1649E-02
   20.880  -2.9117E-03
   20.890   1.2499E-02
   20.900   1.9445E-02
   20.910   1.7984E-02
   20.920   9.4756E-03
   20.930  -2.5271E-03
   20.940  -8.9757E-03
   20.950  -1.9959E-03
   20.960   1.5929E-02
   20.970   3.1748E-02
   20.980   3.3843E-02
   20.990   2.4088E-02
   21.000   1.0542E-02
   21.010   1.8895E-03
   21.020   2.6980E-03
   21.030   1.2096E-02
   21.040   2.4802E-02
   21.050   3.2674E-02
   21.060   3.0257E-02
   21.070   1.8407E-02
   21.080   4.6754E-03
   21.090  -2.1679E-03
   21.100   2.3083E-03
   21.110   1.3781E-02
   21.120   2.2388E-02
   21.130   2.0303E-02
   21.140   8.9654E-03
   21.150  -3.6113E-03
   21.160  -9.9285E-03
   21.170  -8.5383E-03
   21.180  -1.7701E-03
   21.190   6.1847E-03
   21.200   1.0621E-02
   21.210   7.2404E-03
   21.220  -3.3322E-03
   21.230  -1.5013E-02
   21.240  -2.0480E-02
   21.250  -1.5316E-02
   21.260  -4.6441E-03
   21.270   4.7171E-03
   21.280   8.1643E-03
   21.290   3.2904E-03
   21.300  -4.6253E-03
   21.310  -1.2179E-02
   21.320  -1.2063E-02
   21.330  -5.9300E-03
   21.340   2.9264E-03
   21.350   9.2778E-03
   21.360   1.0397E-02
   21.370   6.6076E-03
   21.380   1.7479E-03
   21.390  -6.9153E-04
   21.400  -6.9472E-04
   21.410   3.5404E-03
   21.420   9.5877E-03
   21.430   1.3982E-02
   21.440   1.4277E-02
   21.450   6.8504E-03
   21.460  -1.8953E-03
   21.470  -5.2161E-03
   21.480  -1.5597E-03
   21.490   3.3724E-03
   21.500   4.4784E-03
   21.510   1.5772E-03
   21.520  -3.3386E-03
   21.530  -5.7039E-03
   21.540  -7.8971E-03
   21.550  -9.6065E-03
   21.560  -7.1221E-03
   21.570   3.6844E-05
   21.580   6.5449E-03
   21.590   7.2919E-03
   21.600   9.5657E-04
   21.610  -7.6927E-03
   21.620  -1.1610E-02
   21.630  -1.0550E-02
   21.640  -5.2527E-03
   21.650  -1.2743E-03
   21.660   7.9058E-05
   21.670  -3.6737E-04
   21.680  -1.9585E-03
   21.690  -7.2280E-03
   21.700  -1.3441E-02
   21.710  -1.7610E-02
   21.720  -1.5429E-02
   21.730  -9.4046E-03
   21.740  -6.8262E-03
   21.750  -1.2129E-02
   21.760  -2.0885E-02
   21.770  -2.6205E-02
   21.780  -2.3644E-02
   21.790  -2.2154E-02
   21.800  -2.1233E-02
   21.810  -1.8251E-02
   21.820  -1.1201E-02
   21.830  -4.3702E-03
   21.840  -3.5978E-03
   21.850  -8.7042E-03
   21.860  -1.2241E-02
   21.870  -8.2461E-03
   21.880   4.6878E-04
   21.890   8.4954E-03
   21.900   8.8031E-03
   21.910   4.8523E-03
   21.920   3.0460E-03
   21.930   4.8444E-03
   21.940   6.3336E-03
   21.950   3.8952E-03
   21.960  -2.4046E-04
   21.970  -1.5200E-03
   21.980   1.1881E-04
   21.990  -1.3922E-04
   22.000  -4.4550E-03
   22.010  -9.5190E-03
   22.020  -1.0281E-02
   22.030  -6.7908E-03
   22.040  -3.1510E-03
   22.050  -2.5165E-03
   22.060  -3.0196E-03
   22.070  -1.5996E-03
   22.080   1.6604E-03
   22.090   1.9657E-03
   22.100  -1.6610E-03
   22.110  -5.0691E-03
   22.120  -5.0144E-03
   22.130   1.6285E-03
   22.140   1.0376E-02
   22.150   1.3479E-02
   22.160   9.3787E-03
   22.170   2.6005E-03
   22.180  -1.6461E-03
   22.190  -2.7932E-03
   22.200  -2.8635E-03
   22.210  -3.4951E-03
   22.220  -4.5384E-03
   22.230  -6.4349E-03
   22.240  -1.0187E-02
   22.250  -1.6372E-02
   22.260  -2.2815E-02
   22.270  -2.5700E-02
   22.280  -2.1908E-02
   22.290  -1.3171E-02
   22.300  -5.3824E-03
   22.310  -4.1946E-03
   22.320  -8.6425E-03
   22.330  -1.2390E-02
   22.340  -1.0256E-02
   22.350  -3.5700E-03
   22.360   1.7138E-03
   22.370   3.6707E-03
   22.380   6.4081E-03
   22.390   9.5860E-03
   22.400   1.2831E-02
   22.410   1.3420E-02
   22.420   1.1210E-02
   22.430   9.0001E-03
   22.440   8.6254E-03
   22.450   8.5372E-03
   22.460   7.0748E-03
   22.470   4.6726E-03
   22.480   4.3555E-03
   22.490   6.5327E-03
   22.500   7.6833E-03
   22.510   3.6221E-03
   22.520  -4.0572E-03
   22.530  -8.3200E-03
   22.540  -3.9988E-03
   22.550   5.2952E-03
   22.560   1.1466E-02
   22.570   9.8972E-03
   22.580   3.7352E-03
   22.590  -2.0969E-03
   22.600  -4.4978E-03
   22.610  -3.1898E-03
   22.620   1.6483E-03
   22.630   8.2655E-03
   22.640   1.2164E-02
   22.650   9.3710E-03
   22.660   9.9143E-04
   22.670  -7.0186E-03
   22.680  -8.5931E-03
   22.690  -3.7517E-03
   22.700   1.6642E-03
   22.710   3.9332E-03
   22.720   1.3768E-03
   22.730  -4.1624E-03
   22.740  -9.2447E-03
   22.750  -1.2296E-02
   22.760  -1.1535E-02
   22.770  -6.5337E-03
   22.780   6.1714E-04
   22.790   4.6198E-03
   22.800   2.1874E-03
   22.810  -4.3465E-03
   22.820  -8.2197E-03
   22.830  -5.9644E-03
   22.840   3.6635E-04
   22.850   3.2836E-03
   22.860   2.1305E-03
   22.870   6.0485E-04
   22.880  -1.0564E-03
   22.890  -2.2060E-03
   22.900  -3.3608E-03
   22.910  -4.1852E-03
   22.920  -2.8479E-03
   22.930   3.0109E-04
   22.940   2.6928E-03
   22.950   2.1827E-03
   22.960  -1.0266E-04
   22.970  -7.4958E-04
   22.980  -9.5869E-04
   22.990  -1.9623E-03
   23.000  -3.9660E-03
   23.010  -5.0475E-03
   23.020  -2.3460E-03
   23.030   3.5963E-03
   23.040   8.4863E-03
   23.050   8.8479E-03
   23.060   4.8860E-03
   23.070   1.1534E-04
   23.080  -2.1127E-03
   23.090  -1.1794E-03
   23.100   2.6715E-03
   23.110   4.4934E-03
   23.120   4.6599E-03
   23.130   8.7494E-04
   23.140  -4.8495E-03
   23.150  -9.3714E-03
   23.160  -1.0618E-02
   23.170  -9.4952E-03
   23.180  -7.3633E-03
   23.190  -6.2024E-03
   23.200  -7.5604E-03
   23.210  -1.2268E-02
   23.220  -1.8603E-02
   23.230  -2.2730E-02
   23.240  -2.1423E-02
   23.250  -1.5641E-02
   23.260  -1.0265E-02
   23.270  -9.2577E-03
   23.280  -1.2205E-02
   23.290  -1.5396E-02
   23.300  -1.5428E-02
   23.310  -1.1846E-02
   23.320  -5.9029E-03
   23.330  -1.3891E-03
   23.340   1.4748E-03
   23.350   2.0797E-03
   23.360   2.6151E-04
   23.370  -2.7448E-03
   23.380  -3.4754E-03
   23.390   4.0708E-04
   23.400   7.4371E-03
   23.410   1.2593E-02
   23.420   1.2628E-02
   23.430   7.3056E-03
   23.440  -2.9405E-05
   23.450  -3.1248E-03
   23.460  -2.5258E-03
   23.470  -4.1819E-05
   23.480   2.4370E-03
   23.490   5.0927E-03
   23.500   5.5818E-03
   23.510   4.1411E-03
   23.520   5.0233E-04
   23.530  -3.9424E-03
   23.540  -5.4648E-03
   23.550  -1.3522E-03
   23.560   5.4402E-03
   23.570   9.2181E-03
   23.580   7.3222E-03
   23.590   2.1827E-03
   23.600  -1.5705E-03
   23.610  -2.6420E-03
   23.620  -9.3032E-04
   23.630   2.5270E-03
   23.640   6.2919E-03
   23.650   8.2054E-03
   23.660   7.0986E-03
   23.670   3.1043E-03
   23.680  -2.0765E-04
   23.690  -1.9074E-03
   23.700  -7.4597E-04
   23.710   2.8922E-03
   23.720   6.8723E-03
   23.730   8.4728E-03
   23.740   5.3182E-03
   23.750   1.3581E-03
   23.760  -1.2418E-03
   23.770  -9.0422E-04
   23.780   2.4541E-03
   23.790   4.4429E-03
   23.800   7.0942E-03
   23.810   6.9283E-03
   23.820   4.9356E-03
   23.830   2.9389E-03
   23.840   2.2189E-03
   23.850   2.8947E-03
   23.860   5.0123E-03
   23.870   7.6980E-03
   23.880   1.0147E-02
   23.890   1.0362E-02
   23.900   6.7183E-03
   23.910   2.5701E-03
   23.920   4.5002E-04
   23.930   1.1670E-03
   23.940   3.4003E-03
   23.950   4.9934E-03
   23.960   4.4700E-03
   23.970   2.3106E-03
   23.980   5.7838E-04
   23.990  -1.0808E-04
   24.000  -2.3301E-05
   24.010  -5.5776E-04
   24.020  -5.7986E-04
   24.030   1.4469E-03
   24.040   4.4451E-03
   24.050   4.7750E-03
   24.060   1.6430E-03
   24.070  -1.5209E-03
   24.080  -1.5244E-03
   24.090   1.9845E-03
   24.100   4.8880E-03
   24.110   3.5750E-03
   24.120   2.3898E-03
   24.130   2.0556E-03
   24.140   1.0153E-03
   24.150   1.4973E-04
   24.160   6.8215E-04
   24.170   3.3287E-03
   24.180   7.5898E-03
   24.190   1.1085E-02
   24.200   1.0951E-02
   24.210   5.8837E-03
   24.220  -7.8978E-04
   24.230  -2.0039E-03
   24.240   2.1113E-03
   24.250   8.0650E-03
   24.260   9.9944E-03
   24.270   6.8258E-03
   24.280   1.7575E-03
   24.290  -2.5950E-03
   24.300  -5.6562E-03
   24.310  -6.7353E-03
   24.320  -3.9911E-03
   24.330   1.7838E-03
   24.340   6.2393E-03
   24.350   5.0490E-03
   24.360  -1.5936E-03
   24.370  -9.1048E-03
   24.380  -1.1990E-02
   24.390  -7.3764E-03
   24.400   1.9128E-03
   24.410   9.4744E-03
   24.420   1.0837E-02
   24.430   6.3043E-03
   24.440   1.6683E-03
   24.450  -1.1383E-03
   24.460  -8.3786E-04
   24.470   3.3846E-03
   24.480   1.1520E-02
   24.490   1.9157E-02
   24.500   2.0184E-02
   24.510   1.4087E-02
   24.520   6.2880E-03
   24.530   2.4770E-03
   24.540   4.6429E-03
   24.550   1.1179E-02
   24.560   1.8482E-02
   24.570   2.1705E-02
   24.580   1.8091E-02
   24.590   9.0102E-03
   24.600   3.6966E-04
   24.610  -3.8146E-03
   24.620  -2.7970E-03
   24.630   1.8199E-03
   24.640   7.4485E-03
   24.650   1.0283E-02
   24.660   7.3389E-03
   24.670   4.0483E-04
   24.680  -6.5619E-03
   24.690  -1.0018E-02
   24.700  -8.4715E-03
   24.710  -2.1251E-03
   24.720   6.5534E-03
   24.730   1.2960E-02
   24.740   1.0089E-02
   24.750   1.3135E-03
   24.760  -5.9215E-03
   24.770  -6.3889E-03
   24.780  -1.3563E-03
   24.790   5.2794E-03
   24.800   1.1434E-02
   24.810   1.5300E-02
   24.820   1.4377E-02
   24.830   8.0216E-03
   24.840  -4.6055E-05
   24.850  -4.0666E-03
   24.860  -1.1710E-03
   24.870   6.4561E-03
   24.880   1.3408E-02
   24.890   1.4452E-02
   24.900   8.6793E-03
   24.910   3.3803E-04
   24.920  -4.3014E-03
   24.930  -4.0066E-03
   24.940   1.8938E-04
   24.950   4.7465E-03
   24.960   8.1643E-03
   24.970   8.8599E-03
   24.980   4.1754E-03
   24.990  -3.9796E-03
   25.000  -9.5046E-03
   25.010  -8.1846E-03
   25.020  -1.8411E-03
   25.030   4.6988E-03
   25.040   8.1790E-03
   25.050   7.0384E-03
   25.060   2.1735E-03
   25.070  -3.9126E-03
   25.080  -6.5969E-03
   25.090  -3.5013E-03
   25.100   3.0994E-03
   25.110   9.2694E-03
   25.120   1.2058E-02
   25.130   1.0291E-02
   25.140   4.8567E-03
   25.150  -6.4767E-04
   25.160  -1.6260E-03
   25.170   2.9637E-03
   25.180   9.5396E-03
   25.190   1.4282E-02
   25.200   1.5652E-02
   25.210   1.3397E-02
   25.220   8.0393E-03
   25.230   2.3301E-03
   25.240   3.4304E-04
   25.250   3.1830E-03
   25.260   7.4776E-03
   25.270   9.2740E-03
   25.280   7.5226E-03
   25.290   3.1244E-03
   25.300  -2.5016E-03
   25.310  -7.4701E-03
   25.320  -9.0566E-03
   25.330  -7.8815E-03
   25.340  -4.6873E-03
   25.350  -3.8763E-03
   25.360  -5.8875E-03
   25.370  -9.4200E-03
   25.380  -1.3187E-02
   25.390  -1.5613E-02
   25.400  -1.4608E-02
   25.410  -9.9573E-03
   25.420  -4.4586E-03
   25.430  -9.6211E-04
   25.440  -8.2953E-04
   25.450  -2.6382E-03
   25.460  -5.1235E-03
   25.470  -5.7400E-03
   25.480  -3.4285E-03
   25.490   5.9147E-04
   25.500   3.7451E-03
   25.510   4.5412E-03
   25.520   3.9135E-03
   25.530   2.5773E-03
   25.540   7.2068E-04
   25.550  -6.0287E-04
   25.560   2.0625E-04
   25.570   2.4040E-03
   25.580   5.6017E-03
   25.590   6.4322E-03
   25.600   3.8412E-03
   25.610  -4.2870E-05
   25.620  -2.4559E-03
   25.630  -2.4598E-03
   25.640  -5.7758E-04
   25.650   2.0515E-03
   25.660   4.2332E-03
   25.670   5.0805E-03
   25.680   4.6814E-03
   25.690   3.7672E-03
   25.700   3.3743E-03
   25.710   4.5877E-03
   25.720   7.7725E-03
   25.730   1.2523E-02
   25.740   1.4380E-02
   25.750   1.2315E-02
   25.760   8.3031E-03
   25.770   5.4880E-03
   25.780   5.0173E-03
   25.790   5.8906E-03
   25.800   7.0076E-03
   25.810   7.6106E-03
   25.820   6.9586E-03
   25.830   4.7584E-03
   25.840   1.9777E-03
   25.850  -7.0855E-05
   25.860  -9.8869E-04
   25.870  -4.9864E-04
   25.880   1.4771E-03
   25.890   3.1305E-03
   25.900   3.0441E-03
   25.910   8.6010E-04
   25.920  -1.8155E-03
   25.930  -2.4283E-03
   25.940  -7.1375E-04
   25.950   1.6382E-03
   25.960   3.3032E-03
   25.970   3.9359E-03
   25.980   3.4452E-03
   25.990   2.2683E-03
   26.000   6.5583E-04
   26.010   3.6572E-04
   26.020   1.8480E-03
   26.030   4.2588E-03
   26.040   6.4807E-03
   26.050   7.3985E-03
   26.060   6.2071E-03
   26.070   3.5601E-03
   26.080   1.1366E-03
   26.090   2.0066E-04
   26.100   2.2180E-03
   26.110   4.2315E-03
   26.120   5.7271E-03
   26.130   5.8038E-03
   26.140   4.3102E-03
   26.150   1.8901E-03
   26.160   1.3627E-05
   26.170   2.5534E-05
   26.180   2.2198E-03
   26.190   5.5290E-03
   26.200   8.2952E-03
   26.210   7.8142E-03
   26.220   5.7842E-03
   26.230   2.1377E-03
   26.240  -6.6070E-04
   26.250  -2.5818E-04
   26.260   2.5903E-03
   26.270   5.6518E-03
   26.280   6.9451E-03
   26.290   5.1802E-03
   26.300   1.9651E-03
   26.310  -8.0040E-04
   26.320  -1.6990E-03
   26.330  -4.6188E-04
   26.340   1.9419E-03
   26.350   4.1467E-03
   26.360   5.0965E-03
   26.370   4.1966E-03
   26.380   1.4112E-03
   26.390  -1.9136E-03
   26.400  -3.5050E-03
   26.410  -7.7405E-04
   26.420   2.7721E-03
   26.430   5.5516E-03
   26.440   5.7369E-03
   26.450   3.6818E-03
   26.460   8.3938E-04
   26.470  -1.4060E-03
   26.480  -2.2631E-03
   26.490  -1.4863E-03
   26.500   4.7569E-04
   26.510   2.3544E-03
   26.520   2.9131E-03
   26.530   1.2830E-03
   26.540  -1.6812E-03
   26.550  -3.8805E-03
   26.560  -4.8658E-03
   26.570  -3.4876E-03
   26.580  -9.2831E-04
   26.590   1.2899E-03
   26.600   1.8949E-03
   26.610   5.3649E-04
   26.620  -1.8947E-03
   26.630  -3.6352E-03
   26.640  -2.7963E-03
   26.650  -4.7103E-04
   26.660   2.2024E-03
   26.670   3.8227E-03
   26.680   3.9715E-03
   26.690   3.0481E-03
   26.700   1.3778E-03
   26.710  -4.1851E-04
   26.720  -1.1783E-03
   26.730   1.2523E-04
   26.740   2.8657E-03
   26.750   4.4747E-03
   26.760   3.4717E-03
   26.770   4.6700E-04
   26.780  -2.3605E-03
   26.790  -3.2070E-03
   26.800  -2.1587E-03
   26.810  -4.7030E-04
   26.820   3.7872E-04
   26.830   1.1044E-04
   26.840  -8.7982E-04
   26.850  -1.8519E-03
   26.860  -2.7146E-03
   26.870  -3.0656E-03
   26.880  -2.1326E-03
   26.890   9.0036E-05
   26.900   2.1201E-03
   26.910   1.4125E-03
   26.920  -7.1507E-05
   26.930  -7.5097E-04
   26.940  -5.7225E-04
   26.950   9.8791E-04
   26.960   2.5675E-03
   26.970   3.2427E-03
   26.980   2.9359E-03
   26.990   1.8896E-03
   27.000   4.5629E-04
   27.010  -8.5338E-04
   27.020  -1.4749E-03
   27.030  -1.4058E-03
   27.040  -4.1000E-04
   27.050   4.1631E-04
   27.060   1.7197E-04
   27.070  -1.1774E-03
   27.080  -2.6239E-03
   27.090  -2.9957E-03
   27.100  -2.4809E-03
   27.110  -1.8529E-03
   27.120  -1.3309E-03
   27.130  -6.4195E-04
   27.140  -5.1809E-04
   27.150  -3.5295E-04
   27.160  -1.0205E-03
   27.170  -1.7794E-03
   27.180  -1.8895E-03
   27.190  -1.5792E-03
   27.200  -1.9065E-03
   27.210  -1.3850E-03
   27.220  -8.9860E-04
   27.230  -8.9423E-04
   27.240  -1.8190E-03
   27.250  -3.0350E-03
   27.260  -3.7878E-03
   27.270  -3.5654E-03
   27.280  -1.9906E-03
   27.290  -1.0344E-03
   27.300  -7.6094E-04
   27.310  -1.0398E-03
   27.320  -2.4053E-03
   27.330  -3.4302E-03
   27.340  -3.2262E-03
   27.350  -1.9036E-03
   27.360  -5.2441E-05
   27.370   6.6923E-04
   27.380   5.1433E-04
   27.390  -3.4118E-04
   27.400  -1.3302E-03
   27.410  -1.6727E-03
   27.420  -1.1209E-03
   27.430   3.4842E-04
   27.440   1.6211E-03
   27.450   1.9961E-03
   27.460   1.3337E-03
   27.470  -1.3899E-04
   27.480  -1.7355E-03
   27.490  -2.4326E-03
   27.500  -1.6337E-03
   27.510  -3.8060E-05
   27.520   8.4304E-04
   27.530   4.8112E-04
   27.540  -6.5320E-04
   27.550  -1.6410E-03
   27.560  -1.9476E-03
   27.570  -1.7695E-03
   27.580  -1.2348E-03
   27.590  -4.9879E-04
   27.600   2.2347E-04
   27.610   5.8173E-04
   27.620   2.7189E-04
   27.630  -6.3872E-04
   27.640  -1.4602E-03
   27.650  -1.3214E-03
   27.660  -1.1795E-04
   27.670   1.1950E-03
   27.680   1.4676E-03
   27.690   8.3829E-04
   27.700   2.1485E-04
   27.710   7.3802E-05
   27.720   1.7715E-05
   27.730  -1.9913E-04
   27.740  -7.0513E-05
   27.750   7.2658E-04
   27.760   1.7208E-03
   27.770   1.9864E-03
   27.780   1.2778E-03
   27.790   2.3754E-04
   27.800  -1.7867E-04
   27.810   4.2365E-04
   27.820   1.5464E-03
   27.830   2.2074E-03
   27.840   1.9470E-03
   27.850   1.2857E-03
   27.860   9.7809E-04
   27.870   1.0543E-03
   27.880   1.0739E-03
   27.890   1.0677E-03
   27.900   1.7072E-03
   27.910   2.6485E-03
   27.920   3.0460E-03
   27.930   2.2134E-03
   27.940   7.6415E-04
   27.950  -9.5947E-04
   27.960  -6.0250E-04
   27.970   3.7290E-04
   27.980   9.3586E-04
   27.990   6.3874E-04
   28.000  -2.1302E-04
   28.010  -1.0142E-03
   28.020  -1.3548E-03
   28.030  -1.2480E-03
   28.040  -9.1987E-04
   28.050  -4.3591E-04
   28.060   9.0042E-05
   28.070   3.5288E-04
   28.080  -9.4102E-05
   28.090  -8.1873E-04
   28.100  -1.0206E-03
   28.110  -3.0856E-04
   28.120  -3.8211E-05
   28.130   2.9092E-04
   28.140   3.7931E-04
   28.150   3.5666E-04
   28.160   2.4763E-04
   28.170   7.7601E-05
   28.180  -1.7882E-06
   28.190   1.6900E-04
   28.200   4.6178E-04
   28.210   5.9286E-04
   28.220   4.0788E-04
   28.230   5.4041E-05
   28.240  -7.5650E-05
   28.250  -1.2656E-04
   28.260   3.8527E-05
   28.270   2.7193E-04
   28.280   3.8298E-04
   28.290   3.6450E-04
   28.300   2.8588E-04
   28.310   1.8779E-04
   28.320   1.7040E-05
   28.330  -1.1231E-04
   28.340  -1.4106E-05
   28.350   3.2418E-04
   28.360   5.6342E-04
   28.370   4.5049E-04
   28.380   9.0938E-05
   28.390  -1.5392E-04
   28.400  -2.4793E-04
   28.410  -2.6305E-04
   28.420  -3.4560E-04
   28.430  -3.2772E-04
   28.440  -2.8898E-04
   28.450  -3.1618E-04
   28.460  -4.8397E-04
   28.470  -7.4362E-04
   28.480  -9.5819E-04
   28.490  -1.0340E-03
   28.500  -8.8895E-04
   28.510  -5.6044E-04
   28.520  -2.9299E-04
   28.530  -2.5710E-04
   28.540  -4.0173E-04
   28.550   1.0240E-04
   28.560  -4.4552E-05
   28.570  -1.2547E-05
   28.580   2.2152E-04
   28.590   5.1578E-04
   28.600   6.6490E-04
   28.610   6.8688E-04
   28.620   5.8268E-04
   28.630   5.7160E-04
   28.640   5.7079E-04
   28.650   2.7486E-04
   28.660   2.4463E-04
   28.670   4.9438E-04
   28.680   8.5399E-04
   28.690   9.2711E-04
   28.700   5.5146E-04
   28.710   2.3661E-05
   28.720  -2.4026E-04
   28.730  -1.4448E-04
   28.740   8.5214E-05
   28.750   2.2893E-04
   28.760   2.4174E-04
   28.770   1.9339E-04
   28.780   1.1660E-04
   28.790  -1.0166E-05
   28.800  -1.8198E-04
   28.810  -2.6024E-04
   28.820  -8.5912E-05
   28.830   2.8603E-04
   28.840   5.2339E-04
   28.850   3.6901E-04
   28.860  -3.5620E-05
   28.870  -2.8104E-04
   28.880  -1.6648E-04
   28.890   1.4230E-04
   28.900   3.7146E-04
   28.910   4.2227E-04
   28.920   3.1865E-04
   28.930   9.9376E-05
   28.940  -1.8036E-04
   28.950  -3.9592E-04
   28.960  -4.4114E-04
   28.970  -3.0200E-04
   28.980  -7.1310E-05
   28.990   9.4176E-05
   29.000   1.9730E-05
   29.010  -3.1624E-04
   29.020  -4.5917E-04
   29.030  -5.4787E-04
   29.040  -4.5274E-04
   29.050  -2.8741E-04
   29.060  -2.6007E-04
   29.070  -4.0496E-04
   29.080  -6.1266E-04
   29.090  -7.3507E-04
   29.100  -7.0652E-04
   29.110  -5.6561E-04
   29.120  -4.1165E-04
   29.130  -3.3486E-04
   29.140  -3.5322E-04
   29.150  -4.1942E-04
   29.160  -4.8489E-04
   29.170  -5.4239E-04
   29.180  -5.2567E-04
   29.190  -3.8160E-04
   29.200  -1.3534E-04
   29.210   2.7592E-05
   29.220  -1.0115E-05
   29.230  -1.1127E-04
   29.240  -2.8661E-04
   29.250  -2.3718E-04
   29.260  -3.1926E-06
   29.270   2.4383E-04
   29.280   3.6456E-04
   29.290   3.3670E-04
   29.300   2.2728E-04
   29.310   1.0924E-04
   29.320   1.5853E-05
   29.330  -2.4165E-05
   29.340   4.7766E-05
   29.350   2.5149E-04
   29.360   4.6686E-04
   29.370   4.9694E-04
   29.380   2.7051E-04
   29.390   1.3113E-07
   29.400  -8.3315E-05
   29.410   4.7386E-05
   29.420   2.4805E-04
   29.430   3.4773E-04
   29.440   2.7818E-04
   29.450   9.0665E-05
   29.460  -1.1619E-04
   29.470  -2.5871E-04
   29.480  -2.8494E-04
   29.490  -2.0575E-04
   29.500  -4.1507E-05
   29.510   1.2668E-04
   29.520   1.8596E-04
   29.530   8.0949E-05
   29.540  -1.0732E-04
   29.550  -2.0499E-04
   29.560  -9.8089E-05
   29.570   1.6930E-04
   29.580   4.4842E-04
   29.590   6.1681E-04
   29.600   2.9000E-04
   29.610   2.8271E-05
   29.620  -3.4943E-05
   29.630  -3.9332E-05
   29.640   7.0232E-05
   29.650   2.4601E-04
   29.660   4.1255E-04
   29.670   4.9401E-04
   29.680   4.4889E-04
   29.690   2.7637E-04
   29.700   1.3415E-04
   29.710   9.5566E-05
   29.720   1.8970E-04
   29.730   3.4158E-04
   29.740   4.4048E-04
   29.750   4.1373E-04
   29.760   2.7411E-04
   29.770   4.8997E-05
   29.780  -6.1993E-05
   29.790  -6.6539E-05
   29.800   1.5336E-05
   29.810   1.1462E-04
   29.820   1.7083E-04
   29.830   1.5419E-04
   29.840   7.5147E-05
   29.850  -2.4752E-05
   29.860  -7.6200E-05
   29.870   6.5957E-05
   29.880   4.1091E-05
   29.890   3.2956E-05
   29.900   3.4984E-05
   29.910   4.3277E-05
   29.920   5.5117E-05
   29.930   6.2406E-05
   29.940   5.2912E-05
   29.950   2.5794E-05
   29.960  -5.3776E-06
   29.970  -2.1646E-05
   29.980  -1.3964E-05
   29.990   1.2999E-05
   30.000   4.2474E-05
   30.010   5.7737E-05
   30.020   5.2477E-05
   30.030   3.5888E-05
   30.040   2.1059E-05
   30.050   1.7265E-05
   30.060   2.8273E-05
   30.070   5.5616E-05
   30.080   8.9827E-05
   30.090   1.1079E-04
   30.100   1.0238E-04
   30.110   7.3367E-05
   30.120   4.9724E-05
   30.130   5.1252E-05
   30.140   7.4952E-05
   30.150   1.0485E-04
   30.160   1.2376E-04
   30.170   1.2221E-04
   30.180   1.0005E-04
   30.190   7.0047E-05
   30.200   4.9924E-05
   30.210   5.2215E-05
   30.220   7.4393E-05
   30.230   1.0221E-04
   30.240   1.1538E-04
   30.250   1.0131E-04
   30.260   1.5719E-05
   30.270  -1.0242E-06
   30.280  -5.8443E-06
   30.290   2.6148E-06
   30.300   3.9244E-05
   30.310   4.4019E-05
   30.320   3.2891E-05
   30.330   1.3201E-05
   30.340  -4.1610E-06
   30.350  -8.5668E-06
   30.360   5.3302E-06
   30.370   2.9779E-05
   30.380   4.5998E-05
   30.390   4.0495E-05
   30.400   1.8093E-05
   30.410  -4.5189E-06
   30.420  -1.4479E-05
   30.430  -8.8245E-06
   30.440   8.8944E-06
   30.450   2.8368E-06
   30.460  -1.1439E-06
   30.470  -6.9445E-06
   30.480  -1.2015E-05
   30.490  -1.2911E-05
   30.500  -7.5442E-06
   30.510   2.8220E-06
   30.520   1.3394E-05
   30.530   1.8092E-05
   30.540   1.3133E-05
   30.550   1.5266E-06
   30.560  -7.5018E-06
   30.570  -6.2618E-06
   30.580   3.4937E-06
   30.590   1.3204E-05
   30.600   1.6524E-05
   30.610  -1.2484E-06
   30.620   4.3689E-07
   30.630   1.0692E-07
   30.640  -2.1222E-06
   30.650  -4.6660E-06
   30.660  -5.5548E-06
   30.670  -3.9544E-06
   30.680   4.0409E-07
   30.690   6.1055E-06
   30.700   1.0002E-05
   30.710   9.1587E-06
   30.720   5.1041E-06
   30.730   1.6013E-06
   30.740   2.6897E-06
   30.750   8.4204E-06
   30.760   1.5077E-05
   30.770   1.9281E-05
   30.780   1.9631E-05
   30.790   1.5811E-05
   30.800   9.3323E-06
   30.810   3.5183E-06
   30.820   1.8754E-06
   30.830   4.7889E-06
   30.840   9.4751E-06
   30.850   1.1784E-05
   30.860   9.2156E-06
   30.870   2.2082E-06
   30.880  -5.4244E-06
   30.890  -9.4623E-06
   30.900  -8.4686E-06
   30.910  -5.0406E-06
   30.920  -2.3446E-06
   30.930  -1.9222E-06
   30.940  -3.8286E-06
   30.950  -8.0965E-06
   30.960  -1.3147E-05
   30.970  -1.5568E-05
   30.980  -1.2702E-05
   30.990  -6.2763E-06
   31.000  -8.6440E-07
   31.010   1.2324E-07
   31.020  -2.8748E-06
   31.030   0.0000E+00
   31.040   0.0000E+00
   31.050   0.0000E+00
   31.060   0.0000E+00
   31.070   0.0000E+00
   31.080   0.0000E+00
   31.090   0.0000E+00
   31.100   0.0000E+00
   31.110   0.0000E+00
   31.120   0.0000E+00
   31.130   0.0000E+00
   31.140   0.0000E+00
   31.150   0.0000E+00
   31.160   0.0000E+00
   31.170   0.0000E+00
   31.180   0.0000E+00
   31.190   0.0000E+00
   31.200   0.0000E+00
   31.210   0.0000E+00
   31.220   0.0000E+00
   31.230   0.0000E+00
   31.240   0.0000E+00
   31.250   0.0000E+00
   31.260   0.0000E+00
   31.270   0.0000E+00
   31.280   0.0000E+00
   31.290   0.0000E+00
   31.300   0.0000E+00
   31.310   0.0000E+00
   31.320   0.0000E+00
   31.330   0.0000E+00
   31.340   0.0000E+00
   31.350   0.0000E+00
   31.360   0.0000E+00
   31.370   0.0000E+00
   31.380   0.0000E+00
   31.390   0.0000E+00
   31.400   0.0000E+00
   31.410   0.0000E+00
   31.420   0.0000E+00
   31.430   0.0000E+00
   31.440   0.0000E+00
   31.450   0.0000E+00
   31.460   0.0000E+00
   31.470   0.0000E+00
   31.480   0.0000E+00
   31.490   0.0000E+00
   31.500   0.0000E+00
   31.510   0.0000E+00
   31.520   0.0000E+00
   31.530   0.0000E+00
   31.540   0.0000E+00
   31.550   0.0000E+00
   31.560   0.0000E+00
   31.570   0.0000E+00
   31.580   0.0000E+00
   31.590   0.0000E+00
   31.600   0.0000E+00
   31.610   0.0000E+00
   31.620   0.0000E+00
   31.630   0.0000E+00
   31.640   0.0000E+00
   31.650   0.0000E+00
   31.660   0.0000E+00
   31.670   0.0000E+00
   31.680   0.0000E+00
   31.690   0.0000E+00
   31.700   0.0000E+00
   31.710   0.0000E+00
   31.720   0.0000E+00
   31.730   0.0000E+00
   31.740   0.0000E+00
   31.750   0.0000E+00
   31.760   0.0000E+00
   31.770   0.0000E+00
   31.780   0.0000E+00
   31.790   0.0000E+00
   31.800   0.0000E+00
   31.810   0.0000E+00
   31.820   0.0000E+00
   31.830   0.0000E+00
   31.840   0.0000E+00
   31.850   0.0000E+00
   31.860   0.0000E+00
   31.870   0.0000E+00
   31.880   0.0000E+00
   31.890   0.0000E+00
   31.900   0.0000E+00
   31.910   0.0000E+00
   31.920   0.0000E+00
   31.930   0.0000E+00
   31.940   0.0000E+00
   31.950   0.0000E+00
   31.960   0.0000E+00
   31.970   0.0000E+00
   31.980   0.0000E+00
   31.990   0.0000E+00
   32.000   0.0000E+00
   32.010   0.0000E+00
   32.020   0.0000E+00
   32.030   0.0000E+00
   32.040   0.0000E+00
   32.050   0.0000E+00
   32.060   0.0000E+00
   32.070   0.0000E+00
   32.080   0.0000E+00
   32.090   0.0000E+00
   32.100   0.0000E+00
   32.110   0.0000E+00
   32.120   0.0000E+00
   32.130   0.0000E+00
   32.140   0.0000E+00
   32.150   0.0000E+00
   32.160   0.0000E+00
   32.170   0.0000E+00
   32.180   0.0000E+00
   32.190   0.0000E+00
   32.200   0.0000E+00
   32.210   0.0000E+00
   32.220   0.0000E+00
   32.230   0.0000E+00
   32.240   0.0000E+00
   32.250   0.0000E+00
   32.260   0.0000E+00
   32.270   0.0000E+00
   32.280   0.0000E+00
   32.290   0.0000E+00
   32.300   0.0000E+00
   32.310   0.0000E+00
   32.320   0.0000E+00
   32.330   0.0000E+00
   32.340   0.0000E+00
   32.350   0.0000E+00
   32.360   0.0000E+00
   32.370   0.0000E+00
   32.380   0.0000E+00
   32.390   0.0000E+00
   32.400   0.0000E+00
   32.410   0.0000E+00
   32.420   0.0000E+00
   32.430   0.0000E+00
   32.440   0.0000E+00
   32.450   0.0000E+00
   32.460   0.0000E+00
   32.470   0.0000E+00
   32.480   0.0000E+00
   32.490   0.0000E+00
   32.500   0.0000E+00
   32.510   0.0000E+00
   32.520   0.0000E+00
   32.530   0.0000E+00
   32.540   0.0000E+00
   32.550   0.0000E+00
   32.560   0.0000E+00
   32.570   0.0000E+00
   32.580   0.0000E+00
   32.590   0.0000E+00
   32.600   0.0000E+00
   32.610   0.0000E+00
   32.620   0.0000E+00
   32.630   0.0000E+00
   32.640   0.0000E+00
   32.650   0.0000E+00
   32.660   0.0000E+00
   32.670   0.0000E+00
   32.680   0.0000E+00
   32.690   0.0000E+00
   32.700   0.0000E+00
   32.710   0.0000E+00
   32.720   0.0000E+00
   32.730   0.0000E+00
   32.740   0.0000E+00
   32.750   0.0000E+00
   32.760   0.0000E+00
   32.770   0.0000E+00
   32.780   0.0000E+00
   32.790   0.0000E+00
   32.800   0.0000E+00
   32.810   0.0000E+00
   32.820   0.0000E+00
   32.830   0.0000E+00
   32.840   0.0000E+00
   32.850   0.0000E+00
   32.860   0.0000E+00
   32.870   0.0000E+00
   32.880   0.0000E+00
   32.890   0.0000E+00
   32.900   0.0000E+00
   32.910   0.0000E+00
   32.920   0.0000E+00
   32.930   0.0000E+00
   32.940   0.0000E+00
   32.950   0.0000E+00
   32.960   0.0000E+00
   32.970   0.0000E+00
   32.980   0.0000E+00
   32.990   0.0000E+00
   33.000   0.0000E+00
   33.010   0.0000E+00
   33.020   0.0000E+00
   33.030   0.0000E+00
   33.040   0.0000E+00
   33.050   0.0000E+00
   33.060   0.0000E+00
   33.070   0.0000E+00
   33.080   0.0000E+00
   33.090   0.0000E+00
   33.100   0.0000E+00
   33.110   0.0000E+00
   33.120   0.0000E+00
   33.130   0.0000E+00
   33.140   0.0000E+00
   33.150   0.0000E+00
   33.160   0.0000E+00
   33.170   0.0000E+00
   33.180   0.0000E+00
   33.190   0.0000E+00
   33.200   0.0000E+00
   33.210   0.0000E+00
   33.220   0.0000E+00
   33.230   0.0000E+00
   33.240   0.0000E+00
   33.250   0.0000E+00
   33.260   0.0000E+00
   33.270   0.0000E+00
   33.280   0.0000E+00
   33.290   0.0000E+00
   33.300   0.0000E+00
   33.310   0.0000E+00
   33.320   0.0000E+00
   33.330   0.0000E+00
   33.340   0.0000E+00
   33.350   0.0000E+00
   33.360   0.0000E+00
   33.370   0.0000E+00
   33.380   0.0000E+00
   33.390   0.0000E+00
   33.400   0.0000E+00
   33.410   0.0000E+00
   33.420   0.0000E+00
   33.430   0.0000E+00
   33.440   0.0000E+00
   33.450   0.0000E+00
   33.460   0.0000E+00
   33.470   0.0000E+00
   33.480   0.0000E+00
   33.490   0.0000E+00
   33.500   0.0000E+00
   33.510   0.0000E+00
   33.520   0.0000E+00
   33.530   0.0000E+00
   33.540   0.0000E+00
   33.550   0.0000E+00
   33.560   0.0000E+00
   33.570   0.0000E+00
   33.580   0.0000E+00
   33.590   0.0000E+00
   33.600   0.0000E+00
   33.610   0.0000E+00
   33.620   0.0000E+00
   33.630   0.0000E+00
   33.640   0.0000E+00
   33.650   0.0000E+00
   33.660   0.0000E+00
   33.670   0.0000E+00
   33.680   0.0000E+00
   33.690   0.0000E+00
   33.700   0.0000E+00
   33.710   0.0000E+00
   33.720   0.0000E+00
   33.730   0.0000E+00
   33.740   0.0000E+00
   33.750   0.0000E+00
   33.760   0.0000E+00
   33.770   0.0000E+00
   33.780   0.0000E+00
   33.790   0.0000E+00
   33.800   0.0000E+00
   33.810   0.0000E+00
   33.820   0.0000E+00
   33.830   0.0000E+00
   33.840   0.0000E+00
   33.850   0.0000E+00
   33.860   0.0000E+00
   33.870   0.0000E+00
   33.880   0.0000E+00
   33.890   0.0000E+00
   33.900   0.0000E+00
   33.910   0.0000E+00
   33.920   0.0000E+00
   33.930   0.0000E+00
   33.940   0.0000E+00
   33.950   0.0000E+00
   33.960   0.0000E+00
   33.970   0.0000E+00
   33.980   0.0000E+00
   33.990   0.0000E+00
   34.000   0.0000E+00
   34.010   0.0000E+00
   34.020   0.0000E+00
   34.030   0.0000E+00
   34.040   0.0000E+00
   34.050   0.0000E+00
   34.060   0.0000E+00
   34.070   0.0000E+00
   34.080   0.0000E+00
   34.090   0.0000E+00
   34.100   0.0000E+00
   34.110   0.0000E+00
   34.120   0.0000E+00
   34.130   0.0000E+00
   34.140   0.0000E+00
   34.150   0.0000E+00
   34.160   0.0000E+00
   34.170   0.0000E+00
   34.180   0.0000E+00
   34.190   0.0000E+00
   34.200   0.0000E+00
   34.210   0.0000E+00
   34.220   0.0000E+00
   34.230   0.0000E+00
   34.240   0.0000E+00
   34.250   0.0000E+00
   34.260   0.0000E+00
   34.270   0.0000E+00
   34.280   0.0000E+00
   34.290   0.0000E+00
   34.300   0.0000E+00
   34.310   0.0000E+00
   34.320   0.0000E+00
   34.330   0.0000E+00
   34.340   0.0000E+00
   34.350   0.0000E+00
   34.360   0.0000E+00
   34.370   0.0000E+00
   34.380   0.0000E+00
   34.390   0.0000E+00
   34.400   0.0000E+00
   34.410   0.0000E+00
   34.420   0.0000E+00
   34.430   0.0000E+00
   34.440   0.0000E+00
   34.450   0.0000E+00
   34.460   0.0000E+00
   34.470   0.0000E+00
   34.480   0.0000E+00
   34.490   0.0000E+00
   34.500   0.0000E+00
   34.510   0.0000E+00
   34.520   0.0000E+00
   34.530   0.0000E+00
   34.540   0.0000E+00
   34.550   0.0000E+00
   34.560   0.0000E+00
   34.570   0.0000E+00
   34.580   0.0000E+00
   34.590   0.0000E+00
   34.600   0.0000E+00
   34.610   0.0000E+00
   34.620   0.0000E+00
   34.630   0.0000E+00
   34.640   0.0000E+00
   34.650   0.0000E+00
   34.660   0.0000E+00
   34.670   0.0000E+00
   34.680   0.0000E+00
   34.690   0.0000E+00
   34.700   0.0000E+00
   34.710   0.0000E+00
   34.720   0.0000E+00
   34.730   0.0000E+00
   34.740   0.0000E+00
   34.750   0.0000E+00
   34.760   0.0000E+00
   34.770   0.0000E+00
   34.780   0.0000E+00
   34.790   0.0000E+00
   34.800   0.0000E+00
   34.810   0.0000E+00
   34.820   0.0000E+00
   34.830   0.0000E+00
   34.840   0.0000E+00
   34.850   0.0000E+00
   34.860   0.0000E+00
   34.870   0.0000E+00
   34.880   0.0000E+00
   34.890   0.0000E+00
   34.900   0.0000E+00
   34.910   0.0000E+00
   34.920   0.0000E+00
   34.930   0.0000E+00
   34.940   0.0000E+00
   34.950   0.0000E+00
   34.960   0.0000E+00
   34.970   0.0000E+00
   34.980   0.0000E+00
   34.990   0.0000E+00
   35.000   0.0000E+00
   35.010   0.0000E+00
   35.020   0.0000E+00
   35.030   0.0000E+00
   35.040   0.0000E+00
   35.050   0.0000E+00
   35.060   0.0000E+00
   35.070   0.0000E+00
   35.080   0.0000E+00
   35.090   0.0000E+00
   35.100   0.0000E+00
   35.110   0.0000E+00
   35.120   0.0000E+00
   35.130   0.0000E+00
   35.140   0.0000E+00
   35.150   0.0000E+00
   35.160   0.0000E+00
   35.170   0.0000E+00
   35.180   0.0000E+00
   35.190   0.0000E+00
   35.200   0.0000E+00
   35.210   0.0000E+00
   35.220   0.0000E+00
   35.230   0.0000E+00
   35.240   0.0000E+00
   35.250   0.0000E+00
   35.260   0.0000E+00
   35.270   0.0000E+00
   35.280   0.0000E+00
   35.290   0.0000E+00
   35.300   0.0000E+00
   35.310   0.0000E+00
   35.320   0.0000E+00
   35.330   0.0000E+00
   35.340   0.0000E+00
   35.350   0.0000E+00
   35.360   0.0000E+00
   35.370   0.0000E+00
   35.380   0.0000E+00
   35.390   0.0000E+00
   35.400   0.0000E+00
   35.410   0.0000E+00
   35.420   0.0000E+00
   35.430   0.0000E+00
   35.440   0.0000E+00
   35.450   0.0000E+00
   35.460   0.0000E+00
   35.470   0.0000E+00
   35.480   0.0000E+00
   35.490   0.0000E+00
   35.500   0.0000E+00
   35.510   0.0000E+00
   35.520   0.0000E+00
   35.530   0.0000E+00
   35.540   0.0000E+00
   35.550   0.0000E+00
   35.560   0.0000E+00
   35.570   0.0000E+00
   35.580   0.0000E+00
   35.590   0.0000E+00
   35.600   0.0000E+00
   35.610   0.0000E+00
   35.620   0.0000E+00
   35.630   0.0000E+00
   35.640   0.0000E+00
   35.650   0.0000E+00
   35.660   0.0000E+00
   35.670   0.0000E+00
   35.680   0.0000E+00
   35.690   0.0000E+00
   35.700   0.0000E+00
   35.710   0.0000E+00
   35.720   0.0000E+00
   35.730   0.0000E+00
   35.740   0.0000E+00
   35.750   0.0000E+00
   35.760   0.0000E+00
   35.770   0.0000E+00
   35.780   0.0000E+00
   35.790   0.0000E+00
   35.800   0.0000E+00
   35.810   0.0000E+00
   35.820   0.0000E+00
   35.830   0.0000E+00
   35.840   0.0000E+00
   35.850   0.0000E+00
   35.860   0.0000E+00
   35.870   0.0000E+00
   35.880   0.0000E+00
   35.890   0.0000E+00
   35.900   0.0000E+00
   35.910   0.0000E+00
   35.920   0.0000E+00
   35.930   0.0000E+00
   35.940   0.0000E+00
   35.950   0.0000E+00
   35.960   0.0000E+00
   35.970   0.0000E+00
   35.980   0.0000E+00
   35.990   0.0000E+00
   36.000   0.0000E+00
   36.010   0.0000E+00
   36.020   0.0000E+00
   36.030   0.0000E+00
   36.040   0.0000E+00
   36.050   0.0000E+00
   36.060   0.0000E+00
   36.070   0.0000E+00
   36.080   0.0000E+00
   36.090   0.0000E+00
   36.100   0.0000E+00
   36.110   0.0000E+00
   36.120   0.0000E+00
   36.130   0.0000E+00
   36.140   0.0000E+00
   36.150   0.0000E+00
   36.160   0.0000E+00
   36.170   0.0000E+00
   36.180   0.0000E+00
   36.190   0.0000E+00
   36.200   0.0000E+00
   36.210   0.0000E+00
   36.220   0.0000E+00
   36.230   0.0000E+00
   36.240   0.0000E+00
   36.250   0.0000E+00
   36.260   0.0000E+00
   36.270   0.0000E+00
   36.280   0.0000E+00
   36.290   0.0000E+00
   36.300   0.0000E+00
   36.310   0.0000E+00
   36.320   0.0000E+00
   36.330   0.0000E+00
   36.340   0.0000E+00
   36.350   0.0000E+00
   36.360   0.0000E+00
   36.370   0.0000E+00
   36.380   0.0000E+00
   36.390   0.0000E+00
   36.400   0.0000E+00
   36.410   0.0000E+00
   36.420   0.0000E+00
   36.430   0.0000E+00
   36.440   0.0000E+00
   36.450   0.0000E+00
   36.460   0.0000E+00
   36.470   0.0000E+00
   36.480   0.0000E+00
   36.490   0.0000E+00
   36.500   0.0000E+00
   36.510   0.0000E+00
   36.520   0.0000E+00
   36.530   0.0000E+00
   36.540   0.0000E+00
   36.550   0.0000E+00
   36.560   0.0000E+00
   36.570   0.0000E+00
   36.580   0.0000E+00
   36.590   0.0000E+00
   36.600   0.0000E+00
   36.610   0.0000E+00
   36.620   0.0000E+00
   36.630   0.0000E+00
   36.640   0.0000E+00
   36.650   0.0000E+00
   36.660   0.0000E+00
   36.670   0.0000E+00
   36.680   0.0000E+00
   36.690   0.0000E+00
   36.700   0.0000E+00
   36.710   0.0000E+00
   36.720   0.0000E+00
   36.730   0.0000E+00
   36.740   0.0000E+00
   36.750   0.0000E+00
   36.760   0.0000E+00
   36.770   0.0000E+00
   36.780   0.0000E+00
   36.790   0.0000E+00
   36.800   0.0000E+00
   36.810   0.0000E+00
   36.820   0.0000E+00
   36.830   0.0000E+00
   36.840   0.0000E+00
   36.850   0.0000E+00
   36.860   0.0000E+00
   36.870   0.0000E+00
   36.880   0.0000E+00
   36.890   0.0000E+00
   36.900   0.0000E+00
   36.910   0.0000E+00
   36.920   0.0000E+00
   36.930   0.0000E+00
   36.940   0.0000E+00
   36.950   0.0000E+00
   36.960   0.0000E+00
   36.970   0.0000E+00
   36.980   0.0000E+00
   36.990   0.0000E+00
   37.000   0.0000E+00
   37.010   0.0000E+00
   37.020   0.0000E+00
   37.030   0.0000E+00
   37.040   0.0000E+00
   37.050   0.0000E+00
   37.060   0.0000E+00
   37.070   0.0000E+00
   37.080   0.0000E+00
   37.090   0.0000E+00
   37.100   0.0000E+00
   37.110   0.0000E+00
   37.120   0.0000E+00
   37.130   0.0000E+00
   37.140   0.0000E+00
   37.150   0.0000E+00
   37.160   0.0000E+00
   37.170   0.0000E+00
   37.180   0.0000E+00
   37.190   0.0000E+00
   37.200   0.0000E+00
   37.210   0.0000E+00
   37.220   0.0000E+00
   37.230   0.0000E+00
   37.240   0.0000E+00
   37.250   0.0000E+00
   37.260   0.0000E+00
   37.270   0.0000E+00
   37.280   0.0000E+00
   37.290   0.0000E+00
   37.300   0.0000E+00
   37.310   0.0000E+00
   37.320   0.0000E+00
   37.330   0.0000E+00
   37.340   0.0000E+00
   37.350   0.0000E+00
   37.360   0.0000E+00
   37.370   0.0000E+00
   37.380   0.0000E+00
   37.390   0.0000E+00
   37.400   0.0000E+00
   37.410   0.0000E+00
   37.420   0.0000E+00
   37.430   0.0000E+00
   37.440   0.0000E+00
   37.450   0.0000E+00
   37.460   0.0000E+00
   37.470   0.0000E+00
   37.480   0.0000E+00
   37.490   0.0000E+00
   37.500   0.0000E+00
   37.510   0.0000E+00
   37.520   0.0000E+00
   37.530   0.0000E+00
   37.540   0.0000E+00
   37.550   0.0000E+00
   37.560   0.0000E+00
   37.570   0.0000E+00
   37.580   0.0000E+00
   37.590   0.0000E+00
   37.600   0.0000E+00
   37.610   0.0000E+00
   37.620   0.0000E+00
   37.630   0.0000E+00
   37.640   0.0000E+00
   37.650   0.0000E+00
   37.660   0.0000E+00
   37.670   0.0000E+00
   37.680   0.0000E+00
   37.690   0.0000E+00
   37.700   0.0000E+00
   37.710   0.0000E+00
   37.720   0.0000E+00
   37.730   0.0000E+00
   37.740   0.0000E+00
   37.750   0.0000E+00
   37.760   0.0000E+00
   37.770   0.0000E+00
   37.780   0.0000E+00
   37.790   0.0000E+00
   37.800   0.0000E+00
   37.810   0.0000E+00
   37.820   0.0000E+00
   37.830   0.0000E+00
   37.840   0.0000E+00
   37.850   0.0000E+00
   37.860   0.0000E+00
   37.870   0.0000E+00
   37.880   0.0000E+00
   37.890   0.0000E+00
   37.900   0.0000E+00
   37.910   0.0000E+00
   37.920   0.0000E+00
   37.930   0.0000E+00
   37.940   0.0000E+00
   37.950   0.0000E+00
   37.960   0.0000E+00
   37.970   0.0000E+00
   37.980   0.0000E+00
   37.990   0.0000E+00
   38.000   0.0000E+00
   38.010   0.0000E+00
   38.020   0.0000E+00
   38.030   0.0000E+00
   38.040   0.0000E+00
   38.050   0.0000E+00
   38.060   0.0000E+00
   38.070   0.0000E+00
   38.080   0.0000E+00
   38.090   0.0000E+00
   38.100   0.0000E+00
   38.110   0.0000E+00
   38.120   0.0000E+00
   38.130   0.0000E+00
   38.140   0.0000E+00
   38.150   0.0000E+00
   38.160   0.0000E+00
   38.170   0.0000E+00
   38.180   0.0000E+00
   38.190   0.0000E+00
   38.200   0.0000E+00
   38.210   0.0000E+00
   38.220   0.0000E+00
   38.230   0.0000E+00
   38.240   0.0000E+00
   38.250   0.0000E+00
   38.260   0.0000E+00
   38.270   0.0000E+00
   38.280   0.0000E+00
   38.290   0.0000E+00
   38.300   0.0000E+00
   38.310   0.0000E+00
   38.320   0.0000E+00
   38.330   0.0000E+00
   38.340   0.0000E+00
   38.350   0.0000E+00
   38.360   0.0000E+00
   38.370   0.0000E+00
   38.380   0.0000E+00
   38.390   0.0000E+00
   38.400   0.0000E+00
   38.410   0.0000E+00
   38.420   0.0000E+00
   38.430   0.0000E+00
   38.440   0.0000E+00
   38.450   0.0000E+00
   38.460   0.0000E+00
   38.470   0.0000E+00
   38.480   0.0000E+00
   38.490   0.0000E+00
   38.500   0.0000E+00
   38.510   0.0000E+00
   38.520   0.0000E+00
   38.530   0.0000E+00
   38.540   0.0000E+00
   38.550   0.0000E+00
   38.560   0.0000E+00
   38.570   0.0000E+00
   38.580   0.0000E+00
   38.590   0.0000E+00
   38.600   0.0000E+00
   38.610   0.0000E+00
   38.620   0.0000E+00
   38.630   0.0000E+00
   38.640   0.0000E+00
   38.650   0.0000E+00
   38.660   0.0000E+00
   38.670   0.0000E+00
   38.680   0.0000E+00
   38.690   0.0000E+00
   38.700   0.0000E+00
   38.710   0.0000E+00
   38.720   0.0000E+00
   38.730   0.0000E+00
   38.740   0.0000E+00
   38.750   0.0000E+00
   38.760   0.0000E+00
   38.770   0.0000E+00
   38.780   0.0000E+00
   38.790   0.0000E+00
   38.800   0.0000E+00
   38.810   0.0000E+00
   38.820   0.0000E+00
   38.830   0.0000E+00
   38.840   0.0000E+00
   38.850   0.0000E+00
   38.860   0.0000E+00
   38.870   0.0000E+00
   38.880   0.0000E+00
   38.890   0.0000E+00
   38.900   0.0000E+00
   38.910   0.0000E+00
   38.920   0.0000E+00
   38.930   0.0000E+00
   38.940   0.0000E+00
   38.950   0.0000E+00
   38.960   0.0000E+00
   38.970   0.0000E+00
   38.980   0.0000E+00
   38.990   0.0000E+00
   39.000   0.0000E+00
   39.010   0.0000E+00
   39.020   0.0000E+00
   39.030   0.0000E+00
   39.040   0.0000E+00
   39.050   0.0000E+00
   39.060   0.0000E+00
   39.070   0.0000E+00
   39.080   0.0000E+00
   39.090   0.0000E+00
   39.100   0.0000E+00
   39.110   0.0000E+00
   39.120   0.0000E+00
   39.130   0.0000E+00
   39.140   0.0000E+00
   39.150   0.0000E+00
   39.160   0.0000E+00
   39.170   0.0000E+00
   39.180   0.0000E+00
   39.190   0.0000E+00
   39.200   0.0000E+00
   39.210   0.0000E+00
   39.220   0.0000E+00
   39.230   0.0000E+00
   39.240   0.0000E+00
   39.250   0.0000E+00
   39.260   0.0000E+00
   39.270   0.0000E+00
   39.280   0.0000E+00
   39.290   0.0000E+00
   39.300   0.0000E+00
   39.310   0.0000E+00
   39.320   0.0000E+00
   39.330   0.0000E+00
   39.340   0.0000E+00
   39.350   0.0000E+00
   39.360   0.0000E+00
   39.370   0.0000E+00
   39.380   0.0000E+00
   39.390   0.0000E+00
   39.400   0.0000E+00
   39.410   0.0000E+00
   39.420   0.0000E+00
   39.430   0.0000E+00
   39.440   0.0000E+00
   39.450   0.0000E+00
   39.460   0.0000E+00
   39.470   0.0000E+00
   39.480   0.0000E+00
   39.490   0.0000E+00
   39.500   0.0000E+00
   39.510   0.0000E+00
   39.520   0.0000E+00
   39.530   0.0000E+00
   39.540   0.0000E+00
   39.550   0.0000E+00
   39.560   0.0000E+00
   39.570   0.0000E+00
   39.580   0.0000E+00
   39.590   0.0000E+00
   39.600   0.0000E+00
   39.610   0.0000E+00
   39.620   0.0000E+00
   39.630   0.0000E+00
   39.640   0.0000E+00
   39.650   0.0000E+00
   39.660   0.0000E+00
   39.670   0.0000E+00
   39.680   0.0000E+00
   39.690   0.0000E+00
   39.700   0.0000E+00
   39.710   0.0000E+00
   39.720   0.0000E+00
   39.730   0.0000E+00
   39.740   0.0000E+00
   39.750   0.0000E+00
   39.760   0.0000E+00
   39.770   0.0000E+00
   39.780   0.0000E+00
   39.790   0.0000E+00
   39.800   0.0000E+00
   39.810   0.0000E+00
   39.820   0.0000E+00
   39.830   0.0000E+00
   39.840   0.0000E+00
   39.850   0.0000E+00
   39.860   0.0000E+00
   39.870   0.0000E+00
   39.880   0.0000E+00
   39.890   0.0000E+00
   39.900   0.0000E+00
   39.910   0.0000E+00
   39.920   0.0000E+00
   39.930   0.0000E+00
   39.940   0.0000E+00
   39.950   0.0000E+00
   39.960   0.0000E+00
   39.970   0.0000E+00
   39.980   0.0000E+00
   39.990   0.0000E+00
   40.000   0.0000E+00
   40.010   0.0000E+00
   40.020   0.0000E+00
   40.030   0.0000E+00
   40.040   0.0000E+00
   40.050   0.0000E+00
   40.060   0.0000E+00
   40.070   0.0000E+00
   40.080   0.0000E+00
   40.090   0.0000E+00
   40.100   0.0000E+00
   40.110   0.0000E+00
   40.120   0.0000E+00
   40.130   0.0000E+00
   40.140   0.0000E+00
   40.150   0.0000E+00
   40.160   0.0000E+00
   40.170   0.0000E+00
   40.180   0.0000E+00
   40.190   0.0000E+00
   40.200   0.0000E+00
   40.210   0.0000E+00
   40.220   0.0000E+00
   40.230   0.0000E+00
   40.240   0.0000E+00
   40.250   0.0000E+00
   40.260   0.0000E+00
   40.270   0.0000E+00
   40.280   0.0000E+00
   40.290   0.0000E+00
   40.300   0.0000E+00
   40.310   0.0000E+00
   40.320   0.0000E+00
   40.330   0.0000E+00
   40.340   0.0000E+00
   40.350   0.0000E+00
   40.360   0.0000E+00
   40.370   0.0000E+00
   40.380   0.0000E+00
   40.390   0.0000E+00
   40.400   0.0000E+00
   40.410   0.0000E+00
   40.420   0.0000E+00
   40.430   0.0000E+00
   40.440   0.0000E+00
   40.450   0.0000E+00
   40.460   0.0000E+00
   40.470   0.0000E+00
   40.480   0.0000E+00
   40.490   0.0000E+00
   40.500   0.0000E+00
   40.510   0.0000E+00
   40.520   0.0000E+00
   40.530   0.0000E+00
   40.540   0.0000E+00
   40.550   0.0000E+00
   40.560   0.0000E+00
   40.570   0.0000E+00
   40.580   0.0000E+00
   40.590   0.0000E+00
   40.600   0.0000E+00
   40.610   0.0000E+00
   40.620   0.0000E+00
   40.630   0.0000E+00
   40.640   0.0000E+00
   40.650   0.0000E+00
   40.660   0.0000E+00
   40.670   0.0000E+00
   40.680   0.0000E+00
   40.690   0.0000E+00
   40.700   0.0000E+00
   40.710   0.0000E+00
   40.720   0.0000E+00
   40.730   0.0000E+00
   40.740   0.0000E+00
   40.750   0.0000E+00
   40.760   0.0000E+00
   40.770   0.0000E+00
   40.780   0.0000E+00
   40.790   0.0000E+00
   40.800   0.0000E+00
   40.810   0.0000E+00
   40.820   0.0000E+00
   40.830   0.0000E+00
   40.840   0.0000E+00
   40.850   0.0000E+00
   40.860   0.0000E+00
   40.870   0.0000E+00
   40.880   0.0000E+00
   40.890   0.0000E+00
   40.900   0.0000E+00
   40.910   0.0000E+00
   40.920   0.0000E+00
   40.930   0.0000E+00
   40.940   0.0000E+00
   40.950   0.0000E+00
