**********************************************
*******  Acceleration Time Series ************
*** Site #   1
*** trial   11
Input Parameters file =  aqv_0604__parameters.out                                                                                                
  4096 samples
dt:  0.010 sec
data format: (1x,f8.3,1p,2x,e11.4)
maximum absolute acceleration: 286.07
fault Dis.(km)=    6.43
Hypo  Dis.(km)=   12.05
  time(s) acc(cm/s**2)
    0.000   0.0000E+00
    0.010   0.0000E+00
    0.020   0.0000E+00
    0.030   0.0000E+00
    0.040   0.0000E+00
    0.050   0.0000E+00
    0.060   0.0000E+00
    0.070   0.0000E+00
    0.080   0.0000E+00
    0.090   0.0000E+00
    0.100   0.0000E+00
    0.110   0.0000E+00
    0.120   0.0000E+00
    0.130   0.0000E+00
    0.140   0.0000E+00
    0.150   0.0000E+00
    0.160   0.0000E+00
    0.170   0.0000E+00
    0.180   0.0000E+00
    0.190   0.0000E+00
    0.200   0.0000E+00
    0.210   0.0000E+00
    0.220   0.0000E+00
    0.230   0.0000E+00
    0.240   0.0000E+00
    0.250   0.0000E+00
    0.260   0.0000E+00
    0.270   0.0000E+00
    0.280   0.0000E+00
    0.290   0.0000E+00
    0.300   0.0000E+00
    0.310   0.0000E+00
    0.320   0.0000E+00
    0.330   0.0000E+00
    0.340   0.0000E+00
    0.350   0.0000E+00
    0.360   0.0000E+00
    0.370   0.0000E+00
    0.380   0.0000E+00
    0.390   0.0000E+00
    0.400   0.0000E+00
    0.410   0.0000E+00
    0.420  -1.3627E-03
    0.430  -1.3975E-03
    0.440  -1.3904E-03
    0.450  -1.4731E-03
    0.460  -1.5951E-03
    0.470  -1.6318E-03
    0.480  -1.6110E-03
    0.490  -1.6737E-03
    0.500  -1.7793E-03
    0.510  -1.8105E-03
    0.520  -1.7959E-03
    0.530  -1.8716E-03
    0.540  -1.9908E-03
    0.550  -2.0233E-03
    0.560  -1.9925E-03
    0.570  -2.0436E-03
    0.580  -2.1463E-03
    0.590  -2.1757E-03
    0.600  -2.1524E-03
    0.610  -2.2118E-03
    0.620  -2.3213E-03
    0.630  -2.3464E-03
    0.640  -2.3063E-03
    0.650  -2.3456E-03
    0.660  -2.4393E-03
    0.670  -2.4596E-03
    0.680  -2.4203E-03
    0.690  -2.4638E-03
    0.700  -2.5610E-03
    0.710  -2.5754E-03
    0.720  -2.5200E-03
    0.730  -2.5441E-03
    0.740  -2.6287E-03
    0.750  -2.6386E-03
    0.760  -2.5809E-03
    0.770  -2.6072E-03
    0.780  -2.6642E-03
    0.790  -2.7046E-03
    0.800  -2.6737E-03
    0.810  -2.6106E-03
    0.820  -2.6270E-03
    0.830  -2.6524E-03
    0.840  -2.7200E-03
    0.850  -2.6440E-03
    0.860  -2.6723E-03
    0.870  -2.7031E-03
    0.880  -2.6471E-03
    0.890  -2.5496E-03
    0.900  -2.5529E-03
    0.910  -2.5657E-03
    0.920  -2.2620E-03
    0.930  -2.1628E-03
    0.940  -2.2273E-03
    0.950  -2.2660E-03
    0.960  -2.1548E-03
    0.970  -2.0226E-03
    0.980  -2.4586E-03
    0.990  -2.4930E-03
    1.000  -2.3696E-03
    1.010  -2.2325E-03
    1.020  -2.2688E-03
    1.030  -2.3085E-03
    1.040  -2.2824E-03
    1.050  -2.1557E-03
    1.060  -2.2865E-03
    1.070  -2.2782E-03
    1.080  -2.0168E-03
    1.090  -1.9013E-03
    1.100  -2.0366E-03
    1.110  -2.0150E-03
    1.120  -1.7184E-03
    1.130  -1.5542E-03
    1.140  -1.6826E-03
    1.150  -1.6823E-03
    1.160  -1.3888E-03
    1.170  -1.2314E-03
    1.180  -1.3767E-03
    1.190  -1.3894E-03
    1.200  -1.0861E-03
    1.210  -6.4164E-04
    1.220  -7.8905E-04
    1.230  -8.1875E-04
    1.240  -5.3128E-04
    1.250  -3.6215E-04
    1.260  -5.1149E-04
    1.270  -5.5891E-04
    1.280  -2.8222E-04
    1.290  -1.0013E-04
    1.300  -2.4211E-04
    1.310  -2.8874E-04
    1.320  -2.0225E-05
    1.330   1.4800E-04
    1.340  -1.6207E-05
    1.350  -1.9940E-04
    1.360   9.9009E-05
    1.370   5.1341E-06
    1.380  -1.0886E-04
    1.390  -2.1321E-04
    1.400   1.9699E-04
    1.410   2.7568E-04
    1.420  -6.3421E-05
    1.430  -4.0461E-05
    1.440   3.5153E-04
    1.450   8.8560E-04
    1.460   2.5614E-03
    1.470   2.6025E-03
    1.480   2.9309E-03
    1.490   1.4308E-03
    1.500   1.0358E-03
    1.510   9.5382E-04
    1.520   1.2766E-03
    1.530   1.3688E-03
    1.540   1.0181E-03
    1.550   9.8450E-04
    1.560   1.6502E-03
    1.570   1.7290E-03
    1.580   2.3522E-03
    1.590   2.3695E-03
    1.600   1.3144E-03
    1.610   1.1697E-03
    1.620   8.6557E-04
    1.630   1.1105E-03
    1.640   1.2638E-03
    1.650   1.1334E-03
    1.660   7.7528E-04
    1.670  -7.0927E-05
    1.680  -2.7262E-05
    1.690  -2.1818E-04
    1.700  -5.8562E-04
    1.710  -6.4243E-04
    1.720  -5.5432E-04
    1.730  -7.5678E-04
    1.740  -1.2270E-03
    1.750  -7.6221E-05
    1.760  -3.8277E-05
    1.770  -2.4498E-04
    1.780  -9.8200E-04
    1.790  -1.0452E-03
    1.800  -9.1412E-04
    1.810  -1.1727E-03
    1.820  -1.7245E-03
    1.830  -1.9642E-03
    1.840  -1.9777E-03
    1.850  -2.6203E-03
    1.860  -3.0856E-03
    1.870  -3.1937E-03
    1.880  -3.0330E-03
    1.890  -3.3349E-03
    1.900  -3.3661E-03
    1.910  -3.5860E-03
    1.920  -3.5816E-03
    1.930  -3.1429E-03
    1.940  -3.4533E-03
    1.950  -3.5676E-03
    1.960  -3.7980E-03
    1.970  -4.2519E-03
    1.980  -4.9466E-03
    1.990  -5.0894E-03
    2.000  -5.3548E-03
    2.010  -5.8244E-03
    2.020  -6.6517E-03
    2.030  -6.7052E-03
    2.040  -6.5833E-03
    2.050  -7.3026E-03
    2.060  -8.3162E-03
    2.070  -5.0341E-03
    2.080  -5.8096E-03
    2.090  -6.4029E-03
    2.100  -7.2553E-03
    2.110  -7.3106E-03
    2.120  -5.6892E-03
    2.130  -6.2070E-03
    2.140  -7.1142E-03
    2.150  -7.2774E-03
    2.160  -6.0446E-03
    2.170  -6.9116E-03
    2.180  -7.6972E-03
    2.190  -7.7368E-03
    2.200  -7.5938E-03
    2.210  -8.0534E-03
    2.220  -8.9709E-03
    2.230  -9.6134E-03
    2.240  -9.6036E-03
    2.250  -1.0079E-02
    2.260  -1.2183E-02
    2.270  -1.2256E-02
    2.280  -1.2118E-02
    2.290  -1.2559E-02
    2.300  -1.3626E-02
    2.310  -1.3956E-02
    2.320  -1.3952E-02
    2.330  -1.4597E-02
    2.340  -1.5466E-02
    2.350  -1.5670E-02
    2.360  -1.5518E-02
    2.370  -1.5844E-02
    2.380  -1.6928E-02
    2.390  -1.7356E-02
    2.400  -1.7258E-02
    2.410  -1.7422E-02
    2.420  -1.8251E-02
    2.430  -1.8483E-02
    2.440  -1.8308E-02
    2.450  -1.8570E-02
    2.460  -1.9612E-02
    2.470  -2.0029E-02
    2.480  -1.9911E-02
    2.490  -2.0275E-02
    2.500  -2.1187E-02
    2.510  -2.1982E-02
    2.520  -2.1656E-02
    2.530  -2.1850E-02
    2.540  -2.2993E-02
    2.550  -2.4116E-02
    2.560  -2.3743E-02
    2.570  -2.3900E-02
    2.580  -2.4410E-02
    2.590  -2.4448E-02
    2.600  -2.4018E-02
    2.610  -2.4195E-02
    2.620  -2.5153E-02
    2.630  -2.5322E-02
    2.640  -2.4903E-02
    2.650  -2.4958E-02
    2.660  -2.5846E-02
    2.670  -2.5938E-02
    2.680  -2.5839E-02
    2.690  -2.5871E-02
    2.700  -2.6887E-02
    2.710  -2.6337E-02
    2.720  -2.5912E-02
    2.730  -2.5957E-02
    2.740  -2.6723E-02
    2.750  -2.6603E-02
    2.760  -2.5831E-02
    2.770  -2.5873E-02
    2.780  -2.6926E-02
    2.790  -2.7151E-02
    2.800  -2.6660E-02
    2.810  -2.6584E-02
    2.820  -2.7298E-02
    2.830  -2.7153E-02
    2.840  -2.6474E-02
    2.850  -2.6525E-02
    2.860  -2.7629E-02
    2.870  -2.8036E-02
    2.880  -2.7466E-02
    2.890  -2.7214E-02
    2.900  -2.7830E-02
    2.910  -2.7811E-02
    2.920  -2.7170E-02
    2.930  -2.7170E-02
    2.940  -2.8321E-02
    2.950  -2.8658E-02
    2.960  -2.8133E-02
    2.970  -2.7781E-02
    2.980  -2.8619E-02
    2.990  -2.8703E-02
    3.000  -2.8236E-02
    3.010  -2.8420E-02
    3.020  -2.8226E-02
    3.030  -2.8578E-02
    3.040  -2.8198E-02
    3.050  -2.8207E-02
    3.060  -2.9154E-02
    3.070  -2.9282E-02
    3.080  -2.8954E-02
    3.090  -2.9249E-02
    3.100  -3.0661E-02
    3.110  -3.1271E-02
    3.120  -3.1070E-02
    3.130  -3.1093E-02
    3.140  -3.1715E-02
    3.150  -2.9773E-02
    3.160  -2.9841E-02
    3.170  -3.0411E-02
    3.180  -3.1873E-02
    3.190  -3.2589E-02
    3.200  -3.2519E-02
    3.210  -3.2759E-02
    3.220  -3.3780E-02
    3.230  -3.4431E-02
    3.240  -3.4735E-02
    3.250  -3.5282E-02
    3.260  -3.7167E-02
    3.270  -3.8272E-02
    3.280  -3.8318E-02
    3.290  -3.8130E-02
    3.300  -3.9323E-02
    3.310  -4.0422E-02
    3.320  -4.1707E-02
    3.330  -4.2871E-02
    3.340  -4.4901E-02
    3.350  -4.6021E-02
    3.360  -4.6273E-02
    3.370  -4.6585E-02
    3.380  -4.8112E-02
    3.390  -4.9755E-02
    3.400  -5.0951E-02
    3.410  -5.2368E-02
    3.420  -5.4717E-02
    3.430  -5.5145E-02
    3.440  -5.5469E-02
    3.450  -5.5883E-02
    3.460  -5.7963E-02
    3.470  -6.0449E-02
    3.480  -6.2428E-02
    3.490  -6.4230E-02
    3.500  -6.6180E-02
    3.510  -6.7596E-02
    3.520  -6.8210E-02
    3.530  -6.9549E-02
    3.540  -7.2162E-02
    3.550  -7.5109E-02
    3.560  -7.7656E-02
    3.570  -8.0236E-02
    3.580  -8.2862E-02
    3.590  -8.4408E-02
    3.600  -8.5237E-02
    3.610  -8.6766E-02
    3.620  -9.0666E-02
    3.630  -9.5031E-02
    3.640  -9.8103E-02
    3.650  -9.9632E-02
    3.660  -1.0163E-01
    3.670  -1.0382E-01
    3.680  -1.0587E-01
    3.690  -1.0802E-01
    3.700  -1.1192E-01
    3.710  -1.1659E-01
    3.720  -1.2069E-01
    3.730  -1.2311E-01
    3.740  -1.2478E-01
    3.750  -1.2570E-01
    3.760  -1.2886E-01
    3.770  -1.3285E-01
    3.780  -1.3932E-01
    3.790  -1.4478E-01
    3.800  -1.4747E-01
    3.810  -1.4832E-01
    3.820  -1.5014E-01
    3.830  -1.5274E-01
    3.840  -1.5577E-01
    3.850  -1.5965E-01
    3.860  -1.6616E-01
    3.870  -1.7339E-01
    3.880  -1.7812E-01
    3.890  -1.7867E-01
    3.900  -1.7790E-01
    3.910  -1.7916E-01
    3.920  -1.8427E-01
    3.930  -1.9345E-01
    3.940  -2.0295E-01
    3.950  -2.0853E-01
    3.960  -2.0983E-01
    3.970  -2.0964E-01
    3.980  -2.1159E-01
    3.990  -2.1540E-01
    4.000  -2.2241E-01
    4.010  -2.3066E-01
    4.020  -2.4217E-01
    4.030  -2.5131E-01
    4.040  -2.5255E-01
    4.050  -2.4502E-01
    4.060  -2.4100E-01
    4.070  -2.4668E-01
    4.080  -2.6049E-01
    4.090  -2.7457E-01
    4.100  -2.8293E-01
    4.110  -2.8341E-01
    4.120  -2.7968E-01
    4.130  -2.7667E-01
    4.140  -2.7798E-01
    4.150  -2.8360E-01
    4.160  -2.9606E-01
    4.170  -3.1155E-01
    4.180  -3.2660E-01
    4.190  -3.3011E-01
    4.200  -3.1893E-01
    4.210  -3.0484E-01
    4.220  -3.0625E-01
    4.230  -3.2744E-01
    4.240  -3.5506E-01
    4.250  -3.7179E-01
    4.260  -3.7386E-01
    4.270  -3.6766E-01
    4.280  -3.6180E-01
    4.290  -3.5982E-01
    4.300  -3.6552E-01
    4.310  -3.8204E-01
    4.320  -4.1065E-01
    4.330  -4.4001E-01
    4.340  -4.5195E-01
    4.350  -4.3499E-01
    4.360  -4.0367E-01
    4.370  -3.9018E-01
    4.380  -4.1535E-01
    4.390  -4.6298E-01
    4.400  -4.9774E-01
    4.410  -4.9981E-01
    4.420  -4.8076E-01
    4.430  -4.5966E-01
    4.440  -4.4468E-01
    4.450  -4.3788E-01
    4.460  -4.4883E-01
    4.470  -4.8737E-01
    4.480  -5.3952E-01
    4.490  -5.6519E-01
    4.500  -5.3567E-01
    4.510  -4.6794E-01
    4.520  -4.2119E-01
    4.530  -4.4344E-01
    4.540  -5.2438E-01
    4.550  -6.0270E-01
    4.560  -6.2775E-01
    4.570  -6.0230E-01
    4.580  -5.6565E-01
    4.590  -5.4168E-01
    4.600  -5.3309E-01
    4.610  -5.5042E-01
    4.620  -6.2034E-01
    4.630  -7.3484E-01
    4.640  -8.2405E-01
    4.650  -8.0865E-01
    4.660  -6.9240E-01
    4.670  -5.8243E-01
    4.680  -5.9157E-01
    4.690  -7.2582E-01
    4.700  -8.8183E-01
    4.710  -9.4824E-01
    4.720  -9.0588E-01
    4.730  -8.1381E-01
    4.740  -7.2941E-01
    4.750  -6.6523E-01
    4.760  -6.3713E-01
    4.770  -6.9333E-01
    4.780  -8.5414E-01
    4.790  -1.0126E+00
    4.800  -1.0005E+00
    4.810  -7.6349E-01
    4.820  -4.7261E-01
    4.830  -3.8043E-01
    4.840  -5.7024E-01
    4.850  -8.7080E-01
    4.860  -1.0447E+00
    4.870  -1.0093E+00
    4.880  -8.6289E-01
    4.890  -7.2217E-01
    4.900  -6.2533E-01
    4.910  -5.9665E-01
    4.920  -7.3320E-01
    4.930  -1.1034E+00
    4.940  -1.5623E+00
    4.950  -1.7644E+00
    4.960  -1.4977E+00
    4.970  -9.7717E-01
    4.980  -7.1697E-01
    4.990  -1.0167E+00
    5.000  -1.6556E+00
    5.010  -2.1310E+00
    5.020  -2.1722E+00
    5.030  -1.9098E+00
    5.040  -1.5943E+00
    5.050  -1.3048E+00
    5.060  -1.0503E+00
    5.070  -1.0028E+00
    5.080  -1.3876E+00
    5.090  -2.0503E+00
    5.100  -2.3480E+00
    5.110  -1.7138E+00
    5.120  -3.8768E-01
    5.130   6.2929E-01
    5.140   4.9876E-01
    5.150  -5.9039E-01
    5.160  -1.6360E+00
    5.170  -1.8417E+00
    5.180  -1.2746E+00
    5.190  -4.7698E-01
    5.200   2.3659E-01
    5.210   8.1064E-01
    5.220   9.0148E-01
    5.230  -1.0926E-01
    5.240  -2.2241E+00
    5.250  -4.1958E+00
    5.260  -4.4233E+00
    5.270  -2.7111E+00
    5.280  -8.3307E-01
    5.290  -8.7505E-01
    5.300  -3.0690E+00
    5.310  -5.5722E+00
    5.320  -6.4981E+00
    5.330  -5.7109E+00
    5.340  -4.4284E+00
    5.350  -3.5073E+00
    5.360  -2.9321E+00
    5.370  -2.8909E+00
    5.380  -4.2751E+00
    5.390  -7.1003E+00
    5.400  -8.9136E+00
    5.410  -6.0280E+00
    5.420   2.7739E+00
    5.430   1.3331E+01
    5.440   1.7996E+01
    5.450   1.3729E+01
    5.460   4.5909E+00
    5.470  -2.7521E+00
    5.480  -4.3707E+00
    5.490  -5.9590E-01
    5.500   6.8754E+00
    5.510   1.5525E+01
    5.520   2.6311E+01
    5.530   3.3332E+01
    5.540   2.9069E+01
    5.550   1.8130E+01
    5.560   1.1889E+01
    5.570   1.3576E+01
    5.580   1.7805E+01
    5.590   1.9627E+01
    5.600   1.0841E+01
    5.610  -2.2516E+00
    5.620  -4.5325E+00
    5.630  -4.1784E-02
    5.640   2.2335E+00
    5.650   1.5175E+00
    5.660   3.4926E-01
    5.670   2.5636E+00
    5.680   5.8862E+00
    5.690   5.1602E+00
    5.700  -2.8773E+00
    5.710  -1.0791E+01
    5.720  -6.1476E+00
    5.730   7.1559E+00
    5.740   1.6151E+01
    5.750   1.4961E+01
    5.760   5.5395E+00
    5.770  -2.6452E+00
    5.780  -4.1734E+00
    5.790   3.6574E-01
    5.800   6.7269E+00
    5.810   1.0968E+01
    5.820   1.6795E+01
    5.830   2.4323E+01
    5.840   2.5674E+01
    5.850   1.4889E+01
    5.860   2.4566E+00
    5.870  -1.3147E+00
    5.880   3.0315E-01
    5.890  -6.4781E-01
    5.900  -5.1046E+00
    5.910  -1.4373E+01
    5.920  -2.2865E+01
    5.930  -2.6943E+01
    5.940  -2.2932E+01
    5.950  -1.2684E+01
    5.960  -4.0409E+00
    5.970  -3.1400E+00
    5.980  -1.0412E+01
    5.990  -1.4546E+01
    6.000  -1.2877E+01
    6.010  -4.2380E+00
    6.020   3.1446E+00
    6.030   8.3219E+00
    6.040   1.5573E+01
    6.050   2.4133E+01
    6.060   2.8056E+01
    6.070   2.9214E+01
    6.080   3.4958E+01
    6.090   3.5126E+01
    6.100   2.4052E+01
    6.110   1.2228E+01
    6.120   8.1743E+00
    6.130   7.7069E+00
    6.140   1.6324E+00
    6.150  -1.8914E-01
    6.160   8.7819E+00
    6.170   1.8897E+01
    6.180   2.1974E+01
    6.190   1.7329E+01
    6.200   1.7885E+01
    6.210   2.4826E+01
    6.220   2.4174E+01
    6.230   5.0970E+00
    6.240  -2.2538E+01
    6.250  -4.1898E+01
    6.260  -4.7838E+01
    6.270  -3.2708E+01
    6.280  -1.1724E+01
    6.290  -9.9697E+00
    6.300  -1.9550E+01
    6.310  -2.4759E+01
    6.320  -2.6270E+01
    6.330  -2.6359E+01
    6.340  -2.1709E+01
    6.350  -1.3061E+01
    6.360  -6.7436E+00
    6.370  -1.3866E+01
    6.380  -2.9578E+01
    6.390  -3.3807E+01
    6.400  -1.9043E+01
    6.410   1.1303E+01
    6.420   3.5787E+01
    6.430   2.5318E+01
    6.440  -7.2611E+00
    6.450  -3.6866E+01
    6.460  -4.4847E+01
    6.470  -2.9486E+01
    6.480  -8.8214E+00
    6.490   5.8837E+00
    6.500   1.8744E+01
    6.510   2.7959E+01
    6.520   2.9772E+01
    6.530   1.4438E+01
    6.540   7.0210E-01
    6.550   1.7047E+00
    6.560   1.9456E+01
    6.570   4.1524E+01
    6.580   4.1459E+01
    6.590   1.6343E+01
    6.600  -1.0188E+01
    6.610  -2.8113E+01
    6.620  -2.7841E+01
    6.630  -6.3389E+00
    6.640  -7.6091E+00
    6.650  -4.7050E+01
    6.660  -7.9739E+01
    6.670  -8.5238E+01
    6.680  -6.6444E+01
    6.690  -4.2380E+01
    6.700  -1.1013E+01
    6.710   2.5804E+01
    6.720   4.6722E+01
    6.730   4.1714E+01
    6.740   1.3214E+01
    6.750  -3.3818E+01
    6.760  -7.3263E+01
    6.770  -8.9376E+01
    6.780  -7.7640E+01
    6.790  -4.6412E+01
    6.800  -8.3276E+00
    6.810   3.1665E+01
    6.820   5.5276E+01
    6.830   6.1396E+01
    6.840   5.6004E+01
    6.850   2.2150E+01
    6.860  -2.3951E+01
    6.870  -4.0258E+01
    6.880  -1.8214E+01
    6.890   2.0454E+01
    6.900   3.9432E+01
    6.910   2.1718E+01
    6.920  -1.6971E+00
    6.930  -1.8348E+01
    6.940  -4.2706E+01
    6.950  -5.4914E+01
    6.960  -5.2384E+01
    6.970  -5.6418E+01
    6.980  -6.0991E+01
    6.990  -4.8328E+01
    7.000  -2.6803E+01
    7.010  -1.0614E+01
    7.020   1.4012E+01
    7.030   4.2881E+01
    7.040   6.4901E+01
    7.050   6.4812E+01
    7.060   2.7249E+01
    7.070  -2.5254E+01
    7.080  -5.7924E+01
    7.090  -4.5313E+01
    7.100   1.9645E+01
    7.110   9.0613E+01
    7.120   1.3520E+02
    7.130   1.3962E+02
    7.140   1.1647E+02
    7.150   8.0915E+01
    7.160   2.9280E+01
    7.170   5.7453E+00
    7.180   3.9291E+01
    7.190   9.0628E+01
    7.200   1.1145E+02
    7.210   8.9165E+01
    7.220   9.9851E+00
    7.230  -8.2951E+01
    7.240  -1.3120E+02
    7.250  -1.2371E+02
    7.260  -8.7692E+01
    7.270  -5.6115E+01
    7.280  -3.7818E+01
    7.290  -4.9444E+01
    7.300  -9.2053E+01
    7.310  -1.2576E+02
    7.320  -1.3135E+02
    7.330  -1.1466E+02
    7.340  -5.8975E+01
    7.350   1.3518E+01
    7.360   4.8866E+01
    7.370   4.7238E+00
    7.380  -9.7174E+01
    7.390  -1.5592E+02
    7.400  -1.2719E+02
    7.410  -4.1983E+01
    7.420   6.8113E+01
    7.430   1.5286E+02
    7.440   1.6609E+02
    7.450   1.1434E+02
    7.460   3.3448E+01
    7.470  -3.5731E+01
    7.480  -7.2825E+01
    7.490  -6.7840E+01
    7.500  -1.1991E+01
    7.510   7.8874E+01
    7.520   1.4018E+02
    7.530   1.4076E+02
    7.540   9.0748E+01
    7.550   4.3695E+01
    7.560   4.9372E+01
    7.570   7.8565E+01
    7.580   7.9934E+01
    7.590   5.9597E+01
    7.600   2.5006E+01
    7.610  -1.0663E+01
    7.620  -3.9308E+01
    7.630  -6.1906E+01
    7.640  -5.9337E+01
    7.650  -2.4094E+01
    7.660   4.5819E+01
    7.670   1.1203E+02
    7.680   1.1025E+02
    7.690   4.2991E+01
    7.700  -3.2755E+01
    7.710  -5.4886E+01
    7.720  -3.6788E+01
    7.730  -2.7171E+01
    7.740  -2.2455E+01
    7.750  -4.6483E+00
    7.760   1.0586E+01
    7.770  -1.4289E+00
    7.780  -3.5740E+01
    7.790  -6.8622E+01
    7.800  -9.4250E+01
    7.810  -1.0397E+02
    7.820  -1.0106E+02
    7.830  -9.0797E+01
    7.840  -6.0200E+01
    7.850  -1.1777E+01
    7.860   5.1667E+01
    7.870   1.0164E+02
    7.880   9.7469E+01
    7.890   7.2514E+01
    7.900   8.1045E+01
    7.910   1.1947E+02
    7.920   1.5455E+02
    7.930   1.5012E+02
    7.940   1.2571E+02
    7.950   1.1939E+02
    7.960   1.2599E+02
    7.970   1.3299E+02
    7.980   1.4426E+02
    7.990   1.5673E+02
    8.000   1.9411E+02
    8.010   2.2553E+02
    8.020   2.0742E+02
    8.030   1.6702E+02
    8.040   1.0514E+02
    8.050   5.1913E+01
    8.060   3.4284E+01
    8.070   2.5701E+01
    8.080   1.6010E+01
    8.090  -1.3103E+01
    8.100  -4.8197E+01
    8.110  -4.7822E+01
    8.120  -5.3603E+01
    8.130  -9.2135E+01
    8.140  -1.2934E+02
    8.150  -1.3548E+02
    8.160  -1.1183E+02
    8.170  -1.2489E+02
    8.180  -1.9759E+02
    8.190  -2.7292E+02
    8.200  -2.8607E+02
    8.210  -2.2115E+02
    8.220  -1.1311E+02
    8.230  -4.0029E+01
    8.240  -3.9751E+01
    8.250  -7.3897E+01
    8.260  -9.2086E+01
    8.270  -1.2292E+02
    8.280  -1.7758E+02
    8.290  -1.8986E+02
    8.300  -1.4414E+02
    8.310  -6.0785E+01
    8.320   1.6916E+01
    8.330   5.8618E+01
    8.340   6.3356E+01
    8.350   2.9349E+01
    8.360  -3.2636E+00
    8.370   3.2119E+00
    8.380   3.8615E+01
    8.390   7.3480E+01
    8.400   7.6892E+01
    8.410   6.1042E+01
    8.420   4.4245E+01
    8.430   2.3231E+01
    8.440  -7.0920E+00
    8.450  -2.2977E+01
    8.460  -2.6944E+01
    8.470  -4.9409E+01
    8.480  -1.0063E+02
    8.490  -1.6892E+02
    8.500  -2.1943E+02
    8.510  -2.2781E+02
    8.520  -1.7047E+02
    8.530  -7.3452E+01
    8.540  -5.8315E+00
    8.550   1.4439E+01
    8.560   4.1834E-01
    8.570  -2.4695E+01
    8.580  -3.6646E+01
    8.590  -3.0544E+01
    8.600  -1.7244E+01
    8.610   1.6121E+01
    8.620   7.4087E+01
    8.630   1.0813E+02
    8.640   7.9710E+01
    8.650   6.9108E+00
    8.660  -2.7279E+01
    8.670  -5.4713E-01
    8.680   4.3238E+01
    8.690   7.8449E+01
    8.700   8.8457E+01
    8.710   6.5321E+01
    8.720   2.5440E+01
    8.730   2.7433E+00
    8.740   6.8360E+00
    8.750   1.1786E+01
    8.760  -1.0749E+01
    8.770  -1.7726E+01
    8.780   1.7653E+01
    8.790   4.5141E+01
    8.800   3.8039E+01
    8.810   2.6268E+01
    8.820   3.6543E+01
    8.830   5.2165E+01
    8.840   5.8564E+01
    8.850   7.7883E+01
    8.860   1.1274E+02
    8.870   1.3670E+02
    8.880   1.4533E+02
    8.890   1.0318E+02
    8.900   1.8650E+01
    8.910  -4.6222E+01
    8.920  -6.1046E+01
    8.930  -1.7046E+01
    8.940   5.5558E+01
    8.950   8.9411E+01
    8.960   7.2006E+01
    8.970   4.2271E+01
    8.980   2.6650E+01
    8.990   3.2341E+01
    9.000   5.0321E+01
    9.010   6.5893E+01
    9.020   6.1492E+01
    9.030   2.6036E+01
    9.040  -2.1792E+01
    9.050  -6.3444E+01
    9.060  -7.3893E+01
    9.070  -5.4403E+01
    9.080  -1.5696E+01
    9.090   2.9914E+01
    9.100   3.1570E+01
    9.110  -4.6852E+00
    9.120  -2.5526E+01
    9.130  -3.5617E+01
    9.140  -3.9124E+01
    9.150  -1.8828E+01
    9.160  -1.2589E+00
    9.170  -1.8111E+01
    9.180  -6.1695E+01
    9.190  -9.6677E+01
    9.200  -1.0943E+02
    9.210  -1.0571E+02
    9.220  -8.8701E+01
    9.230  -3.8315E+01
    9.240   2.7570E+01
    9.250   5.5726E+01
    9.260   2.7740E+01
    9.270  -1.8337E+01
    9.280  -4.7117E+01
    9.290  -4.5249E+01
    9.300  -4.0317E+00
    9.310   3.0556E+01
    9.320   1.1530E+01
    9.330  -3.6423E+01
    9.340  -9.0478E+01
    9.350  -1.3010E+02
    9.360  -1.4362E+02
    9.370  -1.3719E+02
    9.380  -1.0651E+02
    9.390  -4.1647E+01
    9.400   1.4195E+01
    9.410   1.9440E+01
    9.420  -2.1051E+01
    9.430  -6.8575E+01
    9.440  -1.0764E+02
    9.450  -1.1036E+02
    9.460  -7.4755E+01
    9.470  -5.2428E+01
    9.480  -4.9267E+01
    9.490  -2.6993E+01
    9.500  -8.0484E-01
    9.510  -5.6166E+00
    9.520  -5.6100E+00
    9.530   3.1521E+01
    9.540   6.9256E+01
    9.550   7.8492E+01
    9.560   8.4581E+01
    9.570   8.6052E+01
    9.580   7.4303E+01
    9.590   5.1367E+01
    9.600   1.5039E+01
    9.610  -1.3889E+01
    9.620  -1.4243E+01
    9.630  -2.8154E+00
    9.640  -5.9592E+00
    9.650  -2.0663E+01
    9.660  -2.3565E+01
    9.670  -9.6609E+00
    9.680   5.7091E+00
    9.690   8.7004E+00
    9.700   1.6707E+01
    9.710   5.0148E+01
    9.720   8.5659E+01
    9.730   9.3094E+01
    9.740   7.9572E+01
    9.750   5.2121E+01
    9.760   3.5767E+01
    9.770   3.0412E+01
    9.780   2.2818E+01
    9.790   2.4915E+01
    9.800   4.1439E+01
    9.810   6.1693E+01
    9.820   9.8735E+01
    9.830   1.4032E+02
    9.840   1.4569E+02
    9.850   1.0757E+02
    9.860   5.3394E+01
    9.870   9.2551E+00
    9.880  -1.0195E+01
    9.890  -2.0736E+01
    9.900  -2.0655E+01
    9.910  -1.2330E+01
    9.920  -3.1998E+00
    9.930   1.5479E+01
    9.940   1.1439E+01
    9.950  -3.6985E+01
    9.960  -9.4815E+01
    9.970  -1.2774E+02
    9.980  -1.3030E+02
    9.990  -1.3625E+02
   10.000  -1.4462E+02
   10.010  -1.5502E+02
   10.020  -1.6964E+02
   10.030  -1.6827E+02
   10.040  -1.8417E+02
   10.050  -2.1417E+02
   10.060  -2.0537E+02
   10.070  -1.6997E+02
   10.080  -1.2721E+02
   10.090  -8.2900E+01
   10.100  -4.3292E+01
   10.110   1.6912E+01
   10.120   5.8978E+01
   10.130   6.2485E+01
   10.140   7.4654E+01
   10.150   1.1894E+02
   10.160   1.7457E+02
   10.170   2.0509E+02
   10.180   1.9565E+02
   10.190   1.4605E+02
   10.200   9.7075E+01
   10.210   8.2436E+01
   10.220   9.0794E+01
   10.230   1.0458E+02
   10.240   1.0496E+02
   10.250   9.1066E+01
   10.260   8.0014E+01
   10.270   5.9945E+01
   10.280   1.6113E+01
   10.290  -3.7919E+01
   10.300  -8.1621E+01
   10.310  -8.6908E+01
   10.320  -6.2847E+01
   10.330  -6.5512E+01
   10.340  -1.0928E+02
   10.350  -1.4782E+02
   10.360  -1.3388E+02
   10.370  -5.4184E+01
   10.380   4.5209E+01
   10.390   9.4652E+01
   10.400   8.3930E+01
   10.410   5.0866E+01
   10.420   3.2753E+01
   10.430   2.2904E+01
   10.440   1.8168E+01
   10.450   4.1047E+01
   10.460   8.8248E+01
   10.470   1.2111E+02
   10.480   1.0808E+02
   10.490   5.4830E+01
   10.500   1.2789E+00
   10.510  -1.6346E+01
   10.520   4.2798E+00
   10.530   2.8615E+01
   10.540   3.7532E+01
   10.550   3.4143E+01
   10.560   1.8284E+01
   10.570  -1.5766E+01
   10.580  -5.8264E+01
   10.590  -7.3835E+01
   10.600  -3.6717E+01
   10.610   4.0836E+01
   10.620   1.0049E+02
   10.630   1.0520E+02
   10.640   6.2987E+01
   10.650   1.0344E+01
   10.660  -1.6654E+01
   10.670   2.7783E+00
   10.680   4.6470E+01
   10.690   9.4360E+01
   10.700   1.3847E+02
   10.710   1.7213E+02
   10.720   1.6756E+02
   10.730   1.1666E+02
   10.740   5.3542E+01
   10.750   3.1750E+01
   10.760   4.0895E+01
   10.770   4.3678E+01
   10.780   1.6238E+01
   10.790  -1.2072E+01
   10.800  -2.3651E+01
   10.810  -4.0208E+01
   10.820  -3.0303E+01
   10.830  -1.3422E+00
   10.840   2.2316E+01
   10.850   2.6784E+01
   10.860   1.0631E+01
   10.870  -2.3176E+01
   10.880  -5.6461E+01
   10.890  -8.6611E+01
   10.900  -1.2276E+02
   10.910  -1.2697E+02
   10.920  -8.9085E+01
   10.930  -5.0829E+01
   10.940  -3.2154E+01
   10.950  -3.2384E+01
   10.960  -2.5357E+01
   10.970  -1.9465E+01
   10.980  -3.5943E+01
   10.990  -6.2329E+01
   11.000  -6.6865E+01
   11.010  -5.4438E+01
   11.020  -3.6859E+01
   11.030  -8.7324E-01
   11.040   2.9523E+01
   11.050   5.1327E+01
   11.060   6.5913E+01
   11.070   6.0141E+01
   11.080   3.6086E+01
   11.090  -9.2576E+00
   11.100  -6.1458E+01
   11.110  -7.9634E+01
   11.120  -5.3393E+01
   11.130  -7.9915E+00
   11.140   2.3715E+01
   11.150   4.1373E+01
   11.160   5.8052E+01
   11.170   6.1938E+01
   11.180   4.3736E+01
   11.190   1.0267E+01
   11.200  -1.7810E+01
   11.210  -3.1405E+01
   11.220  -3.7225E+01
   11.230  -3.3364E+01
   11.240  -1.6705E+01
   11.250  -3.5056E+00
   11.260   7.0938E+00
   11.270   3.8794E+01
   11.280   6.3681E+01
   11.290   4.4186E+01
   11.300  -4.5957E+00
   11.310  -3.1028E+01
   11.320  -1.9650E+01
   11.330   1.2502E+01
   11.340   5.6964E+01
   11.350   8.5960E+01
   11.360   1.0372E+02
   11.370   1.0952E+02
   11.380   1.0594E+02
   11.390   8.5301E+01
   11.400   5.8917E+01
   11.410   5.1763E+01
   11.420   4.6169E+01
   11.430   4.3183E+01
   11.440   4.7347E+01
   11.450   4.0303E+01
   11.460   3.8848E+01
   11.470   4.4481E+01
   11.480   4.4576E+01
   11.490   4.0672E+01
   11.500   3.1991E+01
   11.510   2.1467E+01
   11.520   1.1528E+01
   11.530   2.2001E+01
   11.540   4.2149E+01
   11.550   2.4773E+01
   11.560  -2.8559E+01
   11.570  -6.9048E+01
   11.580  -7.3698E+01
   11.590  -6.1902E+01
   11.600  -6.1469E+01
   11.610  -6.3972E+01
   11.620  -5.8877E+01
   11.630  -4.8176E+01
   11.640  -3.2082E+01
   11.650  -4.3016E+00
   11.660   2.2271E+01
   11.670   1.9964E+01
   11.680  -1.3255E+00
   11.690  -1.9377E+01
   11.700  -3.0545E+01
   11.710  -2.4103E+01
   11.720  -9.3124E+00
   11.730  -7.2102E+00
   11.740  -4.4871E-01
   11.750   3.0097E+01
   11.760   7.3238E+01
   11.770   8.1854E+01
   11.780   4.8022E+01
   11.790   2.8460E+00
   11.800  -2.9192E+01
   11.810  -5.7493E+01
   11.820  -8.6648E+01
   11.830  -1.0196E+02
   11.840  -8.3910E+01
   11.850  -3.4165E+01
   11.860   1.9672E+01
   11.870   4.8605E+01
   11.880   4.1626E+01
   11.890   1.0814E+01
   11.900  -1.4988E+01
   11.910  -2.1066E+01
   11.920  -1.7856E+01
   11.930  -1.1645E+00
   11.940   1.5343E+01
   11.950   2.9372E+01
   11.960   5.3922E+01
   11.970   7.2914E+01
   11.980   6.1800E+01
   11.990   2.8042E+01
   12.000   1.4850E+01
   12.010   2.8839E+01
   12.020   3.3052E+01
   12.030   2.7527E+00
   12.040  -3.0415E+01
   12.050  -4.0360E+01
   12.060  -2.4276E+01
   12.070   1.4130E+01
   12.080   4.6442E+01
   12.090   5.0119E+01
   12.100   2.4636E+01
   12.110  -1.4391E+01
   12.120  -4.8152E+01
   12.130  -6.4358E+01
   12.140  -6.6702E+01
   12.150  -5.0914E+01
   12.160  -1.2638E+01
   12.170   4.4778E+01
   12.180   8.4436E+01
   12.190   6.4392E+01
   12.200   1.9106E+01
   12.210  -2.3449E+00
   12.220   6.7227E+00
   12.230   2.7737E+01
   12.240   4.4428E+01
   12.250   5.0679E+01
   12.260   4.2784E+01
   12.270   1.7524E+01
   12.280  -2.2177E+01
   12.290  -5.1169E+01
   12.300  -6.1865E+01
   12.310  -5.5980E+01
   12.320  -3.0905E+01
   12.330  -2.6696E+01
   12.340  -4.8770E+01
   12.350  -8.1386E+01
   12.360  -1.1239E+02
   12.370  -1.0827E+02
   12.380  -6.0505E+01
   12.390  -9.5129E+00
   12.400   3.9076E+00
   12.410  -3.1181E+00
   12.420  -1.0939E+01
   12.430  -2.0133E+01
   12.440  -2.5065E+01
   12.450  -2.1388E+01
   12.460  -1.1784E+01
   12.470   7.7251E+00
   12.480   4.3753E+01
   12.490   7.3929E+01
   12.500   6.0609E+01
   12.510   1.8114E+01
   12.520  -1.1760E+01
   12.530  -1.6930E+01
   12.540  -3.3970E+00
   12.550   1.3313E+00
   12.560  -3.2545E+00
   12.570  -4.5994E+00
   12.580  -1.9271E+01
   12.590  -4.4306E+01
   12.600  -4.6625E+01
   12.610  -2.9079E+01
   12.620  -7.6751E+00
   12.630   1.1329E+01
   12.640   1.4916E+01
   12.650  -3.8604E+00
   12.660  -2.9348E+01
   12.670  -3.9680E+01
   12.680  -3.5665E+01
   12.690  -3.1113E+01
   12.700  -3.2710E+01
   12.710  -4.3407E+01
   12.720  -5.5311E+01
   12.730  -6.4834E+01
   12.740  -6.4225E+01
   12.750  -4.7603E+01
   12.760  -1.1165E+01
   12.770   3.9139E+01
   12.780   7.4766E+01
   12.790   6.5099E+01
   12.800   3.1823E+01
   12.810   2.1679E+00
   12.820  -1.9688E+01
   12.830  -2.6026E+01
   12.840  -8.0191E+00
   12.850   1.8468E+01
   12.860   3.5952E+01
   12.870   3.9763E+01
   12.880   3.2879E+01
   12.890   2.0170E+01
   12.900   3.0219E+00
   12.910  -8.5887E+00
   12.920   7.3640E-01
   12.930   1.4999E+01
   12.940  -5.6932E-01
   12.950  -3.4944E+01
   12.960  -4.6456E+01
   12.970  -2.2286E+01
   12.980   1.5266E+01
   12.990   4.4671E+01
   13.000   4.8073E+01
   13.010   3.9683E+01
   13.020   3.5038E+01
   13.030   1.5953E+01
   13.040  -1.5443E+01
   13.050  -3.5945E+01
   13.060  -3.6625E+01
   13.070  -2.2420E+01
   13.080  -6.1180E+00
   13.090  -1.2452E+01
   13.100  -3.5478E+01
   13.110  -5.7638E+01
   13.120  -7.4078E+01
   13.130  -7.3619E+01
   13.140  -5.4833E+01
   13.150  -2.8084E+01
   13.160   2.9226E+00
   13.170   4.0976E+01
   13.180   7.0743E+01
   13.190   7.5866E+01
   13.200   5.3401E+01
   13.210   1.8356E+01
   13.220   8.7893E+00
   13.230   3.4101E+01
   13.240   6.6383E+01
   13.250   8.1258E+01
   13.260   8.5934E+01
   13.270   7.4814E+01
   13.280   4.8286E+01
   13.290   2.0622E+01
   13.300  -6.1143E+00
   13.310  -3.0432E+01
   13.320  -2.9572E+01
   13.330  -1.0800E+01
   13.340  -1.4841E+01
   13.350  -5.1383E+01
   13.360  -8.5649E+01
   13.370  -9.4673E+01
   13.380  -7.8320E+01
   13.390  -5.5784E+01
   13.400  -4.2792E+01
   13.410  -3.7481E+01
   13.420  -2.7496E+01
   13.430  -1.3726E+01
   13.440  -5.5909E+00
   13.450  -1.6838E+00
   13.460  -8.2328E+00
   13.470  -3.9275E+00
   13.480   2.5461E+01
   13.490   4.8990E+01
   13.500   4.8533E+01
   13.510   4.2868E+01
   13.520   4.6473E+01
   13.530   4.7992E+01
   13.540   2.9142E+01
   13.550  -4.5483E+00
   13.560  -2.6985E+01
   13.570  -2.4808E+01
   13.580  -8.4636E+00
   13.590   4.3338E-03
   13.600  -1.2335E+00
   13.610  -1.1494E+01
   13.620  -2.7722E+01
   13.630  -3.7720E+01
   13.640  -4.9205E+01
   13.650  -6.4423E+01
   13.660  -7.0375E+01
   13.670  -5.3445E+01
   13.680  -1.1812E+01
   13.690   2.4768E+01
   13.700   2.2809E+01
   13.710  -3.2194E+00
   13.720  -2.0730E+01
   13.730  -1.9955E+01
   13.740  -1.1108E+01
   13.750  -4.9483E+00
   13.760  -5.1838E-02
   13.770   1.0486E+01
   13.780   1.9929E+01
   13.790   1.2910E+01
   13.800  -3.4539E+00
   13.810   2.8877E+00
   13.820   2.9434E+01
   13.830   4.5463E+01
   13.840   4.1364E+01
   13.850   2.7975E+01
   13.860   1.6051E+01
   13.870   6.6548E+00
   13.880  -1.0249E+00
   13.890  -2.1398E+00
   13.900   8.2759E+00
   13.910   2.1811E+01
   13.920   2.9332E+01
   13.930   2.8520E+01
   13.940   6.4653E+00
   13.950  -2.7374E+01
   13.960  -4.1201E+01
   13.970  -3.0329E+01
   13.980  -8.6063E+00
   13.990   9.6401E+00
   14.000   8.0434E+00
   14.010  -1.5422E+01
   14.020  -4.3041E+01
   14.030  -5.7241E+01
   14.040  -5.8748E+01
   14.050  -5.5665E+01
   14.060  -4.2936E+01
   14.070  -2.3572E+01
   14.080  -1.8410E+01
   14.090  -3.0488E+01
   14.100  -4.7440E+01
   14.110  -5.9136E+01
   14.120  -5.9617E+01
   14.130  -4.7778E+01
   14.140  -3.2451E+01
   14.150  -1.6196E+01
   14.160  -6.0287E-01
   14.170   7.7556E+00
   14.180   1.5851E+01
   14.190   1.2470E+01
   14.200  -5.5901E+00
   14.210  -1.8936E+01
   14.220  -1.9203E+01
   14.230  -9.8738E+00
   14.240   5.2562E+00
   14.250   1.6064E+01
   14.260   2.0877E+01
   14.270   2.5982E+01
   14.280   2.9763E+01
   14.290   2.9442E+01
   14.300   2.6412E+01
   14.310   2.6702E+01
   14.320   3.2161E+01
   14.330   4.0543E+01
   14.340   4.8527E+01
   14.350   4.7899E+01
   14.360   4.2635E+01
   14.370   4.7702E+01
   14.380   6.2863E+01
   14.390   7.8845E+01
   14.400   7.8390E+01
   14.410   5.8580E+01
   14.420   3.2378E+01
   14.430   1.2058E+01
   14.440  -3.9490E+00
   14.450  -1.7448E+01
   14.460  -1.1989E+01
   14.470   6.0936E+00
   14.480   1.9034E+01
   14.490   1.9972E+01
   14.500   9.5877E+00
   14.510  -7.3346E+00
   14.520  -2.5798E+01
   14.530  -4.0999E+01
   14.540  -4.4841E+01
   14.550  -3.6900E+01
   14.560  -2.4163E+01
   14.570  -1.0347E+01
   14.580  -8.7952E+00
   14.590  -2.0093E+01
   14.600  -2.9548E+01
   14.610  -3.2471E+01
   14.620  -3.0155E+01
   14.630  -2.6657E+01
   14.640  -2.2657E+01
   14.650  -2.3774E+01
   14.660  -3.5489E+01
   14.670  -4.2788E+01
   14.680  -3.7342E+01
   14.690  -2.6637E+01
   14.700  -1.5587E+01
   14.710  -6.0899E-01
   14.720   1.5071E+01
   14.730   1.6884E+01
   14.740   5.4737E+00
   14.750  -2.3290E+00
   14.760  -6.5038E+00
   14.770  -7.3919E+00
   14.780   1.7476E+00
   14.790   3.7805E+00
   14.800  -7.4355E+00
   14.810  -2.0215E+01
   14.820  -2.3983E+01
   14.830  -1.5260E+01
   14.840  -8.1383E+00
   14.850  -1.0719E+01
   14.860  -1.3585E+01
   14.870  -6.8597E+00
   14.880   3.6616E+00
   14.890   1.0436E+01
   14.900   1.0795E+01
   14.910   9.6616E+00
   14.920   8.5863E+00
   14.930   5.3080E+00
   14.940   2.8438E-01
   14.950  -4.5232E+00
   14.960  -8.4528E+00
   14.970  -1.0395E+01
   14.980  -5.1687E+00
   14.990   4.5850E+00
   15.000   1.2555E+01
   15.010   1.2408E+01
   15.020   5.5659E+00
   15.030  -1.3185E+00
   15.040  -5.8950E+00
   15.050  -7.9964E+00
   15.060  -7.0568E+00
   15.070  -6.6539E-02
   15.080   1.2715E+01
   15.090   2.4906E+01
   15.100   2.8378E+01
   15.110   2.0760E+01
   15.120   5.8670E+00
   15.130  -1.3264E+01
   15.140  -2.6386E+01
   15.150  -2.4368E+01
   15.160  -1.4243E+01
   15.170  -2.8379E+00
   15.180   6.1527E+00
   15.190   9.5721E+00
   15.200   7.1915E+00
   15.210   3.5898E+00
   15.220   2.0599E+00
   15.230   4.9485E+00
   15.240   1.3329E+01
   15.250   2.3243E+01
   15.260   2.6704E+01
   15.270   2.3940E+01
   15.280   1.9771E+01
   15.290   1.3747E+01
   15.300   9.2014E+00
   15.310   1.0502E+01
   15.320   1.7438E+01
   15.330   2.7196E+01
   15.340   3.3743E+01
   15.350   3.0183E+01
   15.360   1.7645E+01
   15.370   2.4528E+00
   15.380  -9.4180E+00
   15.390  -1.1178E+01
   15.400   1.5569E+00
   15.410   1.5482E+01
   15.420   2.0795E+01
   15.430   2.0366E+01
   15.440   9.3023E+00
   15.450  -7.1045E+00
   15.460  -1.6660E+01
   15.470  -1.7317E+01
   15.480  -1.2415E+01
   15.490  -1.1230E+01
   15.500  -1.6761E+01
   15.510  -2.0058E+01
   15.520  -1.9572E+01
   15.530  -1.6048E+01
   15.540  -6.0635E+00
   15.550   3.8858E+00
   15.560   7.2769E+00
   15.570   3.6227E+00
   15.580  -8.2969E+00
   15.590  -2.3307E+01
   15.600  -3.4020E+01
   15.610  -3.4887E+01
   15.620  -2.3088E+01
   15.630  -8.1170E+00
   15.640   5.4603E+00
   15.650   1.2725E+01
   15.660   9.4010E+00
   15.670   4.2608E+00
   15.680   2.0081E+00
   15.690   4.6620E+00
   15.700   1.7901E+01
   15.710   3.6239E+01
   15.720   4.6648E+01
   15.730   4.5202E+01
   15.740   3.7117E+01
   15.750   2.8258E+01
   15.760   2.2912E+01
   15.770   2.4180E+01
   15.780   2.8689E+01
   15.790   3.0435E+01
   15.800   2.6930E+01
   15.810   2.0180E+01
   15.820   1.0980E+01
   15.830   4.6989E+00
   15.840   2.6016E+00
   15.850   5.8147E+00
   15.860   9.8260E+00
   15.870   6.8288E+00
   15.880  -5.6679E+00
   15.890  -2.5016E+01
   15.900  -4.2383E+01
   15.910  -4.9196E+01
   15.920  -4.4080E+01
   15.930  -3.1310E+01
   15.940  -1.7550E+01
   15.950  -1.0661E+01
   15.960  -1.1665E+01
   15.970  -1.9466E+01
   15.980  -3.0300E+01
   15.990  -3.5998E+01
   16.000  -3.1167E+01
   16.010  -1.7873E+01
   16.020  -2.4359E+00
   16.030   4.8388E+00
   16.040  -1.9144E-01
   16.050  -7.8370E+00
   16.060  -1.1095E+01
   16.070  -5.0836E+00
   16.080   4.3178E+00
   16.090   8.2871E+00
   16.100   8.2005E+00
   16.110   5.8801E+00
   16.120   4.0832E+00
   16.130   4.9046E+00
   16.140   5.2582E+00
   16.150   5.7418E+00
   16.160   1.1295E+01
   16.170   1.5981E+01
   16.180   1.1712E+01
   16.190   4.6287E+00
   16.200   9.3045E-01
   16.210   2.7550E+00
   16.220   1.1794E+01
   16.230   2.0615E+01
   16.240   2.4412E+01
   16.250   2.3340E+01
   16.260   1.5326E+01
   16.270   4.3947E+00
   16.280  -1.0943E+00
   16.290  -1.0756E+00
   16.300   1.3041E+00
   16.310   4.7340E+00
   16.320   3.2053E+00
   16.330  -3.7236E+00
   16.340  -1.4535E+01
   16.350  -2.6493E+01
   16.360  -3.3163E+01
   16.370  -3.3832E+01
   16.380  -3.0427E+01
   16.390  -2.8754E+01
   16.400  -2.8674E+01
   16.410  -2.6106E+01
   16.420  -2.0836E+01
   16.430  -1.4154E+01
   16.440  -6.4864E+00
   16.450   2.2219E+00
   16.460   6.5399E+00
   16.470   5.0512E+00
   16.480   2.4110E+00
   16.490   4.0621E-01
   16.500   1.3533E+00
   16.510   5.6792E+00
   16.520   1.0171E+01
   16.530   1.3802E+01
   16.540   1.4243E+01
   16.550   1.3868E+01
   16.560   1.3954E+01
   16.570   1.2588E+01
   16.580   1.0980E+01
   16.590   9.0463E+00
   16.600   9.8945E+00
   16.610   1.0447E+01
   16.620   7.7301E+00
   16.630   3.9579E+00
   16.640   4.2192E-01
   16.650  -1.9382E+00
   16.660  -3.5099E-01
   16.670   1.3696E+00
   16.680  -1.1211E+00
   16.690  -5.8349E+00
   16.700  -9.1148E+00
   16.710  -9.1136E+00
   16.720  -6.0267E+00
   16.730  -1.4619E+00
   16.740   4.9225E+00
   16.750   1.0919E+01
   16.760   1.1075E+01
   16.770   3.4863E+00
   16.780  -6.6080E+00
   16.790  -9.8062E+00
   16.800  -5.5760E+00
   16.810  -5.0062E-01
   16.820   2.6206E+00
   16.830   2.6723E+00
   16.840  -8.1420E-01
   16.850  -5.7437E+00
   16.860  -9.3897E+00
   16.870  -8.3849E+00
   16.880  -1.8279E+00
   16.890   6.6097E+00
   16.900   1.1521E+01
   16.910   1.1023E+01
   16.920   7.8483E+00
   16.930   4.8057E+00
   16.940   2.7108E+00
   16.950   2.7189E+00
   16.960   5.5731E+00
   16.970   9.4724E+00
   16.980   1.2848E+01
   16.990   1.4122E+01
   17.000   9.3926E+00
   17.010   6.5608E-01
   17.020  -4.5318E+00
   17.030  -4.9524E+00
   17.040  -1.4754E+00
   17.050   3.7795E+00
   17.060   6.8430E+00
   17.070   5.2006E+00
   17.080   6.5696E-01
   17.090  -3.0442E+00
   17.100  -4.5843E+00
   17.110  -2.3316E+00
   17.120   2.3821E+00
   17.130   6.1913E+00
   17.140   7.4683E+00
   17.150   6.0440E+00
   17.160   2.7013E+00
   17.170  -1.5013E+00
   17.180  -4.8560E+00
   17.190  -4.9495E+00
   17.200  -2.9483E+00
   17.210  -1.4150E+00
   17.220  -7.0737E-01
   17.230  -7.1707E-02
   17.240  -3.5632E-02
   17.250  -8.9076E-01
   17.260  -1.1215E+00
   17.270   4.7977E-02
   17.280   1.3336E+00
   17.290   1.8058E+00
   17.300   1.2349E+00
   17.310   4.9020E-01
   17.320  -4.0176E-02
   17.330  -4.0988E-01
   17.340  -9.0198E-01
   17.350  -1.6284E+00
   17.360  -2.2829E+00
   17.370  -3.0070E+00
   17.380  -3.5700E+00
   17.390  -3.8280E+00
   17.400  -3.8707E+00
   17.410  -3.5190E+00
   17.420  -2.4815E+00
   17.430  -1.2257E+00
   17.440  -4.1232E-02
   17.450   5.2389E-01
   17.460   2.2728E-02
   17.470   6.6627E-02
   17.480   1.6577E+00
   17.490   4.0252E+00
   17.500   5.9900E+00
   17.510   6.4967E+00
   17.520   6.4306E+00
   17.530   6.5955E+00
   17.540   6.1887E+00
   17.550   5.7513E+00
   17.560   5.7538E+00
   17.570   5.5586E+00
   17.580   4.8611E+00
   17.590   3.3934E+00
   17.600   1.3428E+00
   17.610  -4.1611E-01
   17.620  -1.5836E+00
   17.630  -1.7791E+00
   17.640  -7.6276E-01
   17.650   6.2865E-01
   17.660   1.0288E+00
   17.670   9.3299E-02
   17.680  -1.6930E+00
   17.690  -3.1076E+00
   17.700  -2.3124E+00
   17.710  -5.6471E-01
   17.720   8.7045E-01
   17.730   1.8300E+00
   17.740   1.8301E+00
   17.750   1.0247E+00
   17.760  -3.0707E-01
   17.770  -1.3407E+00
   17.780  -1.0345E+00
   17.790  -2.9855E-01
   17.800   1.5300E-01
   17.810   1.0043E+00
   17.820   7.9551E-01
   17.830  -1.0729E+00
   17.840  -3.0629E+00
   17.850  -3.4859E+00
   17.860  -2.0105E+00
   17.870   7.4112E-01
   17.880   3.8333E+00
   17.890   5.4523E+00
   17.900   5.1718E+00
   17.910   4.0348E+00
   17.920   3.5633E+00
   17.930   3.0494E+00
   17.940   2.5773E+00
   17.950   3.1944E+00
   17.960   3.7995E+00
   17.970   3.7133E+00
   17.980   2.7304E+00
   17.990   1.1548E+00
   18.000  -4.3750E-01
   18.010  -1.5733E+00
   18.020  -1.8518E+00
   18.030  -2.0814E+00
   18.040  -2.8715E+00
   18.050  -3.8986E+00
   18.060  -4.7173E+00
   18.070  -5.1424E+00
   18.080  -5.4552E+00
   18.090  -5.3668E+00
   18.100  -4.7480E+00
   18.110  -4.1756E+00
   18.120  -3.7507E+00
   18.130  -3.2933E+00
   18.140  -3.2040E+00
   18.150  -2.8200E+00
   18.160  -1.0595E+00
   18.170   9.9100E-01
   18.180   1.5049E+00
   18.190   1.2173E+00
   18.200   1.0707E+00
   18.210   1.1266E+00
   18.220   1.5809E+00
   18.230   2.1412E+00
   18.240   2.4229E+00
   18.250   2.6683E+00
   18.260   2.6494E+00
   18.270   1.9127E+00
   18.280   3.5713E-01
   18.290  -1.7764E+00
   18.300  -3.3219E+00
   18.310  -3.0906E+00
   18.320  -1.3934E+00
   18.330   2.7656E-01
   18.340   7.8990E-01
   18.350   1.5597E-01
   18.360  -6.6900E-01
   18.370  -7.8842E-01
   18.380  -5.7963E-01
   18.390  -7.2189E-01
   18.400  -9.0193E-01
   18.410  -8.0575E-01
   18.420  -7.7538E-01
   18.430  -5.3947E-01
   18.440  -2.6180E-02
   18.450   3.2051E-01
   18.460   5.0373E-01
   18.470   3.4549E-01
   18.480  -1.1479E-01
   18.490  -4.6528E-01
   18.500  -2.3894E-01
   18.510   3.5025E-01
   18.520   6.1433E-01
   18.530   3.6603E-01
   18.540  -1.5010E-01
   18.550  -5.8634E-01
   18.560  -6.6012E-01
   18.570  -6.2642E-01
   18.580  -5.4492E-01
   18.590  -2.5035E-01
   18.600   2.0984E-01
   18.610   6.0199E-01
   18.620   5.5661E-01
   18.630   1.0024E-01
   18.640  -3.8854E-01
   18.650  -5.3749E-01
   18.660  -2.9001E-01
   18.670   7.9943E-02
   18.680   4.2065E-01
   18.690   5.5255E-01
   18.700   3.6057E-01
   18.710   4.5201E-02
   18.720  -2.3721E-01
   18.730  -5.0844E-01
   18.740  -6.3973E-01
   18.750  -4.7821E-01
   18.760  -2.9746E-01
   18.770  -4.3030E-01
   18.780  -8.7110E-01
   18.790  -1.2754E+00
   18.800  -1.3310E+00
   18.810  -9.0596E-01
   18.820  -2.7758E-01
   18.830   1.8797E-01
   18.840   3.4286E-01
   18.850   3.3569E-01
   18.860   2.4987E-01
   18.870   9.9411E-02
   18.880  -5.0497E-02
   18.890  -7.5990E-02
   18.900   7.1598E-02
   18.910   3.1926E-01
   18.920   5.2364E-01
   18.930   5.3767E-01
   18.940   3.9852E-01
   18.950   2.5874E-01
   18.960   2.3065E-01
   18.970   2.6042E-01
   18.980   2.5902E-01
   18.990   1.9988E-01
   19.000   1.2269E-01
   19.010   1.0491E-01
   19.020   9.5447E-02
   19.030   7.5037E-02
   19.040   4.4748E-02
   19.050   3.9352E-02
   19.060   8.8593E-02
   19.070   1.0379E-01
   19.080   4.2101E-02
   19.090  -1.8546E-02
   19.100  -2.5904E-02
   19.110  -3.9915E-02
   19.120  -5.9015E-02
   19.130  -6.4390E-02
   19.140  -7.7027E-02
   19.150  -8.0370E-02
   19.160  -9.5651E-02
   19.170  -1.5535E-01
   19.180  -2.3166E-01
   19.190  -2.6869E-01
   19.200  -2.2406E-01
   19.210  -1.3856E-01
   19.220  -2.9912E-02
   19.230   5.9652E-02
   19.240   6.1708E-02
   19.250   1.5387E-03
   19.260  -8.2047E-02
   19.270  -1.0920E-01
   19.280  -8.8415E-02
   19.290  -6.9636E-02
   19.300  -2.8013E-02
   19.310   2.4629E-02
   19.320  -2.7785E-02
   19.330  -1.5114E-01
   19.340  -1.8560E-01
   19.350  -8.8358E-02
   19.360   9.4011E-03
   19.370   6.1344E-02
   19.380   1.1978E-01
   19.390   1.7142E-01
   19.400   1.5019E-01
   19.410   8.1202E-02
   19.420   5.6445E-02
   19.430   6.3462E-02
   19.440   8.9640E-02
   19.450   1.1247E-01
   19.460   7.5835E-02
   19.470   2.7995E-02
   19.480   3.2105E-02
   19.490   8.8815E-02
   19.500   1.6056E-01
   19.510   1.9945E-01
   19.520   1.7182E-01
   19.530   7.5722E-02
   19.540  -1.7981E-02
   19.550  -4.3036E-02
   19.560  -2.5341E-02
   19.570  -9.0377E-03
   19.580   2.9947E-03
   19.590   8.8159E-03
   19.600  -1.1039E-02
   19.610  -6.3217E-02
   19.620  -1.5133E-01
   19.630  -2.3140E-01
   19.640  -2.2533E-01
   19.650  -1.4758E-01
   19.660  -9.0412E-02
   19.670  -9.2179E-02
   19.680  -1.3101E-01
   19.690  -1.2289E-01
   19.700  -7.2515E-02
   19.710  -6.4521E-02
   19.720  -9.4958E-02
   19.730  -9.5201E-02
   19.740  -1.8254E-02
   19.750   9.9323E-02
   19.760   1.6237E-01
   19.770   1.2133E-01
   19.780   2.3077E-02
   19.790  -1.1063E-02
   19.800   1.2993E-02
   19.810   9.9898E-03
   19.820  -1.0025E-02
   19.830   1.7023E-02
   19.840   1.0753E-01
   19.850   2.1223E-01
   19.860   2.7870E-01
   19.870   2.9252E-01
   19.880   2.4371E-01
   19.890   1.9667E-01
   19.900   1.9887E-01
   19.910   2.1576E-01
   19.920   2.2941E-01
   19.930   2.7406E-01
   19.940   3.5761E-01
   19.950   3.7489E-01
   19.960   2.6757E-01
   19.970   1.0894E-01
   19.980   4.7370E-03
   19.990  -3.2439E-02
   20.000  -6.1960E-02
   20.010  -7.1078E-02
   20.020  -3.7990E-02
   20.030  -8.7287E-03
   20.040   3.0916E-02
   20.050   7.5380E-02
   20.060   1.0710E-01
   20.070   1.3946E-01
   20.080   1.5225E-01
   20.090   1.5086E-01
   20.100   1.2544E-01
   20.110   9.6053E-02
   20.120   1.2545E-01
   20.130   1.9498E-01
   20.140   2.3592E-01
   20.150   2.2788E-01
   20.160   1.7049E-01
   20.170   5.1445E-02
   20.180  -6.1445E-02
   20.190  -1.1986E-01
   20.200  -1.2977E-01
   20.210  -7.4354E-02
   20.220   4.5853E-02
   20.230   1.4471E-01
   20.240   1.5850E-01
   20.250   4.3848E-02
   20.260  -1.4178E-01
   20.270  -2.3471E-01
   20.280  -2.0291E-01
   20.290  -9.5740E-02
   20.300   5.8588E-03
   20.310   5.8814E-02
   20.320   7.1354E-02
   20.330   3.4974E-02
   20.340  -6.9154E-02
   20.350  -1.4770E-01
   20.360  -1.8422E-01
   20.370  -1.9753E-01
   20.380  -1.4270E-01
   20.390  -5.7606E-02
   20.400  -2.9346E-02
   20.410  -6.8067E-02
   20.420  -1.2967E-01
   20.430  -1.5494E-01
   20.440  -1.3435E-01
   20.450  -5.5556E-02
   20.460   3.3787E-02
   20.470   7.3763E-02
   20.480   7.2527E-02
   20.490   5.6201E-02
   20.500   4.5776E-02
   20.510   3.4693E-02
   20.520   2.4399E-02
   20.530   2.2298E-02
   20.540   3.5412E-02
   20.550   6.1504E-02
   20.560   7.6433E-02
   20.570   6.0634E-02
   20.580   2.0603E-02
   20.590  -2.1068E-02
   20.600  -2.5946E-02
   20.610   3.1773E-02
   20.620   1.0204E-01
   20.630   1.3933E-01
   20.640   1.3877E-01
   20.650   1.2729E-01
   20.660   1.0177E-01
   20.670   3.2563E-02
   20.680  -4.6844E-02
   20.690  -9.6245E-02
   20.700  -9.0031E-02
   20.710  -2.3235E-02
   20.720   6.1049E-02
   20.730   8.2563E-02
   20.740   2.4259E-02
   20.750  -4.8516E-02
   20.760  -6.4965E-02
   20.770  -3.7412E-02
   20.780   1.4064E-03
   20.790   3.8444E-02
   20.800   5.7632E-02
   20.810   4.5595E-02
   20.820   3.0145E-02
   20.830   6.4803E-03
   20.840  -2.4209E-02
   20.850  -4.5567E-02
   20.860  -4.0694E-02
   20.870  -9.3043E-03
   20.880  -5.9425E-03
   20.890  -3.0137E-02
   20.900  -3.4097E-02
   20.910   1.5690E-02
   20.920   7.2884E-02
   20.930   8.3968E-02
   20.940   6.9195E-02
   20.950   4.7072E-02
   20.960   3.3694E-02
   20.970   4.8765E-02
   20.980   8.8520E-02
   20.990   1.2950E-01
   21.000   1.3251E-01
   21.010   9.4807E-02
   21.020   5.6327E-02
   21.030   3.9253E-02
   21.040   1.5467E-02
   21.050  -2.4303E-02
   21.060  -6.0585E-02
   21.070  -7.1228E-02
   21.080  -6.0242E-02
   21.090  -7.7890E-02
   21.100  -1.3781E-01
   21.110  -1.7790E-01
   21.120  -1.8469E-01
   21.130  -1.8026E-01
   21.140  -1.4687E-01
   21.150  -8.5920E-02
   21.160  -2.8695E-02
   21.170   1.4181E-03
   21.180   1.2337E-02
   21.190   1.0410E-02
   21.200  -4.3016E-03
   21.210  -2.0732E-02
   21.220  -2.8224E-02
   21.230  -2.8077E-02
   21.240  -2.6886E-02
   21.250  -1.5685E-02
   21.260  -2.0440E-03
   21.270   8.5616E-03
   21.280   1.0494E-02
   21.290   9.2357E-03
   21.300   1.4724E-02
   21.310   2.3691E-02
   21.320   2.5890E-02
   21.330   1.7300E-02
   21.340   3.4496E-03
   21.350  -8.5817E-03
   21.360  -1.6424E-02
   21.370  -1.9567E-02
   21.380  -1.6295E-02
   21.390  -5.7324E-03
   21.400   6.2703E-03
   21.410   1.0442E-02
   21.420   7.2125E-04
   21.430  -1.7889E-02
   21.440  -3.2846E-02
   21.450  -3.3519E-02
   21.460  -2.0206E-02
   21.470  -4.0374E-03
   21.480   4.5954E-03
   21.490   3.5947E-03
   21.500  -2.7837E-03
   21.510  -1.0241E-02
   21.520  -1.6824E-02
   21.530  -1.8478E-02
   21.540  -9.5273E-03
   21.550   9.6720E-03
   21.560   2.7846E-02
   21.570   3.1340E-02
   21.580   1.6368E-02
   21.590  -5.5873E-03
   21.600  -1.8171E-02
   21.610  -1.3109E-02
   21.620   3.4615E-03
   21.630   1.8550E-02
   21.640   2.2179E-02
   21.650   1.3442E-02
   21.660  -2.7618E-03
   21.670  -1.9177E-02
   21.680  -2.9193E-02
   21.690  -2.8073E-02
   21.700  -1.6008E-02
   21.710  -6.3965E-04
   21.720   7.0384E-03
   21.730   7.9659E-04
   21.740  -1.6273E-02
   21.750  -3.2212E-02
   21.760  -3.4979E-02
   21.770  -2.1236E-02
   21.780  -5.0349E-04
   21.790   1.3088E-02
   21.800   1.1920E-02
   21.810   4.8133E-04
   21.820  -1.1561E-02
   21.830  -1.6636E-02
   21.840  -1.2776E-02
   21.850  -3.6231E-04
   21.860   1.4794E-02
   21.870   2.4624E-02
   21.880   2.1471E-02
   21.890   7.0508E-03
   21.900  -9.7696E-03
   21.910  -1.8700E-02
   21.920  -1.5311E-02
   21.930  -3.2800E-03
   21.940   6.8528E-03
   21.950   9.7908E-03
   21.960   1.2425E-03
   21.970  -1.1356E-02
   21.980  -2.2843E-02
   21.990  -2.6444E-02
   22.000  -2.2251E-02
   22.010  -1.3273E-02
   22.020  -4.5420E-03
   22.030  -6.0615E-04
   22.040  -3.4575E-03
   22.050  -9.5040E-03
   22.060  -1.5623E-02
   22.070  -1.6297E-02
   22.080  -9.5949E-03
   22.090   1.1797E-03
   22.100   1.2028E-02
   22.110   1.5992E-02
   22.120   9.9694E-03
   22.130  -1.6470E-03
   22.140  -9.3292E-03
   22.150  -5.2890E-03
   22.160   6.5418E-03
   22.170   1.7751E-02
   22.180   2.0092E-02
   22.190   1.3734E-02
   22.200   5.0599E-03
   22.210  -1.0324E-04
   22.220  -1.7504E-03
   22.230  -2.9038E-03
   22.240   4.2978E-05
   22.250   7.7976E-03
   22.260   1.6373E-02
   22.270   1.6523E-02
   22.280   5.6277E-03
   22.290  -6.7967E-03
   22.300  -8.6055E-03
   22.310   2.1768E-03
   22.320   1.4711E-02
   22.330   1.8274E-02
   22.340   1.0824E-02
   22.350   6.1154E-04
   22.360  -5.7633E-03
   22.370  -7.5827E-03
   22.380  -8.8484E-03
   22.390  -8.5286E-03
   22.400  -4.7501E-03
   22.410   1.0301E-03
   22.420   2.5925E-03
   22.430  -5.8830E-03
   22.440  -1.8948E-02
   22.450  -2.3373E-02
   22.460  -1.2754E-02
   22.470   4.1291E-03
   22.480   1.2965E-02
   22.490   8.4899E-03
   22.500  -1.4514E-03
   22.510  -7.0021E-03
   22.520  -5.0250E-03
   22.530   1.7004E-03
   22.540   9.0247E-03
   22.550   1.2583E-02
   22.560   1.9822E-02
   22.570   2.2908E-02
   22.580   1.8246E-02
   22.590   6.5708E-03
   22.600  -5.6542E-03
   22.610  -6.5138E-03
   22.620   2.5198E-03
   22.630   1.2464E-02
   22.640   1.2909E-02
   22.650   5.5718E-03
   22.660  -5.7206E-03
   22.670  -1.3887E-02
   22.680  -1.6048E-02
   22.690  -1.2933E-02
   22.700  -7.5679E-03
   22.710  -2.6208E-03
   22.720  -1.1732E-03
   22.730  -3.7863E-03
   22.740  -9.0366E-03
   22.750  -1.6320E-02
   22.760  -1.8481E-02
   22.770  -1.1131E-02
   22.780   2.8993E-03
   22.790   1.4417E-02
   22.800   1.5966E-02
   22.810   8.5113E-03
   22.820  -1.4333E-03
   22.830  -6.2873E-03
   22.840  -3.0612E-03
   22.850   6.5364E-03
   22.860   1.7272E-02
   22.870   2.3323E-02
   22.880   2.1917E-02
   22.890   1.4397E-02
   22.900   3.9993E-03
   22.910  -5.1550E-03
   22.920  -7.8018E-03
   22.930  -4.2754E-04
   22.940   1.2813E-02
   22.950   2.0682E-02
   22.960   1.4957E-02
   22.970  -5.8840E-04
   22.980  -1.4579E-02
   22.990  -1.7436E-02
   23.000  -1.0338E-02
   23.010   1.1836E-03
   23.020   9.7790E-03
   23.030   1.1457E-02
   23.040   5.3209E-03
   23.050  -2.4231E-03
   23.060  -7.0881E-03
   23.070  -5.8190E-03
   23.080   6.5010E-04
   23.090   1.0252E-02
   23.100   1.8366E-02
   23.110   1.9553E-02
   23.120   1.2324E-02
   23.130   2.0280E-03
   23.140  -3.3511E-03
   23.150  -1.2252E-04
   23.160   9.0278E-03
   23.170   1.6629E-02
   23.180   1.7686E-02
   23.190   1.1048E-02
   23.200   3.3153E-03
   23.210  -6.6387E-04
   23.220  -2.8383E-04
   23.230   1.2101E-03
   23.240   2.1934E-03
   23.250   4.4722E-03
   23.260   7.5422E-03
   23.270   7.5168E-03
   23.280   2.6522E-03
   23.290  -2.2315E-03
   23.300  -9.4597E-04
   23.310   6.5290E-03
   23.320   1.4099E-02
   23.330   1.6586E-02
   23.340   1.4047E-02
   23.350   1.0194E-02
   23.360   7.7563E-03
   23.370   7.4696E-03
   23.380   8.1591E-03
   23.390   9.2683E-03
   23.400   1.1134E-02
   23.410   1.3529E-02
   23.420   1.3165E-02
   23.430   6.6270E-03
   23.440  -3.7407E-03
   23.450  -1.0196E-02
   23.460  -7.2955E-03
   23.470   1.2615E-03
   23.480   7.7213E-03
   23.490   7.9959E-03
   23.500   1.9172E-03
   23.510  -4.2472E-03
   23.520  -8.5312E-03
   23.530  -7.8559E-03
   23.540  -5.5736E-04
   23.550   1.1285E-02
   23.560   2.2174E-02
   23.570   2.6166E-02
   23.580   2.1338E-02
   23.590   1.1868E-02
   23.600   5.6284E-03
   23.610   8.1162E-03
   23.620   1.7254E-02
   23.630   2.4141E-02
   23.640   2.6820E-02
   23.650   2.1529E-02
   23.660   1.0799E-02
   23.670  -6.7996E-04
   23.680  -7.3742E-03
   23.690  -4.8429E-03
   23.700   5.0300E-03
   23.710   1.4528E-02
   23.720   1.5231E-02
   23.730   5.7324E-03
   23.740  -7.2506E-03
   23.750  -1.6101E-02
   23.760  -1.6233E-02
   23.770  -7.6655E-03
   23.780   5.5249E-03
   23.790   1.5328E-02
   23.800   1.5725E-02
   23.810   6.0921E-03
   23.820  -6.0677E-03
   23.830  -1.2514E-02
   23.840  -9.3066E-03
   23.850   1.2879E-03
   23.860   1.2992E-02
   23.870   1.9267E-02
   23.880   1.6216E-02
   23.890   5.8969E-03
   23.900  -5.5911E-03
   23.910  -1.2882E-02
   23.920  -1.0561E-02
   23.930  -7.0366E-04
   23.940   1.1168E-02
   23.950   1.8006E-02
   23.960   1.5711E-02
   23.970   6.9541E-03
   23.980  -2.2373E-03
   23.990  -5.3796E-03
   24.000  -6.8987E-04
   24.010   1.0522E-02
   24.020   2.2133E-02
   24.030   2.8023E-02
   24.040   2.4801E-02
   24.050   1.6145E-02
   24.060   8.7287E-03
   24.070   7.7814E-03
   24.080   1.2648E-02
   24.090   1.9209E-02
   24.100   2.3569E-02
   24.110   2.3192E-02
   24.120   1.7169E-02
   24.130   7.4382E-03
   24.140  -1.2108E-03
   24.150  -4.4929E-03
   24.160  -1.9585E-03
   24.170   3.2752E-03
   24.180   6.7279E-03
   24.190   5.3310E-03
   24.200  -5.0605E-04
   24.210  -6.6592E-03
   24.220  -9.1443E-03
   24.230  -7.7933E-03
   24.240  -3.4683E-03
   24.250   2.3164E-04
   24.260   4.9119E-03
   24.270   8.5115E-03
   24.280   7.4150E-03
   24.290   1.8681E-03
   24.300  -2.5131E-03
   24.310  -5.4778E-04
   24.320   5.8765E-03
   24.330   1.0357E-02
   24.340   9.5724E-03
   24.350   6.2157E-03
   24.360   3.8887E-03
   24.370   3.3145E-03
   24.380   2.6273E-03
   24.390   1.4807E-03
   24.400   7.7123E-04
   24.410   3.2524E-03
   24.420   6.4115E-03
   24.430   6.7073E-03
   24.440   2.4849E-03
   24.450  -2.7915E-03
   24.460  -3.9980E-03
   24.470   1.0332E-04
   24.480   6.6358E-03
   24.490   8.5160E-03
   24.500   7.4805E-03
   24.510   6.4841E-03
   24.520   6.6495E-03
   24.530   5.4514E-03
   24.540   5.5206E-03
   24.550   7.4771E-03
   24.560   1.0627E-02
   24.570   1.3370E-02
   24.580   1.3698E-02
   24.590   1.1356E-02
   24.600   8.2290E-03
   24.610   7.8424E-03
   24.620   1.1246E-02
   24.630   1.5812E-02
   24.640   1.8743E-02
   24.650   1.5812E-02
   24.660   1.1396E-02
   24.670   8.6190E-03
   24.680   7.7501E-03
   24.690   8.4126E-03
   24.700   1.0154E-02
   24.710   1.2411E-02
   24.720   1.2246E-02
   24.730   7.8906E-03
   24.740   1.2420E-03
   24.750  -3.5679E-03
   24.760  -4.3260E-03
   24.770  -1.7342E-03
   24.780   2.0022E-03
   24.790   4.2590E-03
   24.800   3.1151E-03
   24.810  -2.1977E-03
   24.820  -9.1323E-03
   24.830  -1.3425E-02
   24.840  -1.2938E-02
   24.850  -8.2517E-03
   24.860  -2.1732E-03
   24.870   1.7173E-03
   24.880   2.9284E-04
   24.890  -5.6854E-03
   24.900  -1.1491E-02
   24.910  -1.2167E-02
   24.920  -7.5146E-03
   24.930  -1.6277E-04
   24.940   5.1555E-03
   24.950   8.0621E-03
   24.960   7.5872E-03
   24.970   3.8818E-03
   24.980  -8.0611E-04
   24.990  -2.3456E-03
   25.000   9.6812E-04
   25.010   7.8832E-03
   25.020   1.3769E-02
   25.030   1.5222E-02
   25.040   1.0657E-02
   25.050   3.3600E-03
   25.060  -1.1449E-03
   25.070   2.6980E-04
   25.080   5.2685E-03
   25.090   9.6765E-03
   25.100   1.1509E-02
   25.110   1.1154E-02
   25.120   8.3386E-03
   25.130   4.3118E-03
   25.140  -6.2801E-04
   25.150  -1.3314E-03
   25.160   2.5971E-03
   25.170   7.9326E-03
   25.180   1.0065E-02
   25.190   7.3545E-03
   25.200   1.1908E-03
   25.210  -5.0848E-03
   25.220  -8.2757E-03
   25.230  -7.1435E-03
   25.240  -3.7690E-03
   25.250  -1.0528E-03
   25.260   1.6724E-03
   25.270   8.1664E-04
   25.280  -2.0772E-03
   25.290  -6.4982E-03
   25.300  -9.7905E-03
   25.310  -8.6461E-03
   25.320  -3.4438E-03
   25.330   1.5466E-03
   25.340   3.0390E-03
   25.350   8.5585E-04
   25.360  -2.9291E-03
   25.370  -6.1772E-03
   25.380  -6.9794E-03
   25.390  -4.0042E-03
   25.400   1.5507E-03
   25.410   6.5759E-03
   25.420   8.8224E-03
   25.430   7.4056E-03
   25.440   4.0080E-03
   25.450  -5.3391E-05
   25.460  -5.5059E-04
   25.470   2.3875E-03
   25.480   6.8098E-03
   25.490   9.9873E-03
   25.500   1.0510E-02
   25.510   8.2784E-03
   25.520   4.1418E-03
   25.530   2.5823E-04
   25.540  -1.6020E-03
   25.550   6.5326E-04
   25.560   5.1453E-03
   25.570   7.9601E-03
   25.580   6.5301E-03
   25.590   2.1443E-03
   25.600  -2.0973E-03
   25.610  -4.2314E-03
   25.620  -3.0669E-03
   25.630  -1.4613E-04
   25.640   2.3929E-03
   25.650   2.9301E-03
   25.660   1.0432E-03
   25.670  -2.7393E-03
   25.680  -7.0980E-03
   25.690  -1.0458E-02
   25.700  -9.7905E-03
   25.710  -5.3153E-03
   25.720  -1.1587E-03
   25.730  -4.9128E-04
   25.740  -3.9321E-03
   25.750  -8.4792E-03
   25.760  -1.0822E-02
   25.770  -9.6125E-03
   25.780  -5.0774E-03
   25.790  -5.8851E-04
   25.800   2.4047E-03
   25.810   2.6999E-03
   25.820  -5.0435E-04
   25.830  -3.5577E-03
   25.840  -5.4045E-03
   25.850  -4.2653E-03
   25.860   1.3923E-06
   25.870   5.4082E-03
   25.880   8.6102E-03
   25.890   7.5047E-03
   25.900   3.5533E-03
   25.910  -6.9104E-05
   25.920  -9.0799E-04
   25.930   1.0221E-03
   25.940   3.8243E-03
   25.950   5.7957E-03
   25.960   6.0351E-03
   25.970   4.3758E-03
   25.980   1.1072E-03
   25.990  -1.5181E-03
   26.000  -3.3060E-03
   26.010  -2.4284E-03
   26.020   4.0658E-04
   26.030   3.2092E-03
   26.040   3.8608E-03
   26.050   1.4327E-03
   26.060  -2.4017E-03
   26.070  -5.1054E-03
   26.080  -4.8705E-03
   26.090  -1.9303E-03
   26.100   1.7989E-03
   26.110   4.2959E-03
   26.120   4.4269E-03
   26.130   1.9370E-03
   26.140  -1.6673E-03
   26.150  -4.5517E-03
   26.160  -5.0416E-03
   26.170  -2.9405E-03
   26.180   2.2007E-05
   26.190   1.1708E-03
   26.200  -4.8683E-05
   26.210  -2.7707E-03
   26.220  -5.8259E-03
   26.230  -7.4562E-03
   26.240  -6.5089E-03
   26.250  -3.8166E-03
   26.260  -1.2054E-03
   26.270  -2.2527E-04
   26.280  -1.5271E-03
   26.290  -4.4011E-03
   26.300  -7.0299E-03
   26.310  -7.2716E-03
   26.320  -4.4280E-03
   26.330   3.1205E-05
   26.340   4.0057E-03
   26.350   4.6033E-03
   26.360   3.0039E-03
   26.370   3.0021E-04
   26.380  -7.0718E-04
   26.390   1.4558E-05
   26.400   2.0138E-03
   26.410   4.5855E-03
   26.420   5.9973E-03
   26.430   5.4482E-03
   26.440   3.0235E-03
   26.450   2.1074E-04
   26.460  -1.1237E-03
   26.470  -1.3012E-04
   26.480   2.1893E-03
   26.490   3.7436E-03
   26.500   3.6472E-03
   26.510   2.1963E-03
   26.520   7.0422E-04
   26.530  -3.9579E-05
   26.540   3.4185E-05
   26.550   5.9360E-04
   26.560   1.6019E-03
   26.570   2.9219E-03
   26.580   3.5699E-03
   26.590   2.5380E-03
   26.600   8.7283E-05
   26.610  -2.0547E-03
   26.620  -2.4126E-03
   26.630  -1.0853E-03
   26.640   4.3832E-04
   26.650   8.3562E-04
   26.660  -2.1507E-04
   26.670  -2.1348E-03
   26.680  -4.1506E-03
   26.690  -5.2049E-03
   26.700  -5.7996E-03
   26.710  -5.5403E-03
   26.720  -4.6198E-03
   26.730  -3.6607E-03
   26.740  -3.6086E-03
   26.750  -4.5438E-03
   26.760  -5.7773E-03
   26.770  -6.0835E-03
   26.780  -4.8849E-03
   26.790  -2.5991E-03
   26.800   4.2339E-04
   26.810   2.1325E-03
   26.820   2.9351E-03
   26.830   2.8382E-03
   26.840   2.4262E-03
   26.850   2.8897E-03
   26.860   4.2655E-03
   26.870   5.8253E-03
   26.880   7.1808E-03
   26.890   7.0113E-03
   26.900   5.0671E-03
   26.910   3.4993E-03
   26.920   1.7772E-03
   26.930   6.4093E-04
   26.940   1.1478E-03
   26.950   2.5723E-03
   26.960   3.2876E-03
   26.970   2.2070E-03
   26.980  -2.6999E-04
   26.990  -2.6330E-03
   27.000  -3.2452E-03
   27.010  -2.2712E-03
   27.020  -5.1725E-04
   27.030   5.3942E-04
   27.040   2.7528E-04
   27.050  -7.0662E-04
   27.060  -1.8365E-03
   27.070  -2.9702E-03
   27.080  -3.8147E-03
   27.090  -3.5281E-03
   27.100  -1.8414E-03
   27.110   5.4656E-05
   27.120   3.2385E-04
   27.130  -1.0469E-03
   27.140  -3.1920E-03
   27.150  -4.0145E-03
   27.160  -3.5054E-03
   27.170  -2.2367E-03
   27.180  -1.0617E-03
   27.190  -4.0575E-04
   27.200  -4.4275E-04
   27.210  -1.0673E-03
   27.220  -2.0797E-03
   27.230  -2.7574E-03
   27.240  -2.3964E-03
   27.250  -7.3983E-04
   27.260   1.3541E-03
   27.270   2.4350E-03
   27.280   1.8840E-03
   27.290   6.7586E-04
   27.300   9.6139E-05
   27.310   5.1521E-04
   27.320   1.3687E-03
   27.330   2.2938E-03
   27.340   3.0904E-03
   27.350   3.5629E-03
   27.360   2.9843E-03
   27.370   1.4547E-03
   27.380  -1.9498E-04
   27.390  -8.6979E-04
   27.400  -6.3658E-04
   27.410  -1.0248E-04
   27.420   6.0833E-06
   27.430   3.3774E-04
   27.440  -5.1025E-04
   27.450  -1.5611E-03
   27.460  -2.4815E-03
   27.470  -3.0521E-03
   27.480  -3.1819E-03
   27.490  -2.7068E-03
   27.500  -1.9504E-03
   27.510  -1.4378E-03
   27.520  -1.6480E-03
   27.530  -2.2721E-03
   27.540  -2.6643E-03
   27.550  -2.5097E-03
   27.560  -2.0552E-03
   27.570  -1.4970E-03
   27.580  -8.7855E-04
   27.590  -2.5090E-04
   27.600   1.9455E-04
   27.610   1.5343E-04
   27.620  -2.0362E-04
   27.630  -5.6721E-04
   27.640  -7.1766E-04
   27.650  -1.7606E-04
   27.660   4.9164E-04
   27.670   1.2980E-03
   27.680   1.7176E-03
   27.690   1.4047E-03
   27.700   5.0555E-04
   27.710  -4.8366E-04
   27.720  -1.0856E-03
   27.730  -1.0120E-03
   27.740  -3.1574E-04
   27.750   5.1477E-04
   27.760   8.3595E-04
   27.770   4.3598E-04
   27.780  -3.8145E-04
   27.790  -1.1705E-03
   27.800  -1.6354E-03
   27.810  -1.4982E-03
   27.820  -6.5012E-04
   27.830   4.9068E-04
   27.840   1.0558E-03
   27.850   6.5941E-04
   27.860  -5.2433E-04
   27.870  -1.6382E-03
   27.880  -2.0842E-03
   27.890  -1.6778E-03
   27.900  -7.4017E-04
   27.910   7.5587E-05
   27.920   1.6509E-04
   27.930  -5.2769E-04
   27.940  -1.7285E-03
   27.950  -2.5897E-03
   27.960  -2.7041E-03
   27.970  -2.0714E-03
   27.980  -6.4054E-04
   27.990   9.6441E-05
   28.000   1.1990E-05
   28.010  -1.0899E-03
   28.020  -2.1080E-03
   28.030  -2.9676E-03
   28.040  -2.4146E-03
   28.050  -1.3043E-03
   28.060  -2.6574E-04
   28.070   1.4826E-04
   28.080  -1.8783E-04
   28.090  -9.5889E-04
   28.100  -1.0547E-03
   28.110  -1.2111E-03
   28.120  -1.0169E-03
   28.130  -5.5852E-04
   28.140  -1.5447E-04
   28.150  -1.4634E-04
   28.160  -6.2257E-04
   28.170  -1.3532E-03
   28.180  -1.9963E-03
   28.190  -2.2107E-03
   28.200  -1.8800E-03
   28.210  -1.2194E-03
   28.220  -8.3369E-04
   28.230  -9.4661E-04
   28.240  -1.3603E-03
   28.250  -6.1969E-04
   28.260  -6.5671E-04
   28.270  -6.5235E-04
   28.280  -5.0458E-04
   28.290  -2.0798E-04
   28.300   6.3946E-05
   28.310   1.6039E-04
   28.320   3.6308E-05
   28.330   2.6410E-04
   28.340   3.7762E-04
   28.350   4.4519E-04
   28.360   4.7810E-04
   28.370   3.5042E-04
   28.380   1.7794E-05
   28.390  -4.5418E-04
   28.400  -7.7370E-04
   28.410  -7.6637E-04
   28.420  -5.2251E-04
   28.430  -3.0723E-04
   28.440  -3.2371E-04
   28.450  -6.1000E-04
   28.460  -9.3495E-04
   28.470  -1.0804E-03
   28.480  -9.4102E-04
   28.490  -6.2497E-04
   28.500  -3.1569E-04
   28.510  -4.3782E-05
   28.520   8.0274E-05
   28.530   8.5745E-05
   28.540  -6.4736E-05
   28.550  -2.2717E-04
   28.560  -1.3697E-04
   28.570   2.7092E-04
   28.580   7.4124E-04
   28.590   9.4772E-04
   28.600   8.0772E-04
   28.610   4.9651E-04
   28.620   2.4559E-04
   28.630   1.6930E-04
   28.640   2.5549E-04
   28.650   4.2244E-04
   28.660   5.9314E-04
   28.670   7.0328E-04
   28.680   6.7992E-04
   28.690   4.6985E-04
   28.700   1.6142E-04
   28.710  -6.0307E-06
   28.720   1.4990E-04
   28.730   5.2077E-04
   28.740   8.0105E-04
   28.750   8.0001E-04
   28.760   6.0164E-04
   28.770   3.8130E-04
   28.780   2.4231E-04
   28.790   1.9273E-04
   28.800   2.1816E-04
   28.810   3.1087E-04
   28.820   3.8631E-04
   28.830   3.4378E-04
   28.840   1.3214E-04
   28.850  -2.0885E-04
   28.860  -5.2618E-04
   28.870  -6.2359E-04
   28.880  -4.1898E-04
   28.890  -7.1517E-05
   28.900   1.3035E-04
   28.910   3.7868E-05
   28.920  -2.3993E-04
   28.930  -3.4130E-04
   28.940  -2.7750E-04
   28.950  -1.1216E-04
   28.960   9.8475E-05
   28.970   2.7073E-04
   28.980   3.6547E-04
   28.990   4.0151E-04
   29.000   3.2038E-04
   29.010   4.5289E-04
   29.020   6.1874E-04
   29.030   7.7375E-04
   29.040   8.9853E-04
   29.050   9.4491E-04
   29.060   8.2808E-04
   29.070   5.7618E-04
   29.080   3.4934E-04
   29.090   3.0080E-04
   29.100   4.3300E-04
   29.110   5.7721E-04
   29.120   5.6850E-04
   29.130   3.8114E-04
   29.140   1.3890E-04
   29.150  -3.4409E-05
   29.160  -1.3379E-04
   29.170  -1.5123E-04
   29.180  -1.2818E-04
   29.190  -5.5786E-05
   29.200   3.4151E-05
   29.210  -2.6230E-06
   29.220  -1.3691E-04
   29.230  -2.7631E-04
   29.240  -2.6365E-04
   29.250  -8.0636E-05
   29.260   1.4285E-04
   29.270   2.5914E-04
   29.280   2.1687E-04
   29.290   9.7738E-05
   29.300   9.2615E-05
   29.310   8.3649E-05
   29.320   2.8973E-05
   29.330  -4.3800E-05
   29.340  -9.4781E-05
   29.350  -1.1120E-04
   29.360  -1.0806E-04
   29.370  -9.9776E-05
   29.380  -8.3178E-05
   29.390  -6.1318E-05
   29.400  -6.3931E-05
   29.410  -1.2040E-04
   29.420  -2.0694E-04
   29.430  -2.4980E-04
   29.440  -1.9882E-04
   29.450  -9.1229E-05
   29.460  -1.5239E-05
   29.470  -2.2203E-05
   29.480  -8.7109E-05
   29.490  -1.5317E-04
   29.500  -1.8581E-04
   29.510  -1.7925E-04
   29.520  -1.3470E-04
   29.530  -6.2569E-05
   29.540   8.9308E-06
   29.550   5.1755E-05
   29.560  -3.1003E-05
   29.570  -1.7132E-04
   29.580  -2.6478E-04
   29.590  -2.3648E-04
   29.600  -1.1097E-04
   29.610   8.5678E-06
   29.620   3.7721E-05
   29.630   4.3659E-05
   29.640  -2.6406E-05
   29.650  -9.3158E-05
   29.660  -1.3144E-04
   29.670  -1.0987E-05
   29.680   2.6015E-05
   29.690   6.3502E-05
   29.700   8.0155E-05
   29.710   6.8891E-05
   29.720   3.5443E-05
   29.730  -4.2589E-06
   29.740  -2.8361E-05
   29.750  -2.1930E-05
   29.760   1.0284E-05
   29.770   4.4159E-05
   29.780   5.4146E-05
   29.790   3.2669E-05
   29.800  -4.8013E-06
   29.810  -3.4114E-05
   29.820  -4.1043E-05
   29.830  -2.8189E-05
   29.840  -7.0294E-06
   29.850   1.0173E-05
   29.860   1.2584E-05
   29.870  -6.8684E-06
   29.880  -4.2058E-05
   29.890  -7.1811E-05
   29.900  -7.5267E-05
   29.910  -5.2105E-05
   29.920  -2.1514E-05
   29.930  -2.5192E-06
   29.940   4.0200E-09
   29.950  -1.0441E-05
   29.960  -2.9939E-05
   29.970  -5.1156E-05
   29.980  -5.8796E-05
   29.990  -4.0008E-05
   30.000  -4.1043E-07
   30.010   3.4937E-05
   30.020   4.1528E-05
   30.030   1.6576E-05
   30.040  -1.8975E-05
   30.050  -3.9621E-05
   30.060  -3.5449E-05
   30.070  -1.5109E-05
   30.080   8.5396E-06
   30.090   2.8257E-05
   30.100   3.7986E-05
   30.110   2.3521E-05
   30.120  -3.3666E-06
   30.130  -3.4774E-05
   30.140  -4.0254E-05
   30.150  -1.0034E-05
   30.160   3.0785E-05
   30.170   4.7645E-05
   30.180   3.2832E-05
   30.190   7.3947E-06
   30.200  -6.2649E-06
   30.210  -5.8767E-06
   30.220  -7.2954E-07
   30.230   5.6347E-06
   30.240   1.7848E-05
   30.250   3.3804E-05
   30.260   3.9377E-05
   30.270   2.3049E-05
   30.280  -4.8200E-06
   30.290  -1.8346E-05
   30.300  -3.4279E-06
   30.310   2.4338E-05
   30.320   3.6848E-05
   30.330   2.2775E-05
   30.340  -3.9789E-06
   30.350  -2.3879E-05
   30.360  -2.8775E-05
   30.370  -2.1988E-05
   30.380  -9.5973E-06
   30.390   6.9147E-06
   30.400   3.4975E-06
   30.410  -1.3615E-05
   30.420  -3.3653E-05
   30.430  -4.4608E-05
   30.440  -4.1170E-05
   30.450  -2.6041E-05
   30.460  -6.8303E-06
   30.470   5.9969E-06
   30.480   3.5428E-06
   30.490  -1.4775E-05
   30.500  -3.7152E-05
   30.510  -4.5666E-05
   30.520  -2.9960E-05
   30.530   1.0598E-06
   30.540   2.3534E-05
   30.550   1.8789E-05
   30.560  -7.3222E-06
   30.570  -2.9762E-05
   30.580  -3.0141E-05
   30.590  -1.3854E-05
   30.600   2.5395E-06
   30.610   1.2315E-05
   30.620   1.9408E-05
   30.630   2.2601E-05
   30.640   1.3442E-05
   30.650  -7.1246E-06
   30.660  -1.9891E-05
   30.670  -6.3349E-06
   30.680   2.7402E-05
   30.690   5.1982E-05
   30.700   4.3885E-05
   30.710   9.1925E-06
   30.720  -2.2329E-05
   30.730  -2.7059E-05
   30.740  -8.5207E-06
   30.750   1.0945E-05
   30.760   1.6443E-05
   30.770   1.1162E-05
   30.780   3.1157E-06
   30.790  -9.1403E-06
   30.800  -2.8290E-05
   30.810  -4.3818E-05
   30.820  -3.8225E-05
   30.830  -1.0236E-05
   30.840   1.8948E-05
   30.850   2.6575E-05
   30.860   1.0999E-05
   30.870  -1.0909E-05
   30.880  -2.2285E-05
   30.890  -1.8907E-05
   30.900  -6.3843E-06
   30.910   7.3968E-06
   30.920   1.7325E-05
   30.930   2.1028E-05
   30.940   1.7398E-05
   30.950   5.9593E-06
   30.960  -9.7243E-06
   30.970  -2.1091E-05
   30.980  -1.9816E-05
   30.990  -6.3987E-06
   31.000   1.0019E-05
   31.010   1.9077E-05
   31.020   1.5879E-05
   31.030   1.4096E-06
   31.040  -1.7341E-05
   31.050  -2.9063E-05
   31.060  -2.4973E-05
   31.070  -8.1423E-06
   31.080   8.4453E-06
   31.090   1.3302E-05
   31.100   4.9275E-06
   31.110  -1.1558E-05
   31.120  -2.9349E-05
   31.130  -4.1050E-05
   31.140  -3.9577E-05
   31.150  -2.4448E-05
   31.160  -4.9226E-06
   31.170   5.1742E-06
   31.180  -2.4174E-06
   31.190  -2.4757E-05
   31.200  -4.7868E-05
   31.210  -5.4863E-05
   31.220  -3.8643E-05
   31.230  -1.0396E-05
   31.240   9.1781E-06
   31.250   8.1360E-06
   31.260  -7.9812E-06
   31.270  -2.5685E-05
   31.280  -3.5213E-05
   31.290  -3.3276E-05
   31.300  -2.0238E-05
   31.310  -1.4927E-06
   31.320   1.2783E-05
   31.330   1.3532E-05
   31.340   6.7112E-07
   31.350  -1.7565E-05
   31.360  -2.9849E-05
   31.370  -2.8730E-05
   31.380  -1.5424E-05
   31.390  -7.0835E-06
   31.400  -3.0555E-06
   31.410  -3.7511E-06
   31.420  -7.3150E-06
   31.430  -1.0893E-05
   31.440  -1.4800E-05
   31.450  -2.0119E-05
   31.460  -2.5096E-05
   31.470  -2.4520E-05
   31.480  -1.7083E-05
   31.490  -8.2431E-06
   31.500  -5.8302E-06
   31.510  -1.0777E-05
   31.520  -1.7119E-05
   31.530  -1.8106E-05
   31.540  -1.3138E-05
   31.550  -6.1852E-06
   31.560  -1.6590E-06
   31.570  -3.6030E-08
   31.580   3.4162E-07
   31.590   4.6394E-07
   31.600  -1.5826E-06
   31.610  -6.5481E-06
   31.620  -1.1350E-05
   31.630  -1.0757E-05
   31.640  -4.9119E-06
   31.650   2.1608E-08
   31.660  -2.0870E-06
   31.670  -9.7498E-06
   31.680  -1.6410E-05
   31.690  -1.6707E-05
   31.700  -1.1316E-05
   31.710  -4.3328E-06
   31.720  -2.4117E-07
   31.730  -3.2438E-07
   31.740  -3.0373E-06
   31.750  -5.4407E-06
   31.760  -6.9091E-06
   31.770  -7.8264E-06
   31.780  -7.6861E-06
   31.790  -4.5144E-06
   31.800   2.2616E-07
   31.810   1.6638E-06
   31.820  -3.5561E-06
   31.830  -1.1572E-05
   31.840  -1.5840E-05
   31.850  -1.3847E-05
   31.860  -9.5525E-06
   31.870  -7.5280E-06
   31.880  -9.4062E-06
   31.890  -1.3269E-05
   31.900  -1.6884E-05
   31.910  -1.8645E-05
   31.920  -1.9140E-05
   31.930  -1.9086E-05
   31.940  -1.8260E-05
   31.950  -1.5126E-05
   31.960  -1.0910E-05
   31.970  -9.0406E-06
   31.980  -1.1316E-05
   31.990  -1.3845E-05
   32.000  -1.2228E-05
   32.010  -6.7676E-06
   32.020  -2.3950E-06
   32.030  -1.4638E-06
   32.040  -2.2623E-06
   32.050  -1.8882E-06
   32.060  -4.4916E-07
   32.070   8.5784E-07
   32.080   1.0728E-06
   32.090   9.1662E-07
   32.100   1.0223E-06
   32.110   1.8728E-06
   32.120   2.0587E-06
   32.130   1.2052E-07
   32.140  -3.7074E-06
   32.150   0.0000E+00
   32.160   0.0000E+00
   32.170   0.0000E+00
   32.180   0.0000E+00
   32.190   0.0000E+00
   32.200   0.0000E+00
   32.210   0.0000E+00
   32.220   0.0000E+00
   32.230   0.0000E+00
   32.240   0.0000E+00
   32.250   0.0000E+00
   32.260   0.0000E+00
   32.270   0.0000E+00
   32.280   0.0000E+00
   32.290   0.0000E+00
   32.300   0.0000E+00
   32.310   0.0000E+00
   32.320   0.0000E+00
   32.330   0.0000E+00
   32.340   0.0000E+00
   32.350   0.0000E+00
   32.360   0.0000E+00
   32.370   0.0000E+00
   32.380   0.0000E+00
   32.390   0.0000E+00
   32.400   0.0000E+00
   32.410   0.0000E+00
   32.420   0.0000E+00
   32.430   0.0000E+00
   32.440   0.0000E+00
   32.450   0.0000E+00
   32.460   0.0000E+00
   32.470   0.0000E+00
   32.480   0.0000E+00
   32.490   0.0000E+00
   32.500   0.0000E+00
   32.510   0.0000E+00
   32.520   0.0000E+00
   32.530   0.0000E+00
   32.540   0.0000E+00
   32.550   0.0000E+00
   32.560   0.0000E+00
   32.570   0.0000E+00
   32.580   0.0000E+00
   32.590   0.0000E+00
   32.600   0.0000E+00
   32.610   0.0000E+00
   32.620   0.0000E+00
   32.630   0.0000E+00
   32.640   0.0000E+00
   32.650   0.0000E+00
   32.660   0.0000E+00
   32.670   0.0000E+00
   32.680   0.0000E+00
   32.690   0.0000E+00
   32.700   0.0000E+00
   32.710   0.0000E+00
   32.720   0.0000E+00
   32.730   0.0000E+00
   32.740   0.0000E+00
   32.750   0.0000E+00
   32.760   0.0000E+00
   32.770   0.0000E+00
   32.780   0.0000E+00
   32.790   0.0000E+00
   32.800   0.0000E+00
   32.810   0.0000E+00
   32.820   0.0000E+00
   32.830   0.0000E+00
   32.840   0.0000E+00
   32.850   0.0000E+00
   32.860   0.0000E+00
   32.870   0.0000E+00
   32.880   0.0000E+00
   32.890   0.0000E+00
   32.900   0.0000E+00
   32.910   0.0000E+00
   32.920   0.0000E+00
   32.930   0.0000E+00
   32.940   0.0000E+00
   32.950   0.0000E+00
   32.960   0.0000E+00
   32.970   0.0000E+00
   32.980   0.0000E+00
   32.990   0.0000E+00
   33.000   0.0000E+00
   33.010   0.0000E+00
   33.020   0.0000E+00
   33.030   0.0000E+00
   33.040   0.0000E+00
   33.050   0.0000E+00
   33.060   0.0000E+00
   33.070   0.0000E+00
   33.080   0.0000E+00
   33.090   0.0000E+00
   33.100   0.0000E+00
   33.110   0.0000E+00
   33.120   0.0000E+00
   33.130   0.0000E+00
   33.140   0.0000E+00
   33.150   0.0000E+00
   33.160   0.0000E+00
   33.170   0.0000E+00
   33.180   0.0000E+00
   33.190   0.0000E+00
   33.200   0.0000E+00
   33.210   0.0000E+00
   33.220   0.0000E+00
   33.230   0.0000E+00
   33.240   0.0000E+00
   33.250   0.0000E+00
   33.260   0.0000E+00
   33.270   0.0000E+00
   33.280   0.0000E+00
   33.290   0.0000E+00
   33.300   0.0000E+00
   33.310   0.0000E+00
   33.320   0.0000E+00
   33.330   0.0000E+00
   33.340   0.0000E+00
   33.350   0.0000E+00
   33.360   0.0000E+00
   33.370   0.0000E+00
   33.380   0.0000E+00
   33.390   0.0000E+00
   33.400   0.0000E+00
   33.410   0.0000E+00
   33.420   0.0000E+00
   33.430   0.0000E+00
   33.440   0.0000E+00
   33.450   0.0000E+00
   33.460   0.0000E+00
   33.470   0.0000E+00
   33.480   0.0000E+00
   33.490   0.0000E+00
   33.500   0.0000E+00
   33.510   0.0000E+00
   33.520   0.0000E+00
   33.530   0.0000E+00
   33.540   0.0000E+00
   33.550   0.0000E+00
   33.560   0.0000E+00
   33.570   0.0000E+00
   33.580   0.0000E+00
   33.590   0.0000E+00
   33.600   0.0000E+00
   33.610   0.0000E+00
   33.620   0.0000E+00
   33.630   0.0000E+00
   33.640   0.0000E+00
   33.650   0.0000E+00
   33.660   0.0000E+00
   33.670   0.0000E+00
   33.680   0.0000E+00
   33.690   0.0000E+00
   33.700   0.0000E+00
   33.710   0.0000E+00
   33.720   0.0000E+00
   33.730   0.0000E+00
   33.740   0.0000E+00
   33.750   0.0000E+00
   33.760   0.0000E+00
   33.770   0.0000E+00
   33.780   0.0000E+00
   33.790   0.0000E+00
   33.800   0.0000E+00
   33.810   0.0000E+00
   33.820   0.0000E+00
   33.830   0.0000E+00
   33.840   0.0000E+00
   33.850   0.0000E+00
   33.860   0.0000E+00
   33.870   0.0000E+00
   33.880   0.0000E+00
   33.890   0.0000E+00
   33.900   0.0000E+00
   33.910   0.0000E+00
   33.920   0.0000E+00
   33.930   0.0000E+00
   33.940   0.0000E+00
   33.950   0.0000E+00
   33.960   0.0000E+00
   33.970   0.0000E+00
   33.980   0.0000E+00
   33.990   0.0000E+00
   34.000   0.0000E+00
   34.010   0.0000E+00
   34.020   0.0000E+00
   34.030   0.0000E+00
   34.040   0.0000E+00
   34.050   0.0000E+00
   34.060   0.0000E+00
   34.070   0.0000E+00
   34.080   0.0000E+00
   34.090   0.0000E+00
   34.100   0.0000E+00
   34.110   0.0000E+00
   34.120   0.0000E+00
   34.130   0.0000E+00
   34.140   0.0000E+00
   34.150   0.0000E+00
   34.160   0.0000E+00
   34.170   0.0000E+00
   34.180   0.0000E+00
   34.190   0.0000E+00
   34.200   0.0000E+00
   34.210   0.0000E+00
   34.220   0.0000E+00
   34.230   0.0000E+00
   34.240   0.0000E+00
   34.250   0.0000E+00
   34.260   0.0000E+00
   34.270   0.0000E+00
   34.280   0.0000E+00
   34.290   0.0000E+00
   34.300   0.0000E+00
   34.310   0.0000E+00
   34.320   0.0000E+00
   34.330   0.0000E+00
   34.340   0.0000E+00
   34.350   0.0000E+00
   34.360   0.0000E+00
   34.370   0.0000E+00
   34.380   0.0000E+00
   34.390   0.0000E+00
   34.400   0.0000E+00
   34.410   0.0000E+00
   34.420   0.0000E+00
   34.430   0.0000E+00
   34.440   0.0000E+00
   34.450   0.0000E+00
   34.460   0.0000E+00
   34.470   0.0000E+00
   34.480   0.0000E+00
   34.490   0.0000E+00
   34.500   0.0000E+00
   34.510   0.0000E+00
   34.520   0.0000E+00
   34.530   0.0000E+00
   34.540   0.0000E+00
   34.550   0.0000E+00
   34.560   0.0000E+00
   34.570   0.0000E+00
   34.580   0.0000E+00
   34.590   0.0000E+00
   34.600   0.0000E+00
   34.610   0.0000E+00
   34.620   0.0000E+00
   34.630   0.0000E+00
   34.640   0.0000E+00
   34.650   0.0000E+00
   34.660   0.0000E+00
   34.670   0.0000E+00
   34.680   0.0000E+00
   34.690   0.0000E+00
   34.700   0.0000E+00
   34.710   0.0000E+00
   34.720   0.0000E+00
   34.730   0.0000E+00
   34.740   0.0000E+00
   34.750   0.0000E+00
   34.760   0.0000E+00
   34.770   0.0000E+00
   34.780   0.0000E+00
   34.790   0.0000E+00
   34.800   0.0000E+00
   34.810   0.0000E+00
   34.820   0.0000E+00
   34.830   0.0000E+00
   34.840   0.0000E+00
   34.850   0.0000E+00
   34.860   0.0000E+00
   34.870   0.0000E+00
   34.880   0.0000E+00
   34.890   0.0000E+00
   34.900   0.0000E+00
   34.910   0.0000E+00
   34.920   0.0000E+00
   34.930   0.0000E+00
   34.940   0.0000E+00
   34.950   0.0000E+00
   34.960   0.0000E+00
   34.970   0.0000E+00
   34.980   0.0000E+00
   34.990   0.0000E+00
   35.000   0.0000E+00
   35.010   0.0000E+00
   35.020   0.0000E+00
   35.030   0.0000E+00
   35.040   0.0000E+00
   35.050   0.0000E+00
   35.060   0.0000E+00
   35.070   0.0000E+00
   35.080   0.0000E+00
   35.090   0.0000E+00
   35.100   0.0000E+00
   35.110   0.0000E+00
   35.120   0.0000E+00
   35.130   0.0000E+00
   35.140   0.0000E+00
   35.150   0.0000E+00
   35.160   0.0000E+00
   35.170   0.0000E+00
   35.180   0.0000E+00
   35.190   0.0000E+00
   35.200   0.0000E+00
   35.210   0.0000E+00
   35.220   0.0000E+00
   35.230   0.0000E+00
   35.240   0.0000E+00
   35.250   0.0000E+00
   35.260   0.0000E+00
   35.270   0.0000E+00
   35.280   0.0000E+00
   35.290   0.0000E+00
   35.300   0.0000E+00
   35.310   0.0000E+00
   35.320   0.0000E+00
   35.330   0.0000E+00
   35.340   0.0000E+00
   35.350   0.0000E+00
   35.360   0.0000E+00
   35.370   0.0000E+00
   35.380   0.0000E+00
   35.390   0.0000E+00
   35.400   0.0000E+00
   35.410   0.0000E+00
   35.420   0.0000E+00
   35.430   0.0000E+00
   35.440   0.0000E+00
   35.450   0.0000E+00
   35.460   0.0000E+00
   35.470   0.0000E+00
   35.480   0.0000E+00
   35.490   0.0000E+00
   35.500   0.0000E+00
   35.510   0.0000E+00
   35.520   0.0000E+00
   35.530   0.0000E+00
   35.540   0.0000E+00
   35.550   0.0000E+00
   35.560   0.0000E+00
   35.570   0.0000E+00
   35.580   0.0000E+00
   35.590   0.0000E+00
   35.600   0.0000E+00
   35.610   0.0000E+00
   35.620   0.0000E+00
   35.630   0.0000E+00
   35.640   0.0000E+00
   35.650   0.0000E+00
   35.660   0.0000E+00
   35.670   0.0000E+00
   35.680   0.0000E+00
   35.690   0.0000E+00
   35.700   0.0000E+00
   35.710   0.0000E+00
   35.720   0.0000E+00
   35.730   0.0000E+00
   35.740   0.0000E+00
   35.750   0.0000E+00
   35.760   0.0000E+00
   35.770   0.0000E+00
   35.780   0.0000E+00
   35.790   0.0000E+00
   35.800   0.0000E+00
   35.810   0.0000E+00
   35.820   0.0000E+00
   35.830   0.0000E+00
   35.840   0.0000E+00
   35.850   0.0000E+00
   35.860   0.0000E+00
   35.870   0.0000E+00
   35.880   0.0000E+00
   35.890   0.0000E+00
   35.900   0.0000E+00
   35.910   0.0000E+00
   35.920   0.0000E+00
   35.930   0.0000E+00
   35.940   0.0000E+00
   35.950   0.0000E+00
   35.960   0.0000E+00
   35.970   0.0000E+00
   35.980   0.0000E+00
   35.990   0.0000E+00
   36.000   0.0000E+00
   36.010   0.0000E+00
   36.020   0.0000E+00
   36.030   0.0000E+00
   36.040   0.0000E+00
   36.050   0.0000E+00
   36.060   0.0000E+00
   36.070   0.0000E+00
   36.080   0.0000E+00
   36.090   0.0000E+00
   36.100   0.0000E+00
   36.110   0.0000E+00
   36.120   0.0000E+00
   36.130   0.0000E+00
   36.140   0.0000E+00
   36.150   0.0000E+00
   36.160   0.0000E+00
   36.170   0.0000E+00
   36.180   0.0000E+00
   36.190   0.0000E+00
   36.200   0.0000E+00
   36.210   0.0000E+00
   36.220   0.0000E+00
   36.230   0.0000E+00
   36.240   0.0000E+00
   36.250   0.0000E+00
   36.260   0.0000E+00
   36.270   0.0000E+00
   36.280   0.0000E+00
   36.290   0.0000E+00
   36.300   0.0000E+00
   36.310   0.0000E+00
   36.320   0.0000E+00
   36.330   0.0000E+00
   36.340   0.0000E+00
   36.350   0.0000E+00
   36.360   0.0000E+00
   36.370   0.0000E+00
   36.380   0.0000E+00
   36.390   0.0000E+00
   36.400   0.0000E+00
   36.410   0.0000E+00
   36.420   0.0000E+00
   36.430   0.0000E+00
   36.440   0.0000E+00
   36.450   0.0000E+00
   36.460   0.0000E+00
   36.470   0.0000E+00
   36.480   0.0000E+00
   36.490   0.0000E+00
   36.500   0.0000E+00
   36.510   0.0000E+00
   36.520   0.0000E+00
   36.530   0.0000E+00
   36.540   0.0000E+00
   36.550   0.0000E+00
   36.560   0.0000E+00
   36.570   0.0000E+00
   36.580   0.0000E+00
   36.590   0.0000E+00
   36.600   0.0000E+00
   36.610   0.0000E+00
   36.620   0.0000E+00
   36.630   0.0000E+00
   36.640   0.0000E+00
   36.650   0.0000E+00
   36.660   0.0000E+00
   36.670   0.0000E+00
   36.680   0.0000E+00
   36.690   0.0000E+00
   36.700   0.0000E+00
   36.710   0.0000E+00
   36.720   0.0000E+00
   36.730   0.0000E+00
   36.740   0.0000E+00
   36.750   0.0000E+00
   36.760   0.0000E+00
   36.770   0.0000E+00
   36.780   0.0000E+00
   36.790   0.0000E+00
   36.800   0.0000E+00
   36.810   0.0000E+00
   36.820   0.0000E+00
   36.830   0.0000E+00
   36.840   0.0000E+00
   36.850   0.0000E+00
   36.860   0.0000E+00
   36.870   0.0000E+00
   36.880   0.0000E+00
   36.890   0.0000E+00
   36.900   0.0000E+00
   36.910   0.0000E+00
   36.920   0.0000E+00
   36.930   0.0000E+00
   36.940   0.0000E+00
   36.950   0.0000E+00
   36.960   0.0000E+00
   36.970   0.0000E+00
   36.980   0.0000E+00
   36.990   0.0000E+00
   37.000   0.0000E+00
   37.010   0.0000E+00
   37.020   0.0000E+00
   37.030   0.0000E+00
   37.040   0.0000E+00
   37.050   0.0000E+00
   37.060   0.0000E+00
   37.070   0.0000E+00
   37.080   0.0000E+00
   37.090   0.0000E+00
   37.100   0.0000E+00
   37.110   0.0000E+00
   37.120   0.0000E+00
   37.130   0.0000E+00
   37.140   0.0000E+00
   37.150   0.0000E+00
   37.160   0.0000E+00
   37.170   0.0000E+00
   37.180   0.0000E+00
   37.190   0.0000E+00
   37.200   0.0000E+00
   37.210   0.0000E+00
   37.220   0.0000E+00
   37.230   0.0000E+00
   37.240   0.0000E+00
   37.250   0.0000E+00
   37.260   0.0000E+00
   37.270   0.0000E+00
   37.280   0.0000E+00
   37.290   0.0000E+00
   37.300   0.0000E+00
   37.310   0.0000E+00
   37.320   0.0000E+00
   37.330   0.0000E+00
   37.340   0.0000E+00
   37.350   0.0000E+00
   37.360   0.0000E+00
   37.370   0.0000E+00
   37.380   0.0000E+00
   37.390   0.0000E+00
   37.400   0.0000E+00
   37.410   0.0000E+00
   37.420   0.0000E+00
   37.430   0.0000E+00
   37.440   0.0000E+00
   37.450   0.0000E+00
   37.460   0.0000E+00
   37.470   0.0000E+00
   37.480   0.0000E+00
   37.490   0.0000E+00
   37.500   0.0000E+00
   37.510   0.0000E+00
   37.520   0.0000E+00
   37.530   0.0000E+00
   37.540   0.0000E+00
   37.550   0.0000E+00
   37.560   0.0000E+00
   37.570   0.0000E+00
   37.580   0.0000E+00
   37.590   0.0000E+00
   37.600   0.0000E+00
   37.610   0.0000E+00
   37.620   0.0000E+00
   37.630   0.0000E+00
   37.640   0.0000E+00
   37.650   0.0000E+00
   37.660   0.0000E+00
   37.670   0.0000E+00
   37.680   0.0000E+00
   37.690   0.0000E+00
   37.700   0.0000E+00
   37.710   0.0000E+00
   37.720   0.0000E+00
   37.730   0.0000E+00
   37.740   0.0000E+00
   37.750   0.0000E+00
   37.760   0.0000E+00
   37.770   0.0000E+00
   37.780   0.0000E+00
   37.790   0.0000E+00
   37.800   0.0000E+00
   37.810   0.0000E+00
   37.820   0.0000E+00
   37.830   0.0000E+00
   37.840   0.0000E+00
   37.850   0.0000E+00
   37.860   0.0000E+00
   37.870   0.0000E+00
   37.880   0.0000E+00
   37.890   0.0000E+00
   37.900   0.0000E+00
   37.910   0.0000E+00
   37.920   0.0000E+00
   37.930   0.0000E+00
   37.940   0.0000E+00
   37.950   0.0000E+00
   37.960   0.0000E+00
   37.970   0.0000E+00
   37.980   0.0000E+00
   37.990   0.0000E+00
   38.000   0.0000E+00
   38.010   0.0000E+00
   38.020   0.0000E+00
   38.030   0.0000E+00
   38.040   0.0000E+00
   38.050   0.0000E+00
   38.060   0.0000E+00
   38.070   0.0000E+00
   38.080   0.0000E+00
   38.090   0.0000E+00
   38.100   0.0000E+00
   38.110   0.0000E+00
   38.120   0.0000E+00
   38.130   0.0000E+00
   38.140   0.0000E+00
   38.150   0.0000E+00
   38.160   0.0000E+00
   38.170   0.0000E+00
   38.180   0.0000E+00
   38.190   0.0000E+00
   38.200   0.0000E+00
   38.210   0.0000E+00
   38.220   0.0000E+00
   38.230   0.0000E+00
   38.240   0.0000E+00
   38.250   0.0000E+00
   38.260   0.0000E+00
   38.270   0.0000E+00
   38.280   0.0000E+00
   38.290   0.0000E+00
   38.300   0.0000E+00
   38.310   0.0000E+00
   38.320   0.0000E+00
   38.330   0.0000E+00
   38.340   0.0000E+00
   38.350   0.0000E+00
   38.360   0.0000E+00
   38.370   0.0000E+00
   38.380   0.0000E+00
   38.390   0.0000E+00
   38.400   0.0000E+00
   38.410   0.0000E+00
   38.420   0.0000E+00
   38.430   0.0000E+00
   38.440   0.0000E+00
   38.450   0.0000E+00
   38.460   0.0000E+00
   38.470   0.0000E+00
   38.480   0.0000E+00
   38.490   0.0000E+00
   38.500   0.0000E+00
   38.510   0.0000E+00
   38.520   0.0000E+00
   38.530   0.0000E+00
   38.540   0.0000E+00
   38.550   0.0000E+00
   38.560   0.0000E+00
   38.570   0.0000E+00
   38.580   0.0000E+00
   38.590   0.0000E+00
   38.600   0.0000E+00
   38.610   0.0000E+00
   38.620   0.0000E+00
   38.630   0.0000E+00
   38.640   0.0000E+00
   38.650   0.0000E+00
   38.660   0.0000E+00
   38.670   0.0000E+00
   38.680   0.0000E+00
   38.690   0.0000E+00
   38.700   0.0000E+00
   38.710   0.0000E+00
   38.720   0.0000E+00
   38.730   0.0000E+00
   38.740   0.0000E+00
   38.750   0.0000E+00
   38.760   0.0000E+00
   38.770   0.0000E+00
   38.780   0.0000E+00
   38.790   0.0000E+00
   38.800   0.0000E+00
   38.810   0.0000E+00
   38.820   0.0000E+00
   38.830   0.0000E+00
   38.840   0.0000E+00
   38.850   0.0000E+00
   38.860   0.0000E+00
   38.870   0.0000E+00
   38.880   0.0000E+00
   38.890   0.0000E+00
   38.900   0.0000E+00
   38.910   0.0000E+00
   38.920   0.0000E+00
   38.930   0.0000E+00
   38.940   0.0000E+00
   38.950   0.0000E+00
   38.960   0.0000E+00
   38.970   0.0000E+00
   38.980   0.0000E+00
   38.990   0.0000E+00
   39.000   0.0000E+00
   39.010   0.0000E+00
   39.020   0.0000E+00
   39.030   0.0000E+00
   39.040   0.0000E+00
   39.050   0.0000E+00
   39.060   0.0000E+00
   39.070   0.0000E+00
   39.080   0.0000E+00
   39.090   0.0000E+00
   39.100   0.0000E+00
   39.110   0.0000E+00
   39.120   0.0000E+00
   39.130   0.0000E+00
   39.140   0.0000E+00
   39.150   0.0000E+00
   39.160   0.0000E+00
   39.170   0.0000E+00
   39.180   0.0000E+00
   39.190   0.0000E+00
   39.200   0.0000E+00
   39.210   0.0000E+00
   39.220   0.0000E+00
   39.230   0.0000E+00
   39.240   0.0000E+00
   39.250   0.0000E+00
   39.260   0.0000E+00
   39.270   0.0000E+00
   39.280   0.0000E+00
   39.290   0.0000E+00
   39.300   0.0000E+00
   39.310   0.0000E+00
   39.320   0.0000E+00
   39.330   0.0000E+00
   39.340   0.0000E+00
   39.350   0.0000E+00
   39.360   0.0000E+00
   39.370   0.0000E+00
   39.380   0.0000E+00
   39.390   0.0000E+00
   39.400   0.0000E+00
   39.410   0.0000E+00
   39.420   0.0000E+00
   39.430   0.0000E+00
   39.440   0.0000E+00
   39.450   0.0000E+00
   39.460   0.0000E+00
   39.470   0.0000E+00
   39.480   0.0000E+00
   39.490   0.0000E+00
   39.500   0.0000E+00
   39.510   0.0000E+00
   39.520   0.0000E+00
   39.530   0.0000E+00
   39.540   0.0000E+00
   39.550   0.0000E+00
   39.560   0.0000E+00
   39.570   0.0000E+00
   39.580   0.0000E+00
   39.590   0.0000E+00
   39.600   0.0000E+00
   39.610   0.0000E+00
   39.620   0.0000E+00
   39.630   0.0000E+00
   39.640   0.0000E+00
   39.650   0.0000E+00
   39.660   0.0000E+00
   39.670   0.0000E+00
   39.680   0.0000E+00
   39.690   0.0000E+00
   39.700   0.0000E+00
   39.710   0.0000E+00
   39.720   0.0000E+00
   39.730   0.0000E+00
   39.740   0.0000E+00
   39.750   0.0000E+00
   39.760   0.0000E+00
   39.770   0.0000E+00
   39.780   0.0000E+00
   39.790   0.0000E+00
   39.800   0.0000E+00
   39.810   0.0000E+00
   39.820   0.0000E+00
   39.830   0.0000E+00
   39.840   0.0000E+00
   39.850   0.0000E+00
   39.860   0.0000E+00
   39.870   0.0000E+00
   39.880   0.0000E+00
   39.890   0.0000E+00
   39.900   0.0000E+00
   39.910   0.0000E+00
   39.920   0.0000E+00
   39.930   0.0000E+00
   39.940   0.0000E+00
   39.950   0.0000E+00
   39.960   0.0000E+00
   39.970   0.0000E+00
   39.980   0.0000E+00
   39.990   0.0000E+00
   40.000   0.0000E+00
   40.010   0.0000E+00
   40.020   0.0000E+00
   40.030   0.0000E+00
   40.040   0.0000E+00
   40.050   0.0000E+00
   40.060   0.0000E+00
   40.070   0.0000E+00
   40.080   0.0000E+00
   40.090   0.0000E+00
   40.100   0.0000E+00
   40.110   0.0000E+00
   40.120   0.0000E+00
   40.130   0.0000E+00
   40.140   0.0000E+00
   40.150   0.0000E+00
   40.160   0.0000E+00
   40.170   0.0000E+00
   40.180   0.0000E+00
   40.190   0.0000E+00
   40.200   0.0000E+00
   40.210   0.0000E+00
   40.220   0.0000E+00
   40.230   0.0000E+00
   40.240   0.0000E+00
   40.250   0.0000E+00
   40.260   0.0000E+00
   40.270   0.0000E+00
   40.280   0.0000E+00
   40.290   0.0000E+00
   40.300   0.0000E+00
   40.310   0.0000E+00
   40.320   0.0000E+00
   40.330   0.0000E+00
   40.340   0.0000E+00
   40.350   0.0000E+00
   40.360   0.0000E+00
   40.370   0.0000E+00
   40.380   0.0000E+00
   40.390   0.0000E+00
   40.400   0.0000E+00
   40.410   0.0000E+00
   40.420   0.0000E+00
   40.430   0.0000E+00
   40.440   0.0000E+00
   40.450   0.0000E+00
   40.460   0.0000E+00
   40.470   0.0000E+00
   40.480   0.0000E+00
   40.490   0.0000E+00
   40.500   0.0000E+00
   40.510   0.0000E+00
   40.520   0.0000E+00
   40.530   0.0000E+00
   40.540   0.0000E+00
   40.550   0.0000E+00
   40.560   0.0000E+00
   40.570   0.0000E+00
   40.580   0.0000E+00
   40.590   0.0000E+00
   40.600   0.0000E+00
   40.610   0.0000E+00
   40.620   0.0000E+00
   40.630   0.0000E+00
   40.640   0.0000E+00
   40.650   0.0000E+00
   40.660   0.0000E+00
   40.670   0.0000E+00
   40.680   0.0000E+00
   40.690   0.0000E+00
   40.700   0.0000E+00
   40.710   0.0000E+00
   40.720   0.0000E+00
   40.730   0.0000E+00
   40.740   0.0000E+00
   40.750   0.0000E+00
   40.760   0.0000E+00
   40.770   0.0000E+00
   40.780   0.0000E+00
   40.790   0.0000E+00
   40.800   0.0000E+00
   40.810   0.0000E+00
   40.820   0.0000E+00
   40.830   0.0000E+00
   40.840   0.0000E+00
   40.850   0.0000E+00
   40.860   0.0000E+00
   40.870   0.0000E+00
   40.880   0.0000E+00
   40.890   0.0000E+00
   40.900   0.0000E+00
   40.910   0.0000E+00
   40.920   0.0000E+00
   40.930   0.0000E+00
   40.940   0.0000E+00
   40.950   0.0000E+00
