**********************************************
*******  Acceleration Time Series ************
*** Site #   1
*** trial   16
Input Parameters file =  aqk_0604__parameters.out                                                                                                
  4096 samples
dt:  0.010 sec
data format: (1x,f8.3,1p,2x,e11.4)
maximum absolute acceleration: 418.81
fault Dis.(km)=    3.84
Hypo  Dis.(km)=   11.75
  time(s) acc(cm/s**2)
    0.000   0.0000E+00
    0.010   0.0000E+00
    0.020   0.0000E+00
    0.030   0.0000E+00
    0.040   0.0000E+00
    0.050   0.0000E+00
    0.060   0.0000E+00
    0.070   0.0000E+00
    0.080   0.0000E+00
    0.090   0.0000E+00
    0.100   0.0000E+00
    0.110   0.0000E+00
    0.120  -5.7279E-01
    0.130  -5.4437E-01
    0.140  -5.2462E-01
    0.150  -5.2625E-01
    0.160  -5.5205E-01
    0.170  -5.9272E-01
    0.180  -6.2983E-01
    0.190  -6.4222E-01
    0.200  -6.1383E-01
    0.210  -5.3986E-01
    0.220  -4.2735E-01
    0.230  -2.9015E-01
    0.240  -1.4331E-01
    0.250  -7.8340E-04
    0.260   1.2520E-01
    0.270   2.2680E-01
    0.280   3.0443E-01
    0.290   3.6727E-01
    0.300   4.2823E-01
    0.310   4.9678E-01
    0.320   5.7532E-01
    0.330   6.6143E-01
    0.340   7.5312E-01
    0.350   8.5038E-01
    0.360   9.4921E-01
    0.370   1.0339E+00
    0.380   1.0795E+00
    0.390   1.0677E+00
    0.400   1.0029E+00
    0.410   9.1276E-01
    0.420   8.3122E-01
    0.430   7.7913E-01
    0.440   7.5722E-01
    0.450   7.5168E-01
    0.460   7.4380E-01
    0.470   7.1644E-01
    0.480   6.5638E-01
    0.490   5.5473E-01
    0.500   4.0855E-01
    0.510   2.2437E-01
    0.520   2.0156E-02
    0.530  -1.7952E-01
    0.540  -3.5345E-01
    0.550  -4.8994E-01
    0.560  -5.8405E-01
    0.570  -6.3180E-01
    0.580  -6.3071E-01
    0.590  -5.8598E-01
    0.600  -5.1278E-01
    0.610  -4.2941E-01
    0.620  -3.4702E-01
    0.630  -2.6474E-01
    0.640  -1.7288E-01
    0.650  -6.1927E-02
    0.660   6.7306E-02
    0.670   1.9907E-01
    0.680   3.0979E-01
    0.690   3.8417E-01
    0.700   4.2687E-01
    0.710   4.5844E-01
    0.720   4.9976E-01
    0.730   5.5979E-01
    0.740   6.3417E-01
    0.750   7.1027E-01
    0.760   7.7221E-01
    0.770   8.0584E-01
    0.780   8.0473E-01
    0.790   7.7293E-01
    0.800   7.2141E-01
    0.810   6.6178E-01
    0.820   6.0270E-01
    0.830   5.4898E-01
    0.840   4.9985E-01
    0.850   3.4170E-01
    0.860   2.7361E-01
    0.870   1.8956E-01
    0.880   8.8942E-02
    0.890   2.1575E-01
    0.900   1.0787E-01
    0.910  -3.3675E-02
    0.920  -1.9102E-01
    0.930  -3.3462E-01
    0.940  -4.3991E-01
    0.950  -5.0120E-01
    0.960  -5.3246E-01
    0.970  -5.5628E-01
    0.980  -5.8970E-01
    0.990  -6.3573E-01
    1.000  -6.8551E-01
    1.010  -7.2830E-01
    1.020  -7.5939E-01
    1.030  -7.7833E-01
    1.040  -7.8120E-01
    1.050  -7.5795E-01
    1.060  -6.9922E-01
    1.070   4.2896E-01
    1.080   5.0291E-01
    1.090   1.7114E+00
    1.100   1.9299E+00
    1.110   2.1663E+00
    1.120   2.3867E+00
    1.130   1.8300E+00
    1.140   1.8690E+00
    1.150   1.8157E+00
    1.160   1.6563E+00
    1.170   1.3664E+00
    1.180   9.3443E-01
    1.190   3.8933E-01
    1.200  -1.9473E-01
    1.210  -7.1876E-01
    1.220  -1.0895E+00
    1.230  -1.2497E+00
    1.240  -1.1962E+00
    1.250  -9.7533E-01
    1.260  -6.5946E-01
    1.270  -3.2451E-01
    1.280  -3.3966E-02
    1.290   1.7820E-01
    1.300   3.2629E-01
    1.310   4.7453E-01
    1.320   7.0802E-01
    1.330   1.0874E+00
    1.340   1.6169E+00
    1.350   2.2428E+00
    1.360   2.8776E+00
    1.370   3.4365E+00
    1.380   3.8678E+00
    1.390   4.1612E+00
    1.400   4.3300E+00
    1.410   4.3857E+00
    1.420   4.3295E+00
    1.430   4.4493E+00
    1.440   4.2612E+00
    1.450   3.9824E+00
    1.460   3.6186E+00
    1.470   3.1545E+00
    1.480   2.5624E+00
    1.490   1.8219E+00
    1.500   9.2883E-01
    1.510  -3.3724E-01
    1.520  -2.4611E+00
    1.530  -3.5898E+00
    1.540  -4.5882E+00
    1.550  -5.3410E+00
    1.560  -5.8597E+00
    1.570  -6.1088E+00
    1.580  -6.2883E+00
    1.590  -7.1506E+00
    1.600  -7.4565E+00
    1.610  -7.8056E+00
    1.620  -8.3509E+00
    1.630  -8.4288E+00
    1.640  -8.1817E+00
    1.650  -7.5685E+00
    1.660  -6.6408E+00
    1.670  -5.5388E+00
    1.680  -4.4512E+00
    1.690  -3.5352E+00
    1.700  -2.8393E+00
    1.710  -2.2986E+00
    1.720  -1.8032E+00
    1.730  -1.2681E+00
    1.740  -6.4722E-01
    1.750   8.3203E-02
    1.760   9.2080E-01
    1.770   1.8101E+00
    1.780   2.6319E+00
    1.790   3.2302E+00
    1.800   3.4657E+00
    1.810   3.2698E+00
    1.820   2.6779E+00
    1.830   1.8234E+00
    1.840   8.9075E-01
    1.850   5.5093E-02
    1.860  -5.6703E-01
    1.870  -9.4999E-01
    1.880  -1.1726E+00
    1.890  -1.3909E+00
    1.900  -1.7588E+00
    1.910  -2.3383E+00
    1.920  -3.0701E+00
    1.930  -3.8267E+00
    1.940  -4.4950E+00
    1.950  -7.2777E+00
    1.960  -7.6506E+00
    1.970  -7.4475E+00
    1.980  -7.0681E+00
    1.990  -6.6417E+00
    2.000  -6.3401E+00
    2.010  -6.0366E+00
    2.020  -5.7514E+00
    2.030  -5.4132E+00
    2.040  -4.9566E+00
    2.050  -4.3465E+00
    2.060  -3.5674E+00
    2.070  -2.6074E+00
    2.080  -1.4859E+00
    2.090  -3.0047E-01
    2.100   7.8652E-01
    2.110   1.6440E+00
    2.120   2.2616E+00
    2.130   2.7410E+00
    2.140   3.2129E+00
    2.150   3.7853E+00
    2.160   4.5538E+00
    2.170   5.6045E+00
    2.180   6.9524E+00
    2.190   8.7053E+00
    2.200   1.0212E+01
    2.210   9.1351E+00
    2.220   1.0179E+01
    2.230   1.0958E+01
    2.240   1.1549E+01
    2.250   1.2041E+01
    2.260   1.2487E+01
    2.270   1.2877E+01
    2.280   1.3150E+01
    2.290   1.3217E+01
    2.300   1.2977E+01
    2.310   1.2356E+01
    2.320   1.1346E+01
    2.330   1.0043E+01
    2.340   8.6032E+00
    2.350   7.1403E+00
    2.360   5.6525E+00
    2.370   4.0352E+00
    2.380   2.1776E+00
    2.390   7.4708E-02
    2.400  -2.1122E+00
    2.410  -4.0979E+00
    2.420  -5.6130E+00
    2.430  -6.5569E+00
    2.440  -7.0406E+00
    2.450  -7.6103E+00
    2.460  -7.7534E+00
    2.470  -7.8700E+00
    2.480  -7.9477E+00
    2.490  -7.9896E+00
    2.500  -7.5238E+00
    2.510  -7.6551E+00
    2.520  -7.8064E+00
    2.530  -7.8933E+00
    2.540  -7.8234E+00
    2.550  -7.5432E+00
    2.560  -7.0538E+00
    2.570  -6.4044E+00
    2.580  -5.6776E+00
    2.590  -4.9757E+00
    2.600  -4.4064E+00
    2.610  -4.0686E+00
    2.620  -4.0718E+00
    2.630  -4.2581E+00
    2.640  -4.5327E+00
    2.650  -4.6703E+00
    2.660  -4.5085E+00
    2.670  -4.0287E+00
    2.680  -3.3301E+00
    2.690  -2.5491E+00
    2.700  -1.8066E+00
    2.710  -1.1775E+00
    2.720  -6.5491E-01
    2.730  -1.4764E-01
    2.740   5.5183E-01
    2.750   1.0861E+00
    2.760   1.8519E+00
    2.770   2.6844E+00
    2.780   3.5887E+00
    2.790   4.5430E+00
    2.800   5.4659E+00
    2.810   6.2415E+00
    2.820   6.7475E+00
    2.830   6.8735E+00
    2.840   6.5922E+00
    2.850   6.0518E+00
    2.860   5.5399E+00
    2.870   5.2845E+00
    2.880   5.2894E+00
    2.890   5.3795E+00
    2.900   5.3645E+00
    2.910   4.8321E+00
    2.920   4.3445E+00
    2.930   3.5151E+00
    2.940   2.5294E+00
    2.950   1.6424E+00
    2.960   1.1015E+00
    2.970   1.0164E+00
    2.980   1.3307E+00
    2.990   1.8641E+00
    3.000   2.3687E+00
    3.010   2.6076E+00
    3.020   2.4586E+00
    3.030   1.9785E+00
    3.040   1.3705E+00
    3.050   8.8073E-01
    3.060   6.8602E-01
    3.070   8.2635E-01
    3.080   1.2184E+00
    3.090   1.7369E+00
    3.100   2.2698E+00
    3.110   2.6721E+00
    3.120   2.7169E+00
    3.130   2.2117E+00
    3.140   1.2437E+00
    3.150   2.7407E-01
    3.160  -1.0223E-01
    3.170   4.5550E-01
    3.180   1.8468E+00
    3.190   3.6611E+00
    3.200   5.4440E+00
    3.210   6.8782E+00
    3.220   7.8133E+00
    3.230   8.2007E+00
    3.240   8.0245E+00
    3.250   7.3765E+00
    3.260   6.3091E+00
    3.270   5.2055E+00
    3.280   4.3539E+00
    3.290   4.6092E+00
    3.300   3.7676E+00
    3.310   3.7747E+00
    3.320   3.4092E+00
    3.330   2.2375E+00
    3.340   7.9024E-01
    3.350  -1.0170E+00
    3.360  -2.9598E+00
    3.370  -4.7849E+00
    3.380  -4.2063E+00
    3.390  -5.3284E+00
    3.400  -6.1078E+00
    3.410  -6.7396E+00
    3.420  -7.5642E+00
    3.430  -8.9423E+00
    3.440  -1.1058E+01
    3.450  -1.3779E+01
    3.460  -1.6690E+01
    3.470  -1.9307E+01
    3.480  -1.9573E+01
    3.490  -2.1135E+01
    3.500  -2.2343E+01
    3.510  -2.3389E+01
    3.520  -2.4275E+01
    3.530  -2.4856E+01
    3.540  -2.5031E+01
    3.550  -2.4835E+01
    3.560  -2.4271E+01
    3.570  -2.3209E+01
    3.580  -2.1472E+01
    3.590  -1.9031E+01
    3.600  -1.6142E+01
    3.610  -1.3266E+01
    3.620  -1.0139E+01
    3.630  -6.8996E+00
    3.640  -3.3466E+00
    3.650   4.9046E-01
    3.660   4.3454E+00
    3.670   7.9351E+00
    3.680   1.0846E+01
    3.690   1.2869E+01
    3.700   1.4170E+01
    3.710   1.5179E+01
    3.720   1.6253E+01
    3.730   1.7465E+01
    3.740   1.8707E+01
    3.750   1.9937E+01
    3.760   2.1270E+01
    3.770   2.2844E+01
    3.780   2.4631E+01
    3.790   2.6369E+01
    3.800   2.7650E+01
    3.810   2.8253E+01
    3.820   2.7557E+01
    3.830   2.5835E+01
    3.840   2.3332E+01
    3.850   2.0795E+01
    3.860   1.7347E+01
    3.870   1.4161E+01
    3.880   1.0870E+01
    3.890   8.0874E+00
    3.900   5.9096E+00
    3.910   4.3580E+00
    3.920   3.3936E+00
    3.930   2.8524E+00
    3.940   2.4241E+00
    3.950   1.7763E+00
    3.960   7.0243E-01
    3.970  -3.7233E+00
    3.980  -5.6586E+00
    3.990  -8.0481E+00
    4.000  -1.0781E+01
    4.010  -1.3611E+01
    4.020  -1.6332E+01
    4.030  -1.8937E+01
    4.040  -2.1549E+01
    4.050  -2.4234E+01
    4.060  -2.6870E+01
    4.070  -2.9102E+01
    4.080  -3.0370E+01
    4.090  -3.0106E+01
    4.100  -2.8093E+01
    4.110  -2.4230E+01
    4.120  -2.0158E+01
    4.130  -1.6283E+01
    4.140  -1.2865E+01
    4.150  -9.8678E+00
    4.160  -7.0905E+00
    4.170  -4.3398E+00
    4.180  -1.4231E+00
    4.190   1.7709E+00
    4.200   5.1179E+00
    4.210   8.1999E+00
    4.220   1.0439E+01
    4.230   1.1370E+01
    4.240   1.0893E+01
    4.250   9.2173E+00
    4.260   6.9968E+00
    4.270   4.4181E+00
    4.280   1.6384E+00
    4.290  -1.0795E+00
    4.300  -3.2731E+00
    4.310  -4.5379E+00
    4.320  -4.8707E+00
    4.330  -4.4586E+00
    4.340  -3.7989E+00
    4.350  -3.3429E+00
    4.360  -9.7674E-01
    4.370  -1.6527E+00
    4.380  -2.1910E+00
    4.390  -1.8922E+00
    4.400  -7.2663E-01
    4.410   5.1179E-01
    4.420   8.1563E-01
    4.430  -3.0255E-01
    4.440  -2.6080E+00
    4.450  -5.4327E+00
    4.460  -8.0564E+00
    4.470  -9.9709E+00
    4.480  -1.0981E+01
    4.490  -1.1061E+01
    4.500  -1.0099E+01
    4.510  -7.9581E+00
    4.520  -4.9424E+00
    4.530  -2.0909E+00
    4.540  -6.9196E-01
    4.550  -1.3528E+00
    4.560  -3.6079E+00
    4.570  -6.4469E+00
    4.580  -9.1050E+00
    4.590  -1.1298E+01
    4.600  -1.2885E+01
    4.610  -1.3561E+01
    4.620  -1.2961E+01
    4.630  -1.1038E+01
    4.640  -8.2027E+00
    4.650  -3.3571E+00
    4.660  -1.1470E+00
    4.670   3.8120E-01
    4.680   1.8947E+00
    4.690   3.4484E+00
    4.700   7.5241E+00
    4.710   1.2800E+01
    4.720   1.8401E+01
    4.730   2.3437E+01
    4.740   2.7470E+01
    4.750   3.0591E+01
    4.760   3.3069E+01
    4.770   3.3792E+01
    4.780   3.4735E+01
    4.790   3.4337E+01
    4.800   3.2772E+01
    4.810   3.0701E+01
    4.820   2.8683E+01
    4.830   2.6655E+01
    4.840   2.4075E+01
    4.850   2.0592E+01
    4.860   1.6489E+01
    4.870   1.2454E+01
    4.880   8.9622E+00
    4.890   5.8672E+00
    4.900   2.4773E+00
    4.910  -1.8900E+00
    4.920  -7.6107E+00
    4.930  -1.3907E+01
    4.940  -1.9462E+01
    4.950  -2.4138E+01
    4.960  -2.6701E+01
    4.970  -2.8731E+01
    4.980  -3.0836E+01
    4.990  -3.1960E+01
    5.000  -3.3267E+01
    5.010  -3.4269E+01
    5.020  -3.5158E+01
    5.030  -3.8076E+01
    5.040  -4.2092E+01
    5.050  -4.5960E+01
    5.060  -4.8190E+01
    5.070  -4.7756E+01
    5.080  -4.4571E+01
    5.090  -3.8705E+01
    5.100  -3.2616E+01
    5.110  -2.6579E+01
    5.120  -2.1153E+01
    5.130  -1.6319E+01
    5.140  -1.5129E+01
    5.150  -1.3489E+01
    5.160  -1.1440E+01
    5.170  -7.9407E+00
    5.180  -5.0318E+00
    5.190  -1.8939E+00
    5.200  -3.3786E+00
    5.210  -5.1600E+00
    5.220  -6.2089E+00
    5.230  -6.8636E+00
    5.240  -6.3801E+00
    5.250  -2.8613E+00
    5.260   1.1274E+00
    5.270   6.7969E+00
    5.280   1.3508E+01
    5.290   1.9687E+01
    5.300   2.4673E+01
    5.310   2.8781E+01
    5.320   3.2204E+01
    5.330   3.5180E+01
    5.340   3.7185E+01
    5.350   3.7277E+01
    5.360   3.4783E+01
    5.370   2.9221E+01
    5.380   2.3346E+01
    5.390   2.0696E+01
    5.400   2.1209E+01
    5.410   2.2437E+01
    5.420   2.1499E+01
    5.430   1.7765E+01
    5.440   9.4661E+00
    5.450  -1.5818E+00
    5.460  -1.2600E+01
    5.470  -2.1437E+01
    5.480  -2.7446E+01
    5.490  -2.8849E+01
    5.500  -2.4606E+01
    5.510  -1.6326E+01
    5.520  -6.9944E+00
    5.530   1.6316E+00
    5.540   8.2775E+00
    5.550   1.2576E+01
    5.560   1.6532E+01
    5.570   1.9958E+01
    5.580   2.2288E+01
    5.590   2.4237E+01
    5.600   2.4361E+01
    5.610   2.3628E+01
    5.620   2.4851E+01
    5.630   2.8610E+01
    5.640   3.1642E+01
    5.650   3.0676E+01
    5.660   2.6196E+01
    5.670   2.2253E+01
    5.680   2.1623E+01
    5.690   2.4604E+01
    5.700   3.0066E+01
    5.710   3.5006E+01
    5.720   3.6692E+01
    5.730   3.4723E+01
    5.740   3.0465E+01
    5.750   2.5836E+01
    5.760   2.2161E+01
    5.770   1.6891E+01
    5.780   8.1238E+00
    5.790   2.2912E-01
    5.800  -2.8496E+00
    5.810   1.1136E+00
    5.820   9.4790E+00
    5.830   1.6968E+01
    5.840   1.8905E+01
    5.850   1.6023E+01
    5.860   1.0427E+01
    5.870   2.4502E+00
    5.880  -7.7463E+00
    5.890  -1.9083E+01
    5.900  -2.9690E+01
    5.910  -3.7123E+01
    5.920  -3.9404E+01
    5.930  -3.7415E+01
    5.940  -3.4451E+01
    5.950  -3.3284E+01
    5.960  -3.6024E+01
    5.970  -4.2735E+01
    5.980  -5.0798E+01
    5.990  -5.6315E+01
    6.000  -5.7571E+01
    6.010  -5.6514E+01
    6.020  -5.5463E+01
    6.030  -5.4734E+01
    6.040  -5.3994E+01
    6.050  -5.1464E+01
    6.060  -4.6815E+01
    6.070  -4.1675E+01
    6.080  -3.7398E+01
    6.090  -3.1966E+01
    6.100  -2.4157E+01
    6.110  -1.4827E+01
    6.120  -4.2834E+00
    6.130   5.7605E+00
    6.140   1.5726E+01
    6.150   2.3829E+01
    6.160   2.8009E+01
    6.170   3.2586E+01
    6.180   3.7261E+01
    6.190   4.2638E+01
    6.200   4.5493E+01
    6.210   4.4222E+01
    6.220   3.8427E+01
    6.230   3.1073E+01
    6.240   1.9957E+01
    6.250   1.1234E+01
    6.260   3.8181E+00
    6.270  -2.7450E+00
    6.280  -4.2146E-01
    6.290   1.7296E+01
    6.300   4.5377E+01
    6.310   7.6360E+01
    6.320   1.0259E+02
    6.330   1.1612E+02
    6.340   1.1379E+02
    6.350   9.9288E+01
    6.360   7.9600E+01
    6.370   5.9640E+01
    6.380   4.0599E+01
    6.390   2.2037E+01
    6.400   8.5202E+00
    6.410   5.9241E+00
    6.420   1.1264E+01
    6.430   2.0179E+01
    6.440   2.8478E+01
    6.450   3.5376E+01
    6.460   4.1609E+01
    6.470   4.6804E+01
    6.480   4.9469E+01
    6.490   4.9854E+01
    6.500   4.4485E+01
    6.510   3.0974E+01
    6.520   1.4354E+01
    6.530  -8.3620E-02
    6.540  -8.3955E+00
    6.550  -1.3847E+01
    6.560  -2.2554E+01
    6.570  -3.8299E+01
    6.580  -6.0096E+01
    6.590  -7.7229E+01
    6.600  -8.8807E+01
    6.610  -9.6532E+01
    6.620  -9.3659E+01
    6.630  -8.1279E+01
    6.640  -6.8419E+01
    6.650  -6.1801E+01
    6.660  -6.2663E+01
    6.670  -6.5791E+01
    6.680  -6.6133E+01
    6.690  -5.9055E+01
    6.700  -4.1915E+01
    6.710  -1.6006E+01
    6.720   1.6643E+01
    6.730   4.4370E+01
    6.740   5.6850E+01
    6.750   5.0116E+01
    6.760   2.7936E+01
    6.770  -6.0943E-01
    6.780  -2.8604E+01
    6.790  -5.3500E+01
    6.800  -7.6566E+01
    6.810  -9.5558E+01
    6.820  -1.0581E+02
    6.830  -1.0601E+02
    6.840  -1.0104E+02
    6.850  -9.4492E+01
    6.860  -8.5452E+01
    6.870  -8.0325E+01
    6.880  -8.3214E+01
    6.890  -8.8152E+01
    6.900  -9.2471E+01
    6.910  -9.6276E+01
    6.920  -9.3724E+01
    6.930  -8.3652E+01
    6.940  -7.4381E+01
    6.950  -7.4929E+01
    6.960  -8.0014E+01
    6.970  -8.2760E+01
    6.980  -8.2648E+01
    6.990  -8.2482E+01
    7.000  -8.1163E+01
    7.010  -6.9967E+01
    7.020  -5.0817E+01
    7.030  -2.2086E+01
    7.040   2.3390E+01
    7.050   7.3746E+01
    7.060   1.0211E+02
    7.070   9.2200E+01
    7.080   5.4627E+01
    7.090   1.4905E+01
    7.100  -1.4118E+01
    7.110  -3.2437E+01
    7.120  -4.2337E+01
    7.130  -4.3917E+01
    7.140  -3.5638E+01
    7.150  -1.5225E+01
    7.160   1.3140E+01
    7.170   4.1933E+01
    7.180   6.3315E+01
    7.190   6.8704E+01
    7.200   6.7531E+01
    7.210   7.5763E+01
    7.220   9.8112E+01
    7.230   1.3195E+02
    7.240   1.7598E+02
    7.250   2.1035E+02
    7.260   2.2180E+02
    7.270   2.1427E+02
    7.280   1.9675E+02
    7.290   1.7795E+02
    7.300   1.5674E+02
    7.310   1.2794E+02
    7.320   9.2679E+01
    7.330   5.8918E+01
    7.340   3.4531E+01
    7.350   1.4945E+01
    7.360  -2.1338E+00
    7.370  -1.6828E+01
    7.380  -2.9689E+01
    7.390  -4.2323E+01
    7.400  -4.9133E+01
    7.410  -5.2900E+01
    7.420  -6.3101E+01
    7.430  -8.0613E+01
    7.440  -1.0273E+02
    7.450  -1.2420E+02
    7.460  -1.3531E+02
    7.470  -1.3083E+02
    7.480  -1.1193E+02
    7.490  -9.1945E+01
    7.500  -8.0163E+01
    7.510  -7.4127E+01
    7.520  -7.0525E+01
    7.530  -6.7428E+01
    7.540  -6.5257E+01
    7.550  -6.4475E+01
    7.560  -6.0156E+01
    7.570  -5.2349E+01
    7.580  -3.7776E+01
    7.590  -1.7644E+01
    7.600   1.9798E+00
    7.610   2.3824E+01
    7.620   4.4604E+01
    7.630   5.8670E+01
    7.640   7.0544E+01
    7.650   7.8510E+01
    7.660   8.0650E+01
    7.670   7.9419E+01
    7.680   8.0810E+01
    7.690   8.8005E+01
    7.700   8.8920E+01
    7.710   7.4179E+01
    7.720   5.0916E+01
    7.730   3.4158E+01
    7.740   2.4880E+01
    7.750   2.2930E+01
    7.760   3.2495E+01
    7.770   4.7057E+01
    7.780   5.7650E+01
    7.790   5.9657E+01
    7.800   4.9137E+01
    7.810   3.1173E+01
    7.820   1.1631E+01
    7.830  -5.6033E+00
    7.840  -1.4184E+01
    7.850  -1.7687E+01
    7.860  -9.4355E+00
    7.870   1.4355E+01
    7.880   3.7746E+01
    7.890   4.6646E+01
    7.900   3.2454E+01
    7.910   8.8965E+00
    7.920  -1.7322E+01
    7.930  -4.2018E+01
    7.940  -6.7360E+01
    7.950  -9.0857E+01
    7.960  -1.0253E+02
    7.970  -1.0207E+02
    7.980  -9.5785E+01
    7.990  -8.4951E+01
    8.000  -6.7866E+01
    8.010  -4.8797E+01
    8.020  -2.9444E+01
    8.030  -3.1416E+00
    8.040   2.9407E+01
    8.050   6.9744E+01
    8.060   1.0215E+02
    8.070   1.2153E+02
    8.080   1.2112E+02
    8.090   1.0143E+02
    8.100   7.3338E+01
    8.110   5.2218E+01
    8.120   5.7095E+01
    8.130   8.1990E+01
    8.140   1.1802E+02
    8.150   1.4844E+02
    8.160   1.5532E+02
    8.170   1.4371E+02
    8.180   1.2523E+02
    8.190   9.2654E+01
    8.200   4.5024E+01
    8.210   4.0382E+00
    8.220  -2.3675E+01
    8.230  -4.4481E+01
    8.240  -5.8997E+01
    8.250  -6.3786E+01
    8.260  -5.1280E+01
    8.270  -3.4908E+01
    8.280  -1.7042E+01
    8.290   3.9765E+00
    8.300   1.2737E+01
    8.310   1.4264E+01
    8.320   3.2748E+01
    8.330   8.7500E+01
    8.340   1.6058E+02
    8.350   2.2318E+02
    8.360   2.6812E+02
    8.370   2.9485E+02
    8.380   3.0340E+02
    8.390   2.8791E+02
    8.400   2.5144E+02
    8.410   2.0470E+02
    8.420   1.6016E+02
    8.430   1.2038E+02
    8.440   7.6461E+01
    8.450   2.6286E+01
    8.460  -3.9512E+01
    8.470  -1.2969E+02
    8.480  -2.3201E+02
    8.490  -3.2545E+02
    8.500  -3.9265E+02
    8.510  -4.1881E+02
    8.520  -4.0195E+02
    8.530  -3.5460E+02
    8.540  -2.8939E+02
    8.550  -2.2731E+02
    8.560  -1.8007E+02
    8.570  -1.6425E+02
    8.580  -1.8427E+02
    8.590  -2.0909E+02
    8.600  -2.1075E+02
    8.610  -1.7672E+02
    8.620  -1.1588E+02
    8.630  -5.1805E+01
    8.640  -4.0998E+00
    8.650   1.7606E+01
    8.660   3.0191E+01
    8.670   5.3233E+01
    8.680   7.9453E+01
    8.690   1.0278E+02
    8.700   1.2004E+02
    8.710   1.3699E+02
    8.720   1.5096E+02
    8.730   1.3743E+02
    8.740   8.5121E+01
    8.750   1.7604E+01
    8.760  -3.2168E+01
    8.770  -5.5001E+01
    8.780  -6.2991E+01
    8.790  -6.3687E+01
    8.800  -5.1295E+01
    8.810  -4.2971E+01
    8.820  -4.7429E+01
    8.830  -5.5112E+01
    8.840  -6.2762E+01
    8.850  -5.6091E+01
    8.860  -2.6192E+01
    8.870   9.8602E+00
    8.880   3.9976E+01
    8.890   5.5692E+01
    8.900   4.7260E+01
    8.910   2.0352E+01
    8.920  -1.9766E+01
    8.930  -7.1902E+01
    8.940  -1.2317E+02
    8.950  -1.5540E+02
    8.960  -1.6068E+02
    8.970  -1.4441E+02
    8.980  -1.1376E+02
    8.990  -6.8254E+01
    9.000  -2.7774E+01
    9.010  -9.6696E+00
    9.020  -1.5726E+01
    9.030  -3.8652E+01
    9.040  -6.7591E+01
    9.050  -9.0347E+01
    9.060  -8.9382E+01
    9.070  -5.6275E+01
    9.080  -8.1589E+00
    9.090   3.9879E+01
    9.100   8.2838E+01
    9.110   1.1331E+02
    9.120   1.1673E+02
    9.130   8.7880E+01
    9.140   4.0446E+01
    9.150  -6.8827E+00
    9.160  -2.5616E+01
    9.170  -3.4003E+00
    9.180   4.0766E+01
    9.190   8.0904E+01
    9.200   1.1029E+02
    9.210   1.3773E+02
    9.220   1.7552E+02
    9.230   2.2622E+02
    9.240   2.8309E+02
    9.250   3.3000E+02
    9.260   3.6039E+02
    9.270   3.6339E+02
    9.280   3.2052E+02
    9.290   2.4272E+02
    9.300   1.6615E+02
    9.310   1.0896E+02
    9.320   6.1507E+01
    9.330   9.5571E+00
    9.340  -4.2519E+01
    9.350  -8.1267E+01
    9.360  -1.0347E+02
    9.370  -1.1967E+02
    9.380  -1.4898E+02
    9.390  -1.8354E+02
    9.400  -2.0120E+02
    9.410  -1.9515E+02
    9.420  -1.7266E+02
    9.430  -1.3651E+02
    9.440  -8.2064E+01
    9.450  -1.1679E+01
    9.460   6.5410E+01
    9.470   1.2487E+02
    9.480   1.5664E+02
    9.490   1.6418E+02
    9.500   1.4961E+02
    9.510   1.3190E+02
    9.520   1.1513E+02
    9.530   8.3027E+01
    9.540   3.4686E+01
    9.550  -7.3055E+00
    9.560  -3.4987E+01
    9.570  -5.0734E+01
    9.580  -6.0706E+01
    9.590  -8.9004E+01
    9.600  -1.4324E+02
    9.610  -1.9249E+02
    9.620  -2.1890E+02
    9.630  -2.2790E+02
    9.640  -2.3362E+02
    9.650  -2.4457E+02
    9.660  -2.5792E+02
    9.670  -2.6133E+02
    9.680  -2.5730E+02
    9.690  -2.4418E+02
    9.700  -2.1898E+02
    9.710  -1.8764E+02
    9.720  -1.3867E+02
    9.730  -6.2167E+01
    9.740   3.4946E+01
    9.750   1.3769E+02
    9.760   2.0845E+02
    9.770   2.2674E+02
    9.780   2.1110E+02
    9.790   1.8134E+02
    9.800   1.4345E+02
    9.810   1.0227E+02
    9.820   7.1053E+01
    9.830   4.9864E+01
    9.840   3.5230E+01
    9.850   3.0907E+01
    9.860   3.2497E+01
    9.870   2.5058E+01
    9.880  -2.2240E-01
    9.890  -2.0899E+01
    9.900  -2.5219E+01
    9.910  -1.9929E+01
    9.920  -7.1376E+00
    9.930   4.2691E+00
    9.940   5.6189E+00
    9.950  -6.6704E+00
    9.960  -3.3476E+01
    9.970  -7.2618E+01
    9.980  -1.0504E+02
    9.990  -1.1721E+02
   10.000  -1.0511E+02
   10.010  -8.6538E+01
   10.020  -8.2604E+01
   10.030  -8.7245E+01
   10.040  -8.2960E+01
   10.050  -6.3096E+01
   10.060  -2.9238E+01
   10.070   1.2646E+01
   10.080   5.4448E+01
   10.090   8.7701E+01
   10.100   1.0599E+02
   10.110   1.1962E+02
   10.120   1.3717E+02
   10.130   1.5024E+02
   10.140   1.5837E+02
   10.150   1.7187E+02
   10.160   1.8897E+02
   10.170   2.0544E+02
   10.180   2.2016E+02
   10.190   2.2291E+02
   10.200   2.0799E+02
   10.210   1.6450E+02
   10.220   1.0190E+02
   10.230   3.3291E+01
   10.240  -2.9698E+01
   10.250  -8.5134E+01
   10.260  -1.3515E+02
   10.270  -1.7395E+02
   10.280  -1.9341E+02
   10.290  -1.8216E+02
   10.300  -1.4549E+02
   10.310  -1.1518E+02
   10.320  -1.1690E+02
   10.330  -1.5035E+02
   10.340  -1.9543E+02
   10.350  -2.2964E+02
   10.360  -2.2698E+02
   10.370  -1.9291E+02
   10.380  -1.5467E+02
   10.390  -1.3216E+02
   10.400  -1.2675E+02
   10.410  -1.2258E+02
   10.420  -1.1341E+02
   10.430  -1.0473E+02
   10.440  -1.0163E+02
   10.450  -1.1286E+02
   10.460  -1.4386E+02
   10.470  -1.6189E+02
   10.480  -1.5714E+02
   10.490  -1.4432E+02
   10.500  -1.4644E+02
   10.510  -1.7463E+02
   10.520  -2.0767E+02
   10.530  -2.2804E+02
   10.540  -2.2178E+02
   10.550  -1.9435E+02
   10.560  -1.6117E+02
   10.570  -1.2676E+02
   10.580  -9.1091E+01
   10.590  -6.0392E+01
   10.600  -3.5446E+01
   10.610  -1.4889E+01
   10.620  -2.2123E-01
   10.630   1.3349E+01
   10.640   3.0029E+01
   10.650   5.3505E+01
   10.660   8.3272E+01
   10.670   1.1624E+02
   10.680   1.4734E+02
   10.690   1.7545E+02
   10.700   1.9777E+02
   10.710   2.0928E+02
   10.720   2.0977E+02
   10.730   1.9823E+02
   10.740   1.7986E+02
   10.750   1.5869E+02
   10.760   1.3072E+02
   10.770   1.0292E+02
   10.780   6.4428E+01
   10.790   4.8234E+00
   10.800  -5.6960E+01
   10.810  -1.0217E+02
   10.820  -1.3276E+02
   10.830  -1.3362E+02
   10.840  -1.0315E+02
   10.850  -4.2620E+01
   10.860   3.0772E+01
   10.870   1.0180E+02
   10.880   1.5496E+02
   10.890   1.6562E+02
   10.900   1.5122E+02
   10.910   1.4695E+02
   10.920   1.6706E+02
   10.930   1.9241E+02
   10.940   1.9512E+02
   10.950   1.5948E+02
   10.960   9.9443E+01
   10.970   4.7858E+01
   10.980   1.6924E+01
   10.990   1.1064E+01
   11.000   3.0304E+01
   11.010   5.7040E+01
   11.020   9.5247E+01
   11.030   1.5219E+02
   11.040   2.0995E+02
   11.050   2.3848E+02
   11.060   2.4364E+02
   11.070   2.5206E+02
   11.080   2.6980E+02
   11.090   2.8008E+02
   11.100   2.5817E+02
   11.110   1.8756E+02
   11.120   9.1664E+01
   11.130   1.5909E+01
   11.140  -2.1315E+01
   11.150  -1.8642E+01
   11.160   4.6942E+00
   11.170   3.5787E+01
   11.180   6.3876E+01
   11.190   8.0855E+01
   11.200   8.9197E+01
   11.210   8.4628E+01
   11.220   7.6151E+01
   11.230   6.5985E+01
   11.240   4.7054E+01
   11.250   2.8848E+01
   11.260   3.2470E+01
   11.270   5.3196E+01
   11.280   6.9501E+01
   11.290   5.9703E+01
   11.300   2.0673E+01
   11.310  -2.7011E+01
   11.320  -6.6420E+01
   11.330  -1.0717E+02
   11.340  -1.4265E+02
   11.350  -1.6047E+02
   11.360  -1.5881E+02
   11.370  -1.4548E+02
   11.380  -1.3018E+02
   11.390  -1.1606E+02
   11.400  -1.0216E+02
   11.410  -9.2900E+01
   11.420  -9.4850E+01
   11.430  -1.1069E+02
   11.440  -1.3096E+02
   11.450  -1.3301E+02
   11.460  -1.1444E+02
   11.470  -9.6958E+01
   11.480  -8.2231E+01
   11.490  -5.8185E+01
   11.500  -4.2332E+01
   11.510  -5.1195E+01
   11.520  -6.6804E+01
   11.530  -7.2142E+01
   11.540  -6.5328E+01
   11.550  -5.5456E+01
   11.560  -4.0804E+01
   11.570  -9.0279E+00
   11.580   3.4021E+01
   11.590   7.0728E+01
   11.600   9.6746E+01
   11.610   1.2086E+02
   11.620   1.3728E+02
   11.630   1.4216E+02
   11.640   1.4168E+02
   11.650   1.4375E+02
   11.660   1.4869E+02
   11.670   1.6734E+02
   11.680   1.9098E+02
   11.690   1.9845E+02
   11.700   1.8518E+02
   11.710   1.4799E+02
   11.720   9.8353E+01
   11.730   5.6966E+01
   11.740   3.7553E+01
   11.750   3.6499E+01
   11.760   4.1330E+01
   11.770   6.3121E+01
   11.780   1.1657E+02
   11.790   1.8244E+02
   11.800   2.3340E+02
   11.810   2.4131E+02
   11.820   1.9035E+02
   11.830   1.1015E+02
   11.840   4.9864E+01
   11.850   1.7028E+01
   11.860  -5.0385E+00
   11.870  -2.4590E+01
   11.880  -4.8468E+01
   11.890  -8.6744E+01
   11.900  -1.2409E+02
   11.910  -1.3891E+02
   11.920  -1.3617E+02
   11.930  -1.2650E+02
   11.940  -9.8569E+01
   11.950  -3.7229E+01
   11.960   2.9108E+01
   11.970   5.9615E+01
   11.980   4.3194E+01
   11.990  -5.2647E+00
   12.000  -6.0355E+01
   12.010  -1.0291E+02
   12.020  -1.3348E+02
   12.030  -1.4561E+02
   12.040  -1.2939E+02
   12.050  -9.3378E+01
   12.060  -5.0269E+01
   12.070  -6.3175E+00
   12.080   2.3882E+01
   12.090   2.0152E+01
   12.100  -1.0219E+01
   12.110  -5.2684E+01
   12.120  -1.0357E+02
   12.130  -1.4191E+02
   12.140  -1.5343E+02
   12.150  -1.3457E+02
   12.160  -9.3819E+01
   12.170  -4.4621E+01
   12.180  -5.6359E+00
   12.190   1.1262E+01
   12.200   1.1313E+01
   12.210   1.3287E+01
   12.220   2.0436E+01
   12.230   3.1715E+01
   12.240   4.4556E+01
   12.250   4.2748E+01
   12.260   1.8995E+01
   12.270  -2.5942E+01
   12.280  -8.3125E+01
   12.290  -1.4043E+02
   12.300  -1.8866E+02
   12.310  -2.1809E+02
   12.320  -2.1350E+02
   12.330  -1.8219E+02
   12.340  -1.5620E+02
   12.350  -1.4738E+02
   12.360  -1.5123E+02
   12.370  -1.5238E+02
   12.380  -1.3604E+02
   12.390  -1.0662E+02
   12.400  -7.2516E+01
   12.410  -4.7201E+01
   12.420  -3.5521E+01
   12.430  -3.2422E+01
   12.440  -4.9353E+01
   12.450  -9.1588E+01
   12.460  -1.3473E+02
   12.470  -1.5138E+02
   12.480  -1.4345E+02
   12.490  -1.2145E+02
   12.500  -9.9408E+01
   12.510  -8.4057E+01
   12.520  -7.0638E+01
   12.530  -5.6113E+01
   12.540  -2.3647E+01
   12.550   2.5283E+01
   12.560   8.4051E+01
   12.570   1.4051E+02
   12.580   1.9139E+02
   12.590   2.4322E+02
   12.600   2.8826E+02
   12.610   3.0653E+02
   12.620   2.9883E+02
   12.630   2.8635E+02
   12.640   2.7743E+02
   12.650   2.5969E+02
   12.660   2.2833E+02
   12.670   1.9313E+02
   12.680   1.6450E+02
   12.690   1.3942E+02
   12.700   1.0270E+02
   12.710   6.0203E+01
   12.720   3.8899E+01
   12.730   4.7973E+01
   12.740   6.6818E+01
   12.750   7.5523E+01
   12.760   7.5133E+01
   12.770   6.2837E+01
   12.780   3.8773E+01
   12.790   8.3739E+00
   12.800  -3.3613E+01
   12.810  -7.0746E+01
   12.820  -8.5544E+01
   12.830  -8.9357E+01
   12.840  -9.6290E+01
   12.850  -1.0464E+02
   12.860  -1.1951E+02
   12.870  -1.4606E+02
   12.880  -1.7195E+02
   12.890  -1.9140E+02
   12.900  -2.0133E+02
   12.910  -2.0487E+02
   12.920  -2.0319E+02
   12.930  -2.0402E+02
   12.940  -2.1285E+02
   12.950  -2.1306E+02
   12.960  -2.1132E+02
   12.970  -2.0852E+02
   12.980  -1.9524E+02
   12.990  -1.7138E+02
   13.000  -1.4616E+02
   13.010  -1.2656E+02
   13.020  -1.0386E+02
   13.030  -8.8933E+01
   13.040  -9.1585E+01
   13.050  -1.0447E+02
   13.060  -1.2389E+02
   13.070  -1.3444E+02
   13.080  -1.2189E+02
   13.090  -9.3330E+01
   13.100  -6.5224E+01
   13.110  -4.0211E+01
   13.120  -1.3346E+01
   13.130   1.1247E+01
   13.140   3.5825E+01
   13.150   5.4221E+01
   13.160   6.1566E+01
   13.170   6.1873E+01
   13.180   5.3464E+01
   13.190   3.5977E+01
   13.200   1.4327E+01
   13.210  -7.6118E+00
   13.220  -2.8944E+01
   13.230  -3.8166E+01
   13.240  -2.5721E+01
   13.250  -1.8000E+00
   13.260   1.5192E+01
   13.270   1.4296E+01
   13.280   9.4497E-01
   13.290  -2.2658E+01
   13.300  -4.9885E+01
   13.310  -6.5848E+01
   13.320  -6.5776E+01
   13.330  -5.5861E+01
   13.340  -4.2021E+01
   13.350  -2.6197E+01
   13.360  -9.1275E+00
   13.370   9.7010E+00
   13.380   2.7093E+01
   13.390   4.0763E+01
   13.400   5.3034E+01
   13.410   6.5118E+01
   13.420   7.8167E+01
   13.430   9.2105E+01
   13.440   1.0164E+02
   13.450   9.6238E+01
   13.460   7.2014E+01
   13.470   3.6834E+01
   13.480   6.6443E+00
   13.490  -5.8145E+00
   13.500  -7.0924E+00
   13.510  -5.2977E+00
   13.520  -6.4949E-01
   13.530   1.5381E+01
   13.540   4.6872E+01
   13.550   8.9756E+01
   13.560   1.3566E+02
   13.570   1.7094E+02
   13.580   1.8766E+02
   13.590   1.8600E+02
   13.600   1.7375E+02
   13.610   1.5590E+02
   13.620   1.3048E+02
   13.630   9.9606E+01
   13.640   6.8964E+01
   13.650   4.1069E+01
   13.660   2.0182E+01
   13.670   1.0076E+01
   13.680   6.6176E+00
   13.690   5.3782E+00
   13.700   6.3076E+00
   13.710   5.2035E+00
   13.720  -3.3936E+00
   13.730  -8.8904E+00
   13.740  -4.8336E+00
   13.750   3.4839E+00
   13.760   1.5123E+01
   13.770   2.8742E+01
   13.780   3.7672E+01
   13.790   3.5857E+01
   13.800   2.1947E+01
   13.810   2.3833E-01
   13.820  -2.3115E+01
   13.830  -4.2922E+01
   13.840  -5.4871E+01
   13.850  -5.7625E+01
   13.860  -5.4585E+01
   13.870  -4.7147E+01
   13.880  -4.2048E+01
   13.890  -4.2107E+01
   13.900  -4.4934E+01
   13.910  -4.9388E+01
   13.920  -5.6593E+01
   13.930  -6.2533E+01
   13.940  -5.9583E+01
   13.950  -5.0614E+01
   13.960  -4.1349E+01
   13.970  -3.0905E+01
   13.980  -2.3378E+01
   13.990  -2.5975E+01
   14.000  -3.5961E+01
   14.010  -5.0715E+01
   14.020  -6.8824E+01
   14.030  -8.2161E+01
   14.040  -7.9383E+01
   14.050  -6.1568E+01
   14.060  -3.7051E+01
   14.070  -1.2824E+01
   14.080   3.0776E+00
   14.090   1.5477E+01
   14.100   3.3815E+01
   14.110   6.2600E+01
   14.120   9.3071E+01
   14.130   1.1542E+02
   14.140   1.2166E+02
   14.150   1.1258E+02
   14.160   1.0028E+02
   14.170   9.4967E+01
   14.180   1.0064E+02
   14.190   1.1134E+02
   14.200   1.2023E+02
   14.210   1.2476E+02
   14.220   1.2618E+02
   14.230   1.2259E+02
   14.240   1.1345E+02
   14.250   1.0257E+02
   14.260   9.8947E+01
   14.270   1.0472E+02
   14.280   1.1125E+02
   14.290   1.1268E+02
   14.300   1.0806E+02
   14.310   9.8835E+01
   14.320   8.6981E+01
   14.330   7.6378E+01
   14.340   6.9391E+01
   14.350   6.3397E+01
   14.360   5.9807E+01
   14.370   5.8293E+01
   14.380   5.3794E+01
   14.390   4.0259E+01
   14.400   1.9690E+01
   14.410   5.4724E-02
   14.420  -1.5167E+01
   14.430  -2.4630E+01
   14.440  -2.4524E+01
   14.450  -1.2693E+01
   14.460   5.7630E+00
   14.470   1.9824E+01
   14.480   2.1989E+01
   14.490   1.6805E+01
   14.500   9.6921E+00
   14.510   4.4906E+00
   14.520   5.7483E+00
   14.530   1.1055E+01
   14.540   1.6626E+01
   14.550   2.2198E+01
   14.560   3.0047E+01
   14.570   3.8856E+01
   14.580   4.4046E+01
   14.590   4.2152E+01
   14.600   3.2084E+01
   14.610   1.6876E+01
   14.620   3.1075E-01
   14.630  -1.3811E+01
   14.640  -2.3539E+01
   14.650  -2.8901E+01
   14.660  -3.0350E+01
   14.670  -3.2064E+01
   14.680  -3.7625E+01
   14.690  -4.2094E+01
   14.700  -3.9555E+01
   14.710  -2.9919E+01
   14.720  -1.5758E+01
   14.730  -2.4373E+00
   14.740   6.4141E+00
   14.750   9.6418E+00
   14.760   7.9888E+00
   14.770   5.5567E+00
   14.780   5.0837E+00
   14.790   2.3580E+00
   14.800  -4.2355E+00
   14.810  -1.1995E+01
   14.820  -2.0526E+01
   14.830  -3.0708E+01
   14.840  -4.2249E+01
   14.850  -5.2690E+01
   14.860  -5.9844E+01
   14.870  -6.2698E+01
   14.880  -5.7280E+01
   14.890  -4.3203E+01
   14.900  -2.6665E+01
   14.910  -1.2470E+01
   14.920  -2.0533E+00
   14.930   3.8453E+00
   14.940   8.6707E+00
   14.950   1.6361E+01
   14.960   2.3966E+01
   14.970   2.5776E+01
   14.980   2.0694E+01
   14.990   1.0909E+01
   15.000  -2.3729E+00
   15.010  -1.7580E+01
   15.020  -3.0456E+01
   15.030  -3.5703E+01
   15.040  -3.5618E+01
   15.050  -3.3884E+01
   15.060  -2.8429E+01
   15.070  -1.5900E+01
   15.080   7.6999E-01
   15.090   1.5376E+01
   15.100   2.4227E+01
   15.110   2.8578E+01
   15.120   2.9734E+01
   15.130   2.9579E+01
   15.140   2.9216E+01
   15.150   2.5706E+01
   15.160   2.0158E+01
   15.170   1.7518E+01
   15.180   1.7929E+01
   15.190   1.9390E+01
   15.200   2.0445E+01
   15.210   2.0804E+01
   15.220   2.0265E+01
   15.230   1.8921E+01
   15.240   1.6451E+01
   15.250   1.1397E+01
   15.260   4.5391E+00
   15.270  -1.9708E+00
   15.280  -7.3150E+00
   15.290  -1.2296E+01
   15.300  -1.9054E+01
   15.310  -2.8641E+01
   15.320  -3.9363E+01
   15.330  -4.8172E+01
   15.340  -5.4354E+01
   15.350  -5.9767E+01
   15.360  -6.5862E+01
   15.370  -7.3349E+01
   15.380  -8.1909E+01
   15.390  -8.8609E+01
   15.400  -9.1235E+01
   15.410  -8.9452E+01
   15.420  -8.5641E+01
   15.430  -8.3133E+01
   15.440  -8.2346E+01
   15.450  -8.1657E+01
   15.460  -8.0098E+01
   15.470  -7.8346E+01
   15.480  -7.6321E+01
   15.490  -7.3193E+01
   15.500  -6.8786E+01
   15.510  -6.2733E+01
   15.520  -5.6046E+01
   15.530  -5.0469E+01
   15.540  -4.5368E+01
   15.550  -3.9550E+01
   15.560  -3.2379E+01
   15.570  -2.4440E+01
   15.580  -1.7259E+01
   15.590  -1.0952E+01
   15.600  -6.0078E+00
   15.610  -2.7717E+00
   15.620  -1.1076E+00
   15.630  -6.4726E-01
   15.640   4.2289E-03
   15.650   3.0015E+00
   15.660   9.2141E+00
   15.670   1.7454E+01
   15.680   2.4595E+01
   15.690   2.8050E+01
   15.700   2.6931E+01
   15.710   2.2293E+01
   15.720   1.6487E+01
   15.730   1.3201E+01
   15.740   1.3806E+01
   15.750   1.6581E+01
   15.760   1.9195E+01
   15.770   1.9268E+01
   15.780   1.5318E+01
   15.790   7.3256E+00
   15.800  -2.6418E+00
   15.810  -1.2364E+01
   15.820  -2.0477E+01
   15.830  -2.5110E+01
   15.840  -2.6662E+01
   15.850  -2.7038E+01
   15.860  -2.7214E+01
   15.870  -2.7223E+01
   15.880  -2.6633E+01
   15.890  -2.4992E+01
   15.900  -2.2024E+01
   15.910  -1.8350E+01
   15.920  -1.4958E+01
   15.930  -1.1835E+01
   15.940  -8.2278E+00
   15.950  -5.2469E+00
   15.960  -4.5730E+00
   15.970  -5.8664E+00
   15.980  -7.6059E+00
   15.990  -8.2914E+00
   16.000  -6.2878E+00
   16.010  -1.3596E+00
   16.020   5.4531E+00
   16.030   1.2901E+01
   16.040   2.0201E+01
   16.050   2.8022E+01
   16.060   3.6888E+01
   16.070   4.5080E+01
   16.080   5.1212E+01
   16.090   5.4095E+01
   16.100   5.2495E+01
   16.110   4.7456E+01
   16.120   4.3291E+01
   16.130   4.0804E+01
   16.140   3.7563E+01
   16.150   3.2364E+01
   16.160   2.5337E+01
   16.170   1.7374E+01
   16.180   9.9381E+00
   16.190   4.6452E+00
   16.200   1.4442E+00
   16.210  -9.0982E-01
   16.220  -3.0938E+00
   16.230  -5.5717E+00
   16.240  -6.8642E+00
   16.250  -6.0377E+00
   16.260  -4.7727E+00
   16.270  -4.1826E+00
   16.280  -4.6453E+00
   16.290  -6.1765E+00
   16.300  -7.7518E+00
   16.310  -8.1964E+00
   16.320  -8.4595E+00
   16.330  -1.0275E+01
   16.340  -1.3825E+01
   16.350  -1.7830E+01
   16.360  -2.0922E+01
   16.370  -2.3331E+01
   16.380  -2.5023E+01
   16.390  -2.5550E+01
   16.400  -2.4973E+01
   16.410  -2.4178E+01
   16.420  -2.3442E+01
   16.430  -2.3279E+01
   16.440  -2.4051E+01
   16.450  -2.4662E+01
   16.460  -2.5366E+01
   16.470  -2.6881E+01
   16.480  -2.7655E+01
   16.490  -2.6970E+01
   16.500  -2.5226E+01
   16.510  -2.1347E+01
   16.520  -1.5248E+01
   16.530  -8.4776E+00
   16.540  -2.7648E+00
   16.550   1.6744E+00
   16.560   5.2059E+00
   16.570   8.1178E+00
   16.580   1.0924E+01
   16.590   1.3413E+01
   16.600   1.6011E+01
   16.610   2.0182E+01
   16.620   2.6494E+01
   16.630   3.4439E+01
   16.640   4.2741E+01
   16.650   4.9465E+01
   16.660   5.3239E+01
   16.670   5.4006E+01
   16.680   5.2637E+01
   16.690   4.9574E+01
   16.700   4.4108E+01
   16.710   3.6345E+01
   16.720   2.8452E+01
   16.730   2.2674E+01
   16.740   1.9983E+01
   16.750   2.0010E+01
   16.760   2.0751E+01
   16.770   2.0013E+01
   16.780   1.6915E+01
   16.790   1.1855E+01
   16.800   6.3696E+00
   16.810   2.3255E+00
   16.820  -1.3773E-02
   16.830  -7.4138E-01
   16.840   9.6587E-01
   16.850   4.0813E+00
   16.860   6.5115E+00
   16.870   7.8252E+00
   16.880   7.9156E+00
   16.890   6.3031E+00
   16.900   3.9865E+00
   16.910   1.9293E+00
   16.920  -1.0869E-01
   16.930  -2.2423E+00
   16.940  -4.2960E+00
   16.950  -5.4878E+00
   16.960  -4.9232E+00
   16.970  -3.9863E+00
   16.980  -4.0963E+00
   16.990  -5.9150E+00
   17.000  -9.5591E+00
   17.010  -1.3353E+01
   17.020  -1.5727E+01
   17.030  -1.5797E+01
   17.040  -1.3815E+01
   17.050  -1.0855E+01
   17.060  -7.9989E+00
   17.070  -5.6376E+00
   17.080  -4.4236E+00
   17.090  -3.6730E+00
   17.100  -2.5905E+00
   17.110  -1.6171E+00
   17.120  -1.5342E+00
   17.130  -2.2232E+00
   17.140  -1.8509E+00
   17.150  -2.1880E-01
   17.160   1.0433E+00
   17.170   1.7123E+00
   17.180   2.1327E+00
   17.190   2.4429E+00
   17.200   2.4184E+00
   17.210   1.6819E+00
   17.220  -2.9920E-01
   17.230  -3.1816E+00
   17.240  -5.7681E+00
   17.250  -7.9318E+00
   17.260  -1.0211E+01
   17.270  -1.2165E+01
   17.280  -1.3572E+01
   17.290  -1.5149E+01
   17.300  -1.8901E+01
   17.310  -2.4875E+01
   17.320  -3.1380E+01
   17.330  -3.6853E+01
   17.340  -3.9624E+01
   17.350  -3.8836E+01
   17.360  -3.4697E+01
   17.370  -2.8695E+01
   17.380  -2.2856E+01
   17.390  -1.8907E+01
   17.400  -1.6955E+01
   17.410  -1.5432E+01
   17.420  -1.3113E+01
   17.430  -9.7016E+00
   17.440  -6.4227E+00
   17.450  -4.2828E+00
   17.460  -1.0214E+00
   17.470   5.1242E+00
   17.480   1.3003E+01
   17.490   2.0851E+01
   17.500   2.6440E+01
   17.510   2.8478E+01
   17.520   2.7854E+01
   17.530   2.7230E+01
   17.540   2.7368E+01
   17.550   2.6839E+01
   17.560   2.4682E+01
   17.570   2.2070E+01
   17.580   2.0768E+01
   17.590   2.0874E+01
   17.600   2.1379E+01
   17.610   2.0699E+01
   17.620   1.7743E+01
   17.630   1.2741E+01
   17.640   7.7067E+00
   17.650   4.1498E+00
   17.660   1.7615E+00
   17.670   1.1316E+00
   17.680   2.6430E+00
   17.690   4.7731E+00
   17.700   5.5979E+00
   17.710   5.4407E+00
   17.720   5.4746E+00
   17.730   5.8500E+00
   17.740   5.6914E+00
   17.750   3.5272E+00
   17.760   2.5304E-01
   17.770  -2.6351E+00
   17.780  -5.9988E+00
   17.790  -1.0284E+01
   17.800  -1.4694E+01
   17.810  -1.8235E+01
   17.820  -2.1021E+01
   17.830  -2.3150E+01
   17.840  -2.3630E+01
   17.850  -2.2326E+01
   17.860  -2.0474E+01
   17.870  -1.9064E+01
   17.880  -1.7667E+01
   17.890  -1.5947E+01
   17.900  -1.4943E+01
   17.910  -1.5426E+01
   17.920  -1.5626E+01
   17.930  -1.4324E+01
   17.940  -1.1363E+01
   17.950  -7.6521E+00
   17.960  -4.1099E+00
   17.970  -1.3862E-03
   17.980   3.9637E+00
   17.990   6.0133E+00
   18.000   5.8338E+00
   18.010   4.5991E+00
   18.020   2.7861E+00
   18.030   1.6432E+00
   18.040   1.7344E+00
   18.050   2.1687E+00
   18.060   2.5460E+00
   18.070   3.0473E+00
   18.080   4.2004E+00
   18.090   5.8424E+00
   18.100   7.3879E+00
   18.110   8.6418E+00
   18.120   1.0227E+01
   18.130   1.2063E+01
   18.140   1.4031E+01
   18.150   1.6524E+01
   18.160   1.7997E+01
   18.170   1.7405E+01
   18.180   1.5550E+01
   18.190   1.3766E+01
   18.200   1.2606E+01
   18.210   1.1543E+01
   18.220   9.7438E+00
   18.230   7.3833E+00
   18.240   5.2567E+00
   18.250   4.1829E+00
   18.260   4.7646E+00
   18.270   6.4751E+00
   18.280   8.3210E+00
   18.290   9.6907E+00
   18.300   1.0407E+01
   18.310   1.0632E+01
   18.320   1.0788E+01
   18.330   1.0361E+01
   18.340   9.5591E+00
   18.350   8.8012E+00
   18.360   8.0124E+00
   18.370   7.4317E+00
   18.380   7.3060E+00
   18.390   7.4022E+00
   18.400   7.5550E+00
   18.410   7.8605E+00
   18.420   8.0340E+00
   18.430   8.4880E+00
   18.440   9.9230E+00
   18.450   1.1615E+01
   18.460   1.2827E+01
   18.470   1.3112E+01
   18.480   1.2398E+01
   18.490   1.1177E+01
   18.500   1.0194E+01
   18.510   9.4861E+00
   18.520   9.3349E+00
   18.530   1.0080E+01
   18.540   1.1545E+01
   18.550   1.3480E+01
   18.560   1.5228E+01
   18.570   1.6034E+01
   18.580   1.6466E+01
   18.590   1.7236E+01
   18.600   1.8126E+01
   18.610   1.8489E+01
   18.620   1.7828E+01
   18.630   1.5787E+01
   18.640   1.3116E+01
   18.650   1.1248E+01
   18.660   9.7778E+00
   18.670   7.6170E+00
   18.680   4.9273E+00
   18.690   2.7910E+00
   18.700   1.7514E+00
   18.710   1.2744E+00
   18.720   2.6641E-01
   18.730  -2.4767E+00
   18.740  -6.6627E+00
   18.750  -1.0615E+01
   18.760  -1.3279E+01
   18.770  -1.4471E+01
   18.780  -1.4960E+01
   18.790  -1.6008E+01
   18.800  -1.7623E+01
   18.810  -1.9296E+01
   18.820  -2.0574E+01
   18.830  -2.1099E+01
   18.840  -2.1056E+01
   18.850  -2.0266E+01
   18.860  -1.8559E+01
   18.870  -1.5830E+01
   18.880  -1.2325E+01
   18.890  -8.7993E+00
   18.900  -5.5063E+00
   18.910  -2.4529E+00
   18.920  -5.4590E-01
   18.930  -1.9881E-01
   18.940  -8.0102E-01
   18.950  -1.7051E+00
   18.960  -2.9938E+00
   18.970  -4.2153E+00
   18.980  -4.5257E+00
   18.990  -4.1894E+00
   19.000  -3.4129E+00
   19.010  -2.4130E+00
   19.020  -1.2569E+00
   19.030  -4.7620E-03
   19.040   1.4167E+00
   19.050   2.6720E+00
   19.060   3.5106E+00
   19.070   3.7492E+00
   19.080   3.2414E+00
   19.090   2.4964E+00
   19.100   2.3567E+00
   19.110   2.5112E+00
   19.120   2.4854E+00
   19.130   2.3133E+00
   19.140   2.0691E+00
   19.150   1.8897E+00
   19.160   2.0945E+00
   19.170   2.3160E+00
   19.180   1.4556E+00
   19.190  -5.1284E-01
   19.200  -2.8614E+00
   19.210  -5.3359E+00
   19.220  -7.0751E+00
   19.230  -7.2984E+00
   19.240  -6.3666E+00
   19.250  -4.2187E+00
   19.260  -8.3624E-01
   19.270   2.8704E+00
   19.280   5.8616E+00
   19.290   7.7177E+00
   19.300   8.7691E+00
   19.310   9.4435E+00
   19.320   1.0322E+01
   19.330   1.0630E+01
   19.340   9.5390E+00
   19.350   6.9520E+00
   19.360   2.9575E+00
   19.370  -1.8216E+00
   19.380  -6.4867E+00
   19.390  -1.0249E+01
   19.400  -1.2861E+01
   19.410  -1.4540E+01
   19.420  -1.5193E+01
   19.430  -1.4548E+01
   19.440  -1.3070E+01
   19.450  -1.1625E+01
   19.460  -1.0404E+01
   19.470  -9.2463E+00
   19.480  -7.2483E+00
   19.490  -3.9343E+00
   19.500  -8.3469E-01
   19.510   3.6645E-01
   19.520  -5.0618E-01
   19.530  -2.4812E+00
   19.540  -3.6828E+00
   19.550  -2.7590E+00
   19.560  -4.0846E-01
   19.570   2.1698E+00
   19.580   3.8344E+00
   19.590   4.4780E+00
   19.600   4.1220E+00
   19.610   2.8374E+00
   19.620   1.4902E+00
   19.630   6.6826E-01
   19.640   4.7825E-01
   19.650   5.9158E-01
   19.660   7.7758E-01
   19.670   9.4029E-01
   19.680   1.0539E+00
   19.690   1.5581E+00
   19.700   2.4744E+00
   19.710   2.9675E+00
   19.720   2.2269E+00
   19.730   6.1425E-01
   19.740  -1.1550E+00
   19.750  -2.8448E+00
   19.760  -4.2752E+00
   19.770  -5.3219E+00
   19.780  -5.9664E+00
   19.790  -6.4309E+00
   19.800  -7.0742E+00
   19.810  -7.6944E+00
   19.820  -8.2272E+00
   19.830  -8.7456E+00
   19.840  -9.2324E+00
   19.850  -9.5763E+00
   19.860  -9.7712E+00
   19.870  -9.6046E+00
   19.880  -9.1765E+00
   19.890  -8.9944E+00
   19.900  -9.0862E+00
   19.910  -9.0869E+00
   19.920  -8.9317E+00
   19.930  -9.0195E+00
   19.940  -9.4919E+00
   19.950  -1.0437E+01
   19.960  -1.1229E+01
   19.970  -1.1321E+01
   19.980  -1.0507E+01
   19.990  -8.6855E+00
   20.000  -5.8374E+00
   20.010  -2.5046E+00
   20.020   1.0220E+00
   20.030   4.6105E+00
   20.040   7.5451E+00
   20.050   9.7243E+00
   20.060   1.1235E+01
   20.070   1.1864E+01
   20.080   1.1655E+01
   20.090   1.0854E+01
   20.100   9.7378E+00
   20.110   8.5269E+00
   20.120   7.3038E+00
   20.130   6.0464E+00
   20.140   4.7345E+00
   20.150   3.4388E+00
   20.160   2.3127E+00
   20.170   1.5033E+00
   20.180   1.0620E+00
   20.190   9.4411E-01
   20.200   1.0743E+00
   20.210   1.3908E+00
   20.220   1.8186E+00
   20.230   2.2426E+00
   20.240   2.5407E+00
   20.250   2.6441E+00
   20.260   2.5440E+00
   20.270   2.2471E+00
   20.280   1.7436E+00
   20.290   1.0277E+00
   20.300   1.4873E-01
   20.310  -7.5129E-01
   20.320  -1.4704E+00
   20.330  -1.8641E+00
   20.340  -1.9643E+00
   20.350  -1.9564E+00
   20.360  -2.0079E+00
   20.370  -2.1278E+00
   20.380  -2.2186E+00
   20.390  -2.2405E+00
   20.400  -2.2776E+00
   20.410  -2.4305E+00
   20.420  -2.6727E+00
   20.430  -2.8229E+00
   20.440  -2.6647E+00
   20.450  -2.1266E+00
   20.460  -1.3804E+00
   20.470  -7.4468E-01
   20.480  -4.5461E-01
   20.490  -5.2703E-01
   20.500  -8.6272E-01
   20.510  -1.4267E+00
   20.520  -2.2503E+00
   20.530  -3.2737E+00
   20.540  -4.2987E+00
   20.550  -5.1517E+00
   20.560  -5.8315E+00
   20.570  -6.4277E+00
   20.580  -6.9199E+00
   20.590  -7.1147E+00
   20.600  -6.2104E+00
   20.610  -5.2925E+00
   20.620  -3.8716E+00
   20.630  -2.2062E+00
   20.640  -5.8568E-01
   20.650   7.8709E-01
   20.660   1.8198E+00
   20.670   2.4583E+00
   20.680   2.6439E+00
   20.690   2.3960E+00
   20.700   1.9122E+00
   20.710   1.4998E+00
   20.720   1.3491E+00
   20.730   1.3956E+00
   20.740   1.4380E+00
   20.750   1.3839E+00
   20.760   1.3449E+00
   20.770   1.4892E+00
   20.780   1.8327E+00
   20.790   2.2010E+00
   20.800   2.3891E+00
   20.810   2.3411E+00
   20.820   2.1782E+00
   20.830   2.0828E+00
   20.840   2.1728E+00
   20.850   2.4595E+00
   20.860   2.8639E+00
   20.870   3.2400E+00
   20.880   3.4110E+00
   20.890   3.2513E+00
   20.900   2.7866E+00
   20.910   2.2129E+00
   20.920   1.7683E+00
   20.930   1.5411E+00
   20.940   1.3965E+00
   20.950   1.1223E+00
   20.960   6.5838E-01
   20.970   1.6337E-01
   20.980  -1.4318E-01
   20.990  -1.5347E-01
   21.000   1.3914E-01
   21.010   7.5137E-01
   21.020   1.7043E+00
   21.030   2.8964E+00
   21.040   4.0709E+00
   21.050   4.9678E+00
   21.060   5.4849E+00
   21.070   5.6728E+00
   21.080   5.6297E+00
   21.090   5.4529E+00
   21.100   5.2528E+00
   21.110   5.1273E+00
   21.120   5.1002E+00
   21.130   5.1062E+00
   21.140   5.0412E+00
   21.150   4.8093E+00
   21.160   4.3500E+00
   21.170   3.6836E+00
   21.180   2.9517E+00
   21.190   2.3764E+00
   21.200   2.1371E+00
   21.210   2.2635E+00
   21.220   2.6234E+00
   21.230   2.9923E+00
   21.240   3.1529E+00
   21.250   2.9827E+00
   21.260   2.4891E+00
   21.270   1.7656E+00
   21.280   9.1787E-01
   21.290   3.6794E-02
   21.300  -7.7132E-01
   21.310  -1.3695E+00
   21.320  -1.6349E+00
   21.330  -1.4172E+00
   21.340  -9.8377E-01
   21.350  -3.6252E-01
   21.360   3.1068E-01
   21.370   6.9584E-01
   21.380   1.1939E+00
   21.390   1.5359E+00
   21.400   1.6145E+00
   21.410   1.3483E+00
   21.420   7.7779E-01
   21.430   7.1576E-02
   21.440  -5.8930E-01
   21.450  -1.1371E+00
   21.460  -1.6293E+00
   21.470  -2.1483E+00
   21.480  -2.6974E+00
   21.490  -3.1804E+00
   21.500  -3.4698E+00
   21.510  -3.4992E+00
   21.520  -3.3110E+00
   21.530  -3.0291E+00
   21.540  -2.7802E+00
   21.550  -3.6495E+00
   21.560  -3.4721E+00
   21.570  -4.3347E+00
   21.580  -4.0188E+00
   21.590  -3.5013E+00
   21.600  -2.7858E+00
   21.610  -1.1959E+00
   21.620  -2.3007E-01
   21.630   6.4723E-01
   21.640   1.3409E+00
   21.650   1.8927E+00
   21.660   2.4460E+00
   21.670   3.1028E+00
   21.680   3.8440E+00
   21.690   4.5916E+00
   21.700   5.2880E+00
   21.710   5.8633E+00
   21.720   6.1772E+00
   21.730   6.1000E+00
   21.740   5.6804E+00
   21.750   5.1734E+00
   21.760   4.8524E+00
   21.770   4.8041E+00
   21.780   4.9046E+00
   21.790   4.9486E+00
   21.800   4.7782E+00
   21.810   4.3460E+00
   21.820   3.7275E+00
   21.830   3.0750E+00
   21.840   2.5140E+00
   21.850   2.0590E+00
   21.860   1.6277E+00
   21.870   1.1172E+00
   21.880   4.5549E-01
   21.890  -3.8685E-01
   21.900  -1.3773E+00
   21.910  -2.6918E+00
   21.920  -3.6884E+00
   21.930  -4.4660E+00
   21.940  -5.0005E+00
   21.950  -5.3000E+00
   21.960  -5.3606E+00
   21.970  -5.1766E+00
   21.980  -4.7647E+00
   21.990  -3.9266E+00
   22.000  -2.1962E+00
   22.010  -1.4607E+00
   22.020  -9.0695E-01
   22.030  -6.5426E-01
   22.040  -5.7313E-01
   22.050  -4.9337E-01
   22.060  -8.3369E-02
   22.070   1.3328E+00
   22.080   2.2737E+00
   22.090   3.1058E+00
   22.100   3.8767E+00
   22.110   3.9240E+00
   22.120   3.4378E+00
   22.130   2.4730E+00
   22.140   1.2358E+00
   22.150   6.5845E-03
   22.160  -9.9161E-01
   22.170  -1.6486E+00
   22.180  -1.9235E+00
   22.190  -1.8096E+00
   22.200  -1.3694E+00
   22.210  -7.6113E-01
   22.220  -1.7087E-01
   22.230   2.9357E-01
   22.240   6.2942E-01
   22.250   8.6426E-01
   22.260   9.7446E-01
   22.270   8.8181E-01
   22.280   5.2758E-01
   22.290  -4.2071E-02
   22.300  -6.6288E-01
   22.310  -1.1496E+00
   22.320  -1.4313E+00
   22.330  -1.5806E+00
   22.340  -1.6960E+00
   22.350  -1.7808E+00
   22.360  -1.7721E+00
   22.370  -1.6672E+00
   22.380  -1.5645E+00
   22.390  -1.5660E+00
   22.400  -1.6805E+00
   22.410  -1.8361E+00
   22.420  -1.9504E+00
   22.430   2.9112E-01
   22.440   3.9445E-01
   22.450   1.4597E-01
   22.460  -1.7588E-01
   22.470  -5.8021E-01
   22.480  -9.5923E-01
   22.490  -1.3872E+00
   22.500  -1.7217E+00
   22.510  -1.9318E+00
   22.520  -2.0623E+00
   22.530  -2.1987E+00
   22.540  -2.4085E+00
   22.550  -2.6967E+00
   22.560  -3.0140E+00
   22.570  -3.3149E+00
   22.580  -3.6126E+00
   22.590  -3.9650E+00
   22.600  -4.4068E+00
   22.610  -4.9053E+00
   22.620  -5.3930E+00
   22.630  -5.8304E+00
   22.640  -6.2231E+00
   22.650  -6.5661E+00
   22.660  -6.7748E+00
   22.670  -6.9151E+00
   22.680  -6.4244E+00
   22.690  -3.1940E+00
   22.700  -2.2156E+00
   22.710  -1.3242E+00
   22.720  -6.4607E-01
   22.730  -1.5258E-01
   22.740   2.6595E-01
   22.750   6.6945E-01
   22.760   1.0063E+00
   22.770   1.1809E+00
   22.780   1.1764E+00
   22.790   1.0937E+00
   22.800   1.0555E+00
   22.810   1.0832E+00
   22.820   1.0911E+00
   22.830   9.9793E-01
   22.840   8.1749E-01
   22.850   6.3552E-01
   22.860   5.3097E-01
   22.870   5.3767E-01
   22.880   6.4730E-01
   22.890   8.0114E-01
   22.900   8.8319E-01
   22.910   7.7441E-01
   22.920   4.4631E-01
   22.930   3.1472E-01
   22.940  -1.8237E-01
   22.950  -6.3051E-01
   22.960  -1.0023E+00
   22.970  -1.2489E+00
   22.980  -1.8278E+00
   22.990  -1.7007E+00
   23.000  -1.5770E+00
   23.010  -1.6308E+00
   23.020  -1.9032E+00
   23.030  -2.2834E+00
   23.040  -2.6148E+00
   23.050  -2.7885E+00
   23.060  -2.7572E+00
   23.070  -2.5307E+00
   23.080  -2.1875E+00
   23.090  -1.8395E+00
   23.100  -1.4837E+00
   23.110  -1.1791E+00
   23.120  -7.6657E-01
   23.130  -2.2542E-01
   23.140   4.0689E-01
   23.150   1.1267E+00
   23.160   1.9844E+00
   23.170   3.0018E+00
   23.180   4.1062E+00
   23.190   5.1550E+00
   23.200   6.0022E+00
   23.210   6.5520E+00
   23.220   6.6925E+00
   23.230   6.8955E+00
   23.240   6.8256E+00
   23.250   6.6364E+00
   23.260   6.2919E+00
   23.270   5.8471E+00
   23.280   5.4796E+00
   23.290   5.3141E+00
   23.300   5.2377E+00
   23.310   4.9576E+00
   23.320   4.2577E+00
   23.330   3.1845E+00
   23.340   2.0110E+00
   23.350   1.0632E+00
   23.360   5.4739E-01
   23.370   4.4390E-01
   23.380   5.2067E-01
   23.390   7.8081E-01
   23.400   4.5262E-01
   23.410  -7.7927E-03
   23.420  -4.8930E-01
   23.430  -8.7650E-01
   23.440  -1.1350E+00
   23.450  -1.2756E+00
   23.460  -1.3454E+00
   23.470  -1.4267E+00
   23.480  -1.5837E+00
   23.490  -1.8029E+00
   23.500  -2.0090E+00
   23.510  -2.1313E+00
   23.520  -2.1214E+00
   23.530  -1.9213E+00
   23.540  -1.4813E+00
   23.550  -8.5130E-01
   23.560  -2.2726E-01
   23.570   1.4653E-01
   23.580   1.5239E-01
   23.590  -1.1338E-01
   23.600  -4.2481E-01
   23.610  -6.0495E-01
   23.620  -6.4069E-01
   23.630  -6.3760E-01
   23.640  -6.7166E-01
   23.650  -6.9411E-01
   23.660  -5.8680E-01
   23.670  -2.9218E-01
   23.680   1.3966E-01
   23.690   6.3185E-01
   23.700   1.1691E+00
   23.710   1.7773E+00
   23.720   2.4318E+00
   23.730   2.9598E+00
   23.740   3.3479E+00
   23.750   3.5011E+00
   23.760   3.5434E+00
   23.770   2.8447E+00
   23.780   3.4614E+00
   23.790   3.0562E+00
   23.800   2.5208E+00
   23.810   2.2294E+00
   23.820   1.8513E+00
   23.830   1.7850E+00
   23.840   2.0917E+00
   23.850   2.6960E+00
   23.860   1.3515E+00
   23.870   2.0588E+00
   23.880   2.5430E+00
   23.890   2.6936E+00
   23.900   2.5624E+00
   23.910   2.3325E+00
   23.920   2.1777E+00
   23.930   2.1337E+00
   23.940   2.1108E+00
   23.950   2.0182E+00
   23.960   1.0188E-01
   23.970   6.4047E-02
   23.980   8.3350E-02
   23.990   1.8481E-01
   24.000   4.0348E-01
   24.010   7.8280E-01
   24.020   1.3271E+00
   24.030   1.9794E+00
   24.040   2.5959E+00
   24.050   3.0490E+00
   24.060   3.2899E+00
   24.070   3.3569E+00
   24.080   3.3832E+00
   24.090   3.6004E+00
   24.100   3.5715E+00
   24.110   3.4182E+00
   24.120   3.0566E+00
   24.130   2.6540E+00
   24.140   2.4396E+00
   24.150   2.3655E+00
   24.160   2.3616E+00
   24.170   2.3607E+00
   24.180   2.3550E+00
   24.190   2.3430E+00
   24.200   2.2649E+00
   24.210   2.0209E+00
   24.220   1.5374E+00
   24.230   8.0569E-01
   24.240  -1.1821E-01
   24.250  -1.1276E+00
   24.260  -2.1050E+00
   24.270  -2.9905E+00
   24.280  -3.8186E+00
   24.290  -4.8391E+00
   24.300  -5.6865E+00
   24.310  -6.6047E+00
   24.320  -7.6172E+00
   24.330  -9.1548E+00
   24.340  -9.9309E+00
   24.350  -1.0644E+01
   24.360  -1.0549E+01
   24.370  -1.0124E+01
   24.380  -9.5383E+00
   24.390  -8.9182E+00
   24.400  -8.3109E+00
   24.410  -7.7015E+00
   24.420  -7.0203E+00
   24.430  -6.1628E+00
   24.440  -5.0734E+00
   24.450  -9.8085E-01
   24.460   6.9197E-02
   24.470   9.1110E-01
   24.480   1.5773E+00
   24.490   2.1295E+00
   24.500   2.5756E+00
   24.510   2.9046E+00
   24.520   3.1638E+00
   24.530   3.4447E+00
   24.540   3.7996E+00
   24.550   4.2067E+00
   24.560   4.6192E+00
   24.570   5.0188E+00
   24.580   5.4142E+00
   24.590   5.3225E+00
   24.600   5.5655E+00
   24.610   5.7953E+00
   24.620   5.9244E+00
   24.630   5.9326E+00
   24.640   5.7775E+00
   24.650   5.4640E+00
   24.660   5.0248E+00
   24.670   4.5111E+00
   24.680   3.9820E+00
   24.690   3.4832E+00
   24.700   3.0325E+00
   24.710   2.6336E+00
   24.720   2.2986E+00
   24.730   2.1347E+00
   24.740   1.9331E+00
   24.750   1.7831E+00
   24.760   1.6661E+00
   24.770   1.5988E+00
   24.780   1.6006E+00
   24.790   1.6216E+00
   24.800   1.5689E+00
   24.810   1.1939E+00
   24.820   5.4838E-01
   24.830  -1.9950E-01
   24.840  -3.2673E+00
   24.850  -3.5228E+00
   24.860  -3.6137E+00
   24.870  -3.6734E+00
   24.880  -3.7012E+00
   24.890  -3.5932E+00
   24.900  -3.2729E+00
   24.910  -2.7603E+00
   24.920  -2.1262E+00
   24.930  -1.4175E+00
   24.940  -6.4551E-01
   24.950   1.7297E-01
   24.960   9.9322E-01
   24.970   1.7715E+00
   24.980   2.5060E+00
   24.990   3.2349E+00
   25.000   3.9899E+00
   25.010   4.7589E+00
   25.020   5.5021E+00
   25.030   6.1981E+00
   25.040   6.8670E+00
   25.050   7.5501E+00
   25.060   8.2739E+00
   25.070   9.0132E+00
   25.080   9.6578E+00
   25.090   1.0020E+01
   25.100   9.9257E+00
   25.110   9.3488E+00
   25.120   8.3841E+00
   25.130   5.3584E+00
   25.140   4.4304E+00
   25.150   3.6479E+00
   25.160   2.9446E+00
   25.170   3.1086E+00
   25.180   2.1526E+00
   25.190   1.1868E+00
   25.200   2.9520E-01
   25.210  -5.0854E-01
   25.220  -1.2718E+00
   25.230  -2.0457E+00
   25.240  -2.8352E+00
   25.250  -2.5012E+00
   25.260  -3.3584E+00
   25.270  -4.1698E+00
   25.280  -4.9285E+00
   25.290  -5.6330E+00
   25.300  -6.2953E+00
   25.310  -6.9204E+00
   25.320  -7.4599E+00
   25.330  -7.8056E+00
   25.340  -7.8550E+00
   25.350  -7.5832E+00
   25.360  -7.0481E+00
   25.370  -6.3455E+00
   25.380  -5.5782E+00
   25.390  -4.9342E+00
   25.400  -4.3477E+00
   25.410  -3.9338E+00
   25.420  -3.6975E+00
   25.430  -2.8026E+00
   25.440  -2.5980E+00
   25.450  -2.3286E+00
   25.460  -1.8549E+00
   25.470  -1.8909E+00
   25.480  -8.5849E-01
   25.490   3.5469E-01
   25.500   8.2242E-01
   25.510   1.8612E+00
   25.520   2.7727E+00
   25.530   3.5348E+00
   25.540   4.1927E+00
   25.550   4.8410E+00
   25.560   5.5534E+00
   25.570   5.5936E+00
   25.580   6.1771E+00
   25.590   6.6106E+00
   25.600   6.8448E+00
   25.610   6.3387E+00
   25.620   7.6906E+00
   25.630   7.3860E+00
   25.640   6.8650E+00
   25.650   5.4804E+00
   25.660   4.4264E+00
   25.670   1.1993E+00
   25.680   7.0034E-01
   25.690   2.1459E-01
   25.700  -1.9576E-01
   25.710  -4.3410E-01
   25.720  -4.1654E-01
   25.730  -1.5905E+00
   25.740  -1.3045E+00
   25.750  -9.3279E-01
   25.760  -5.7022E-01
   25.770  -2.8804E-01
   25.780  -1.4732E-01
   25.790  -1.8787E-01
   25.800  -3.4850E-01
   25.810  -7.1789E-01
   25.820  -1.1814E+00
   25.830  -1.6646E+00
   25.840  -2.0683E+00
   25.850  -2.2939E+00
   25.860  -2.2856E+00
   25.870  -2.0510E+00
   25.880  -1.6535E+00
   25.890  -1.1955E+00
   25.900  -7.8875E-01
   25.910  -1.2679E+00
   25.920  -1.2588E+00
   25.930  -1.2735E+00
   25.940  -1.2684E+00
   25.950  -1.2361E+00
   25.960  -1.1905E+00
   25.970  -1.1426E+00
   25.980  -1.1037E+00
   25.990  -1.0925E+00
   26.000  -1.1208E+00
   26.010  -1.1798E+00
   26.020  -1.2549E+00
   26.030  -1.3452E+00
   26.040  -1.4488E+00
   26.050  -1.5324E+00
   26.060  -1.2261E+00
   26.070  -1.1701E+00
   26.080  -1.0058E+00
   26.090  -7.9783E-01
   26.100  -4.5470E-01
   26.110  -4.3552E-02
   26.120   4.1365E-01
   26.130   8.6884E-01
   26.140   1.2393E+00
   26.150   1.4312E+00
   26.160   1.3934E+00
   26.170   1.1522E+00
   26.180   7.8583E-01
   26.190   3.6972E-01
   26.200  -3.9260E-02
   26.210  -3.7239E-01
   26.220  -5.3520E-01
   26.230  -4.5090E-01
   26.240  -1.2239E-01
   26.250   3.4961E-01
   26.260   8.0613E-01
   26.270   6.4122E-01
   26.280   7.3688E-01
   26.290   6.3185E-01
   26.300   5.7559E-01
   26.310   3.1799E-01
   26.320   1.3761E-01
   26.330   9.0304E-02
   26.340   1.9457E-01
   26.350   4.3004E-01
   26.360   7.6732E-01
   26.370   1.0784E+00
   26.380   1.3606E+00
   26.390   1.5968E+00
   26.400   1.7814E+00
   26.410   1.9033E+00
   26.420   1.9469E+00
   26.430   1.9013E+00
   26.440   1.7600E+00
   26.450   1.5204E+00
   26.460   1.2034E+00
   26.470   8.7983E-01
   26.480   6.5595E-01
   26.490   6.1120E-01
   26.500   7.4671E-01
   26.510   1.0050E+00
   26.520   1.3360E+00
   26.530   1.7290E+00
   26.540   2.1867E+00
   26.550   2.6918E+00
   26.560   3.2083E+00
   26.570   3.6931E+00
   26.580   4.1464E+00
   26.590   4.3984E+00
   26.600   4.4668E+00
   26.610   4.3553E+00
   26.620   4.1215E+00
   26.630   3.8334E+00
   26.640   3.5340E+00
   26.650   1.0488E+00
   26.660   8.0608E-01
   26.670   5.7329E-01
   26.680   3.5522E-01
   26.690   1.7013E-01
   26.700   4.1221E-02
   26.710  -1.8879E+00
   26.720  -1.8890E+00
   26.730  -1.7575E+00
   26.740  -1.5321E+00
   26.750  -1.1409E+00
   26.760  -9.5199E-01
   26.770  -8.3842E-01
   26.780  -7.7730E-01
   26.790  -7.3907E-01
   26.800  -7.1602E-01
   26.810  -7.0736E-01
   26.820  -6.8800E-01
   26.830  -6.1082E-01
   26.840  -4.4345E-01
   26.850  -1.9424E-01
   26.860   9.6742E-02
   26.870   3.8023E-01
   26.880   6.1001E-01
   26.890   7.5100E-01
   26.900   7.9299E-01
   26.910   7.5679E-01
   26.920   6.7858E-01
   26.930   5.8772E-01
   26.940   5.0242E-01
   26.950   4.4092E-01
   26.960   7.4710E-01
   26.970   7.8968E-01
   26.980   8.2574E-01
   26.990   8.3501E-01
   27.000   7.9850E-01
   27.010   7.1951E-01
   27.020   6.2852E-01
   27.030   5.6439E-01
   27.040   5.4863E-01
   27.050   5.7598E-01
   27.060   6.2545E-01
   27.070   6.7403E-01
   27.080   7.0112E-01
   27.090   7.2282E-01
   27.100   6.8706E-01
   27.110   6.2014E-01
   27.120   5.2431E-01
   27.130   3.9233E-01
   27.140   2.2691E-01
   27.150   6.1290E-02
   27.160  -5.9002E-02
   27.170  -1.2434E-01
   27.180  -2.7837E-01
   27.190  -3.5481E-01
   27.200  -4.5280E-01
   27.210  -5.1832E-01
   27.220  -5.0366E-01
   27.230  -4.1225E-01
   27.240  -2.8446E-01
   27.250  -1.5375E-01
   27.260  -2.9480E-02
   27.270   8.5272E-02
   27.280   9.0293E-01
   27.290   9.7747E-01
   27.300   1.0264E+00
   27.310   1.0752E+00
   27.320   1.1488E+00
   27.330   1.4515E+00
   27.340   1.4236E+00
   27.350   1.4031E+00
   27.360   1.3696E+00
   27.370   1.3023E+00
   27.380   8.5107E-01
   27.390   7.6100E-01
   27.400   6.5811E-01
   27.410   5.3552E-01
   27.420   3.7538E-01
   27.430   1.5846E-01
   27.440  -1.1726E-01
   27.450  -3.0011E-01
   27.460  -2.8035E-01
   27.470  -2.6174E-01
   27.480  -2.5635E-01
   27.490  -2.7233E-01
   27.500  -3.8999E-01
   27.510  -4.2136E-01
   27.520  -4.4048E-01
   27.530  -4.3662E-01
   27.540  -4.0392E-01
   27.550  -3.4138E-01
   27.560  -2.5309E-01
   27.570  -1.4756E-01
   27.580  -3.5823E-02
   27.590   6.9914E-02
   27.600   1.5659E-01
   27.610   2.1223E-01
   27.620   2.3036E-01
   27.630   2.1268E-01
   27.640   4.9612E-02
   27.650  -5.5144E-03
   27.660  -1.2815E-01
   27.670  -1.5574E-01
   27.680  -1.7562E-01
   27.690  -1.7345E-01
   27.700  -1.3905E-01
   27.710  -7.5658E-02
   27.720   7.5363E-04
   27.730   7.1412E-02
   27.740   1.2362E-01
   27.750   1.5214E-01
   27.760   1.5640E-01
   27.770   1.3890E-01
   27.780   1.0513E-01
   27.790   6.1676E-02
   27.800   1.3414E-02
   27.810  -3.6251E-02
   27.820  -8.1199E-02
   27.830  -1.1030E-01
   27.840  -1.1241E-01
   27.850  -8.5203E-02
   27.860  -3.8178E-02
   27.870   1.3916E-02
   27.880   6.0132E-02
   27.890   9.5689E-02
   27.900   1.1814E-01
   27.910   1.2510E-01
   27.920   1.1683E-01
   27.930   9.9027E-02
   27.940   1.1282E-01
   27.950   1.1428E-01
   27.960   1.2505E-01
   27.970   1.3288E-01
   27.980   1.2497E-01
   27.990   9.8447E-02
   28.000   6.4488E-02
   28.010   4.1333E-02
   28.020   4.0094E-02
   28.030   5.5967E-02
   28.040   7.4162E-02
   28.050   8.5121E-02
   28.060   9.3562E-02
   28.070   1.1274E-01
   28.080   1.5127E-01
   28.090   2.0637E-01
   28.100   2.6776E-01
   28.110   3.2510E-01
   28.120   3.7116E-01
   28.130   4.0132E-01
   28.140   4.1399E-01
   28.150   4.1234E-01
   28.160   4.0382E-01
   28.170   3.9656E-01
   28.180   3.9546E-01
   28.190   4.0025E-01
   28.200   4.0569E-01
   28.210   4.0376E-01
   28.220   3.8831E-01
   28.230   3.5880E-01
   28.240   3.1838E-01
   28.250   2.6737E-01
   28.260   1.9984E-01
   28.270   1.0820E-01
   28.280  -8.4050E-03
   28.290  -1.4016E-01
   28.300  -2.6935E-01
   28.310  -3.7734E-01
   28.320  -4.5238E-01
   28.330  -4.9538E-01
   28.340  -5.1848E-01
   28.350  -5.3634E-01
   28.360  -5.5520E-01
   28.370  -5.7026E-01
   28.380  -5.7201E-01
   28.390  -5.5488E-01
   28.400  -5.2098E-01
   28.410  -4.7754E-01
   28.420  -4.3115E-01
   28.430  -1.8775E-01
   28.440  -1.3841E-01
   28.450  -8.3581E-02
   28.460  -3.2561E-02
   28.470   5.2270E-03
   28.480   2.7009E-02
   28.490   3.7576E-02
   28.500   4.5154E-02
   28.510   5.8158E-02
   28.520   8.4141E-02
   28.530   1.2714E-01
   28.540   1.8390E-01
   28.550   2.4419E-01
   28.560   2.9651E-01
   28.570   3.3303E-01
   28.580   3.5019E-01
   28.590   3.4713E-01
   28.600   3.2508E-01
   28.610   2.8622E-01
   28.620   2.3168E-01
   28.630   1.6197E-01
   28.640   8.0764E-02
   28.650  -2.8597E-03
   28.660  -7.7756E-02
   28.670  -1.3627E-01
   28.680  -1.7667E-01
   28.690  -2.0214E-01
   28.700  -2.1872E-01
   28.710  -2.3275E-01
   28.720  -2.4824E-01
   28.730  -2.6669E-01
   28.740  -2.9014E-01
   28.750  -3.2282E-01
   28.760  -3.6721E-01
   28.770  -4.1882E-01
   28.780  -4.6660E-01
   28.790  -4.9873E-01
   28.800  -5.0668E-01
   28.810  -4.8494E-01
   28.820  -4.3082E-01
   28.830  -3.4737E-01
   28.840  -2.4550E-01
   28.850  -1.4112E-01
   28.860  -4.8844E-02
   28.870   2.3221E-02
   28.880   7.5717E-02
   28.890   1.1711E-01
   28.900   1.5826E-01
   28.910   2.0416E-01
   28.920   2.5026E-01
   28.930   2.8815E-01
   28.940   3.1409E-01
   28.950   3.2885E-01
   28.960   3.2976E-01
   28.970   3.0857E-01
   28.980   2.6182E-01
   28.990   2.0097E-01
   29.000   1.4660E-01
   29.010   1.1147E-01
   29.020   1.4358E-01
   29.030   1.3778E-01
   29.040   1.4133E-01
   29.050   1.5608E-01
   29.060   1.8795E-01
   29.070   3.9350E-01
   29.080   4.2869E-01
   29.090   4.4282E-01
   29.100   4.2859E-01
   29.110   3.8444E-01
   29.120   3.2247E-01
   29.130   2.6560E-01
   29.140   2.3336E-01
   29.150   2.3064E-01
   29.160   2.4905E-01
   29.170   2.7467E-01
   29.180   2.9270E-01
   29.190   2.8913E-01
   29.200   2.5500E-01
   29.210   1.9169E-01
   29.220   1.1111E-01
   29.230   2.9607E-02
   29.240  -3.9439E-02
   29.250  -9.0193E-02
   29.260  -1.2500E-01
   29.270  -1.5068E-01
   29.280  -1.7209E-01
   29.290  -1.8734E-01
   29.300  -1.9252E-01
   29.310  -1.8945E-01
   29.320  -1.8943E-01
   29.330  -2.0722E-01
   29.340  -2.5057E-01
   29.350  -3.1429E-01
   29.360  -3.8259E-01
   29.370  -4.3723E-01
   29.380  -4.6683E-01
   29.390  -4.7218E-01
   29.400  -4.6363E-01
   29.410  -4.5157E-01
   29.420  -4.3846E-01
   29.430  -4.1980E-01
   29.440  -3.9157E-01
   29.450  -3.5380E-01
   29.460  -3.0643E-01
   29.470  -2.4526E-01
   29.480  -1.6534E-01
   29.490  -6.7594E-02
   29.500   4.1051E-02
   29.510   1.5372E-01
   29.520   2.6706E-01
   29.530   3.7859E-01
   29.540   4.8413E-01
   29.550   5.7937E-01
   29.560   6.6195E-01
   29.570   7.3018E-01
   29.580   7.8243E-01
   29.590   8.1978E-01
   29.600   8.4763E-01
   29.610   8.7124E-01
   29.620   8.9041E-01
   29.630   9.0009E-01
   29.640   8.9580E-01
   29.650   8.7597E-01
   29.660   8.8400E-01
   29.670   8.5315E-01
   29.680   7.9531E-01
   29.690   7.0472E-01
   29.700   5.7846E-01
   29.710   4.2233E-01
   29.720   2.5457E-01
   29.730   1.0001E-01
   29.740  -2.3059E-02
   29.750  -1.1213E-01
   29.760  -1.7872E-01
   29.770  -2.3921E-01
   29.780  -3.0573E-01
   29.790  -3.8159E-01
   29.800  -4.6274E-01
   29.810  -5.4291E-01
   29.820  -6.1669E-01
   29.830  -6.7774E-01
   29.840  -7.1723E-01
   29.850  -7.2843E-01
   29.860  -7.1224E-01
   29.870  -6.7443E-01
   29.880  -6.1773E-01
   29.890  -5.4161E-01
   29.900  -4.5079E-01
   29.910  -5.7392E-01
   29.920  -5.2112E-01
   29.930  -4.6955E-01
   29.940  -4.1344E-01
   29.950  -3.4673E-01
   29.960  -2.6762E-01
   29.970  -1.7799E-01
   29.980  -8.2857E-02
   29.990   9.4404E-03
   30.000   9.0875E-02
   30.010   1.6020E-01
   30.020   2.2495E-01
   30.030   2.9507E-01
   30.040   3.7378E-01
   30.050   4.5299E-01
   30.060   5.1645E-01
   30.070   5.4825E-01
   30.080   3.8381E-01
   30.090   3.7251E-01
   30.100   3.5140E-01
   30.110   2.4290E-01
   30.120   1.9794E-01
   30.130   1.5621E-01
   30.140   1.2017E-01
   30.150   8.7828E-02
   30.160   5.2891E-02
   30.170   1.0504E-02
   30.180  -3.8294E-02
   30.190  -8.8932E-02
   30.200  -1.3875E-01
   30.210  -1.0650E-01
   30.220  -1.5833E-01
   30.230  -2.1107E-01
   30.240  -2.6304E-01
   30.250  -3.1129E-01
   30.260  -3.5208E-01
   30.270  -3.8283E-01
   30.280  -4.0477E-01
   30.290  -4.2290E-01
   30.300  -4.4233E-01
   30.310  -4.6387E-01
   30.320  -4.8297E-01
   30.330  -4.9239E-01
   30.340  -4.8611E-01
   30.350  -4.6229E-01
   30.360  -4.2441E-01
   30.370  -3.8055E-01
   30.380  -3.3990E-01
   30.390  -3.0701E-01
   30.400  -2.7730E-01
   30.410  -2.3897E-01
   30.420  -1.8168E-01
   30.430  -1.0467E-01
   30.440  -1.6177E-02
   30.450   2.4851E-02
   30.460   6.3188E-02
   30.470   9.7506E-02
   30.480   1.2967E-01
   30.490   1.5733E-01
   30.500   1.7660E-01
   30.510   1.8631E-01
   30.520   1.8981E-01
   30.530   1.9255E-01
   30.540   1.9720E-01
   30.550   2.0130E-01
   30.560   2.0030E-01
   30.570   1.9272E-01
   30.580   1.8113E-01
   30.590   1.6841E-01
   30.600   1.5471E-01
   30.610   1.3880E-01
   30.620   1.2114E-01
   30.630   1.0469E-01
   30.640   9.3369E-02
   30.650   9.0347E-02
   30.660   9.6233E-02
   30.670   1.0697E-01
   30.680   1.1419E-01
   30.690   1.1038E-01
   30.700   9.5535E-02
   30.710   7.7945E-02
   30.720   6.7708E-02
   30.730   6.9143E-02
   30.740   7.9104E-02
   30.750   9.1128E-02
   30.760   1.0020E-01
   30.770   1.0483E-01
   30.780   1.0696E-01
   30.790   1.1095E-01
   30.800   1.2117E-01
   30.810   1.3877E-01
   30.820   1.6014E-01
   30.830   1.7881E-01
   30.840   1.8887E-01
   30.850   1.8704E-01
   30.860   1.7293E-01
   30.870   1.4962E-01
   30.880   1.2426E-01
   30.890   1.0660E-01
   30.900   1.0489E-01
   30.910   1.2268E-01
   30.920   1.5856E-01
   30.930   2.0728E-01
   30.940   2.5992E-01
   30.950   3.0530E-01
   30.960   3.3424E-01
   30.970   3.4407E-01
   30.980   3.3801E-01
   30.990   3.2017E-01
   31.000   2.9222E-01
   31.010   2.5529E-01
   31.020   2.1342E-01
   31.030   1.7321E-01
   31.040   1.3971E-01
   31.050   1.1296E-01
   31.060   8.8785E-02
   31.070   6.3419E-02
   31.080   3.7938E-02
   31.090   1.8239E-02
   31.100   1.0499E-02
   31.110   1.6943E-02
   31.120   3.6104E-02
   31.130   6.5337E-02
   31.140   1.0023E-01
   31.150   1.3155E-01
   31.160   1.4645E-01
   31.170   1.3639E-01
   31.180   1.0401E-01
   31.190   6.0837E-02
   31.200   1.8060E-02
   31.210  -1.9272E-02
   31.220  -4.9644E-02
   31.230  -6.9456E-02
   31.240  -7.2554E-02
   31.250  -5.5896E-02
   31.260  -2.4741E-02
   31.270   9.0251E-03
   31.280   3.4308E-02
   31.290   4.6419E-02
   31.300   4.5607E-02
   31.310   3.2153E-02
   31.320   5.6438E-03
   31.330  -3.0451E-02
   31.340  -6.5948E-02
   31.350  -8.7835E-02
   31.360  -8.7131E-02
   31.370  -6.2251E-02
   31.380  -1.8333E-02
   31.390   3.4498E-02
   31.400   8.3730E-02
   31.410   1.1939E-01
   31.420   1.3874E-01
   31.430   1.4627E-01
   31.440   1.4969E-01
   31.450   1.5674E-01
   31.460   1.7436E-01
   31.470   2.0711E-01
   31.480   2.5419E-01
   31.490   3.0976E-01
   31.500   3.6263E-01
   31.510   4.0975E-01
   31.520   2.0111E-01
   31.530   1.7763E-01
   31.540   1.5117E-01
   31.550   1.2553E-01
   31.560   1.0375E-01
   31.570   8.7917E-02
   31.580   7.8606E-02
   31.590   7.4688E-02
   31.600   7.4613E-02
   31.610   7.7866E-02
   31.620   8.4323E-02
   31.630   9.1946E-02
   31.640   9.6171E-02
   31.650   9.2598E-02
   31.660   8.0205E-02
   31.670   6.1514E-02
   31.680   4.0151E-02
   31.690   1.9053E-02
   31.700   6.5025E-04
   31.710  -1.2785E-02
   31.720  -2.0079E-02
   31.730  -2.2135E-02
   31.740  -2.0980E-02
   31.750  -1.7254E-02
   31.760  -8.8187E-03
   31.770   7.6234E-03
   31.780   3.3095E-02
   31.790   6.4502E-02
   31.800   9.6332E-02
   31.810   1.2419E-01
   31.820   1.4669E-01
   31.830   1.6436E-01
   31.840   1.7769E-01
   31.850   1.8652E-01
   31.860   1.9092E-01
   31.870   1.9166E-01
   31.880   1.8983E-01
   31.890   1.8592E-01
   31.900   1.7936E-01
   31.910   1.6899E-01
   31.920   1.5456E-01
   31.930   1.3798E-01
   31.940   1.2271E-01
   31.950   1.1112E-01
   31.960   1.0215E-01
   31.970   9.2073E-02
   31.980   7.7683E-02
   31.990   0.0000E+00
   32.000   0.0000E+00
   32.010   0.0000E+00
   32.020   0.0000E+00
   32.030   0.0000E+00
   32.040   0.0000E+00
   32.050   0.0000E+00
   32.060   0.0000E+00
   32.070   0.0000E+00
   32.080   0.0000E+00
   32.090   0.0000E+00
   32.100   0.0000E+00
   32.110   0.0000E+00
   32.120   0.0000E+00
   32.130   0.0000E+00
   32.140   0.0000E+00
   32.150   0.0000E+00
   32.160   0.0000E+00
   32.170   0.0000E+00
   32.180   0.0000E+00
   32.190   0.0000E+00
   32.200   0.0000E+00
   32.210   0.0000E+00
   32.220   0.0000E+00
   32.230   0.0000E+00
   32.240   0.0000E+00
   32.250   0.0000E+00
   32.260   0.0000E+00
   32.270   0.0000E+00
   32.280   0.0000E+00
   32.290   0.0000E+00
   32.300   0.0000E+00
   32.310   0.0000E+00
   32.320   0.0000E+00
   32.330   0.0000E+00
   32.340   0.0000E+00
   32.350   0.0000E+00
   32.360   0.0000E+00
   32.370   0.0000E+00
   32.380   0.0000E+00
   32.390   0.0000E+00
   32.400   0.0000E+00
   32.410   0.0000E+00
   32.420   0.0000E+00
   32.430   0.0000E+00
   32.440   0.0000E+00
   32.450   0.0000E+00
   32.460   0.0000E+00
   32.470   0.0000E+00
   32.480   0.0000E+00
   32.490   0.0000E+00
   32.500   0.0000E+00
   32.510   0.0000E+00
   32.520   0.0000E+00
   32.530   0.0000E+00
   32.540   0.0000E+00
   32.550   0.0000E+00
   32.560   0.0000E+00
   32.570   0.0000E+00
   32.580   0.0000E+00
   32.590   0.0000E+00
   32.600   0.0000E+00
   32.610   0.0000E+00
   32.620   0.0000E+00
   32.630   0.0000E+00
   32.640   0.0000E+00
   32.650   0.0000E+00
   32.660   0.0000E+00
   32.670   0.0000E+00
   32.680   0.0000E+00
   32.690   0.0000E+00
   32.700   0.0000E+00
   32.710   0.0000E+00
   32.720   0.0000E+00
   32.730   0.0000E+00
   32.740   0.0000E+00
   32.750   0.0000E+00
   32.760   0.0000E+00
   32.770   0.0000E+00
   32.780   0.0000E+00
   32.790   0.0000E+00
   32.800   0.0000E+00
   32.810   0.0000E+00
   32.820   0.0000E+00
   32.830   0.0000E+00
   32.840   0.0000E+00
   32.850   0.0000E+00
   32.860   0.0000E+00
   32.870   0.0000E+00
   32.880   0.0000E+00
   32.890   0.0000E+00
   32.900   0.0000E+00
   32.910   0.0000E+00
   32.920   0.0000E+00
   32.930   0.0000E+00
   32.940   0.0000E+00
   32.950   0.0000E+00
   32.960   0.0000E+00
   32.970   0.0000E+00
   32.980   0.0000E+00
   32.990   0.0000E+00
   33.000   0.0000E+00
   33.010   0.0000E+00
   33.020   0.0000E+00
   33.030   0.0000E+00
   33.040   0.0000E+00
   33.050   0.0000E+00
   33.060   0.0000E+00
   33.070   0.0000E+00
   33.080   0.0000E+00
   33.090   0.0000E+00
   33.100   0.0000E+00
   33.110   0.0000E+00
   33.120   0.0000E+00
   33.130   0.0000E+00
   33.140   0.0000E+00
   33.150   0.0000E+00
   33.160   0.0000E+00
   33.170   0.0000E+00
   33.180   0.0000E+00
   33.190   0.0000E+00
   33.200   0.0000E+00
   33.210   0.0000E+00
   33.220   0.0000E+00
   33.230   0.0000E+00
   33.240   0.0000E+00
   33.250   0.0000E+00
   33.260   0.0000E+00
   33.270   0.0000E+00
   33.280   0.0000E+00
   33.290   0.0000E+00
   33.300   0.0000E+00
   33.310   0.0000E+00
   33.320   0.0000E+00
   33.330   0.0000E+00
   33.340   0.0000E+00
   33.350   0.0000E+00
   33.360   0.0000E+00
   33.370   0.0000E+00
   33.380   0.0000E+00
   33.390   0.0000E+00
   33.400   0.0000E+00
   33.410   0.0000E+00
   33.420   0.0000E+00
   33.430   0.0000E+00
   33.440   0.0000E+00
   33.450   0.0000E+00
   33.460   0.0000E+00
   33.470   0.0000E+00
   33.480   0.0000E+00
   33.490   0.0000E+00
   33.500   0.0000E+00
   33.510   0.0000E+00
   33.520   0.0000E+00
   33.530   0.0000E+00
   33.540   0.0000E+00
   33.550   0.0000E+00
   33.560   0.0000E+00
   33.570   0.0000E+00
   33.580   0.0000E+00
   33.590   0.0000E+00
   33.600   0.0000E+00
   33.610   0.0000E+00
   33.620   0.0000E+00
   33.630   0.0000E+00
   33.640   0.0000E+00
   33.650   0.0000E+00
   33.660   0.0000E+00
   33.670   0.0000E+00
   33.680   0.0000E+00
   33.690   0.0000E+00
   33.700   0.0000E+00
   33.710   0.0000E+00
   33.720   0.0000E+00
   33.730   0.0000E+00
   33.740   0.0000E+00
   33.750   0.0000E+00
   33.760   0.0000E+00
   33.770   0.0000E+00
   33.780   0.0000E+00
   33.790   0.0000E+00
   33.800   0.0000E+00
   33.810   0.0000E+00
   33.820   0.0000E+00
   33.830   0.0000E+00
   33.840   0.0000E+00
   33.850   0.0000E+00
   33.860   0.0000E+00
   33.870   0.0000E+00
   33.880   0.0000E+00
   33.890   0.0000E+00
   33.900   0.0000E+00
   33.910   0.0000E+00
   33.920   0.0000E+00
   33.930   0.0000E+00
   33.940   0.0000E+00
   33.950   0.0000E+00
   33.960   0.0000E+00
   33.970   0.0000E+00
   33.980   0.0000E+00
   33.990   0.0000E+00
   34.000   0.0000E+00
   34.010   0.0000E+00
   34.020   0.0000E+00
   34.030   0.0000E+00
   34.040   0.0000E+00
   34.050   0.0000E+00
   34.060   0.0000E+00
   34.070   0.0000E+00
   34.080   0.0000E+00
   34.090   0.0000E+00
   34.100   0.0000E+00
   34.110   0.0000E+00
   34.120   0.0000E+00
   34.130   0.0000E+00
   34.140   0.0000E+00
   34.150   0.0000E+00
   34.160   0.0000E+00
   34.170   0.0000E+00
   34.180   0.0000E+00
   34.190   0.0000E+00
   34.200   0.0000E+00
   34.210   0.0000E+00
   34.220   0.0000E+00
   34.230   0.0000E+00
   34.240   0.0000E+00
   34.250   0.0000E+00
   34.260   0.0000E+00
   34.270   0.0000E+00
   34.280   0.0000E+00
   34.290   0.0000E+00
   34.300   0.0000E+00
   34.310   0.0000E+00
   34.320   0.0000E+00
   34.330   0.0000E+00
   34.340   0.0000E+00
   34.350   0.0000E+00
   34.360   0.0000E+00
   34.370   0.0000E+00
   34.380   0.0000E+00
   34.390   0.0000E+00
   34.400   0.0000E+00
   34.410   0.0000E+00
   34.420   0.0000E+00
   34.430   0.0000E+00
   34.440   0.0000E+00
   34.450   0.0000E+00
   34.460   0.0000E+00
   34.470   0.0000E+00
   34.480   0.0000E+00
   34.490   0.0000E+00
   34.500   0.0000E+00
   34.510   0.0000E+00
   34.520   0.0000E+00
   34.530   0.0000E+00
   34.540   0.0000E+00
   34.550   0.0000E+00
   34.560   0.0000E+00
   34.570   0.0000E+00
   34.580   0.0000E+00
   34.590   0.0000E+00
   34.600   0.0000E+00
   34.610   0.0000E+00
   34.620   0.0000E+00
   34.630   0.0000E+00
   34.640   0.0000E+00
   34.650   0.0000E+00
   34.660   0.0000E+00
   34.670   0.0000E+00
   34.680   0.0000E+00
   34.690   0.0000E+00
   34.700   0.0000E+00
   34.710   0.0000E+00
   34.720   0.0000E+00
   34.730   0.0000E+00
   34.740   0.0000E+00
   34.750   0.0000E+00
   34.760   0.0000E+00
   34.770   0.0000E+00
   34.780   0.0000E+00
   34.790   0.0000E+00
   34.800   0.0000E+00
   34.810   0.0000E+00
   34.820   0.0000E+00
   34.830   0.0000E+00
   34.840   0.0000E+00
   34.850   0.0000E+00
   34.860   0.0000E+00
   34.870   0.0000E+00
   34.880   0.0000E+00
   34.890   0.0000E+00
   34.900   0.0000E+00
   34.910   0.0000E+00
   34.920   0.0000E+00
   34.930   0.0000E+00
   34.940   0.0000E+00
   34.950   0.0000E+00
   34.960   0.0000E+00
   34.970   0.0000E+00
   34.980   0.0000E+00
   34.990   0.0000E+00
   35.000   0.0000E+00
   35.010   0.0000E+00
   35.020   0.0000E+00
   35.030   0.0000E+00
   35.040   0.0000E+00
   35.050   0.0000E+00
   35.060   0.0000E+00
   35.070   0.0000E+00
   35.080   0.0000E+00
   35.090   0.0000E+00
   35.100   0.0000E+00
   35.110   0.0000E+00
   35.120   0.0000E+00
   35.130   0.0000E+00
   35.140   0.0000E+00
   35.150   0.0000E+00
   35.160   0.0000E+00
   35.170   0.0000E+00
   35.180   0.0000E+00
   35.190   0.0000E+00
   35.200   0.0000E+00
   35.210   0.0000E+00
   35.220   0.0000E+00
   35.230   0.0000E+00
   35.240   0.0000E+00
   35.250   0.0000E+00
   35.260   0.0000E+00
   35.270   0.0000E+00
   35.280   0.0000E+00
   35.290   0.0000E+00
   35.300   0.0000E+00
   35.310   0.0000E+00
   35.320   0.0000E+00
   35.330   0.0000E+00
   35.340   0.0000E+00
   35.350   0.0000E+00
   35.360   0.0000E+00
   35.370   0.0000E+00
   35.380   0.0000E+00
   35.390   0.0000E+00
   35.400   0.0000E+00
   35.410   0.0000E+00
   35.420   0.0000E+00
   35.430   0.0000E+00
   35.440   0.0000E+00
   35.450   0.0000E+00
   35.460   0.0000E+00
   35.470   0.0000E+00
   35.480   0.0000E+00
   35.490   0.0000E+00
   35.500   0.0000E+00
   35.510   0.0000E+00
   35.520   0.0000E+00
   35.530   0.0000E+00
   35.540   0.0000E+00
   35.550   0.0000E+00
   35.560   0.0000E+00
   35.570   0.0000E+00
   35.580   0.0000E+00
   35.590   0.0000E+00
   35.600   0.0000E+00
   35.610   0.0000E+00
   35.620   0.0000E+00
   35.630   0.0000E+00
   35.640   0.0000E+00
   35.650   0.0000E+00
   35.660   0.0000E+00
   35.670   0.0000E+00
   35.680   0.0000E+00
   35.690   0.0000E+00
   35.700   0.0000E+00
   35.710   0.0000E+00
   35.720   0.0000E+00
   35.730   0.0000E+00
   35.740   0.0000E+00
   35.750   0.0000E+00
   35.760   0.0000E+00
   35.770   0.0000E+00
   35.780   0.0000E+00
   35.790   0.0000E+00
   35.800   0.0000E+00
   35.810   0.0000E+00
   35.820   0.0000E+00
   35.830   0.0000E+00
   35.840   0.0000E+00
   35.850   0.0000E+00
   35.860   0.0000E+00
   35.870   0.0000E+00
   35.880   0.0000E+00
   35.890   0.0000E+00
   35.900   0.0000E+00
   35.910   0.0000E+00
   35.920   0.0000E+00
   35.930   0.0000E+00
   35.940   0.0000E+00
   35.950   0.0000E+00
   35.960   0.0000E+00
   35.970   0.0000E+00
   35.980   0.0000E+00
   35.990   0.0000E+00
   36.000   0.0000E+00
   36.010   0.0000E+00
   36.020   0.0000E+00
   36.030   0.0000E+00
   36.040   0.0000E+00
   36.050   0.0000E+00
   36.060   0.0000E+00
   36.070   0.0000E+00
   36.080   0.0000E+00
   36.090   0.0000E+00
   36.100   0.0000E+00
   36.110   0.0000E+00
   36.120   0.0000E+00
   36.130   0.0000E+00
   36.140   0.0000E+00
   36.150   0.0000E+00
   36.160   0.0000E+00
   36.170   0.0000E+00
   36.180   0.0000E+00
   36.190   0.0000E+00
   36.200   0.0000E+00
   36.210   0.0000E+00
   36.220   0.0000E+00
   36.230   0.0000E+00
   36.240   0.0000E+00
   36.250   0.0000E+00
   36.260   0.0000E+00
   36.270   0.0000E+00
   36.280   0.0000E+00
   36.290   0.0000E+00
   36.300   0.0000E+00
   36.310   0.0000E+00
   36.320   0.0000E+00
   36.330   0.0000E+00
   36.340   0.0000E+00
   36.350   0.0000E+00
   36.360   0.0000E+00
   36.370   0.0000E+00
   36.380   0.0000E+00
   36.390   0.0000E+00
   36.400   0.0000E+00
   36.410   0.0000E+00
   36.420   0.0000E+00
   36.430   0.0000E+00
   36.440   0.0000E+00
   36.450   0.0000E+00
   36.460   0.0000E+00
   36.470   0.0000E+00
   36.480   0.0000E+00
   36.490   0.0000E+00
   36.500   0.0000E+00
   36.510   0.0000E+00
   36.520   0.0000E+00
   36.530   0.0000E+00
   36.540   0.0000E+00
   36.550   0.0000E+00
   36.560   0.0000E+00
   36.570   0.0000E+00
   36.580   0.0000E+00
   36.590   0.0000E+00
   36.600   0.0000E+00
   36.610   0.0000E+00
   36.620   0.0000E+00
   36.630   0.0000E+00
   36.640   0.0000E+00
   36.650   0.0000E+00
   36.660   0.0000E+00
   36.670   0.0000E+00
   36.680   0.0000E+00
   36.690   0.0000E+00
   36.700   0.0000E+00
   36.710   0.0000E+00
   36.720   0.0000E+00
   36.730   0.0000E+00
   36.740   0.0000E+00
   36.750   0.0000E+00
   36.760   0.0000E+00
   36.770   0.0000E+00
   36.780   0.0000E+00
   36.790   0.0000E+00
   36.800   0.0000E+00
   36.810   0.0000E+00
   36.820   0.0000E+00
   36.830   0.0000E+00
   36.840   0.0000E+00
   36.850   0.0000E+00
   36.860   0.0000E+00
   36.870   0.0000E+00
   36.880   0.0000E+00
   36.890   0.0000E+00
   36.900   0.0000E+00
   36.910   0.0000E+00
   36.920   0.0000E+00
   36.930   0.0000E+00
   36.940   0.0000E+00
   36.950   0.0000E+00
   36.960   0.0000E+00
   36.970   0.0000E+00
   36.980   0.0000E+00
   36.990   0.0000E+00
   37.000   0.0000E+00
   37.010   0.0000E+00
   37.020   0.0000E+00
   37.030   0.0000E+00
   37.040   0.0000E+00
   37.050   0.0000E+00
   37.060   0.0000E+00
   37.070   0.0000E+00
   37.080   0.0000E+00
   37.090   0.0000E+00
   37.100   0.0000E+00
   37.110   0.0000E+00
   37.120   0.0000E+00
   37.130   0.0000E+00
   37.140   0.0000E+00
   37.150   0.0000E+00
   37.160   0.0000E+00
   37.170   0.0000E+00
   37.180   0.0000E+00
   37.190   0.0000E+00
   37.200   0.0000E+00
   37.210   0.0000E+00
   37.220   0.0000E+00
   37.230   0.0000E+00
   37.240   0.0000E+00
   37.250   0.0000E+00
   37.260   0.0000E+00
   37.270   0.0000E+00
   37.280   0.0000E+00
   37.290   0.0000E+00
   37.300   0.0000E+00
   37.310   0.0000E+00
   37.320   0.0000E+00
   37.330   0.0000E+00
   37.340   0.0000E+00
   37.350   0.0000E+00
   37.360   0.0000E+00
   37.370   0.0000E+00
   37.380   0.0000E+00
   37.390   0.0000E+00
   37.400   0.0000E+00
   37.410   0.0000E+00
   37.420   0.0000E+00
   37.430   0.0000E+00
   37.440   0.0000E+00
   37.450   0.0000E+00
   37.460   0.0000E+00
   37.470   0.0000E+00
   37.480   0.0000E+00
   37.490   0.0000E+00
   37.500   0.0000E+00
   37.510   0.0000E+00
   37.520   0.0000E+00
   37.530   0.0000E+00
   37.540   0.0000E+00
   37.550   0.0000E+00
   37.560   0.0000E+00
   37.570   0.0000E+00
   37.580   0.0000E+00
   37.590   0.0000E+00
   37.600   0.0000E+00
   37.610   0.0000E+00
   37.620   0.0000E+00
   37.630   0.0000E+00
   37.640   0.0000E+00
   37.650   0.0000E+00
   37.660   0.0000E+00
   37.670   0.0000E+00
   37.680   0.0000E+00
   37.690   0.0000E+00
   37.700   0.0000E+00
   37.710   0.0000E+00
   37.720   0.0000E+00
   37.730   0.0000E+00
   37.740   0.0000E+00
   37.750   0.0000E+00
   37.760   0.0000E+00
   37.770   0.0000E+00
   37.780   0.0000E+00
   37.790   0.0000E+00
   37.800   0.0000E+00
   37.810   0.0000E+00
   37.820   0.0000E+00
   37.830   0.0000E+00
   37.840   0.0000E+00
   37.850   0.0000E+00
   37.860   0.0000E+00
   37.870   0.0000E+00
   37.880   0.0000E+00
   37.890   0.0000E+00
   37.900   0.0000E+00
   37.910   0.0000E+00
   37.920   0.0000E+00
   37.930   0.0000E+00
   37.940   0.0000E+00
   37.950   0.0000E+00
   37.960   0.0000E+00
   37.970   0.0000E+00
   37.980   0.0000E+00
   37.990   0.0000E+00
   38.000   0.0000E+00
   38.010   0.0000E+00
   38.020   0.0000E+00
   38.030   0.0000E+00
   38.040   0.0000E+00
   38.050   0.0000E+00
   38.060   0.0000E+00
   38.070   0.0000E+00
   38.080   0.0000E+00
   38.090   0.0000E+00
   38.100   0.0000E+00
   38.110   0.0000E+00
   38.120   0.0000E+00
   38.130   0.0000E+00
   38.140   0.0000E+00
   38.150   0.0000E+00
   38.160   0.0000E+00
   38.170   0.0000E+00
   38.180   0.0000E+00
   38.190   0.0000E+00
   38.200   0.0000E+00
   38.210   0.0000E+00
   38.220   0.0000E+00
   38.230   0.0000E+00
   38.240   0.0000E+00
   38.250   0.0000E+00
   38.260   0.0000E+00
   38.270   0.0000E+00
   38.280   0.0000E+00
   38.290   0.0000E+00
   38.300   0.0000E+00
   38.310   0.0000E+00
   38.320   0.0000E+00
   38.330   0.0000E+00
   38.340   0.0000E+00
   38.350   0.0000E+00
   38.360   0.0000E+00
   38.370   0.0000E+00
   38.380   0.0000E+00
   38.390   0.0000E+00
   38.400   0.0000E+00
   38.410   0.0000E+00
   38.420   0.0000E+00
   38.430   0.0000E+00
   38.440   0.0000E+00
   38.450   0.0000E+00
   38.460   0.0000E+00
   38.470   0.0000E+00
   38.480   0.0000E+00
   38.490   0.0000E+00
   38.500   0.0000E+00
   38.510   0.0000E+00
   38.520   0.0000E+00
   38.530   0.0000E+00
   38.540   0.0000E+00
   38.550   0.0000E+00
   38.560   0.0000E+00
   38.570   0.0000E+00
   38.580   0.0000E+00
   38.590   0.0000E+00
   38.600   0.0000E+00
   38.610   0.0000E+00
   38.620   0.0000E+00
   38.630   0.0000E+00
   38.640   0.0000E+00
   38.650   0.0000E+00
   38.660   0.0000E+00
   38.670   0.0000E+00
   38.680   0.0000E+00
   38.690   0.0000E+00
   38.700   0.0000E+00
   38.710   0.0000E+00
   38.720   0.0000E+00
   38.730   0.0000E+00
   38.740   0.0000E+00
   38.750   0.0000E+00
   38.760   0.0000E+00
   38.770   0.0000E+00
   38.780   0.0000E+00
   38.790   0.0000E+00
   38.800   0.0000E+00
   38.810   0.0000E+00
   38.820   0.0000E+00
   38.830   0.0000E+00
   38.840   0.0000E+00
   38.850   0.0000E+00
   38.860   0.0000E+00
   38.870   0.0000E+00
   38.880   0.0000E+00
   38.890   0.0000E+00
   38.900   0.0000E+00
   38.910   0.0000E+00
   38.920   0.0000E+00
   38.930   0.0000E+00
   38.940   0.0000E+00
   38.950   0.0000E+00
   38.960   0.0000E+00
   38.970   0.0000E+00
   38.980   0.0000E+00
   38.990   0.0000E+00
   39.000   0.0000E+00
   39.010   0.0000E+00
   39.020   0.0000E+00
   39.030   0.0000E+00
   39.040   0.0000E+00
   39.050   0.0000E+00
   39.060   0.0000E+00
   39.070   0.0000E+00
   39.080   0.0000E+00
   39.090   0.0000E+00
   39.100   0.0000E+00
   39.110   0.0000E+00
   39.120   0.0000E+00
   39.130   0.0000E+00
   39.140   0.0000E+00
   39.150   0.0000E+00
   39.160   0.0000E+00
   39.170   0.0000E+00
   39.180   0.0000E+00
   39.190   0.0000E+00
   39.200   0.0000E+00
   39.210   0.0000E+00
   39.220   0.0000E+00
   39.230   0.0000E+00
   39.240   0.0000E+00
   39.250   0.0000E+00
   39.260   0.0000E+00
   39.270   0.0000E+00
   39.280   0.0000E+00
   39.290   0.0000E+00
   39.300   0.0000E+00
   39.310   0.0000E+00
   39.320   0.0000E+00
   39.330   0.0000E+00
   39.340   0.0000E+00
   39.350   0.0000E+00
   39.360   0.0000E+00
   39.370   0.0000E+00
   39.380   0.0000E+00
   39.390   0.0000E+00
   39.400   0.0000E+00
   39.410   0.0000E+00
   39.420   0.0000E+00
   39.430   0.0000E+00
   39.440   0.0000E+00
   39.450   0.0000E+00
   39.460   0.0000E+00
   39.470   0.0000E+00
   39.480   0.0000E+00
   39.490   0.0000E+00
   39.500   0.0000E+00
   39.510   0.0000E+00
   39.520   0.0000E+00
   39.530   0.0000E+00
   39.540   0.0000E+00
   39.550   0.0000E+00
   39.560   0.0000E+00
   39.570   0.0000E+00
   39.580   0.0000E+00
   39.590   0.0000E+00
   39.600   0.0000E+00
   39.610   0.0000E+00
   39.620   0.0000E+00
   39.630   0.0000E+00
   39.640   0.0000E+00
   39.650   0.0000E+00
   39.660   0.0000E+00
   39.670   0.0000E+00
   39.680   0.0000E+00
   39.690   0.0000E+00
   39.700   0.0000E+00
   39.710   0.0000E+00
   39.720   0.0000E+00
   39.730   0.0000E+00
   39.740   0.0000E+00
   39.750   0.0000E+00
   39.760   0.0000E+00
   39.770   0.0000E+00
   39.780   0.0000E+00
   39.790   0.0000E+00
   39.800   0.0000E+00
   39.810   0.0000E+00
   39.820   0.0000E+00
   39.830   0.0000E+00
   39.840   0.0000E+00
   39.850   0.0000E+00
   39.860   0.0000E+00
   39.870   0.0000E+00
   39.880   0.0000E+00
   39.890   0.0000E+00
   39.900   0.0000E+00
   39.910   0.0000E+00
   39.920   0.0000E+00
   39.930   0.0000E+00
   39.940   0.0000E+00
   39.950   0.0000E+00
   39.960   0.0000E+00
   39.970   0.0000E+00
   39.980   0.0000E+00
   39.990   0.0000E+00
   40.000   0.0000E+00
   40.010   0.0000E+00
   40.020   0.0000E+00
   40.030   0.0000E+00
   40.040   0.0000E+00
   40.050   0.0000E+00
   40.060   0.0000E+00
   40.070   0.0000E+00
   40.080   0.0000E+00
   40.090   0.0000E+00
   40.100   0.0000E+00
   40.110   0.0000E+00
   40.120   0.0000E+00
   40.130   0.0000E+00
   40.140   0.0000E+00
   40.150   0.0000E+00
   40.160   0.0000E+00
   40.170   0.0000E+00
   40.180   0.0000E+00
   40.190   0.0000E+00
   40.200   0.0000E+00
   40.210   0.0000E+00
   40.220   0.0000E+00
   40.230   0.0000E+00
   40.240   0.0000E+00
   40.250   0.0000E+00
   40.260   0.0000E+00
   40.270   0.0000E+00
   40.280   0.0000E+00
   40.290   0.0000E+00
   40.300   0.0000E+00
   40.310   0.0000E+00
   40.320   0.0000E+00
   40.330   0.0000E+00
   40.340   0.0000E+00
   40.350   0.0000E+00
   40.360   0.0000E+00
   40.370   0.0000E+00
   40.380   0.0000E+00
   40.390   0.0000E+00
   40.400   0.0000E+00
   40.410   0.0000E+00
   40.420   0.0000E+00
   40.430   0.0000E+00
   40.440   0.0000E+00
   40.450   0.0000E+00
   40.460   0.0000E+00
   40.470   0.0000E+00
   40.480   0.0000E+00
   40.490   0.0000E+00
   40.500   0.0000E+00
   40.510   0.0000E+00
   40.520   0.0000E+00
   40.530   0.0000E+00
   40.540   0.0000E+00
   40.550   0.0000E+00
   40.560   0.0000E+00
   40.570   0.0000E+00
   40.580   0.0000E+00
   40.590   0.0000E+00
   40.600   0.0000E+00
   40.610   0.0000E+00
   40.620   0.0000E+00
   40.630   0.0000E+00
   40.640   0.0000E+00
   40.650   0.0000E+00
   40.660   0.0000E+00
   40.670   0.0000E+00
   40.680   0.0000E+00
   40.690   0.0000E+00
   40.700   0.0000E+00
   40.710   0.0000E+00
   40.720   0.0000E+00
   40.730   0.0000E+00
   40.740   0.0000E+00
   40.750   0.0000E+00
   40.760   0.0000E+00
   40.770   0.0000E+00
   40.780   0.0000E+00
   40.790   0.0000E+00
   40.800   0.0000E+00
   40.810   0.0000E+00
   40.820   0.0000E+00
   40.830   0.0000E+00
   40.840   0.0000E+00
   40.850   0.0000E+00
   40.860   0.0000E+00
   40.870   0.0000E+00
   40.880   0.0000E+00
   40.890   0.0000E+00
   40.900   0.0000E+00
   40.910   0.0000E+00
   40.920   0.0000E+00
   40.930   0.0000E+00
   40.940   0.0000E+00
   40.950   0.0000E+00
