**********************************************
*******  Acceleration Time Series ************
*** Site #   1
*** trial   30
Input Parameters file =  aqk_0604__parameters.out                                                                                                
  4096 samples
dt:  0.010 sec
data format: (1x,f8.3,1p,2x,e11.4)
maximum absolute acceleration: 432.18
fault Dis.(km)=    3.84
Hypo  Dis.(km)=   11.75
  time(s) acc(cm/s**2)
    0.000   0.0000E+00
    0.010   0.0000E+00
    0.020   0.0000E+00
    0.030   0.0000E+00
    0.040   0.0000E+00
    0.050   0.0000E+00
    0.060   0.0000E+00
    0.070   0.0000E+00
    0.080   0.0000E+00
    0.090   0.0000E+00
    0.100   0.0000E+00
    0.110   0.0000E+00
    0.120   0.0000E+00
    0.130   0.0000E+00
    0.140   0.0000E+00
    0.150   0.0000E+00
    0.160   0.0000E+00
    0.170   0.0000E+00
    0.180   0.0000E+00
    0.190   0.0000E+00
    0.200   0.0000E+00
    0.210   0.0000E+00
    0.220   0.0000E+00
    0.230   0.0000E+00
    0.240   0.0000E+00
    0.250   0.0000E+00
    0.260   0.0000E+00
    0.270   0.0000E+00
    0.280   0.0000E+00
    0.290   0.0000E+00
    0.300   0.0000E+00
    0.310   0.0000E+00
    0.320   0.0000E+00
    0.330   0.0000E+00
    0.340   0.0000E+00
    0.350   0.0000E+00
    0.360   0.0000E+00
    0.370   0.0000E+00
    0.380   0.0000E+00
    0.390   0.0000E+00
    0.400   0.0000E+00
    0.410   0.0000E+00
    0.420   0.0000E+00
    0.430   6.2796E-01
    0.440   8.0034E-01
    0.450   9.8844E-01
    0.460   1.1925E+00
    0.470   1.4048E+00
    0.480   1.6070E+00
    0.490   1.7765E+00
    0.500   1.8967E+00
    0.510   1.9624E+00
    0.520   1.9751E+00
    0.530   1.9379E+00
    0.540   1.8558E+00
    0.550   1.7370E+00
    0.560   1.5893E+00
    0.570   1.4154E+00
    0.580   1.2169E+00
    0.590   1.0017E+00
    0.600   7.8401E-01
    0.610   5.7763E-01
    0.620   3.8924E-01
    0.630   2.1773E-01
    0.640   5.6040E-02
    0.650  -1.0648E-01
    0.660  -2.7916E-01
    0.670  -4.6396E-01
    0.680  -6.5466E-01
    0.690  -8.4298E-01
    0.700  -1.0243E+00
    0.710  -1.1977E+00
    0.720  -1.4028E+00
    0.730  -1.5859E+00
    0.740  -1.7609E+00
    0.750  -1.9310E+00
    0.760  -2.0938E+00
    0.770  -2.2389E+00
    0.780  -2.3537E+00
    0.790  -2.4317E+00
    0.800  -2.4723E+00
    0.810  -2.4761E+00
    0.820  -2.4415E+00
    0.830  -2.3664E+00
    0.840  -2.2522E+00
    0.850  -2.1052E+00
    0.860  -1.9354E+00
    0.870  -1.7526E+00
    0.880  -1.5628E+00
    0.890  -1.3655E+00
    0.900  -1.1536E+00
    0.910  -9.1836E-01
    0.920  -6.5510E-01
    0.930  -3.6594E-01
    0.940  -5.7318E-02
    0.950   2.6393E-01
    0.960   5.9050E-01
    0.970   9.1097E-01
    0.980   1.2083E+00
    0.990   1.4636E+00
    1.000   1.6623E+00
    1.010   1.7963E+00
    1.020   1.8650E+00
    1.030   1.8763E+00
    1.040   1.8480E+00
    1.050   1.8053E+00
    1.060   1.7721E+00
    1.070   1.7638E+00
    1.080   1.7821E+00
    1.090   1.8142E+00
    1.100   1.8353E+00
    1.110   1.8172E+00
    1.120   1.7379E+00
    1.130   1.5880E+00
    1.140   1.3702E+00
    1.150   1.0964E+00
    1.160   7.8371E-01
    1.170   7.2952E-02
    1.180  -3.0516E-01
    1.190  -3.6164E-01
    1.200  -6.0921E-01
    1.210  -8.0985E-01
    1.220  -9.7536E-01
    1.230  -1.1283E+00
    1.240  -1.2996E+00
    1.250  -1.5005E+00
    1.260  -1.7031E+00
    1.270  -1.8557E+00
    1.280  -1.9170E+00
    1.290  -1.8769E+00
    1.300  -1.7517E+00
    1.310  -1.5686E+00
    1.320  -1.3574E+00
    1.330  -1.1463E+00
    1.340  -9.5721E-01
    1.350  -8.0083E-01
    1.360  -6.7891E-01
    1.370  -5.8889E-01
    1.380  -5.2627E-01
    1.390  -4.5136E-01
    1.400  -4.0465E-01
    1.410  -3.5859E-01
    1.420  -2.9959E-01
    1.430  -2.1772E-01
    1.440  -2.2514E+00
    1.450  -1.7789E+00
    1.460  -1.3315E+00
    1.470  -1.0078E+00
    1.480  -8.7576E-01
    1.490  -9.2422E-01
    1.500  -1.0627E+00
    1.510  -1.1639E+00
    1.520   1.9034E+00
    1.530   2.6812E+00
    1.540   3.6697E+00
    1.550   4.7217E+00
    1.560   5.6524E+00
    1.570   6.3284E+00
    1.580   6.7291E+00
    1.590   6.9262E+00
    1.600   7.0145E+00
    1.610   7.0666E+00
    1.620   7.1297E+00
    1.630   7.2238E+00
    1.640   7.1869E+00
    1.650   7.2482E+00
    1.660   7.1111E+00
    1.670   6.7132E+00
    1.680   6.0538E+00
    1.690   5.1610E+00
    1.700   4.0488E+00
    1.710   2.7177E+00
    1.720   1.2133E+00
    1.730  -3.9454E-01
    1.740  -1.7119E+00
    1.750  -2.6570E+00
    1.760  -3.2254E+00
    1.770  -3.5675E+00
    1.780  -3.8568E+00
    1.790  -4.1721E+00
    1.800  -4.4952E+00
    1.810  -4.7794E+00
    1.820  -4.9844E+00
    1.830  -5.0545E+00
    1.840  -4.9011E+00
    1.850  -4.4380E+00
    1.860  -3.6434E+00
    1.870  -2.5929E+00
    1.880  -1.4336E+00
    1.890  -3.1724E-01
    1.900   6.1691E-01
    1.910   1.4067E+00
    1.920   2.0355E+00
    1.930   2.5056E+00
    1.940   2.8520E+00
    1.950   3.1544E+00
    1.960   3.4957E+00
    1.970   3.8971E+00
    1.980   4.3017E+00
    1.990   4.6214E+00
    2.000   4.7909E+00
    2.010   4.7014E+00
    2.020   4.5527E+00
    2.030   6.3925E+00
    2.040   6.7542E+00
    2.050   7.1049E+00
    2.060   7.4482E+00
    2.070   7.7504E+00
    2.080   7.9884E+00
    2.090   8.1870E+00
    2.100   8.3984E+00
    2.110   8.4199E+00
    2.120   8.5842E+00
    2.130   9.6741E+00
    2.140   9.5750E+00
    2.150   9.1875E+00
    2.160   8.5857E+00
    2.170   7.8248E+00
    2.180   6.8840E+00
    2.190   6.4179E+00
    2.200   4.8375E+00
    2.210   3.1133E+00
    2.220   1.4293E+00
    2.230  -1.0427E-01
    2.240  -1.4544E+00
    2.250  -2.5995E+00
    2.260  -3.5013E+00
    2.270  -4.1484E+00
    2.280  -4.5965E+00
    2.290  -4.9344E+00
    2.300  -5.1315E+00
    2.310  -5.3178E+00
    2.320  -5.4127E+00
    2.330  -5.4321E+00
    2.340  -5.4152E+00
    2.350  -5.3741E+00
    2.360  -5.2750E+00
    2.370  -5.0659E+00
    2.380  -4.7073E+00
    2.390  -4.5555E+00
    2.400  -3.7425E+00
    2.410  -2.7443E+00
    2.420  -1.6430E+00
    2.430  -5.6759E-01
    2.440   8.0896E-01
    2.450   1.2555E+00
    2.460   1.4892E+00
    2.470   1.6508E+00
    2.480   1.8892E+00
    2.490   2.3199E+00
    2.500   2.9804E+00
    2.510   3.7985E+00
    2.520   4.5984E+00
    2.530   5.1593E+00
    2.540   5.3054E+00
    2.550   4.9733E+00
    2.560   3.9425E+00
    2.570   2.8846E+00
    2.580   1.7365E+00
    2.590   1.1996E+00
    2.600   9.1858E-01
    2.610   9.4067E-01
    2.620   1.1808E+00
    2.630   1.7536E+00
    2.640   1.9258E+00
    2.650   1.8950E+00
    2.660   1.7427E+00
    2.670   1.5390E+00
    2.680   1.2334E+00
    2.690   6.9752E-01
    2.700  -1.3046E-01
    2.710  -1.1508E+00
    2.720  -2.3300E+00
    2.730  -3.3249E+00
    2.740  -3.6284E+00
    2.750  -3.4980E+00
    2.760  -3.1919E+00
    2.770  -3.0965E+00
    2.780  -3.5532E+00
    2.790  -5.0759E+00
    2.800  -6.6437E+00
    2.810  -8.5237E+00
    2.820  -1.0339E+01
    2.830  -1.0771E+01
    2.840  -1.1718E+01
    2.850  -1.2272E+01
    2.860  -1.2577E+01
    2.870  -1.2843E+01
    2.880  -1.3246E+01
    2.890  -1.3837E+01
    2.900  -1.4521E+01
    2.910  -1.5128E+01
    2.920  -1.5517E+01
    2.930  -1.5600E+01
    2.940  -1.5299E+01
    2.950  -1.4491E+01
    2.960  -1.3034E+01
    2.970  -1.1152E+01
    2.980  -8.1203E+00
    2.990  -4.8438E+00
    3.000  -4.0005E+00
    3.010  -1.9942E+00
    3.020  -1.0907E+00
    3.030  -1.1992E+00
    3.040  -1.8955E+00
    3.050  -2.6337E+00
    3.060  -2.9622E+00
    3.070  -2.6537E+00
    3.080  -1.7353E+00
    3.090  -4.4260E-01
    3.100   8.7592E-01
    3.110   1.8631E+00
    3.120   2.2453E+00
    3.130   1.8532E+00
    3.140   8.8674E-01
    3.150  -4.8501E-01
    3.160  -1.9827E+00
    3.170  -3.3681E+00
    3.180  -4.4805E+00
    3.190  -5.2666E+00
    3.200  -5.8132E+00
    3.210  -6.3075E+00
    3.220  -6.8860E+00
    3.230  -7.5061E+00
    3.240  -7.9873E+00
    3.250  -8.1703E+00
    3.260  -7.9954E+00
    3.270  -7.0823E+00
    3.280  -6.1712E+00
    3.290  -4.9246E+00
    3.300  -3.5430E+00
    3.310  -2.3671E+00
    3.320  -1.7256E+00
    3.330  -1.7903E+00
    3.340  -2.5470E+00
    3.350  -3.8717E+00
    3.360  -5.6193E+00
    3.370  -7.6384E+00
    3.380  -9.7859E+00
    3.390  -1.1575E+01
    3.400  -1.1503E+01
    3.410  -1.1655E+01
    3.420  -1.0907E+01
    3.430  -8.9291E+00
    3.440  -6.7053E+00
    3.450  -4.0941E+00
    3.460  -1.3905E+00
    3.470   1.1925E+00
    3.480   3.5829E+00
    3.490   5.7598E+00
    3.500   7.6141E+00
    3.510   8.9429E+00
    3.520   9.6007E+00
    3.530   9.6525E+00
    3.540   9.3802E+00
    3.550   9.1346E+00
    3.560   9.1467E+00
    3.570   9.4257E+00
    3.580   9.8148E+00
    3.590   1.0142E+01
    3.600   9.1266E+00
    3.610   8.1846E+00
    3.620   7.1217E+00
    3.630   6.0442E+00
    3.640   5.0639E+00
    3.650   4.2910E+00
    3.660   3.7487E+00
    3.670   3.1524E+00
    3.680   2.7907E+00
    3.690   2.3721E+00
    3.700   2.0339E+00
    3.710   1.9705E+00
    3.720   2.5986E+00
    3.730   3.2701E+00
    3.740   3.9759E+00
    3.750   5.0685E+00
    3.760   6.3140E+00
    3.770   7.6307E+00
    3.780   8.8602E+00
    3.790   9.8658E+00
    3.800   1.0649E+01
    3.810   1.1311E+01
    3.820   1.1882E+01
    3.830   1.2256E+01
    3.840   1.2306E+01
    3.850   1.2035E+01
    3.860   1.1558E+01
    3.870   1.0998E+01
    3.880   1.0269E+01
    3.890   9.9054E+00
    3.900   9.7239E+00
    3.910   9.5730E+00
    3.920   9.1789E+00
    3.930   8.4330E+00
    3.940   7.6162E+00
    3.950   7.2944E+00
    3.960   7.9593E+00
    3.970   9.6943E+00
    3.980   1.2078E+01
    3.990   1.4371E+01
    4.000   1.5917E+01
    4.010   1.6512E+01
    4.020   1.6466E+01
    4.030   1.6263E+01
    4.040   1.6160E+01
    4.050   1.6092E+01
    4.060   1.5887E+01
    4.070   1.5474E+01
    4.080   1.4858E+01
    4.090   1.3979E+01
    4.100   1.2711E+01
    4.110   1.1054E+01
    4.120   9.3095E+00
    4.130   7.9876E+00
    4.140   7.4392E+00
    4.150   7.5414E+00
    4.160   8.2243E+00
    4.170   8.4601E+00
    4.180   8.7095E+00
    4.190   9.4200E+00
    4.200   1.0716E+01
    4.210   1.2178E+01
    4.220   1.2882E+01
    4.230   1.2170E+01
    4.240   9.7024E+00
    4.250   6.1553E+00
    4.260   2.5016E+00
    4.270   1.2570E+00
    4.280   2.3629E-01
    4.290   9.8320E-01
    4.300   2.5904E+00
    4.310   4.0197E+00
    4.320   4.4869E+00
    4.330   3.8709E+00
    4.340   1.5507E+00
    4.350  -1.8426E+00
    4.360  -5.4976E+00
    4.370  -8.3699E+00
    4.380  -9.5066E+00
    4.390  -8.3991E+00
    4.400  -5.1973E+00
    4.410  -8.0278E-01
    4.420   3.8621E+00
    4.430   8.2355E+00
    4.440   1.2244E+01
    4.450   1.5662E+01
    4.460   1.8142E+01
    4.470   1.9325E+01
    4.480   1.9217E+01
    4.490   1.8142E+01
    4.500   1.6226E+01
    4.510   1.3773E+01
    4.520   1.0526E+01
    4.530   6.3467E+00
    4.540   2.8165E+00
    4.550  -4.8655E-01
    4.560  -3.2282E+00
    4.570  -5.4695E+00
    4.580  -5.5889E+00
    4.590  -5.6461E+00
    4.600  -3.9630E+00
    4.610  -4.1540E-01
    4.620   4.4327E+00
    4.630   9.5444E+00
    4.640   1.3793E+01
    4.650   1.7143E+01
    4.660   1.7143E+01
    4.670   1.5257E+01
    4.680   1.3212E+01
    4.690   9.3682E+00
    4.700   4.4788E+00
    4.710  -1.1658E+00
    4.720  -7.2145E+00
    4.730  -1.2923E+01
    4.740  -1.7831E+01
    4.750  -2.1974E+01
    4.760  -2.5554E+01
    4.770  -2.8555E+01
    4.780  -3.0723E+01
    4.790  -3.1833E+01
    4.800  -3.1931E+01
    4.810  -3.1350E+01
    4.820  -3.0450E+01
    4.830  -2.9274E+01
    4.840  -2.8690E+01
    4.850  -2.6409E+01
    4.860  -2.3306E+01
    4.870  -1.9967E+01
    4.880  -1.6665E+01
    4.890  -1.3292E+01
    4.900  -9.7093E+00
    4.910  -6.1575E+00
    4.920  -3.1624E+00
    4.930  -1.0896E+00
    4.940  -6.4852E-01
    4.950  -1.8048E-01
    4.960  -2.8380E-01
    4.970  -9.7416E-01
    4.980  -2.1139E+00
    4.990  -3.4066E+00
    5.000  -4.7192E+00
    5.010  -6.2688E+00
    5.020  -8.3203E+00
    5.030  -1.0753E+01
    5.040  -1.3229E+01
    5.050  -1.5572E+01
    5.060  -1.7880E+01
    5.070  -2.0000E+01
    5.080  -1.9993E+01
    5.090  -1.9777E+01
    5.100  -1.8554E+01
    5.110  -1.7342E+01
    5.120  -1.6852E+01
    5.130  -1.6975E+01
    5.140  -1.7200E+01
    5.150  -1.6756E+01
    5.160  -1.6074E+01
    5.170  -1.3987E+01
    5.180  -9.8872E+00
    5.190  -4.0643E+00
    5.200   1.8847E+00
    5.210   5.4704E+00
    5.220   4.3697E+00
    5.230  -2.2564E+00
    5.240  -1.2858E+01
    5.250  -2.3992E+01
    5.260  -3.2385E+01
    5.270  -3.7031E+01
    5.280  -3.9308E+01
    5.290  -4.1126E+01
    5.300  -4.3218E+01
    5.310  -4.5206E+01
    5.320  -4.6661E+01
    5.330  -4.7458E+01
    5.340  -4.7250E+01
    5.350  -4.5305E+01
    5.360  -4.1186E+01
    5.370  -3.5333E+01
    5.380  -2.8761E+01
    5.390  -2.2357E+01
    5.400  -1.6550E+01
    5.410  -1.1298E+01
    5.420  -5.3354E+00
    5.430   1.0481E+00
    5.440   7.9654E+00
    5.450   1.3342E+01
    5.460   1.5513E+01
    5.470   1.6116E+01
    5.480   1.7044E+01
    5.490   1.7919E+01
    5.500   1.9080E+01
    5.510   2.2571E+01
    5.520   2.7813E+01
    5.530   3.0199E+01
    5.540   2.7007E+01
    5.550   1.8835E+01
    5.560   8.1928E+00
    5.570  -8.9120E-01
    5.580  -6.0212E+00
    5.590  -6.4481E+00
    5.600  -3.1557E+00
    5.610   2.9034E+00
    5.620   1.0558E+01
    5.630   1.8162E+01
    5.640   2.6198E+01
    5.650   2.7809E+01
    5.660   2.2802E+01
    5.670   1.2334E+01
    5.680  -1.2297E+00
    5.690  -1.5834E+01
    5.700  -2.9751E+01
    5.710  -4.1767E+01
    5.720  -5.0564E+01
    5.730  -5.5973E+01
    5.740  -5.8765E+01
    5.750  -5.8995E+01
    5.760  -5.6634E+01
    5.770  -5.0353E+01
    5.780  -4.0847E+01
    5.790  -3.0106E+01
    5.800  -2.1583E+01
    5.810  -1.6584E+01
    5.820  -1.4381E+01
    5.830  -1.1826E+01
    5.840  -9.2784E+00
    5.850  -9.2811E+00
    5.860  -1.3127E+01
    5.870  -2.1081E+01
    5.880  -3.1227E+01
    5.890  -3.9983E+01
    5.900  -4.4944E+01
    5.910  -4.6644E+01
    5.920  -4.5747E+01
    5.930  -4.2038E+01
    5.940  -3.6207E+01
    5.950  -2.7940E+01
    5.960  -1.7877E+01
    5.970  -6.8510E+00
    5.980   4.3653E+00
    5.990   1.4807E+01
    6.000   2.4211E+01
    6.010   3.4299E+01
    6.020   4.5937E+01
    6.030   5.7177E+01
    6.040   6.5885E+01
    6.050   7.1505E+01
    6.060   7.3799E+01
    6.070   7.2734E+01
    6.080   6.9735E+01
    6.090   6.6975E+01
    6.100   6.3897E+01
    6.110   5.9027E+01
    6.120   5.2661E+01
    6.130   4.5650E+01
    6.140   3.8693E+01
    6.150   3.1361E+01
    6.160   2.1447E+01
    6.170   8.6965E+00
    6.180  -4.6071E+00
    6.190  -1.6410E+01
    6.200  -2.6537E+01
    6.210  -3.4972E+01
    6.220  -3.9931E+01
    6.230  -4.0502E+01
    6.240  -3.6850E+01
    6.250  -3.0945E+01
    6.260  -2.4345E+01
    6.270  -1.6348E+01
    6.280  -4.8807E+00
    6.290   7.3917E+00
    6.300   1.6196E+01
    6.310   2.0977E+01
    6.320   2.4258E+01
    6.330   2.8113E+01
    6.340   3.2512E+01
    6.350   3.3740E+01
    6.360   2.9382E+01
    6.370   2.2875E+01
    6.380   1.7687E+01
    6.390   1.4092E+01
    6.400   9.0479E+00
    6.410   2.9660E+00
    6.420  -1.7790E+00
    6.430  -9.2152E+00
    6.440  -2.5684E+01
    6.450  -5.1989E+01
    6.460  -8.2041E+01
    6.470  -1.0414E+02
    6.480  -1.0556E+02
    6.490  -8.2108E+01
    6.500  -3.9993E+01
    6.510   6.4003E+00
    6.520   3.9621E+01
    6.530   5.4783E+01
    6.540   6.3637E+01
    6.550   7.6094E+01
    6.560   9.3895E+01
    6.570   1.1123E+02
    6.580   1.2755E+02
    6.590   1.4515E+02
    6.600   1.6091E+02
    6.610   1.6793E+02
    6.620   1.6385E+02
    6.630   1.4473E+02
    6.640   1.1516E+02
    6.650   8.7300E+01
    6.660   6.2523E+01
    6.670   4.4780E+01
    6.680   3.5504E+01
    6.690   2.7678E+01
    6.700   1.5583E+01
    6.710   2.4963E+00
    6.720  -3.1297E+00
    6.730  -1.4759E+00
    6.740   5.3209E+00
    6.750   1.0864E+01
    6.760   8.9043E+00
    6.770   2.9508E+00
    6.780  -1.5730E+00
    6.790   2.5815E+00
    6.800   2.2129E+01
    6.810   4.9466E+01
    6.820   7.4862E+01
    6.830   9.1304E+01
    6.840   9.2725E+01
    6.850   8.4312E+01
    6.860   6.9601E+01
    6.870   4.4044E+01
    6.880   2.8338E+00
    6.890  -4.4807E+01
    6.900  -7.6454E+01
    6.910  -7.7140E+01
    6.920  -5.0458E+01
    6.930  -8.2849E+00
    6.940   3.8670E+01
    6.950   8.1728E+01
    6.960   1.1607E+02
    6.970   1.4015E+02
    6.980   1.4573E+02
    6.990   1.3208E+02
    7.000   1.1042E+02
    7.010   9.3191E+01
    7.020   8.0034E+01
    7.030   6.0829E+01
    7.040   3.2228E+01
    7.050   3.1389E+00
    7.060  -1.4182E+01
    7.070  -1.5445E+01
    7.080  -3.9747E+00
    7.090   1.2563E+01
    7.100   2.5087E+01
    7.110   3.1070E+01
    7.120   3.6267E+01
    7.130   4.4410E+01
    7.140   5.7631E+01
    7.150   7.1446E+01
    7.160   8.0868E+01
    7.170   8.3584E+01
    7.180   7.6798E+01
    7.190   6.6667E+01
    7.200   5.9573E+01
    7.210   5.8894E+01
    7.220   6.6971E+01
    7.230   7.4968E+01
    7.240   7.4924E+01
    7.250   6.4743E+01
    7.260   4.5059E+01
    7.270   1.2605E+01
    7.280  -2.3151E+01
    7.290  -5.3804E+01
    7.300  -7.5912E+01
    7.310  -8.3322E+01
    7.320  -8.0903E+01
    7.330  -7.7708E+01
    7.340  -7.5829E+01
    7.350  -7.3762E+01
    7.360  -6.8806E+01
    7.370  -5.1021E+01
    7.380  -2.3182E+01
    7.390  -6.6060E-01
    7.400   7.4552E+00
    7.410   8.8278E+00
    7.420   8.9413E+00
    7.430   1.1478E+01
    7.440   2.1532E+01
    7.450   3.1667E+01
    7.460   3.2688E+01
    7.470   3.0167E+01
    7.480   2.6240E+01
    7.490   2.2447E+01
    7.500   1.8620E+01
    7.510   8.9502E+00
    7.520  -3.9191E+00
    7.530  -2.2376E+01
    7.540  -4.5366E+01
    7.550  -6.5872E+01
    7.560  -7.8894E+01
    7.570  -8.1617E+01
    7.580  -8.1910E+01
    7.590  -8.9243E+01
    7.600  -1.0662E+02
    7.610  -1.2662E+02
    7.620  -1.3334E+02
    7.630  -1.2718E+02
    7.640  -1.1568E+02
    7.650  -1.0414E+02
    7.660  -8.7521E+01
    7.670  -6.1346E+01
    7.680  -3.9971E+01
    7.690  -2.3345E+01
    7.700   3.8978E+00
    7.710   3.6623E+01
    7.720   6.0856E+01
    7.730   6.5198E+01
    7.740   4.9738E+01
    7.750   3.0496E+01
    7.760   1.1783E+01
    7.770  -1.9231E+01
    7.780  -5.5064E+01
    7.790  -7.6786E+01
    7.800  -7.6885E+01
    7.810  -5.7551E+01
    7.820  -3.6061E+01
    7.830  -3.3019E+01
    7.840  -5.5290E+01
    7.850  -8.9633E+01
    7.860  -1.2301E+02
    7.870  -1.4868E+02
    7.880  -1.6650E+02
    7.890  -1.7375E+02
    7.900  -1.6718E+02
    7.910  -1.5566E+02
    7.920  -1.4725E+02
    7.930  -1.3611E+02
    7.940  -1.2186E+02
    7.950  -1.1461E+02
    7.960  -1.1410E+02
    7.970  -1.1195E+02
    7.980  -1.0659E+02
    7.990  -1.0193E+02
    8.000  -1.0708E+02
    8.010  -1.1082E+02
    8.020  -9.5819E+01
    8.030  -6.2323E+01
    8.040  -2.1999E+01
    8.050   2.7136E+00
    8.060  -2.0123E+00
    8.070  -4.1200E+01
    8.080  -1.0112E+02
    8.090  -1.6156E+02
    8.100  -2.0304E+02
    8.110  -2.0736E+02
    8.120  -1.7723E+02
    8.130  -1.3073E+02
    8.140  -7.6039E+01
    8.150  -1.2246E+01
    8.160   3.6721E+01
    8.170   5.7174E+01
    8.180   5.1399E+01
    8.190   2.0318E+01
    8.200  -3.2491E+01
    8.210  -9.2565E+01
    8.220  -1.3908E+02
    8.230  -1.6103E+02
    8.240  -1.6474E+02
    8.250  -1.5969E+02
    8.260  -1.5701E+02
    8.270  -1.5854E+02
    8.280  -1.5283E+02
    8.290  -1.4001E+02
    8.300  -1.2548E+02
    8.310  -1.0838E+02
    8.320  -1.0768E+02
    8.330  -1.1714E+02
    8.340  -1.2051E+02
    8.350  -1.2952E+02
    8.360  -1.5089E+02
    8.370  -1.8455E+02
    8.380  -2.2671E+02
    8.390  -2.5973E+02
    8.400  -2.6375E+02
    8.410  -2.2632E+02
    8.420  -1.4930E+02
    8.430  -5.4638E+01
    8.440   2.1375E+01
    8.450   6.6411E+01
    8.460   9.6310E+01
    8.470   1.0751E+02
    8.480   1.0644E+02
    8.490   1.1106E+02
    8.500   1.2121E+02
    8.510   1.2446E+02
    8.520   1.2205E+02
    8.530   1.0873E+02
    8.540   7.8432E+01
    8.550   5.4157E+01
    8.560   5.2307E+01
    8.570   6.2855E+01
    8.580   6.3979E+01
    8.590   4.9000E+01
    8.600   3.4215E+01
    8.610   4.5849E+01
    8.620   8.6731E+01
    8.630   1.2629E+02
    8.640   1.4242E+02
    8.650   1.3040E+02
    8.660   1.0307E+02
    8.670   7.6904E+01
    8.680   5.8315E+01
    8.690   5.2877E+01
    8.700   6.3587E+01
    8.710   8.4387E+01
    8.720   1.1250E+02
    8.730   1.4011E+02
    8.740   1.6094E+02
    8.750   1.7794E+02
    8.760   1.8415E+02
    8.770   1.7351E+02
    8.780   1.5554E+02
    8.790   1.4854E+02
    8.800   1.5565E+02
    8.810   1.6085E+02
    8.820   1.6064E+02
    8.830   1.5560E+02
    8.840   1.5692E+02
    8.850   1.8074E+02
    8.860   2.2889E+02
    8.870   2.8306E+02
    8.880   3.2202E+02
    8.890   3.4887E+02
    8.900   3.7295E+02
    8.910   3.9812E+02
    8.920   4.2147E+02
    8.930   4.3218E+02
    8.940   4.2519E+02
    8.950   3.9722E+02
    8.960   3.4420E+02
    8.970   2.7531E+02
    8.980   2.1392E+02
    8.990   1.7418E+02
    9.000   1.4500E+02
    9.010   1.0404E+02
    9.020   4.1444E+01
    9.030  -1.6330E+01
    9.040  -5.1405E+01
    9.050  -6.1780E+01
    9.060  -5.1180E+01
    9.070  -2.0665E+01
    9.080   3.2070E+01
    9.090   1.0135E+02
    9.100   1.6311E+02
    9.110   1.9826E+02
    9.120   1.9726E+02
    9.130   1.6726E+02
    9.140   1.3538E+02
    9.150   1.0191E+02
    9.160   7.3853E+01
    9.170   6.0927E+01
    9.180   4.9147E+01
    9.190   3.4709E+01
    9.200   9.9089E+00
    9.210  -2.5303E+01
    9.220  -5.3259E+01
    9.230  -6.2000E+01
    9.240  -4.5062E+01
    9.250  -2.3773E+00
    9.260   5.7073E+01
    9.270   1.1664E+02
    9.280   1.5405E+02
    9.290   1.7221E+02
    9.300   1.7686E+02
    9.310   1.7372E+02
    9.320   1.7990E+02
    9.330   1.8521E+02
    9.340   1.7933E+02
    9.350   1.6585E+02
    9.360   1.3920E+02
    9.370   8.9133E+01
    9.380   1.5755E+01
    9.390  -6.2243E+01
    9.400  -1.3692E+02
    9.410  -1.9896E+02
    9.420  -2.3392E+02
    9.430  -2.3757E+02
    9.440  -2.0713E+02
    9.450  -1.4388E+02
    9.460  -6.7916E+01
    9.470   1.3413E+01
    9.480   8.9223E+01
    9.490   1.4158E+02
    9.500   1.7703E+02
    9.510   2.0880E+02
    9.520   2.2472E+02
    9.530   2.0209E+02
    9.540   1.3816E+02
    9.550   6.0968E+01
    9.560  -1.5074E+00
    9.570  -3.4545E+01
    9.580  -2.9315E+01
    9.590  -3.8940E+00
    9.600   2.3895E+01
    9.610   5.5172E+01
    9.620   8.8603E+01
    9.630   1.2403E+02
    9.640   1.4808E+02
    9.650   1.4390E+02
    9.660   1.0601E+02
    9.670   4.5575E+01
    9.680  -3.3986E+01
    9.690  -1.1517E+02
    9.700  -1.7680E+02
    9.710  -2.2469E+02
    9.720  -2.6231E+02
    9.730  -2.7723E+02
    9.740  -2.5991E+02
    9.750  -2.1864E+02
    9.760  -1.5768E+02
    9.770  -7.9542E+01
    9.780  -3.1130E+00
    9.790   4.0430E+01
    9.800   4.9512E+01
    9.810   4.8602E+01
    9.820   4.5326E+01
    9.830   4.4885E+01
    9.840   4.1398E+01
    9.850   2.5296E+01
    9.860  -7.8409E+00
    9.870  -6.5983E+01
    9.880  -1.4735E+02
    9.890  -2.2879E+02
    9.900  -2.8255E+02
    9.910  -3.1225E+02
    9.920  -3.3421E+02
    9.930  -3.5618E+02
    9.940  -3.6032E+02
    9.950  -3.3619E+02
    9.960  -2.9924E+02
    9.970  -2.8634E+02
    9.980  -3.1201E+02
    9.990  -3.5083E+02
   10.000  -3.8765E+02
   10.010  -4.0939E+02
   10.020  -3.9238E+02
   10.030  -3.3713E+02
   10.040  -2.4671E+02
   10.050  -1.3852E+02
   10.060  -5.7134E+01
   10.070  -2.6002E+01
   10.080  -5.2709E+01
   10.090  -1.2047E+02
   10.100  -2.0083E+02
   10.110  -2.8096E+02
   10.120  -3.4233E+02
   10.130  -3.6778E+02
   10.140  -3.5289E+02
   10.150  -3.0693E+02
   10.160  -2.4425E+02
   10.170  -1.8824E+02
   10.180  -1.5857E+02
   10.190  -1.4533E+02
   10.200  -1.4439E+02
   10.210  -1.5328E+02
   10.220  -1.6236E+02
   10.230  -1.6732E+02
   10.240  -1.7106E+02
   10.250  -1.8542E+02
   10.260  -2.1826E+02
   10.270  -2.6154E+02
   10.280  -3.0305E+02
   10.290  -3.3432E+02
   10.300  -3.4429E+02
   10.310  -3.1762E+02
   10.320  -2.5670E+02
   10.330  -1.8256E+02
   10.340  -1.1676E+02
   10.350  -6.0086E+01
   10.360  -2.5405E+01
   10.370  -1.8483E+01
   10.380  -2.1108E+01
   10.390  -2.9672E+01
   10.400  -4.6241E+01
   10.410  -7.9535E+01
   10.420  -1.2941E+02
   10.430  -1.7775E+02
   10.440  -2.0258E+02
   10.450  -1.9167E+02
   10.460  -1.4493E+02
   10.470  -7.0132E+01
   10.480   4.9251E+00
   10.490   6.7659E+01
   10.500   1.1869E+02
   10.510   1.5439E+02
   10.520   1.6190E+02
   10.530   1.3711E+02
   10.540   1.0944E+02
   10.550   9.3035E+01
   10.560   8.7122E+01
   10.570   8.8628E+01
   10.580   8.9327E+01
   10.590   7.5510E+01
   10.600   4.4816E+01
   10.610   2.4630E+01
   10.620   5.4544E+01
   10.630   1.4163E+02
   10.640   2.5541E+02
   10.650   3.4500E+02
   10.660   3.8138E+02
   10.670   3.6125E+02
   10.680   2.8324E+02
   10.690   1.7935E+02
   10.700   8.4656E+01
   10.710   1.3661E+01
   10.720  -3.0444E+01
   10.730  -4.6932E+01
   10.740  -6.5366E+01
   10.750  -1.0487E+02
   10.760  -1.5149E+02
   10.770  -1.8897E+02
   10.780  -2.2293E+02
   10.790  -2.4894E+02
   10.800  -2.5042E+02
   10.810  -2.3000E+02
   10.820  -1.9556E+02
   10.830  -1.4891E+02
   10.840  -1.0467E+02
   10.850  -7.1880E+01
   10.860  -5.3173E+01
   10.870  -4.9736E+01
   10.880  -5.0151E+01
   10.890  -5.1745E+01
   10.900  -5.6956E+01
   10.910  -5.0402E+01
   10.920  -2.8825E+01
   10.930  -1.4430E+01
   10.940  -1.5319E+01
   10.950  -2.5300E+01
   10.960  -3.2856E+01
   10.970  -3.0848E+01
   10.980  -1.8618E+01
   10.990   1.3329E+01
   11.000   6.8162E+01
   11.010   1.2976E+02
   11.020   1.6573E+02
   11.030   1.6269E+02
   11.040   1.3725E+02
   11.050   1.1053E+02
   11.060   9.4509E+01
   11.070   8.7492E+01
   11.080   8.4816E+01
   11.090   8.3758E+01
   11.100   7.9506E+01
   11.110   8.6551E+01
   11.120   1.0825E+02
   11.130   1.3916E+02
   11.140   1.6937E+02
   11.150   1.8721E+02
   11.160   1.8317E+02
   11.170   1.4966E+02
   11.180   1.0305E+02
   11.190   6.4413E+01
   11.200   3.6932E+01
   11.210   1.2515E+01
   11.220  -3.0831E+00
   11.230   1.1539E+01
   11.240   5.2270E+01
   11.250   9.9866E+01
   11.260   1.3762E+02
   11.270   1.6084E+02
   11.280   1.6544E+02
   11.290   1.6195E+02
   11.300   1.5521E+02
   11.310   1.4968E+02
   11.320   1.6440E+02
   11.330   1.9148E+02
   11.340   2.0743E+02
   11.350   2.0194E+02
   11.360   1.9684E+02
   11.370   2.0147E+02
   11.380   1.8957E+02
   11.390   1.6390E+02
   11.400   1.4004E+02
   11.410   1.1306E+02
   11.420   8.1106E+01
   11.430   4.3588E+01
   11.440   5.8639E+00
   11.450  -1.2397E+01
   11.460  -1.1828E+01
   11.470  -6.8281E+00
   11.480  -9.3636E+00
   11.490  -1.2894E+01
   11.500  -1.0344E+00
   11.510   2.7081E+01
   11.520   6.1307E+01
   11.530   9.7866E+01
   11.540   1.2201E+02
   11.550   1.2140E+02
   11.560   8.8002E+01
   11.570   2.3216E+01
   11.580  -5.4053E+01
   11.590  -1.1157E+02
   11.600  -1.2524E+02
   11.610  -1.0271E+02
   11.620  -6.7593E+01
   11.630  -4.1073E+01
   11.640  -1.3199E+01
   11.650   3.1732E+01
   11.660   8.8418E+01
   11.670   1.4216E+02
   11.680   1.7573E+02
   11.690   1.9729E+02
   11.700   2.0661E+02
   11.710   1.9354E+02
   11.720   1.6591E+02
   11.730   1.2724E+02
   11.740   7.9378E+01
   11.750   2.8437E+01
   11.760  -1.1592E+01
   11.770  -3.1096E+01
   11.780  -3.1036E+01
   11.790  -1.6301E+01
   11.800  -4.1689E+00
   11.810  -1.1102E+01
   11.820  -3.6325E+01
   11.830  -6.4023E+01
   11.840  -7.9314E+01
   11.850  -8.9296E+01
   11.860  -1.0003E+02
   11.870  -1.0928E+02
   11.880  -1.1638E+02
   11.890  -1.2357E+02
   11.900  -1.2653E+02
   11.910  -1.1071E+02
   11.920  -7.7055E+01
   11.930  -4.2125E+01
   11.940  -6.9615E+00
   11.950   3.3217E+01
   11.960   7.3818E+01
   11.970   9.7692E+01
   11.980   8.5348E+01
   11.990   4.9851E+01
   12.000   3.2311E+01
   12.010   3.7954E+01
   12.020   5.3369E+01
   12.030   8.3515E+01
   12.040   1.2185E+02
   12.050   1.4942E+02
   12.060   1.5237E+02
   12.070   1.3099E+02
   12.080   1.1846E+02
   12.090   1.3029E+02
   12.100   1.4907E+02
   12.110   1.5760E+02
   12.120   1.6399E+02
   12.130   1.7941E+02
   12.140   1.9583E+02
   12.150   2.0253E+02
   12.160   1.9477E+02
   12.170   1.6614E+02
   12.180   1.3034E+02
   12.190   1.0991E+02
   12.200   1.0338E+02
   12.210   9.6318E+01
   12.220   8.1713E+01
   12.230   6.1052E+01
   12.240   3.5759E+01
   12.250   8.2949E-01
   12.260  -3.7160E+01
   12.270  -5.8155E+01
   12.280  -5.0501E+01
   12.290  -3.1800E+01
   12.300  -2.5982E+01
   12.310  -3.5425E+01
   12.320  -5.8416E+01
   12.330  -8.1165E+01
   12.340  -8.3831E+01
   12.350  -5.6328E+01
   12.360  -1.5578E+01
   12.370   1.7305E+01
   12.380   3.5427E+01
   12.390   3.1310E+01
   12.400   2.3121E+01
   12.410   3.4891E+01
   12.420   6.9152E+01
   12.430   1.1679E+02
   12.440   1.6528E+02
   12.450   2.0519E+02
   12.460   2.3550E+02
   12.470   2.5460E+02
   12.480   2.4593E+02
   12.490   1.9151E+02
   12.500   1.0179E+02
   12.510   1.5370E+01
   12.520  -2.8235E+01
   12.530  -3.8893E+01
   12.540  -3.7126E+01
   12.550  -2.1610E+01
   12.560   8.5165E+00
   12.570   3.6192E+01
   12.580   4.9068E+01
   12.590   4.1737E+01
   12.600   1.8036E+01
   12.610  -8.2395E+00
   12.620  -3.2135E+01
   12.630  -5.0407E+01
   12.640  -6.2459E+01
   12.650  -6.8657E+01
   12.660  -7.0823E+01
   12.670  -6.8011E+01
   12.680  -5.5726E+01
   12.690  -3.3558E+01
   12.700  -1.3932E+01
   12.710  -1.4952E+01
   12.720  -3.7302E+01
   12.730  -5.7976E+01
   12.740  -5.6283E+01
   12.750  -3.6916E+01
   12.760  -1.9997E+01
   12.770  -1.2593E+01
   12.780  -1.8975E+01
   12.790  -3.2838E+01
   12.800  -4.6009E+01
   12.810  -5.2520E+01
   12.820  -4.8979E+01
   12.830  -4.0558E+01
   12.840  -3.3042E+01
   12.850  -3.7236E+01
   12.860  -5.5274E+01
   12.870  -7.1166E+01
   12.880  -7.3331E+01
   12.890  -6.1124E+01
   12.900  -4.4535E+01
   12.910  -3.5160E+01
   12.920  -4.4170E+01
   12.930  -6.3057E+01
   12.940  -7.9900E+01
   12.950  -8.9214E+01
   12.960  -9.3690E+01
   12.970  -9.2933E+01
   12.980  -7.3760E+01
   12.990  -4.1535E+01
   13.000  -4.7275E+00
   13.010   3.7270E+01
   13.020   6.8637E+01
   13.030   7.5527E+01
   13.040   6.3869E+01
   13.050   4.6989E+01
   13.060   3.8697E+01
   13.070   4.7977E+01
   13.080   6.6330E+01
   13.090   7.4080E+01
   13.100   6.4802E+01
   13.110   4.3494E+01
   13.120   1.6460E+01
   13.130  -9.7531E+00
   13.140  -3.7871E+01
   13.150  -6.8785E+01
   13.160  -9.1693E+01
   13.170  -1.0239E+02
   13.180  -1.0862E+02
   13.190  -1.1527E+02
   13.200  -1.2443E+02
   13.210  -1.2839E+02
   13.220  -1.1905E+02
   13.230  -9.2546E+01
   13.240  -5.6694E+01
   13.250  -1.8056E+01
   13.260   1.8090E+01
   13.270   3.9831E+01
   13.280   4.2316E+01
   13.290   2.6707E+01
   13.300  -2.7198E+00
   13.310  -3.6756E+01
   13.320  -6.5641E+01
   13.330  -8.5085E+01
   13.340  -9.6417E+01
   13.350  -9.6701E+01
   13.360  -8.8631E+01
   13.370  -6.9930E+01
   13.380  -3.9051E+01
   13.390  -5.3884E+00
   13.400   1.5468E+01
   13.410   1.5087E+01
   13.420  -8.0304E+00
   13.430  -5.0092E+01
   13.440  -9.6814E+01
   13.450  -1.3272E+02
   13.460  -1.5507E+02
   13.470  -1.6707E+02
   13.480  -1.7013E+02
   13.490  -1.6363E+02
   13.500  -1.4805E+02
   13.510  -1.2872E+02
   13.520  -1.1073E+02
   13.530  -9.8883E+01
   13.540  -9.8422E+01
   13.550  -9.9343E+01
   13.560  -8.7888E+01
   13.570  -7.3040E+01
   13.580  -6.1420E+01
   13.590  -4.1284E+01
   13.600  -9.6810E+00
   13.610   2.0799E+01
   13.620   4.1355E+01
   13.630   5.4388E+01
   13.640   6.3506E+01
   13.650   6.8568E+01
   13.660   6.5406E+01
   13.670   5.3120E+01
   13.680   3.1714E+01
   13.690   6.2320E+00
   13.700  -1.0198E+01
   13.710  -1.2590E+01
   13.720  -1.2785E+01
   13.730  -1.4976E+01
   13.740  -9.7514E+00
   13.750   2.8331E+00
   13.760   1.8780E+01
   13.770   3.0075E+01
   13.780   2.9813E+01
   13.790   2.2700E+01
   13.800   2.2945E+01
   13.810   3.3747E+01
   13.820   5.2344E+01
   13.830   7.0134E+01
   13.840   7.9836E+01
   13.850   8.3558E+01
   13.860   8.2439E+01
   13.870   8.1949E+01
   13.880   8.3448E+01
   13.890   7.9349E+01
   13.900   6.4982E+01
   13.910   4.3804E+01
   13.920   1.8008E+01
   13.930  -3.1490E+00
   13.940  -1.5414E+01
   13.950  -2.4100E+01
   13.960  -2.5777E+01
   13.970  -2.4492E+01
   13.980  -2.8849E+01
   13.990  -3.7877E+01
   14.000  -4.5831E+01
   14.010  -5.0896E+01
   14.020  -4.8406E+01
   14.030  -3.6209E+01
   14.040  -2.0482E+01
   14.050  -1.2773E+00
   14.060   1.5615E+01
   14.070   2.3290E+01
   14.080   2.2703E+01
   14.090   1.1776E+01
   14.100  -2.9245E+00
   14.110  -1.2596E+01
   14.120  -1.7423E+01
   14.130  -1.5935E+01
   14.140  -7.5590E+00
   14.150   3.2837E+00
   14.160   1.5186E+01
   14.170   2.8147E+01
   14.180   4.1036E+01
   14.190   5.1850E+01
   14.200   5.9211E+01
   14.210   6.3066E+01
   14.220   6.6041E+01
   14.230   6.6331E+01
   14.240   5.5417E+01
   14.250   3.0463E+01
   14.260  -3.6766E+00
   14.270  -3.6145E+01
   14.280  -5.5341E+01
   14.290  -5.7820E+01
   14.300  -4.8840E+01
   14.310  -3.9205E+01
   14.320  -3.7202E+01
   14.330  -4.1262E+01
   14.340  -4.4508E+01
   14.350  -4.3997E+01
   14.360  -4.2526E+01
   14.370  -4.5140E+01
   14.380  -4.7089E+01
   14.390  -4.2042E+01
   14.400  -2.9284E+01
   14.410  -1.3686E+01
   14.420  -2.9678E+00
   14.430   5.4922E-01
   14.440  -1.0627E+00
   14.450  -4.4480E+00
   14.460  -3.1781E+00
   14.470   3.7784E+00
   14.480   1.2461E+01
   14.490   1.7124E+01
   14.500   1.4482E+01
   14.510   6.4676E+00
   14.520  -4.9555E+00
   14.530  -1.5922E+01
   14.540  -2.2945E+01
   14.550  -2.5596E+01
   14.560  -2.4376E+01
   14.570  -1.8052E+01
   14.580  -6.7368E+00
   14.590   4.9419E+00
   14.600   1.1282E+01
   14.610   1.3970E+01
   14.620   1.3298E+01
   14.630   6.2309E+00
   14.640  -6.2985E+00
   14.650  -1.9065E+01
   14.660  -2.7234E+01
   14.670  -3.0068E+01
   14.680  -2.9748E+01
   14.690  -2.7310E+01
   14.700  -2.2126E+01
   14.710  -1.3394E+01
   14.720  -3.4897E+00
   14.730   4.4328E+00
   14.740   1.0599E+01
   14.750   1.7061E+01
   14.760   2.4046E+01
   14.770   3.0688E+01
   14.780   3.5066E+01
   14.790   3.5687E+01
   14.800   3.4748E+01
   14.810   3.4697E+01
   14.820   3.5491E+01
   14.830   3.3982E+01
   14.840   2.6287E+01
   14.850   1.3009E+01
   14.860  -5.3999E-01
   14.870  -9.8829E+00
   14.880  -1.3207E+01
   14.890  -1.0910E+01
   14.900  -6.0598E+00
   14.910   5.1064E-01
   14.920   9.1376E+00
   14.930   1.8406E+01
   14.940   2.5655E+01
   14.950   3.0070E+01
   14.960   3.1651E+01
   14.970   3.2586E+01
   14.980   3.3515E+01
   14.990   3.1638E+01
   15.000   2.3423E+01
   15.010   1.0246E+01
   15.020  -5.0303E+00
   15.030  -2.0037E+01
   15.040  -3.3364E+01
   15.050  -4.4305E+01
   15.060  -5.3480E+01
   15.070  -6.0650E+01
   15.080  -6.2700E+01
   15.090  -5.7382E+01
   15.100  -4.6198E+01
   15.110  -3.2473E+01
   15.120  -2.0719E+01
   15.130  -1.3358E+01
   15.140  -7.5927E+00
   15.150   1.5425E-01
   15.160   1.0668E+01
   15.170   2.3256E+01
   15.180   3.5695E+01
   15.190   4.3959E+01
   15.200   4.6731E+01
   15.210   4.4192E+01
   15.220   3.6844E+01
   15.230   2.7643E+01
   15.240   1.9160E+01
   15.250   9.8571E+00
   15.260  -6.1785E-01
   15.270  -1.0253E+01
   15.280  -1.7086E+01
   15.290  -2.0521E+01
   15.300  -2.2144E+01
   15.310  -2.4881E+01
   15.320  -2.7482E+01
   15.330  -2.9147E+01
   15.340  -2.8464E+01
   15.350  -2.1410E+01
   15.360  -9.0881E+00
   15.370   3.4480E+00
   15.380   1.1589E+01
   15.390   1.4512E+01
   15.400   1.5978E+01
   15.410   1.5850E+01
   15.420   1.3672E+01
   15.430   1.2087E+01
   15.440   1.2035E+01
   15.450   1.0293E+01
   15.460   7.0211E+00
   15.470   2.0923E+00
   15.480  -7.1067E+00
   15.490  -1.8354E+01
   15.500  -2.6904E+01
   15.510  -3.0158E+01
   15.520  -2.9587E+01
   15.530  -2.5999E+01
   15.540  -2.1329E+01
   15.550  -1.7944E+01
   15.560  -1.3848E+01
   15.570  -7.9460E+00
   15.580  -1.4791E+00
   15.590   6.2477E+00
   15.600   1.4295E+01
   15.610   1.7383E+01
   15.620   1.3210E+01
   15.630   3.0414E+00
   15.640  -1.1617E+01
   15.650  -2.6076E+01
   15.660  -3.6222E+01
   15.670  -3.9783E+01
   15.680  -3.7941E+01
   15.690  -3.0479E+01
   15.700  -1.6431E+01
   15.710  -1.7026E+00
   15.720   7.8540E+00
   15.730   8.3709E+00
   15.740   1.8408E+00
   15.750  -4.3326E+00
   15.760  -7.0404E+00
   15.770  -4.6418E+00
   15.780   2.3472E+00
   15.790   8.9035E+00
   15.800   1.1346E+01
   15.810   9.9641E+00
   15.820   6.9818E+00
   15.830   4.8266E+00
   15.840   2.2731E+00
   15.850  -1.2712E+00
   15.860  -3.2610E+00
   15.870  -1.4522E+00
   15.880   2.8834E+00
   15.890   8.5431E+00
   15.900   1.5163E+01
   15.910   2.2464E+01
   15.920   2.9078E+01
   15.930   3.2107E+01
   15.940   3.0298E+01
   15.950   2.5308E+01
   15.960   1.8183E+01
   15.970   1.0615E+01
   15.980   4.2227E+00
   15.990   7.8690E-01
   16.000   2.2470E+00
   16.010   3.9861E+00
   16.020   3.8476E-01
   16.030  -7.2440E+00
   16.040  -1.5660E+01
   16.050  -2.3078E+01
   16.060  -3.0089E+01
   16.070  -3.5382E+01
   16.080  -3.5420E+01
   16.090  -3.0914E+01
   16.100  -2.2505E+01
   16.110  -1.1334E+01
   16.120  -2.6458E+00
   16.130   2.1078E-02
   16.140  -1.1526E+00
   16.150  -1.4579E+00
   16.160   4.6195E-01
   16.170   1.6452E+00
   16.180  -7.3345E-01
   16.190  -4.0611E+00
   16.200  -5.2162E+00
   16.210  -5.5287E+00
   16.220  -6.2531E+00
   16.230  -8.8482E+00
   16.240  -1.2748E+01
   16.250  -1.4841E+01
   16.260  -1.3396E+01
   16.270  -7.2851E+00
   16.280   2.9016E+00
   16.290   1.5136E+01
   16.300   2.6904E+01
   16.310   3.6039E+01
   16.320   4.1477E+01
   16.330   4.4820E+01
   16.340   4.6026E+01
   16.350   4.3550E+01
   16.360   3.7321E+01
   16.370   2.8982E+01
   16.380   2.1204E+01
   16.390   1.4933E+01
   16.400   9.5108E+00
   16.410   3.9181E+00
   16.420   3.0633E-02
   16.430  -1.8461E+00
   16.440  -3.5909E+00
   16.450  -6.6080E+00
   16.460  -9.5296E+00
   16.470  -1.3141E+01
   16.480  -1.6654E+01
   16.490  -1.7748E+01
   16.500  -1.5872E+01
   16.510  -1.1315E+01
   16.520  -5.0015E+00
   16.530   1.7066E+00
   16.540   6.9470E+00
   16.550   1.0203E+01
   16.560   1.3519E+01
   16.570   1.7901E+01
   16.580   2.3207E+01
   16.590   2.8867E+01
   16.600   3.4047E+01
   16.610   3.7115E+01
   16.620   3.6521E+01
   16.630   3.2734E+01
   16.640   2.6352E+01
   16.650   1.8743E+01
   16.660   1.0909E+01
   16.670   1.5367E+00
   16.680  -7.3881E+00
   16.690  -1.2412E+01
   16.700  -1.3867E+01
   16.710  -1.3203E+01
   16.720  -1.0802E+01
   16.730  -7.1722E+00
   16.740  -3.2772E+00
   16.750   6.1380E-01
   16.760   3.0076E+00
   16.770   2.5539E+00
   16.780   4.8006E-01
   16.790  -1.4226E+00
   16.800  -1.5729E+00
   16.810  -1.0806E+00
   16.820  -9.5409E-01
   16.830  -8.8516E-01
   16.840  -1.5651E+00
   16.850  -2.5820E+00
   16.860  -3.3825E+00
   16.870  -3.6258E+00
   16.880  -9.6587E-01
   16.890   6.6011E+00
   16.900   1.7264E+01
   16.910   2.6006E+01
   16.920   2.9053E+01
   16.930   2.6994E+01
   16.940   2.3560E+01
   16.950   2.0659E+01
   16.960   1.7139E+01
   16.970   1.2634E+01
   16.980   9.4500E+00
   16.990   9.7883E+00
   17.000   1.3205E+01
   17.010   1.8074E+01
   17.020   2.1549E+01
   17.030   2.2328E+01
   17.040   2.1216E+01
   17.050   1.8348E+01
   17.060   1.4575E+01
   17.070   1.1332E+01
   17.080   8.3592E+00
   17.090   5.4460E+00
   17.100   3.5129E+00
   17.110   3.0129E+00
   17.120   3.7430E+00
   17.130   4.3524E+00
   17.140   3.0039E+00
   17.150  -8.7179E-01
   17.160  -5.4511E+00
   17.170  -8.5834E+00
   17.180  -1.0229E+01
   17.190  -1.0853E+01
   17.200  -1.0470E+01
   17.210  -8.9730E+00
   17.220  -6.0818E+00
   17.230  -1.5139E+00
   17.240   3.6540E+00
   17.250   7.3960E+00
   17.260   8.0043E+00
   17.270   7.7581E+00
   17.280   8.9650E+00
   17.290   1.1723E+01
   17.300   1.5531E+01
   17.310   1.8911E+01
   17.320   2.0575E+01
   17.330   2.0544E+01
   17.340   1.8564E+01
   17.350   1.4048E+01
   17.360   7.3723E+00
   17.370   1.1172E+00
   17.380  -2.5143E+00
   17.390  -3.7051E+00
   17.400  -3.1902E+00
   17.410  -1.8857E+00
   17.420  -1.8027E+00
   17.430  -2.9243E+00
   17.440  -3.1403E+00
   17.450  -2.0871E+00
   17.460  -1.8064E+00
   17.470  -2.4526E+00
   17.480  -2.7294E+00
   17.490  -2.7804E+00
   17.500  -3.4598E+00
   17.510  -4.5143E+00
   17.520  -6.5811E+00
   17.530  -1.0259E+01
   17.540  -1.5093E+01
   17.550  -2.0992E+01
   17.560  -2.6808E+01
   17.570  -3.0937E+01
   17.580  -3.3421E+01
   17.590  -3.4078E+01
   17.600  -3.1888E+01
   17.610  -2.7374E+01
   17.620  -2.1580E+01
   17.630  -1.4452E+01
   17.640  -6.7425E+00
   17.650   1.5871E-02
   17.660   5.4719E+00
   17.670   9.1615E+00
   17.680   1.0267E+01
   17.690   9.6457E+00
   17.700   7.9623E+00
   17.710   6.8350E+00
   17.720   7.8032E+00
   17.730   9.9314E+00
   17.740   1.2307E+01
   17.750   1.4880E+01
   17.760   1.6548E+01
   17.770   1.6523E+01
   17.780   1.5610E+01
   17.790   1.4217E+01
   17.800   1.2152E+01
   17.810   9.6890E+00
   17.820   6.9891E+00
   17.830   3.3259E+00
   17.840  -1.7953E+00
   17.850  -7.3548E+00
   17.860  -1.2240E+01
   17.870  -1.6286E+01
   17.880  -1.9255E+01
   17.890  -2.0459E+01
   17.900  -1.8136E+01
   17.910  -1.2184E+01
   17.920  -4.9172E+00
   17.930   1.6131E+00
   17.940   6.9646E+00
   17.950   1.0941E+01
   17.960   1.3332E+01
   17.970   1.3411E+01
   17.980   1.0791E+01
   17.990   5.6776E+00
   18.000   2.1063E-01
   18.010  -3.4589E+00
   18.020  -4.7680E+00
   18.030  -3.7554E+00
   18.040  -1.2223E+00
   18.050   1.4010E+00
   18.060   3.4061E+00
   18.070   4.9026E+00
   18.080   5.5564E+00
   18.090   5.9217E+00
   18.100   7.1466E+00
   18.110   9.0971E+00
   18.120   1.0375E+01
   18.130   9.6069E+00
   18.140   5.6456E+00
   18.150  -7.4262E-01
   18.160  -7.2952E+00
   18.170  -1.1696E+01
   18.180  -1.2824E+01
   18.190  -1.1193E+01
   18.200  -9.5469E+00
   18.210  -9.5418E+00
   18.220  -1.0433E+01
   18.230  -1.1686E+01
   18.240  -1.3209E+01
   18.250  -1.4704E+01
   18.260  -1.6142E+01
   18.270  -1.7415E+01
   18.280  -1.8847E+01
   18.290  -2.0190E+01
   18.300  -2.0791E+01
   18.310  -2.0247E+01
   18.320  -1.8301E+01
   18.330  -1.5929E+01
   18.340  -1.4032E+01
   18.350  -1.2592E+01
   18.360  -1.1100E+01
   18.370  -9.5273E+00
   18.380  -8.3077E+00
   18.390  -7.9774E+00
   18.400  -7.8753E+00
   18.410  -7.4037E+00
   18.420  -7.1461E+00
   18.430  -6.7492E+00
   18.440  -6.1382E+00
   18.450  -5.7545E+00
   18.460  -5.5844E+00
   18.470  -5.3515E+00
   18.480  -4.9351E+00
   18.490  -4.7578E+00
   18.500  -5.6590E+00
   18.510  -7.6619E+00
   18.520  -9.9625E+00
   18.530  -1.1324E+01
   18.540  -1.1164E+01
   18.550  -9.8298E+00
   18.560  -8.4220E+00
   18.570  -7.5909E+00
   18.580  -7.1956E+00
   18.590  -6.4439E+00
   18.600  -4.7227E+00
   18.610  -1.9641E+00
   18.620   1.1989E+00
   18.630   3.6754E+00
   18.640   4.7011E+00
   18.650   4.5258E+00
   18.660   3.4527E+00
   18.670   1.7743E+00
   18.680   2.2901E-01
   18.690  -6.2109E-01
   18.700  -5.8089E-01
   18.710  -7.9675E-02
   18.720  -1.8603E-01
   18.730  -9.5076E-01
   18.740  -1.9850E+00
   18.750  -2.8194E+00
   18.760  -3.3320E+00
   18.770  -3.3080E+00
   18.780  -2.2140E+00
   18.790   1.6596E-01
   18.800   3.4866E+00
   18.810   7.2281E+00
   18.820   1.1191E+01
   18.830   1.4968E+01
   18.840   1.7707E+01
   18.850   1.9017E+01
   18.860   1.9155E+01
   18.870   1.7979E+01
   18.880   1.4805E+01
   18.890   9.5273E+00
   18.900   4.0015E+00
   18.910  -1.2184E-01
   18.920  -2.6482E+00
   18.930  -4.0165E+00
   18.940  -4.4004E+00
   18.950  -3.7592E+00
   18.960  -2.7032E+00
   18.970  -1.6958E+00
   18.980  -9.1764E-01
   18.990  -3.1210E-01
   19.000   6.0389E-01
   19.010   1.9423E+00
   19.020   3.0899E+00
   19.030   2.9294E+00
   19.040   1.6342E+00
   19.050   3.0736E-01
   19.060  -1.0410E+00
   19.070  -2.3089E+00
   19.080  -3.5550E+00
   19.090  -4.6291E+00
   19.100  -5.5191E+00
   19.110  -5.5074E+00
   19.120  -3.5512E+00
   19.130  -4.4034E-02
   19.140   3.7193E+00
   19.150   6.1050E+00
   19.160   6.0959E+00
   19.170   3.9721E+00
   19.180   1.0875E+00
   19.190  -1.6083E+00
   19.200  -4.4911E+00
   19.210  -7.6477E+00
   19.220  -1.0409E+01
   19.230  -1.2006E+01
   19.240  -1.2048E+01
   19.250  -1.0817E+01
   19.260  -9.4012E+00
   19.270  -7.9057E+00
   19.280  -6.2464E+00
   19.290  -5.3581E+00
   19.300  -5.7246E+00
   19.310  -7.2301E+00
   19.320  -9.0841E+00
   19.330  -1.0660E+01
   19.340  -1.1540E+01
   19.350  -1.1705E+01
   19.360  -1.1425E+01
   19.370  -1.1274E+01
   19.380  -1.0687E+01
   19.390  -9.1075E+00
   19.400  -6.5878E+00
   19.410  -2.9676E+00
   19.420   1.2532E+00
   19.430   4.5510E+00
   19.440   6.5330E+00
   19.450   7.1910E+00
   19.460   6.8240E+00
   19.470   7.0778E+00
   19.480   8.9247E+00
   19.490   1.1343E+01
   19.500   1.3526E+01
   19.510   1.5480E+01
   19.520   1.6942E+01
   19.530   1.7220E+01
   19.540   1.6173E+01
   19.550   1.4369E+01
   19.560   1.2016E+01
   19.570   9.2310E+00
   19.580   6.7293E+00
   19.590   5.2226E+00
   19.600   4.3974E+00
   19.610   3.6356E+00
   19.620   2.9414E+00
   19.630   2.6092E+00
   19.640   2.6236E+00
   19.650   2.7741E+00
   19.660   2.8322E+00
   19.670   2.5289E+00
   19.680   2.0448E+00
   19.690   1.4410E+00
   19.700   6.9484E-01
   19.710   6.4225E-02
   19.720  -7.3620E-02
   19.730  -3.8104E-03
   19.740  -1.0243E-02
   19.750   1.6774E-01
   19.760   4.1815E-01
   19.770   8.8982E-01
   19.780   1.6860E+00
   19.790   2.5616E+00
   19.800   3.4148E+00
   19.810   4.3052E+00
   19.820   5.2300E+00
   19.830   5.9950E+00
   19.840   6.3780E+00
   19.850   6.2126E+00
   19.860   5.4738E+00
   19.870   4.3340E+00
   19.880   3.1121E+00
   19.890   2.1632E+00
   19.900   1.7352E+00
   19.910   1.8609E+00
   19.920   2.3659E+00
   19.930   2.9842E+00
   19.940   3.4725E+00
   19.950   3.6566E+00
   19.960   3.4540E+00
   19.970   2.9095E+00
   19.980   2.1944E+00
   19.990   1.5198E+00
   20.000   1.0223E+00
   20.010   7.0339E-01
   20.020   4.4139E-01
   20.030   5.4572E-02
   20.040  -5.9680E-01
   20.050  -1.5138E+00
   20.060  -2.5478E+00
   20.070  -3.4914E+00
   20.080  -4.1829E+00
   20.090  -4.5510E+00
   20.100  -4.6123E+00
   20.110  -4.4381E+00
   20.120  -4.0801E+00
   20.130  -3.5123E+00
   20.140  -2.6945E+00
   20.150  -1.7200E+00
   20.160  -8.3735E-01
   20.170  -2.6474E-01
   20.180  -1.3037E-02
   20.190   6.5352E-02
   20.200   1.0496E-01
   20.210   1.7345E-01
   20.220   3.3386E-01
   20.230   6.2418E-01
   20.240   9.4836E-01
   20.250   1.0926E+00
   20.260   9.3010E-01
   20.270   5.7062E-01
   20.280   2.6254E-01
   20.290   1.7658E-01
   20.300   3.1722E-01
   20.310   5.8278E-01
   20.320   8.2854E-01
   20.330   8.9179E-01
   20.340   6.6651E-01
   20.350   2.0988E-01
   20.360  -2.7228E-01
   20.370  -6.0650E-01
   20.380  -7.9224E-01
   20.390  -9.0777E-01
   20.400  -8.9882E-01
   20.410  -5.6282E-01
   20.420   2.0785E-01
   20.430   1.2405E+00
   20.440   2.2317E+00
   20.450   3.0584E+00
   20.460   3.8419E+00
   20.470   4.6907E+00
   20.480   5.4787E+00
   20.490   5.9380E+00
   20.500   5.9085E+00
   20.510   5.4353E+00
   20.520   4.6824E+00
   20.530   3.8562E+00
   20.540   3.1978E+00
   20.550   2.9226E+00
   20.560   3.0811E+00
   20.570   3.4887E+00
   20.580   3.8310E+00
   20.590   3.8535E+00
   20.600   3.4769E+00
   20.610   2.7839E+00
   20.620   1.9285E+00
   20.630   1.0460E+00
   20.640   2.1082E-01
   20.650  -5.6179E-01
   20.660  -1.2952E+00
   20.670  -2.0079E+00
   20.680  -2.6336E+00
   20.690  -2.9865E+00
   20.700  -2.8910E+00
   20.710  -2.4141E+00
   20.720  -1.9152E+00
   20.730  -1.7810E+00
   20.740  -2.1147E+00
   20.750  -2.7366E+00
   20.760  -3.4364E+00
   20.770  -4.1091E+00
   20.780  -4.6534E+00
   20.790  -4.9069E+00
   20.800  -4.7922E+00
   20.810  -4.4594E+00
   20.820  -4.1702E+00
   20.830  -4.0493E+00
   20.840  -4.0094E+00
   20.850  -3.9012E+00
   20.860  -3.6571E+00
   20.870  -3.2914E+00
   20.880  -2.8399E+00
   20.890  -2.3482E+00
   20.900  -1.8810E+00
   20.910  -2.1158E+00
   20.920  -1.9508E+00
   20.930  -1.7731E+00
   20.940  -1.5019E+00
   20.950  -1.1317E+00
   20.960  -7.5108E-01
   20.970  -4.9273E-01
   20.980  -4.5865E-01
   20.990  -6.8205E-01
   21.000  -1.1349E+00
   21.010  -1.7487E+00
   21.020  -2.4245E+00
   21.030  -3.0533E+00
   21.040  -3.5600E+00
   21.050  -3.9454E+00
   21.060  -4.2869E+00
   21.070  -4.6914E+00
   21.080  -5.2223E+00
   21.090  -5.8357E+00
   21.100  -6.3698E+00
   21.110  -6.6083E+00
   21.120  -6.3863E+00
   21.130  -5.6746E+00
   21.140  -4.6023E+00
   21.150  -3.4123E+00
   21.160  -2.3585E+00
   21.170  -1.5955E+00
   21.180  -1.1415E+00
   21.190  -9.3863E-01
   21.200  -8.7265E-01
   21.210  -8.8612E-01
   21.220  -7.9567E-01
   21.230  -4.6196E-01
   21.240   8.6549E-02
   21.250   6.8115E-01
   21.260   1.2057E+00
   21.270   1.6933E+00
   21.280   2.1888E+00
   21.290   2.5897E+00
   21.300   2.7154E+00
   21.310   2.5128E+00
   21.320   2.1116E+00
   21.330   1.6788E+00
   21.340   1.2907E+00
   21.350   9.5042E-01
   21.360   6.4703E-01
   21.370   3.4794E-01
   21.380  -5.6044E-03
   21.390  -4.2729E-01
   21.400  -8.2162E-01
   21.410  -1.0378E+00
   21.420  -9.8398E-01
   21.430  -6.6558E-01
   21.440  -1.3654E-01
   21.450   5.2028E-01
   21.460   1.1465E+00
   21.470   1.5005E+00
   21.480   1.3774E+00
   21.490   7.6924E-01
   21.500  -9.9286E-02
   21.510  -9.1085E-01
   21.520  -1.4374E+00
   21.530  -1.6154E+00
   21.540  -1.5007E+00
   21.550  -1.2071E+00
   21.560  -8.8384E-01
   21.570  -6.8787E-01
   21.580  -7.0549E-01
   21.590  -8.8545E-01
   21.600  -1.0766E+00
   21.610  -1.1568E+00
   21.620  -1.1192E+00
   21.630  -1.0246E+00
   21.640  -8.8926E-01
   21.650  -2.7940E-01
   21.660   1.2999E-01
   21.670   3.0266E-01
   21.680   6.4258E-01
   21.690   8.5012E-01
   21.700   9.5055E-01
   21.710   9.7425E-01
   21.720   9.0022E-01
   21.730   6.9141E-01
   21.740   3.6723E-01
   21.750  -4.2277E-03
   21.760  -3.8302E-01
   21.770  -7.8844E-01
   21.780  -1.2422E+00
   21.790  -1.7175E+00
   21.800  -2.1651E+00
   21.810  -2.5600E+00
   21.820  -2.8763E+00
   21.830  -3.0241E+00
   21.840  -2.8546E+00
   21.850  -2.2716E+00
   21.860  -1.3442E+00
   21.870  -3.3947E-01
   21.880   5.1974E-01
   21.890   1.0617E+00
   21.900   1.3329E+00
   21.910   1.5503E+00
   21.920   4.1073E+00
   21.930   4.4847E+00
   21.940   5.0554E+00
   21.950   5.5578E+00
   21.960   5.7323E+00
   21.970   5.5118E+00
   21.980   5.0656E+00
   21.990   4.6539E+00
   22.000   1.4340E+00
   22.010   9.6563E-01
   22.020   6.9742E-01
   22.030   6.0084E-01
   22.040   5.7775E-01
   22.050   4.6883E-01
   22.060   1.5910E-01
   22.070  -3.2380E-01
   22.080  -8.2925E-01
   22.090  -1.1944E+00
   22.100  -1.3281E+00
   22.110  -1.2179E+00
   22.120  -7.5993E-01
   22.130  -3.0169E-01
   22.140   3.2537E-01
   22.150   1.0708E+00
   22.160   1.8114E+00
   22.170   2.3590E+00
   22.180   2.5502E+00
   22.190   2.3435E+00
   22.200   1.8356E+00
   22.210   1.2780E+00
   22.220   6.8724E-01
   22.230   3.2633E-01
   22.240   3.2944E-01
   22.250   7.5589E-01
   22.260   1.5641E+00
   22.270   2.6153E+00
   22.280   3.7137E+00
   22.290   4.6779E+00
   22.300   5.4198E+00
   22.310   5.9739E+00
   22.320   6.4450E+00
   22.330   6.9037E+00
   22.340   7.3085E+00
   22.350   7.4987E+00
   22.360   7.2628E+00
   22.370   6.4557E+00
   22.380   5.1561E+00
   22.390   3.5466E+00
   22.400   2.0200E+00
   22.410   9.0871E-01
   22.420   3.4885E-01
   22.430   2.6561E-01
   22.440   4.7886E-01
   22.450   8.2557E-01
   22.460   1.2041E+00
   22.470   1.5365E+00
   22.480   1.7388E+00
   22.490   1.8467E+00
   22.500   1.7140E+00
   22.510  -5.6352E-01
   22.520  -1.4004E+00
   22.530  -2.2415E+00
   22.540  -3.1110E+00
   22.550  -3.9389E+00
   22.560  -4.5841E+00
   22.570  -4.9310E+00
   22.580  -4.9349E+00
   22.590  -4.3830E+00
   22.600  -3.7181E+00
   22.610  -3.9384E+00
   22.620  -3.1503E+00
   22.630  -2.3730E+00
   22.640  -1.7030E+00
   22.650  -1.2278E+00
   22.660  -1.0171E+00
   22.670  -1.7843E+00
   22.680  -1.8486E+00
   22.690  -1.9365E+00
   22.700  -1.9607E+00
   22.710  -1.8662E+00
   22.720  -1.6592E+00
   22.730  -1.3943E+00
   22.740  -1.0993E+00
   22.750  -7.2071E-01
   22.760  -1.7752E-01
   22.770   5.2555E-01
   22.780   1.1954E+00
   22.790   1.8560E+00
   22.800   2.4306E+00
   22.810   2.9865E+00
   22.820   3.5937E+00
   22.830   4.2625E+00
   22.840   4.9101E+00
   22.850   5.3412E+00
   22.860   5.3003E+00
   22.870   5.0101E+00
   22.880   3.7016E+00
   22.890   2.1282E+00
   22.900   5.9591E-01
   22.910  -7.6035E-01
   22.920  -2.4108E+00
   22.930  -3.2296E+00
   22.940  -3.9123E+00
   22.950  -4.5091E+00
   22.960  -5.0781E+00
   22.970  -5.6376E+00
   22.980  -6.1085E+00
   22.990  -6.3547E+00
   23.000  -6.2862E+00
   23.010  -5.9068E+00
   23.020  -5.2741E+00
   23.030  -4.4617E+00
   23.040  -3.2958E+00
   23.050  -2.4536E+00
   23.060  -1.8207E+00
   23.070  -1.9506E+00
   23.080  -2.2956E+00
   23.090  -2.8052E+00
   23.100  -3.4615E+00
   23.110  -4.5063E+00
   23.120  -5.2063E+00
   23.130  -5.5719E+00
   23.140  -5.4592E+00
   23.150  -4.8957E+00
   23.160  -4.0454E+00
   23.170  -3.1196E+00
   23.180  -2.3143E+00
   23.190  -1.7929E+00
   23.200  -1.4642E+00
   23.210  -1.4187E+00
   23.220  -1.8876E+00
   23.230  -2.4755E+00
   23.240  -3.0527E+00
   23.250  -3.5653E+00
   23.260  -3.9585E+00
   23.270  -3.7436E+00
   23.280  -3.6964E+00
   23.290  -3.1753E+00
   23.300  -2.1898E+00
   23.310  -1.8122E+00
   23.320  -1.6098E-01
   23.330   1.5050E+00
   23.340   2.7702E+00
   23.350   3.3729E+00
   23.360   3.3215E+00
   23.370   2.7902E+00
   23.380   1.9489E+00
   23.390   9.1004E-01
   23.400  -2.2724E-01
   23.410  -1.3556E+00
   23.420  -2.3780E+00
   23.430  -3.2046E+00
   23.440  -3.7345E+00
   23.450  -3.5813E+00
   23.460  -3.5647E+00
   23.470  -3.2233E+00
   23.480  -5.6786E-01
   23.490   1.2903E-01
   23.500   7.3247E-01
   23.510   1.1420E+00
   23.520   1.2565E+00
   23.530   1.0322E+00
   23.540   5.3964E-01
   23.550  -5.0661E-02
   23.560  -5.6240E-01
   23.570  -9.2264E-01
   23.580  -1.1958E+00
   23.590  -1.5060E+00
   23.600  -1.9003E+00
   23.610  -2.2144E+00
   23.620  -2.3639E+00
   23.630  -2.1527E+00
   23.640  -1.6420E+00
   23.650  -1.0636E+00
   23.660  -6.8870E-01
   23.670  -7.1905E-01
   23.680  -1.2448E+00
   23.690  -2.2178E+00
   23.700  -3.4363E+00
   23.710  -4.6182E+00
   23.720  -5.5532E+00
   23.730  -6.1840E+00
   23.740  -6.5280E+00
   23.750  -6.9393E+00
   23.760  -6.6430E+00
   23.770  -6.0827E+00
   23.780  -5.3615E+00
   23.790  -4.5031E+00
   23.800  -3.4715E+00
   23.810  -2.3251E+00
   23.820  -1.2607E+00
   23.830  -4.5078E-01
   23.840   1.0675E-01
   23.850   5.2658E-01
   23.860   9.5656E-01
   23.870   1.2382E+00
   23.880   2.4516E-01
   23.890   3.6615E-01
   23.900   5.5142E-01
   23.910   3.2988E-01
   23.920   4.5962E-01
   23.930   5.6633E-01
   23.940   7.0969E-01
   23.950   9.0065E-01
   23.960   1.0986E+00
   23.970   1.2590E+00
   23.980   1.3566E+00
   23.990   1.3771E+00
   24.000   1.3106E+00
   24.010   1.1578E+00
   24.020   9.4332E-01
   24.030   7.2877E-01
   24.040   5.9368E-01
   24.050   5.6292E-01
   24.060   5.3932E-01
   24.070   3.3843E-01
   24.080   1.0204E+00
   24.090   1.1762E+00
   24.100   1.1572E+00
   24.110   1.0692E+00
   24.120   1.0210E+00
   24.130   1.0550E+00
   24.140   1.1245E+00
   24.150   1.3075E+00
   24.160   1.1002E+00
   24.170   7.7021E-01
   24.180   3.6409E-01
   24.190  -9.1327E-02
   24.200  -9.0921E-01
   24.210  -1.4519E+00
   24.220  -1.7263E+00
   24.230  -2.0660E+00
   24.240  -2.2766E+00
   24.250  -2.4685E+00
   24.260  -2.7514E+00
   24.270  -3.1147E+00
   24.280  -3.4339E+00
   24.290  -3.5870E+00
   24.300  -3.5373E+00
   24.310  -3.3114E+00
   24.320  -2.9419E+00
   24.330  -2.4545E+00
   24.340  -1.8819E+00
   24.350  -1.2626E+00
   24.360  -4.5012E-01
   24.370   4.8921E-02
   24.380   3.6234E-01
   24.390   4.6239E-01
   24.400   4.3745E-01
   24.410   4.3212E-01
   24.420   5.5495E-01
   24.430   8.7552E-01
   24.440   1.4721E+00
   24.450   2.3943E+00
   24.460   3.5601E+00
   24.470   4.7548E+00
   24.480   5.7781E+00
   24.490   6.5660E+00
   24.500   7.1540E+00
   24.510   7.5779E+00
   24.520   7.8593E+00
   24.530   8.0427E+00
   24.540   8.1566E+00
   24.550   8.1267E+00
   24.560   7.7910E+00
   24.570   7.0507E+00
   24.580   6.0000E+00
   24.590   4.8923E+00
   24.600   3.9808E+00
   24.610   3.3876E+00
   24.620   3.0917E+00
   24.630   3.0087E+00
   24.640   2.6685E+00
   24.650   2.7416E+00
   24.660   2.8782E+00
   24.670   2.9359E+00
   24.680   2.7764E+00
   24.690   2.2988E+00
   24.700   1.6723E+00
   24.710   9.4885E-01
   24.720   2.9883E-01
   24.730  -4.9544E-01
   24.740  -1.3175E+00
   24.750  -3.3809E+00
   24.760  -3.7014E+00
   24.770  -3.9719E+00
   24.780  -4.1929E+00
   24.790  -4.4557E+00
   24.800  -4.9145E+00
   24.810  -5.9905E+00
   24.820  -7.0483E+00
   24.830  -8.0778E+00
   24.840  -8.8037E+00
   24.850  -9.1035E+00
   24.860  -9.0132E+00
   24.870  -8.6278E+00
   24.880  -8.0708E+00
   24.890  -7.3189E+00
   24.900  -6.4441E+00
   24.910  -5.4589E+00
   24.920  -4.4127E+00
   24.930  -3.1976E+00
   24.940  -1.8622E+00
   24.950  -4.7264E-01
   24.960   9.0253E-01
   24.970   2.2103E+00
   24.980   3.5426E+00
   24.990   4.5384E+00
   25.000   5.3567E+00
   25.010   6.3795E+00
   25.020   6.6467E+00
   25.030   7.1847E+00
   25.040   7.8413E+00
   25.050   8.5107E+00
   25.060   7.5558E+00
   25.070   7.4947E+00
   25.080   7.2860E+00
   25.090   7.0029E+00
   25.100   6.6768E+00
   25.110   6.3134E+00
   25.120   5.9241E+00
   25.130   4.6732E+00
   25.140   4.6396E+00
   25.150   4.5875E+00
   25.160   3.3430E+00
   25.170   2.9301E+00
   25.180   2.6677E+00
   25.190   2.4213E+00
   25.200   2.4221E+00
   25.210   2.6668E+00
   25.220   3.0190E+00
   25.230   3.2709E+00
   25.240   3.2572E+00
   25.250   2.9412E+00
   25.260   2.4124E+00
   25.270   1.8035E+00
   25.280   1.1999E+00
   25.290   6.0502E-01
   25.300  -3.5495E-02
   25.310  -7.8745E-01
   25.320  -4.9982E-01
   25.330  -1.1300E+00
   25.340  -1.8218E+00
   25.350  -2.3224E+00
   25.360  -2.6166E+00
   25.370  -2.7920E+00
   25.380  -2.9295E+00
   25.390  -3.0147E+00
   25.400  -2.9687E+00
   25.410  -2.7479E+00
   25.420  -1.6585E+00
   25.430  -1.2424E+00
   25.440  -8.9017E-01
   25.450  -6.4765E-01
   25.460  -5.7934E-01
   25.470  -7.6598E-01
   25.480  -1.2342E+00
   25.490  -1.8712E+00
   25.500  -2.4213E+00
   25.510  -2.6346E+00
   25.520  -2.3722E+00
   25.530  -1.7859E+00
   25.540  -1.1695E+00
   25.550  -7.7035E-01
   25.560  -1.9521E+00
   25.570  -2.1854E+00
   25.580  -2.4740E+00
   25.590  -2.6944E+00
   25.600  -2.7692E+00
   25.610  -2.6778E+00
   25.620  -2.4375E+00
   25.630  -2.4437E+00
   25.640  -1.8704E+00
   25.650  -1.2225E+00
   25.660  -5.3650E-01
   25.670   1.7352E-01
   25.680   9.0680E-01
   25.690   1.6222E+00
   25.700   2.2298E+00
   25.710   2.6744E+00
   25.720   3.0142E+00
   25.730   3.3836E+00
   25.740   3.8804E+00
   25.750   4.5048E+00
   25.760   5.1824E+00
   25.770   5.7928E+00
   25.780   6.1774E+00
   25.790   6.1862E+00
   25.800   5.7745E+00
   25.810   5.0525E+00
   25.820   4.2174E+00
   25.830   3.4314E+00
   25.840   2.7606E+00
   25.850   2.2003E+00
   25.860   1.7332E+00
   25.870   1.3626E+00
   25.880   1.1046E+00
   25.890   9.4944E-01
   25.900   1.1863E-01
   25.910  -4.2046E-01
   25.920  -9.8653E-01
   25.930  -1.5611E+00
   25.940  -2.1267E+00
   25.950  -2.7149E+00
   25.960  -3.3710E+00
   25.970  -4.0621E+00
   25.980  -4.6455E+00
   25.990  -4.9538E+00
   26.000  -4.9174E+00
   26.010  -4.6088E+00
   26.020  -4.1770E+00
   26.030  -3.7442E+00
   26.040  -3.3506E+00
   26.050  -2.9717E+00
   26.060  -2.5700E+00
   26.070  -2.1285E+00
   26.080  -1.6453E+00
   26.090  -1.1168E+00
   26.100  -5.4166E-01
   26.110   6.7877E-02
   26.120  -1.4960E+00
   26.130  -1.3789E+00
   26.140  -1.3147E+00
   26.150  -1.2388E+00
   26.160  -1.0665E+00
   26.170  -7.7495E-01
   26.180  -4.2947E-01
   26.190  -1.3008E-01
   26.200   6.6880E-02
   26.210   1.8376E-01
   26.220   3.0053E-01
   26.230   1.8183E-01
   26.240   4.4692E-01
   26.250   8.4344E-01
   26.260   1.2854E+00
   26.270   1.1293E+00
   26.280   1.2275E+00
   26.290   1.1567E+00
   26.300   9.3530E-01
   26.310   6.2249E-01
   26.320   3.1369E-01
   26.330   9.6745E-02
   26.340   4.6343E-04
   26.350  -1.6355E-03
   26.360   2.0474E-01
   26.370   2.9922E-01
   26.380   3.4823E-01
   26.390   5.7376E-01
   26.400   7.7320E-01
   26.410   7.4885E-01
   26.420   7.2382E-01
   26.430   6.1349E-01
   26.440   4.4318E-01
   26.450   2.2382E-01
   26.460  -3.5898E-02
   26.470  -3.1499E-01
   26.480  -5.7844E-01
   26.490  -7.8976E-01
   26.500  -9.2814E-01
   26.510  -9.9585E-01
   26.520  -1.0088E+00
   26.530  -9.8046E-01
   26.540  -9.1575E-01
   26.550  -1.0747E+00
   26.560  -1.2400E+00
   26.570  -1.3738E+00
   26.580  -1.4469E+00
   26.590  -1.4669E+00
   26.600  -1.4773E+00
   26.610  -1.5271E+00
   26.620  -1.6339E+00
   26.630  -1.7705E+00
   26.640  -1.8851E+00
   26.650  -1.9364E+00
   26.660  -1.9150E+00
   26.670  -1.8378E+00
   26.680  -1.7292E+00
   26.690  -1.6083E+00
   26.700  -1.4866E+00
   26.710  -1.3647E+00
   26.720  -1.2218E+00
   26.730  -1.0177E+00
   26.740  -7.2125E-01
   26.750  -3.4897E-01
   26.760   3.0267E-02
   26.770   3.3735E-01
   26.780   5.3668E-01
   26.790   6.5265E-01
   26.800   7.4265E-01
   26.810   8.6100E-01
   26.820   1.0405E+00
   26.830   1.2193E+00
   26.840   1.1555E+00
   26.850   1.0851E+00
   26.860   9.8758E-01
   26.870   8.5853E-01
   26.880   7.1662E-01
   26.890   5.8373E-01
   26.900   4.5962E-01
   26.910   3.2255E-01
   26.920   1.5379E-01
   26.930  -4.4627E-02
   26.940  -2.1706E-01
   26.950  -3.8294E-01
   26.960  -5.3358E-01
   26.970  -6.5195E-01
   26.980  -7.1108E-01
   26.990  -6.8739E-01
   27.000  -5.8115E-01
   27.010  -4.2440E-01
   27.020  -2.6713E-01
   27.030  -1.5134E-01
   27.040  -9.4130E-02
   27.050  -9.1789E-02
   27.060  -1.3492E-01
   27.070  -2.1407E-01
   27.080  -3.1144E-01
   27.090  -3.9532E-01
   27.100  -4.3117E-01
   27.110  -3.9955E-01
   27.120  -3.0228E-01
   27.130  -1.5469E-01
   27.140   2.2644E-02
   27.150   2.0746E-01
   27.160   3.8064E-01
   27.170   5.3326E-01
   27.180   6.6580E-01
   27.190   7.7960E-01
   27.200   8.7441E-01
   27.210   9.5744E-01
   27.220   1.0466E+00
   27.230   1.1553E+00
   27.240   1.2744E+00
   27.250   1.3786E+00
   27.260   1.4503E+00
   27.270   1.4917E+00
   27.280   1.5112E+00
   27.290   1.5082E+00
   27.300   1.4775E+00
   27.310   1.4231E+00
   27.320   1.3576E+00
   27.330   1.2880E+00
   27.340   1.2101E+00
   27.350   1.1179E+00
   27.360   1.0121E+00
   27.370   8.9320E-01
   27.380   7.4810E-01
   27.390   5.4847E-01
   27.400   5.3181E-01
   27.410   2.7086E-01
   27.420  -3.7404E-01
   27.430  -8.1883E-01
   27.440  -1.2628E+00
   27.450  -1.6310E+00
   27.460  -1.8662E+00
   27.470  -2.0935E+00
   27.480  -2.0210E+00
   27.490  -1.8914E+00
   27.500  -1.7691E+00
   27.510  -1.6868E+00
   27.520  -1.6333E+00
   27.530  -1.5708E+00
   27.540  -1.4676E+00
   27.550  -1.3158E+00
   27.560  -1.1241E+00
   27.570  -9.0045E-01
   27.580  -6.4675E-01
   27.590  -3.6654E-01
   27.600  -7.1110E-02
   27.610   2.2200E-01
   27.620   4.9113E-01
   27.630   7.1125E-01
   27.640   1.1485E+00
   27.650   1.2060E+00
   27.660   7.5844E-01
   27.670   6.9310E-01
   27.680   6.2552E-01
   27.690   5.7791E-01
   27.700   5.6415E-01
   27.710   5.8432E-01
   27.720   6.2924E-01
   27.730   6.6241E-01
   27.740   6.6340E-01
   27.750   6.2117E-01
   27.760   4.4648E-01
   27.770   2.8898E-01
   27.780   6.5214E-02
   27.790  -1.9879E-01
   27.800  -4.5496E-01
   27.810  -6.6068E-01
   27.820  -8.0000E-01
   27.830  -8.8129E-01
   27.840  -1.0527E+00
   27.850  -1.0561E+00
   27.860  -1.0215E+00
   27.870  -9.5304E-01
   27.880  -8.6848E-01
   27.890  -7.9719E-01
   27.900  -7.6205E-01
   27.910  -7.6152E-01
   27.920  -7.6958E-01
   27.930  -9.0696E-01
   27.940  -8.4377E-01
   27.950  -7.2579E-01
   27.960  -5.6737E-01
   27.970  -4.0651E-01
   27.980  -2.8468E-01
   27.990  -2.2924E-01
   28.000  -2.4347E-01
   28.010  -3.0560E-01
   28.020  -3.7398E-01
   28.030  -4.0059E-01
   28.040  -3.5412E-01
   28.050  -2.3853E-01
   28.060  -8.6674E-02
   28.070   6.9182E-02
   28.080   2.2240E-01
   28.090   3.8864E-01
   28.100   5.8088E-01
   28.110   7.8800E-01
   28.120   9.7388E-01
   28.130   6.7248E-01
   28.140   7.3794E-01
   28.150   7.3540E-01
   28.160   7.0083E-01
   28.170   6.8221E-01
   28.180   7.1270E-01
   28.190   7.9121E-01
   28.200   8.8743E-01
   28.210   9.6431E-01
   28.220   9.9449E-01
   28.230   9.5957E-01
   28.240   8.4555E-01
   28.250   6.4942E-01
   28.260   3.9094E-01
   28.270   1.1171E-01
   28.280  -1.4221E-01
   28.290  -3.3920E-01
   28.300  -4.6947E-01
   28.310  -5.4012E-01
   28.320  -5.6560E-01
   28.330  -5.5827E-01
   28.340  -5.2427E-01
   28.350  -4.6873E-01
   28.360  -4.0573E-01
   28.370  -3.5955E-01
   28.380  -3.5208E-01
   28.390  -3.8850E-01
   28.400  -4.5644E-01
   28.410  -5.3702E-01
   28.420  -6.1434E-01
   28.430  -6.7753E-01
   28.440  -7.2152E-01
   28.450  -7.5081E-01
   28.460  -7.8052E-01
   28.470  -8.2936E-01
   28.480  -3.5106E-01
   28.490  -3.9121E-01
   28.500  -4.4142E-01
   28.510  -4.9490E-01
   28.520  -5.4394E-01
   28.530  -5.8517E-01
   28.540  -6.1921E-01
   28.550  -6.4485E-01
   28.560  -6.5505E-01
   28.570  -6.4087E-01
   28.580  -2.4802E-01
   28.590  -2.0775E-01
   28.600  -1.5747E-01
   28.610  -1.1068E-01
   28.620  -8.2968E-02
   28.630  -8.2208E-02
   28.640  -9.8684E-02
   28.650  -1.0851E-01
   28.660  -9.1557E-02
   28.670  -4.6770E-02
   28.680   1.0990E-02
   28.690   6.6486E-02
   28.700   1.1341E-01
   28.710   1.5033E-01
   28.720   1.7400E-01
   28.730   1.7990E-01
   28.740   1.6735E-01
   28.750   1.4093E-01
   28.760   1.0794E-01
   28.770   7.6260E-02
   28.780   5.3350E-02
   28.790   4.4300E-02
   28.800   5.0427E-02
   28.810   7.1130E-02
   28.820   1.0672E-01
   28.830   1.5665E-01
   28.840   2.1447E-01
   28.850   2.6728E-01
   28.860   3.0218E-01
   28.870   3.1240E-01
   28.880   2.9647E-01
   28.890   2.5457E-01
   28.900   1.8966E-01
   28.910   5.4412E-02
   28.920  -2.1410E-02
   28.930  -8.8989E-02
   28.940  -1.3915E-01
   28.950  -1.7052E-01
   28.960  -1.8967E-01
   28.970  -2.1432E-01
   28.980  -2.5002E-01
   28.990  -3.1079E-01
   29.000  -3.9421E-01
   29.010  -4.8997E-01
   29.020  -5.8450E-01
   29.030  -6.6221E-01
   29.040  -7.0731E-01
   29.050  -7.0979E-01
   29.060  -6.7006E-01
   29.070  -5.9580E-01
   29.080  -4.9512E-01
   29.090  -3.7466E-01
   29.100  -2.4296E-01
   29.110  -1.1160E-01
   29.120  -4.2359E-01
   29.130  -4.1300E-01
   29.140  -3.9896E-01
   29.150  -3.8139E-01
   29.160  -3.6582E-01
   29.170  -3.5851E-01
   29.180  -3.6194E-01
   29.190  -3.7303E-01
   29.200  -3.8453E-01
   29.210  -3.8844E-01
   29.220  -3.7930E-01
   29.230  -3.5497E-01
   29.240  -3.1549E-01
   29.250  -2.6208E-01
   29.260  -1.9669E-01
   29.270  -1.2189E-01
   29.280  -4.1542E-02
   29.290   3.8316E-02
   29.300   1.1059E-01
   29.310   1.7035E-01
   29.320   2.1627E-01
   29.330   2.4774E-01
   29.340   2.6194E-01
   29.350   2.5612E-01
   29.360   2.3271E-01
   29.370   2.0017E-01
   29.380   1.6854E-01
   29.390   1.4477E-01
   29.400   1.3130E-01
   29.410   1.2592E-01
   29.420   1.2248E-01
   29.430   1.1475E-01
   29.440   1.0176E-01
   29.450   8.8001E-02
   29.460   7.7357E-02
   29.470   6.8621E-02
   29.480   5.8872E-02
   29.490   4.9282E-02
   29.500   1.3137E-01
   29.510  -1.1236E-03
   29.520  -3.4609E-03
   29.530  -1.3423E-04
   29.540   9.8992E-03
   29.550   2.8467E-02
   29.560   5.5641E-02
   29.570   8.8139E-02
   29.580   1.2020E-01
   29.590   1.4624E-01
   29.600   1.6365E-01
   29.610   1.7354E-01
   29.620   1.7849E-01
   29.630   1.7944E-01
   29.640   1.7502E-01
   29.650   1.6381E-01
   29.660   1.4664E-01
   29.670   1.2688E-01
   29.680   1.0972E-01
   29.690   1.0156E-01
   29.700   1.0863E-01
   29.710   1.3404E-01
   29.720   1.7537E-01
   29.730   2.2557E-01
   29.740   2.7669E-01
   29.750   3.2262E-01
   29.760   3.5900E-01
   29.770   3.8235E-01
   29.780   3.9117E-01
   29.790   3.8789E-01
   29.800   3.7821E-01
   29.810   3.6695E-01
   29.820   3.5431E-01
   29.830   3.3612E-01
   29.840   3.0774E-01
   29.850   2.6817E-01
   29.860   2.2173E-01
   29.870   1.7670E-01
   29.880   1.4066E-01
   29.890   1.1439E-01
   29.900   8.9978E-02
   29.910   5.7691E-02
   29.920   1.6678E-02
   29.930  -2.2496E-02
   29.940  -4.7923E-02
   29.950  -5.8202E-02
   29.960  -6.2120E-02
   29.970   6.6971E-02
   29.980   9.1512E-02
   29.990   1.1268E-01
   30.000   1.2832E-01
   30.010   1.3392E-01
   30.020   1.2778E-01
   30.030   1.1314E-01
   30.040   9.5359E-02
   30.050   7.8680E-02
   30.060   6.5912E-02
   30.070   5.9099E-02
   30.080   5.9241E-02
   30.090   6.6010E-02
   30.100   7.8181E-02
   30.110   9.3389E-02
   30.120   1.0751E-01
   30.130   1.3814E-01
   30.140   1.3381E-01
   30.150   1.1709E-01
   30.160   9.1596E-02
   30.170   6.4549E-02
   30.180   4.2807E-02
   30.190   3.0597E-02
   30.200   2.9758E-02
   30.210   4.0836E-02
   30.220   6.3350E-02
   30.230   9.4995E-02
   30.240   1.3136E-01
   30.250   1.6764E-01
   30.260   2.0147E-01
   30.270   2.3348E-01
   30.280   2.6418E-01
   30.290   2.9034E-01
   30.300   3.0539E-01
   30.310   3.0369E-01
   30.320   2.8365E-01
   30.330   2.4717E-01
   30.340   1.9823E-01
   30.350   1.4290E-01
   30.360   8.8970E-02
   30.370   4.2665E-02
   30.380   5.8671E-03
   30.390  -2.1766E-02
   30.400  -3.8161E-02
   30.410  -3.8707E-02
   30.420  -2.1605E-02
   30.430   8.4155E-03
   30.440   4.3161E-02
   30.450   7.6654E-02
   30.460   1.0667E-01
   30.470   1.3191E-01
   30.480   1.4983E-01
   30.490   1.5725E-01
   30.500   1.5184E-01
   30.510   1.3228E-01
   30.520   9.8159E-02
   30.530   5.0289E-02
   30.540   2.2198E-02
   30.550  -2.1180E-02
   30.560  -5.3173E-02
   30.570  -6.5730E-02
   30.580  -5.6346E-02
   30.590  -2.8661E-02
   30.600   9.2176E-03
   30.610   4.8258E-02
   30.620   8.1094E-02
   30.630   1.0186E-01
   30.640   1.0537E-01
   30.650   8.7962E-02
   30.660   4.8957E-02
   30.670  -9.3391E-03
   30.680  -8.2004E-02
   30.690  -1.6068E-01
   30.700  -2.3333E-01
   30.710  -2.8751E-01
   30.720  -3.1539E-01
   30.730  -3.1620E-01
   30.740  -2.9470E-01
   30.750  -2.5863E-01
   30.760  -2.1676E-01
   30.770  -1.7647E-01
   30.780  -1.4084E-01
   30.790  -1.0866E-01
   30.800  -7.8222E-02
   30.810  -5.0820E-02
   30.820  -2.9183E-02
   30.830  -1.3158E-02
   30.840   7.2677E-04
   30.850   1.5847E-02
   30.860   3.2543E-02
   30.870   5.1006E-02
   30.880   7.5486E-02
   30.890   1.1295E-01
   30.900   1.6673E-01
   30.910   2.3307E-01
   30.920   3.0533E-01
   30.930   3.8061E-01
   30.940   4.6030E-01
   30.950   5.4382E-01
   30.960   6.2280E-01
   30.970   6.8214E-01
   30.980   7.0729E-01
   30.990   6.9216E-01
   31.000   6.4304E-01
   31.010   5.7647E-01
   31.020   5.1191E-01
   31.030   4.6311E-01
   31.040   4.3325E-01
   31.050   4.1639E-01
   31.060   4.0288E-01
   31.070   3.8525E-01
   31.080   3.6145E-01
   31.090   3.3442E-01
   31.100   3.0795E-01
   31.110   2.8174E-01
   31.120   2.5006E-01
   31.130   2.0584E-01
   31.140   1.4116E-01
   31.150   7.0240E-02
   31.160  -3.2488E-03
   31.170  -7.0572E-02
   31.180  -1.2681E-01
   31.190  -1.7375E-01
   31.200  -2.1918E-01
   31.210  -2.7137E-01
   31.220  -3.3235E-01
   31.230  -3.9559E-01
   31.240  -4.5000E-01
   31.250  -4.8622E-01
   31.260  -5.0074E-01
   31.270  -4.9672E-01
   31.280  -4.8175E-01
   31.290  -4.6317E-01
   31.300  -4.4386E-01
   31.310  -4.2281E-01
   31.320  -4.0033E-01
   31.330  -3.8167E-01
   31.340  -3.7426E-01
   31.350  -3.8168E-01
   31.360  -4.0124E-01
   31.370  -4.2647E-01
   31.380  -4.5006E-01
   31.390  -4.6479E-01
   31.400  -4.6445E-01
   31.410  -4.4621E-01
   31.420  -4.1231E-01
   31.430  -3.6920E-01
   31.440  -3.2562E-01
   31.450  -2.9112E-01
   31.460  -2.7357E-01
   31.470  -2.7536E-01
   31.480   2.5146E-02
   31.490   3.3304E-02
   31.500   3.1188E-02
   31.510   2.0297E-02
   31.520   3.4355E-03
   31.530  -1.5569E-02
   31.540  -3.3286E-02
   31.550  -4.7848E-02
   31.560  -5.8800E-02
   31.570  -6.6072E-02
   31.580  -6.8815E-02
   31.590  -6.4717E-02
   31.600  -5.0787E-02
   31.610  -2.6029E-02
   31.620   6.1059E-03
   31.630   3.8787E-02
   31.640   6.6472E-02
   31.650   8.8903E-02
   31.660   1.1062E-01
   31.670   1.3715E-01
   31.680   1.7203E-01
   31.690   2.1631E-01
   31.700   2.6868E-01
   31.710   3.2515E-01
   31.720   3.7982E-01
   31.730   4.2756E-01
   31.740   0.0000E+00
   31.750   0.0000E+00
   31.760   0.0000E+00
   31.770   0.0000E+00
   31.780   0.0000E+00
   31.790   0.0000E+00
   31.800   0.0000E+00
   31.810   0.0000E+00
   31.820   0.0000E+00
   31.830   0.0000E+00
   31.840   0.0000E+00
   31.850   0.0000E+00
   31.860   0.0000E+00
   31.870   0.0000E+00
   31.880   0.0000E+00
   31.890   0.0000E+00
   31.900   0.0000E+00
   31.910   0.0000E+00
   31.920   0.0000E+00
   31.930   0.0000E+00
   31.940   0.0000E+00
   31.950   0.0000E+00
   31.960   0.0000E+00
   31.970   0.0000E+00
   31.980   0.0000E+00
   31.990   0.0000E+00
   32.000   0.0000E+00
   32.010   0.0000E+00
   32.020   0.0000E+00
   32.030   0.0000E+00
   32.040   0.0000E+00
   32.050   0.0000E+00
   32.060   0.0000E+00
   32.070   0.0000E+00
   32.080   0.0000E+00
   32.090   0.0000E+00
   32.100   0.0000E+00
   32.110   0.0000E+00
   32.120   0.0000E+00
   32.130   0.0000E+00
   32.140   0.0000E+00
   32.150   0.0000E+00
   32.160   0.0000E+00
   32.170   0.0000E+00
   32.180   0.0000E+00
   32.190   0.0000E+00
   32.200   0.0000E+00
   32.210   0.0000E+00
   32.220   0.0000E+00
   32.230   0.0000E+00
   32.240   0.0000E+00
   32.250   0.0000E+00
   32.260   0.0000E+00
   32.270   0.0000E+00
   32.280   0.0000E+00
   32.290   0.0000E+00
   32.300   0.0000E+00
   32.310   0.0000E+00
   32.320   0.0000E+00
   32.330   0.0000E+00
   32.340   0.0000E+00
   32.350   0.0000E+00
   32.360   0.0000E+00
   32.370   0.0000E+00
   32.380   0.0000E+00
   32.390   0.0000E+00
   32.400   0.0000E+00
   32.410   0.0000E+00
   32.420   0.0000E+00
   32.430   0.0000E+00
   32.440   0.0000E+00
   32.450   0.0000E+00
   32.460   0.0000E+00
   32.470   0.0000E+00
   32.480   0.0000E+00
   32.490   0.0000E+00
   32.500   0.0000E+00
   32.510   0.0000E+00
   32.520   0.0000E+00
   32.530   0.0000E+00
   32.540   0.0000E+00
   32.550   0.0000E+00
   32.560   0.0000E+00
   32.570   0.0000E+00
   32.580   0.0000E+00
   32.590   0.0000E+00
   32.600   0.0000E+00
   32.610   0.0000E+00
   32.620   0.0000E+00
   32.630   0.0000E+00
   32.640   0.0000E+00
   32.650   0.0000E+00
   32.660   0.0000E+00
   32.670   0.0000E+00
   32.680   0.0000E+00
   32.690   0.0000E+00
   32.700   0.0000E+00
   32.710   0.0000E+00
   32.720   0.0000E+00
   32.730   0.0000E+00
   32.740   0.0000E+00
   32.750   0.0000E+00
   32.760   0.0000E+00
   32.770   0.0000E+00
   32.780   0.0000E+00
   32.790   0.0000E+00
   32.800   0.0000E+00
   32.810   0.0000E+00
   32.820   0.0000E+00
   32.830   0.0000E+00
   32.840   0.0000E+00
   32.850   0.0000E+00
   32.860   0.0000E+00
   32.870   0.0000E+00
   32.880   0.0000E+00
   32.890   0.0000E+00
   32.900   0.0000E+00
   32.910   0.0000E+00
   32.920   0.0000E+00
   32.930   0.0000E+00
   32.940   0.0000E+00
   32.950   0.0000E+00
   32.960   0.0000E+00
   32.970   0.0000E+00
   32.980   0.0000E+00
   32.990   0.0000E+00
   33.000   0.0000E+00
   33.010   0.0000E+00
   33.020   0.0000E+00
   33.030   0.0000E+00
   33.040   0.0000E+00
   33.050   0.0000E+00
   33.060   0.0000E+00
   33.070   0.0000E+00
   33.080   0.0000E+00
   33.090   0.0000E+00
   33.100   0.0000E+00
   33.110   0.0000E+00
   33.120   0.0000E+00
   33.130   0.0000E+00
   33.140   0.0000E+00
   33.150   0.0000E+00
   33.160   0.0000E+00
   33.170   0.0000E+00
   33.180   0.0000E+00
   33.190   0.0000E+00
   33.200   0.0000E+00
   33.210   0.0000E+00
   33.220   0.0000E+00
   33.230   0.0000E+00
   33.240   0.0000E+00
   33.250   0.0000E+00
   33.260   0.0000E+00
   33.270   0.0000E+00
   33.280   0.0000E+00
   33.290   0.0000E+00
   33.300   0.0000E+00
   33.310   0.0000E+00
   33.320   0.0000E+00
   33.330   0.0000E+00
   33.340   0.0000E+00
   33.350   0.0000E+00
   33.360   0.0000E+00
   33.370   0.0000E+00
   33.380   0.0000E+00
   33.390   0.0000E+00
   33.400   0.0000E+00
   33.410   0.0000E+00
   33.420   0.0000E+00
   33.430   0.0000E+00
   33.440   0.0000E+00
   33.450   0.0000E+00
   33.460   0.0000E+00
   33.470   0.0000E+00
   33.480   0.0000E+00
   33.490   0.0000E+00
   33.500   0.0000E+00
   33.510   0.0000E+00
   33.520   0.0000E+00
   33.530   0.0000E+00
   33.540   0.0000E+00
   33.550   0.0000E+00
   33.560   0.0000E+00
   33.570   0.0000E+00
   33.580   0.0000E+00
   33.590   0.0000E+00
   33.600   0.0000E+00
   33.610   0.0000E+00
   33.620   0.0000E+00
   33.630   0.0000E+00
   33.640   0.0000E+00
   33.650   0.0000E+00
   33.660   0.0000E+00
   33.670   0.0000E+00
   33.680   0.0000E+00
   33.690   0.0000E+00
   33.700   0.0000E+00
   33.710   0.0000E+00
   33.720   0.0000E+00
   33.730   0.0000E+00
   33.740   0.0000E+00
   33.750   0.0000E+00
   33.760   0.0000E+00
   33.770   0.0000E+00
   33.780   0.0000E+00
   33.790   0.0000E+00
   33.800   0.0000E+00
   33.810   0.0000E+00
   33.820   0.0000E+00
   33.830   0.0000E+00
   33.840   0.0000E+00
   33.850   0.0000E+00
   33.860   0.0000E+00
   33.870   0.0000E+00
   33.880   0.0000E+00
   33.890   0.0000E+00
   33.900   0.0000E+00
   33.910   0.0000E+00
   33.920   0.0000E+00
   33.930   0.0000E+00
   33.940   0.0000E+00
   33.950   0.0000E+00
   33.960   0.0000E+00
   33.970   0.0000E+00
   33.980   0.0000E+00
   33.990   0.0000E+00
   34.000   0.0000E+00
   34.010   0.0000E+00
   34.020   0.0000E+00
   34.030   0.0000E+00
   34.040   0.0000E+00
   34.050   0.0000E+00
   34.060   0.0000E+00
   34.070   0.0000E+00
   34.080   0.0000E+00
   34.090   0.0000E+00
   34.100   0.0000E+00
   34.110   0.0000E+00
   34.120   0.0000E+00
   34.130   0.0000E+00
   34.140   0.0000E+00
   34.150   0.0000E+00
   34.160   0.0000E+00
   34.170   0.0000E+00
   34.180   0.0000E+00
   34.190   0.0000E+00
   34.200   0.0000E+00
   34.210   0.0000E+00
   34.220   0.0000E+00
   34.230   0.0000E+00
   34.240   0.0000E+00
   34.250   0.0000E+00
   34.260   0.0000E+00
   34.270   0.0000E+00
   34.280   0.0000E+00
   34.290   0.0000E+00
   34.300   0.0000E+00
   34.310   0.0000E+00
   34.320   0.0000E+00
   34.330   0.0000E+00
   34.340   0.0000E+00
   34.350   0.0000E+00
   34.360   0.0000E+00
   34.370   0.0000E+00
   34.380   0.0000E+00
   34.390   0.0000E+00
   34.400   0.0000E+00
   34.410   0.0000E+00
   34.420   0.0000E+00
   34.430   0.0000E+00
   34.440   0.0000E+00
   34.450   0.0000E+00
   34.460   0.0000E+00
   34.470   0.0000E+00
   34.480   0.0000E+00
   34.490   0.0000E+00
   34.500   0.0000E+00
   34.510   0.0000E+00
   34.520   0.0000E+00
   34.530   0.0000E+00
   34.540   0.0000E+00
   34.550   0.0000E+00
   34.560   0.0000E+00
   34.570   0.0000E+00
   34.580   0.0000E+00
   34.590   0.0000E+00
   34.600   0.0000E+00
   34.610   0.0000E+00
   34.620   0.0000E+00
   34.630   0.0000E+00
   34.640   0.0000E+00
   34.650   0.0000E+00
   34.660   0.0000E+00
   34.670   0.0000E+00
   34.680   0.0000E+00
   34.690   0.0000E+00
   34.700   0.0000E+00
   34.710   0.0000E+00
   34.720   0.0000E+00
   34.730   0.0000E+00
   34.740   0.0000E+00
   34.750   0.0000E+00
   34.760   0.0000E+00
   34.770   0.0000E+00
   34.780   0.0000E+00
   34.790   0.0000E+00
   34.800   0.0000E+00
   34.810   0.0000E+00
   34.820   0.0000E+00
   34.830   0.0000E+00
   34.840   0.0000E+00
   34.850   0.0000E+00
   34.860   0.0000E+00
   34.870   0.0000E+00
   34.880   0.0000E+00
   34.890   0.0000E+00
   34.900   0.0000E+00
   34.910   0.0000E+00
   34.920   0.0000E+00
   34.930   0.0000E+00
   34.940   0.0000E+00
   34.950   0.0000E+00
   34.960   0.0000E+00
   34.970   0.0000E+00
   34.980   0.0000E+00
   34.990   0.0000E+00
   35.000   0.0000E+00
   35.010   0.0000E+00
   35.020   0.0000E+00
   35.030   0.0000E+00
   35.040   0.0000E+00
   35.050   0.0000E+00
   35.060   0.0000E+00
   35.070   0.0000E+00
   35.080   0.0000E+00
   35.090   0.0000E+00
   35.100   0.0000E+00
   35.110   0.0000E+00
   35.120   0.0000E+00
   35.130   0.0000E+00
   35.140   0.0000E+00
   35.150   0.0000E+00
   35.160   0.0000E+00
   35.170   0.0000E+00
   35.180   0.0000E+00
   35.190   0.0000E+00
   35.200   0.0000E+00
   35.210   0.0000E+00
   35.220   0.0000E+00
   35.230   0.0000E+00
   35.240   0.0000E+00
   35.250   0.0000E+00
   35.260   0.0000E+00
   35.270   0.0000E+00
   35.280   0.0000E+00
   35.290   0.0000E+00
   35.300   0.0000E+00
   35.310   0.0000E+00
   35.320   0.0000E+00
   35.330   0.0000E+00
   35.340   0.0000E+00
   35.350   0.0000E+00
   35.360   0.0000E+00
   35.370   0.0000E+00
   35.380   0.0000E+00
   35.390   0.0000E+00
   35.400   0.0000E+00
   35.410   0.0000E+00
   35.420   0.0000E+00
   35.430   0.0000E+00
   35.440   0.0000E+00
   35.450   0.0000E+00
   35.460   0.0000E+00
   35.470   0.0000E+00
   35.480   0.0000E+00
   35.490   0.0000E+00
   35.500   0.0000E+00
   35.510   0.0000E+00
   35.520   0.0000E+00
   35.530   0.0000E+00
   35.540   0.0000E+00
   35.550   0.0000E+00
   35.560   0.0000E+00
   35.570   0.0000E+00
   35.580   0.0000E+00
   35.590   0.0000E+00
   35.600   0.0000E+00
   35.610   0.0000E+00
   35.620   0.0000E+00
   35.630   0.0000E+00
   35.640   0.0000E+00
   35.650   0.0000E+00
   35.660   0.0000E+00
   35.670   0.0000E+00
   35.680   0.0000E+00
   35.690   0.0000E+00
   35.700   0.0000E+00
   35.710   0.0000E+00
   35.720   0.0000E+00
   35.730   0.0000E+00
   35.740   0.0000E+00
   35.750   0.0000E+00
   35.760   0.0000E+00
   35.770   0.0000E+00
   35.780   0.0000E+00
   35.790   0.0000E+00
   35.800   0.0000E+00
   35.810   0.0000E+00
   35.820   0.0000E+00
   35.830   0.0000E+00
   35.840   0.0000E+00
   35.850   0.0000E+00
   35.860   0.0000E+00
   35.870   0.0000E+00
   35.880   0.0000E+00
   35.890   0.0000E+00
   35.900   0.0000E+00
   35.910   0.0000E+00
   35.920   0.0000E+00
   35.930   0.0000E+00
   35.940   0.0000E+00
   35.950   0.0000E+00
   35.960   0.0000E+00
   35.970   0.0000E+00
   35.980   0.0000E+00
   35.990   0.0000E+00
   36.000   0.0000E+00
   36.010   0.0000E+00
   36.020   0.0000E+00
   36.030   0.0000E+00
   36.040   0.0000E+00
   36.050   0.0000E+00
   36.060   0.0000E+00
   36.070   0.0000E+00
   36.080   0.0000E+00
   36.090   0.0000E+00
   36.100   0.0000E+00
   36.110   0.0000E+00
   36.120   0.0000E+00
   36.130   0.0000E+00
   36.140   0.0000E+00
   36.150   0.0000E+00
   36.160   0.0000E+00
   36.170   0.0000E+00
   36.180   0.0000E+00
   36.190   0.0000E+00
   36.200   0.0000E+00
   36.210   0.0000E+00
   36.220   0.0000E+00
   36.230   0.0000E+00
   36.240   0.0000E+00
   36.250   0.0000E+00
   36.260   0.0000E+00
   36.270   0.0000E+00
   36.280   0.0000E+00
   36.290   0.0000E+00
   36.300   0.0000E+00
   36.310   0.0000E+00
   36.320   0.0000E+00
   36.330   0.0000E+00
   36.340   0.0000E+00
   36.350   0.0000E+00
   36.360   0.0000E+00
   36.370   0.0000E+00
   36.380   0.0000E+00
   36.390   0.0000E+00
   36.400   0.0000E+00
   36.410   0.0000E+00
   36.420   0.0000E+00
   36.430   0.0000E+00
   36.440   0.0000E+00
   36.450   0.0000E+00
   36.460   0.0000E+00
   36.470   0.0000E+00
   36.480   0.0000E+00
   36.490   0.0000E+00
   36.500   0.0000E+00
   36.510   0.0000E+00
   36.520   0.0000E+00
   36.530   0.0000E+00
   36.540   0.0000E+00
   36.550   0.0000E+00
   36.560   0.0000E+00
   36.570   0.0000E+00
   36.580   0.0000E+00
   36.590   0.0000E+00
   36.600   0.0000E+00
   36.610   0.0000E+00
   36.620   0.0000E+00
   36.630   0.0000E+00
   36.640   0.0000E+00
   36.650   0.0000E+00
   36.660   0.0000E+00
   36.670   0.0000E+00
   36.680   0.0000E+00
   36.690   0.0000E+00
   36.700   0.0000E+00
   36.710   0.0000E+00
   36.720   0.0000E+00
   36.730   0.0000E+00
   36.740   0.0000E+00
   36.750   0.0000E+00
   36.760   0.0000E+00
   36.770   0.0000E+00
   36.780   0.0000E+00
   36.790   0.0000E+00
   36.800   0.0000E+00
   36.810   0.0000E+00
   36.820   0.0000E+00
   36.830   0.0000E+00
   36.840   0.0000E+00
   36.850   0.0000E+00
   36.860   0.0000E+00
   36.870   0.0000E+00
   36.880   0.0000E+00
   36.890   0.0000E+00
   36.900   0.0000E+00
   36.910   0.0000E+00
   36.920   0.0000E+00
   36.930   0.0000E+00
   36.940   0.0000E+00
   36.950   0.0000E+00
   36.960   0.0000E+00
   36.970   0.0000E+00
   36.980   0.0000E+00
   36.990   0.0000E+00
   37.000   0.0000E+00
   37.010   0.0000E+00
   37.020   0.0000E+00
   37.030   0.0000E+00
   37.040   0.0000E+00
   37.050   0.0000E+00
   37.060   0.0000E+00
   37.070   0.0000E+00
   37.080   0.0000E+00
   37.090   0.0000E+00
   37.100   0.0000E+00
   37.110   0.0000E+00
   37.120   0.0000E+00
   37.130   0.0000E+00
   37.140   0.0000E+00
   37.150   0.0000E+00
   37.160   0.0000E+00
   37.170   0.0000E+00
   37.180   0.0000E+00
   37.190   0.0000E+00
   37.200   0.0000E+00
   37.210   0.0000E+00
   37.220   0.0000E+00
   37.230   0.0000E+00
   37.240   0.0000E+00
   37.250   0.0000E+00
   37.260   0.0000E+00
   37.270   0.0000E+00
   37.280   0.0000E+00
   37.290   0.0000E+00
   37.300   0.0000E+00
   37.310   0.0000E+00
   37.320   0.0000E+00
   37.330   0.0000E+00
   37.340   0.0000E+00
   37.350   0.0000E+00
   37.360   0.0000E+00
   37.370   0.0000E+00
   37.380   0.0000E+00
   37.390   0.0000E+00
   37.400   0.0000E+00
   37.410   0.0000E+00
   37.420   0.0000E+00
   37.430   0.0000E+00
   37.440   0.0000E+00
   37.450   0.0000E+00
   37.460   0.0000E+00
   37.470   0.0000E+00
   37.480   0.0000E+00
   37.490   0.0000E+00
   37.500   0.0000E+00
   37.510   0.0000E+00
   37.520   0.0000E+00
   37.530   0.0000E+00
   37.540   0.0000E+00
   37.550   0.0000E+00
   37.560   0.0000E+00
   37.570   0.0000E+00
   37.580   0.0000E+00
   37.590   0.0000E+00
   37.600   0.0000E+00
   37.610   0.0000E+00
   37.620   0.0000E+00
   37.630   0.0000E+00
   37.640   0.0000E+00
   37.650   0.0000E+00
   37.660   0.0000E+00
   37.670   0.0000E+00
   37.680   0.0000E+00
   37.690   0.0000E+00
   37.700   0.0000E+00
   37.710   0.0000E+00
   37.720   0.0000E+00
   37.730   0.0000E+00
   37.740   0.0000E+00
   37.750   0.0000E+00
   37.760   0.0000E+00
   37.770   0.0000E+00
   37.780   0.0000E+00
   37.790   0.0000E+00
   37.800   0.0000E+00
   37.810   0.0000E+00
   37.820   0.0000E+00
   37.830   0.0000E+00
   37.840   0.0000E+00
   37.850   0.0000E+00
   37.860   0.0000E+00
   37.870   0.0000E+00
   37.880   0.0000E+00
   37.890   0.0000E+00
   37.900   0.0000E+00
   37.910   0.0000E+00
   37.920   0.0000E+00
   37.930   0.0000E+00
   37.940   0.0000E+00
   37.950   0.0000E+00
   37.960   0.0000E+00
   37.970   0.0000E+00
   37.980   0.0000E+00
   37.990   0.0000E+00
   38.000   0.0000E+00
   38.010   0.0000E+00
   38.020   0.0000E+00
   38.030   0.0000E+00
   38.040   0.0000E+00
   38.050   0.0000E+00
   38.060   0.0000E+00
   38.070   0.0000E+00
   38.080   0.0000E+00
   38.090   0.0000E+00
   38.100   0.0000E+00
   38.110   0.0000E+00
   38.120   0.0000E+00
   38.130   0.0000E+00
   38.140   0.0000E+00
   38.150   0.0000E+00
   38.160   0.0000E+00
   38.170   0.0000E+00
   38.180   0.0000E+00
   38.190   0.0000E+00
   38.200   0.0000E+00
   38.210   0.0000E+00
   38.220   0.0000E+00
   38.230   0.0000E+00
   38.240   0.0000E+00
   38.250   0.0000E+00
   38.260   0.0000E+00
   38.270   0.0000E+00
   38.280   0.0000E+00
   38.290   0.0000E+00
   38.300   0.0000E+00
   38.310   0.0000E+00
   38.320   0.0000E+00
   38.330   0.0000E+00
   38.340   0.0000E+00
   38.350   0.0000E+00
   38.360   0.0000E+00
   38.370   0.0000E+00
   38.380   0.0000E+00
   38.390   0.0000E+00
   38.400   0.0000E+00
   38.410   0.0000E+00
   38.420   0.0000E+00
   38.430   0.0000E+00
   38.440   0.0000E+00
   38.450   0.0000E+00
   38.460   0.0000E+00
   38.470   0.0000E+00
   38.480   0.0000E+00
   38.490   0.0000E+00
   38.500   0.0000E+00
   38.510   0.0000E+00
   38.520   0.0000E+00
   38.530   0.0000E+00
   38.540   0.0000E+00
   38.550   0.0000E+00
   38.560   0.0000E+00
   38.570   0.0000E+00
   38.580   0.0000E+00
   38.590   0.0000E+00
   38.600   0.0000E+00
   38.610   0.0000E+00
   38.620   0.0000E+00
   38.630   0.0000E+00
   38.640   0.0000E+00
   38.650   0.0000E+00
   38.660   0.0000E+00
   38.670   0.0000E+00
   38.680   0.0000E+00
   38.690   0.0000E+00
   38.700   0.0000E+00
   38.710   0.0000E+00
   38.720   0.0000E+00
   38.730   0.0000E+00
   38.740   0.0000E+00
   38.750   0.0000E+00
   38.760   0.0000E+00
   38.770   0.0000E+00
   38.780   0.0000E+00
   38.790   0.0000E+00
   38.800   0.0000E+00
   38.810   0.0000E+00
   38.820   0.0000E+00
   38.830   0.0000E+00
   38.840   0.0000E+00
   38.850   0.0000E+00
   38.860   0.0000E+00
   38.870   0.0000E+00
   38.880   0.0000E+00
   38.890   0.0000E+00
   38.900   0.0000E+00
   38.910   0.0000E+00
   38.920   0.0000E+00
   38.930   0.0000E+00
   38.940   0.0000E+00
   38.950   0.0000E+00
   38.960   0.0000E+00
   38.970   0.0000E+00
   38.980   0.0000E+00
   38.990   0.0000E+00
   39.000   0.0000E+00
   39.010   0.0000E+00
   39.020   0.0000E+00
   39.030   0.0000E+00
   39.040   0.0000E+00
   39.050   0.0000E+00
   39.060   0.0000E+00
   39.070   0.0000E+00
   39.080   0.0000E+00
   39.090   0.0000E+00
   39.100   0.0000E+00
   39.110   0.0000E+00
   39.120   0.0000E+00
   39.130   0.0000E+00
   39.140   0.0000E+00
   39.150   0.0000E+00
   39.160   0.0000E+00
   39.170   0.0000E+00
   39.180   0.0000E+00
   39.190   0.0000E+00
   39.200   0.0000E+00
   39.210   0.0000E+00
   39.220   0.0000E+00
   39.230   0.0000E+00
   39.240   0.0000E+00
   39.250   0.0000E+00
   39.260   0.0000E+00
   39.270   0.0000E+00
   39.280   0.0000E+00
   39.290   0.0000E+00
   39.300   0.0000E+00
   39.310   0.0000E+00
   39.320   0.0000E+00
   39.330   0.0000E+00
   39.340   0.0000E+00
   39.350   0.0000E+00
   39.360   0.0000E+00
   39.370   0.0000E+00
   39.380   0.0000E+00
   39.390   0.0000E+00
   39.400   0.0000E+00
   39.410   0.0000E+00
   39.420   0.0000E+00
   39.430   0.0000E+00
   39.440   0.0000E+00
   39.450   0.0000E+00
   39.460   0.0000E+00
   39.470   0.0000E+00
   39.480   0.0000E+00
   39.490   0.0000E+00
   39.500   0.0000E+00
   39.510   0.0000E+00
   39.520   0.0000E+00
   39.530   0.0000E+00
   39.540   0.0000E+00
   39.550   0.0000E+00
   39.560   0.0000E+00
   39.570   0.0000E+00
   39.580   0.0000E+00
   39.590   0.0000E+00
   39.600   0.0000E+00
   39.610   0.0000E+00
   39.620   0.0000E+00
   39.630   0.0000E+00
   39.640   0.0000E+00
   39.650   0.0000E+00
   39.660   0.0000E+00
   39.670   0.0000E+00
   39.680   0.0000E+00
   39.690   0.0000E+00
   39.700   0.0000E+00
   39.710   0.0000E+00
   39.720   0.0000E+00
   39.730   0.0000E+00
   39.740   0.0000E+00
   39.750   0.0000E+00
   39.760   0.0000E+00
   39.770   0.0000E+00
   39.780   0.0000E+00
   39.790   0.0000E+00
   39.800   0.0000E+00
   39.810   0.0000E+00
   39.820   0.0000E+00
   39.830   0.0000E+00
   39.840   0.0000E+00
   39.850   0.0000E+00
   39.860   0.0000E+00
   39.870   0.0000E+00
   39.880   0.0000E+00
   39.890   0.0000E+00
   39.900   0.0000E+00
   39.910   0.0000E+00
   39.920   0.0000E+00
   39.930   0.0000E+00
   39.940   0.0000E+00
   39.950   0.0000E+00
   39.960   0.0000E+00
   39.970   0.0000E+00
   39.980   0.0000E+00
   39.990   0.0000E+00
   40.000   0.0000E+00
   40.010   0.0000E+00
   40.020   0.0000E+00
   40.030   0.0000E+00
   40.040   0.0000E+00
   40.050   0.0000E+00
   40.060   0.0000E+00
   40.070   0.0000E+00
   40.080   0.0000E+00
   40.090   0.0000E+00
   40.100   0.0000E+00
   40.110   0.0000E+00
   40.120   0.0000E+00
   40.130   0.0000E+00
   40.140   0.0000E+00
   40.150   0.0000E+00
   40.160   0.0000E+00
   40.170   0.0000E+00
   40.180   0.0000E+00
   40.190   0.0000E+00
   40.200   0.0000E+00
   40.210   0.0000E+00
   40.220   0.0000E+00
   40.230   0.0000E+00
   40.240   0.0000E+00
   40.250   0.0000E+00
   40.260   0.0000E+00
   40.270   0.0000E+00
   40.280   0.0000E+00
   40.290   0.0000E+00
   40.300   0.0000E+00
   40.310   0.0000E+00
   40.320   0.0000E+00
   40.330   0.0000E+00
   40.340   0.0000E+00
   40.350   0.0000E+00
   40.360   0.0000E+00
   40.370   0.0000E+00
   40.380   0.0000E+00
   40.390   0.0000E+00
   40.400   0.0000E+00
   40.410   0.0000E+00
   40.420   0.0000E+00
   40.430   0.0000E+00
   40.440   0.0000E+00
   40.450   0.0000E+00
   40.460   0.0000E+00
   40.470   0.0000E+00
   40.480   0.0000E+00
   40.490   0.0000E+00
   40.500   0.0000E+00
   40.510   0.0000E+00
   40.520   0.0000E+00
   40.530   0.0000E+00
   40.540   0.0000E+00
   40.550   0.0000E+00
   40.560   0.0000E+00
   40.570   0.0000E+00
   40.580   0.0000E+00
   40.590   0.0000E+00
   40.600   0.0000E+00
   40.610   0.0000E+00
   40.620   0.0000E+00
   40.630   0.0000E+00
   40.640   0.0000E+00
   40.650   0.0000E+00
   40.660   0.0000E+00
   40.670   0.0000E+00
   40.680   0.0000E+00
   40.690   0.0000E+00
   40.700   0.0000E+00
   40.710   0.0000E+00
   40.720   0.0000E+00
   40.730   0.0000E+00
   40.740   0.0000E+00
   40.750   0.0000E+00
   40.760   0.0000E+00
   40.770   0.0000E+00
   40.780   0.0000E+00
   40.790   0.0000E+00
   40.800   0.0000E+00
   40.810   0.0000E+00
   40.820   0.0000E+00
   40.830   0.0000E+00
   40.840   0.0000E+00
   40.850   0.0000E+00
   40.860   0.0000E+00
   40.870   0.0000E+00
   40.880   0.0000E+00
   40.890   0.0000E+00
   40.900   0.0000E+00
   40.910   0.0000E+00
   40.920   0.0000E+00
   40.930   0.0000E+00
   40.940   0.0000E+00
   40.950   0.0000E+00
