**********************************************
*******  Acceleration Time Series ************
*** Site #   1
*** trial   31
Input Parameters file =  aqk_0604__parameters.out                                                                                                
  4096 samples
dt:  0.010 sec
data format: (1x,f8.3,1p,2x,e11.4)
maximum absolute acceleration: 365.49
fault Dis.(km)=    3.84
Hypo  Dis.(km)=   11.75
  time(s) acc(cm/s**2)
    0.000   0.0000E+00
    0.010   0.0000E+00
    0.020   0.0000E+00
    0.030   0.0000E+00
    0.040   0.0000E+00
    0.050   0.0000E+00
    0.060   0.0000E+00
    0.070   0.0000E+00
    0.080   0.0000E+00
    0.090   0.0000E+00
    0.100   0.0000E+00
    0.110   0.0000E+00
    0.120   0.0000E+00
    0.130   0.0000E+00
    0.140   0.0000E+00
    0.150   0.0000E+00
    0.160   0.0000E+00
    0.170   0.0000E+00
    0.180   0.0000E+00
    0.190   0.0000E+00
    0.200   0.0000E+00
    0.210   0.0000E+00
    0.220   0.0000E+00
    0.230   0.0000E+00
    0.240   0.0000E+00
    0.250   0.0000E+00
    0.260   0.0000E+00
    0.270   0.0000E+00
    0.280   0.0000E+00
    0.290   0.0000E+00
    0.300   0.0000E+00
    0.310   0.0000E+00
    0.320   0.0000E+00
    0.330   0.0000E+00
    0.340   0.0000E+00
    0.350   0.0000E+00
    0.360   3.2627E-01
    0.370   4.3057E-01
    0.380   5.2211E-01
    0.390   5.9614E-01
    0.400   6.5007E-01
    0.410   6.8209E-01
    0.420   6.9432E-01
    0.430   6.9408E-01
    0.440   6.8816E-01
    0.450   6.7511E-01
    0.460   6.4470E-01
    0.470   5.8679E-01
    0.480   5.0110E-01
    0.490   3.9863E-01
    0.500   2.9434E-01
    0.510   1.9931E-01
    0.520   1.1819E-01
    0.530   5.0621E-02
    0.540  -7.6021E-03
    0.550  -6.3427E-02
    0.560  -1.2319E-01
    0.570  -1.8826E-01
    0.580  -2.5403E-01
    0.590  -3.1343E-01
    0.600  -3.6153E-01
    0.610  -3.9777E-01
    0.620  -4.2437E-01
    0.630  -5.3601E-01
    0.640  -4.9628E-01
    0.650  -4.2072E-01
    0.660  -3.0205E-01
    0.670  -1.4643E-01
    0.680   2.3470E-02
    0.690   1.7959E-01
    0.700   3.0361E-01
    0.710   3.9330E-01
    0.720   4.5937E-01
    0.730   5.1895E-01
    0.740   5.8855E-01
    0.750   8.1387E-01
    0.760   9.6144E-01
    0.770   1.0979E+00
    0.780   1.2019E+00
    0.790   1.2696E+00
    0.800   1.3151E+00
    0.810   1.3594E+00
    0.820   1.4173E+00
    0.830   1.4906E+00
    0.840   1.5677E+00
    0.850   1.6300E+00
    0.860   1.6633E+00
    0.870   1.6666E+00
    0.880   1.6486E+00
    0.890   1.6156E+00
    0.900   1.5619E+00
    0.910   1.4718E+00
    0.920   1.3312E+00
    0.930   1.1394E+00
    0.940   9.1298E-01
    0.950   6.8102E-01
    0.960   4.7327E-01
    0.970   3.0795E-01
    0.980   1.8607E-01
    0.990   9.5224E-02
    1.000   1.8365E-02
    1.010  -5.9598E-02
    1.020  -1.4944E-01
    1.030  -2.5647E-01
    1.040  -3.7881E-01
    1.050  -5.0763E-01
    1.060  -6.3074E-01
    1.070  -7.3639E-01
    1.080  -8.1431E-01
    1.090  -8.5623E-01
    1.100  -8.5907E-01
    1.110  -8.2925E-01
    1.120  -7.8295E-01
    1.130  -7.4075E-01
    1.140  -7.1998E-01
    1.150  -7.2839E-01
    1.160  -7.6115E-01
    1.170  -8.0360E-01
    1.180  -8.4024E-01
    1.190  -8.6403E-01
    1.200  -2.2187E-01
    1.210  -2.0293E-01
    1.220  -1.7780E-01
    1.230  -1.3018E-01
    1.240  -5.1985E-02
    1.250   4.4106E-02
    1.260  -3.1831E-01
    1.270  -3.2494E-01
    1.280  -3.6909E-01
    1.290  -4.3144E-01
    1.300  -4.8232E-01
    1.310  -5.0248E-01
    1.320  -2.1241E-01
    1.330   2.6162E-01
    1.340   7.1707E-01
    1.350   1.1302E+00
    1.360   1.4945E+00
    1.370   1.7980E+00
    1.380   2.0359E+00
    1.390   2.2395E+00
    1.400   2.4733E+00
    1.410   2.7902E+00
    1.420   3.1947E+00
    1.430   3.6506E+00
    1.440   4.1196E+00
    1.450   4.5844E+00
    1.460   5.0375E+00
    1.470   5.4557E+00
    1.480   5.7942E+00
    1.490   6.0074E+00
    1.500   6.0775E+00
    1.510   6.0280E+00
    1.520   5.9101E+00
    1.530   5.7701E+00
    1.540   6.0639E+00
    1.550   5.8930E+00
    1.560   5.5937E+00
    1.570   5.1393E+00
    1.580   4.5498E+00
    1.590   3.8638E+00
    1.600  -2.3323E+00
    1.610  -3.7090E+00
    1.620  -5.0226E+00
    1.630  -6.1534E+00
    1.640  -7.0714E+00
    1.650  -7.8392E+00
    1.660  -8.5469E+00
    1.670  -9.2529E+00
    1.680  -9.9687E+00
    1.690  -1.0665E+01
    1.700  -1.1272E+01
    1.710  -1.1695E+01
    1.720  -1.1842E+01
    1.730  -1.1660E+01
    1.740  -1.1145E+01
    1.750  -1.0352E+01
    1.760  -9.3699E+00
    1.770  -8.2777E+00
    1.780  -7.1011E+00
    1.790  -5.8293E+00
    1.800  -4.4649E+00
    1.810  -3.0390E+00
    1.820  -1.4964E+00
    1.830   2.1226E-03
    1.840   1.4775E+00
    1.850   2.8521E+00
    1.860   4.6819E+00
    1.870   5.8531E+00
    1.880   6.9967E+00
    1.890   8.1114E+00
    1.900   9.0638E+00
    1.910   9.6871E+00
    1.920   9.9935E+00
    1.930   9.8137E+00
    1.940   9.3218E+00
    1.950   8.5902E+00
    1.960   7.6986E+00
    1.970   6.7182E+00
    1.980   5.6778E+00
    1.990   4.5460E+00
    2.000   3.2020E+00
    2.010   1.7709E+00
    2.020   2.9873E-01
    2.030  -7.4665E-01
    2.040  -1.7507E+00
    2.050  -2.4658E+00
    2.060  -3.0230E+00
    2.070  -3.5881E+00
    2.080  -4.2353E+00
    2.090  -4.9258E+00
    2.100  -5.5904E+00
    2.110  -6.1935E+00
    2.120  -6.7093E+00
    2.130  -7.0835E+00
    2.140  -7.2681E+00
    2.150  -7.2861E+00
    2.160  -7.2170E+00
    2.170  -7.1005E+00
    2.180  -6.8755E+00
    2.190  -6.4301E+00
    2.200  -5.7041E+00
    2.210  -4.7469E+00
    2.220  -3.6961E+00
    2.230  -2.7061E+00
    2.240  -1.8661E+00
    2.250  -1.1519E+00
    2.260  -4.4740E-01
    2.270   3.7151E-01
    2.280   1.3647E+00
    2.290   2.5166E+00
    2.300   3.7656E+00
    2.310   5.0239E+00
    2.320   6.1885E+00
    2.330   7.1701E+00
    2.340   7.9330E+00
    2.350   8.5080E+00
    2.360   8.9609E+00
    2.370   9.3440E+00
    2.380   1.0322E+01
    2.390   1.3228E+01
    2.400   1.4020E+01
    2.410   1.4442E+01
    2.420   1.4391E+01
    2.430   1.4233E+01
    2.440   1.2813E+01
    2.450   1.1087E+01
    2.460   9.3089E+00
    2.470   7.5880E+00
    2.480   5.8692E+00
    2.490   4.0493E+00
    2.500   2.1311E+00
    2.510   6.9275E-02
    2.520  -1.5669E+00
    2.530  -2.8461E+00
    2.540  -3.8328E+00
    2.550  -4.7197E+00
    2.560  -5.7205E+00
    2.570  -7.0878E+00
    2.580  -8.5158E+00
    2.590  -1.0076E+01
    2.600  -1.1590E+01
    2.610  -1.2838E+01
    2.620  -1.3618E+01
    2.630  -1.3913E+01
    2.640  -1.3972E+01
    2.650  -1.2682E+01
    2.660  -1.2865E+01
    2.670  -1.3361E+01
    2.680  -1.3899E+01
    2.690  -1.4208E+01
    2.700  -1.4138E+01
    2.710  -1.3781E+01
    2.720  -1.2806E+01
    2.730  -1.1847E+01
    2.740  -1.0387E+01
    2.750  -8.2473E+00
    2.760  -5.4109E+00
    2.770  -2.0635E+00
    2.780   1.4830E+00
    2.790   4.9173E+00
    2.800   8.0131E+00
    2.810   1.0540E+01
    2.820   1.2692E+01
    2.830   1.4395E+01
    2.840   1.5760E+01
    2.850   1.7072E+01
    2.860   1.8457E+01
    2.870   1.9897E+01
    2.880   2.1144E+01
    2.890   2.1860E+01
    2.900   2.1822E+01
    2.910   2.1021E+01
    2.920   1.9614E+01
    2.930   1.7813E+01
    2.940   1.5803E+01
    2.950   1.3726E+01
    2.960   1.1678E+01
    2.970   9.7051E+00
    2.980   7.7710E+00
    2.990   5.7704E+00
    3.000   3.6380E+00
    3.010   1.4685E+00
    3.020  -5.2474E-01
    3.030  -2.8310E+00
    3.040  -4.3517E+00
    3.050  -6.1076E+00
    3.060  -8.0911E+00
    3.070  -1.0405E+01
    3.080  -1.2918E+01
    3.090  -1.5412E+01
    3.100  -1.7585E+01
    3.110  -1.7970E+01
    3.120  -1.9140E+01
    3.130  -1.9980E+01
    3.140  -2.0593E+01
    3.150  -2.0907E+01
    3.160  -2.0946E+01
    3.170  -2.0527E+01
    3.180  -1.9538E+01
    3.190  -1.7959E+01
    3.200  -1.5850E+01
    3.210  -1.3333E+01
    3.220  -1.0573E+01
    3.230  -7.7262E+00
    3.240  -4.9414E+00
    3.250  -2.2111E+00
    3.260   4.4592E-01
    3.270   3.2805E+00
    3.280   5.4410E+00
    3.290   7.0506E+00
    3.300   7.8841E+00
    3.310   8.0487E+00
    3.320   7.9694E+00
    3.330   8.0875E+00
    3.340   8.5651E+00
    3.350   9.2614E+00
    3.360   9.9370E+00
    3.370   1.0435E+01
    3.380   1.0711E+01
    3.390   1.0791E+01
    3.400   1.0769E+01
    3.410   1.0794E+01
    3.420   1.1244E+01
    3.430   1.1466E+01
    3.440   1.1676E+01
    3.450   1.1692E+01
    3.460   1.1398E+01
    3.470   1.0744E+01
    3.480   9.7462E+00
    3.490   8.5219E+00
    3.500   7.2877E+00
    3.510   6.2265E+00
    3.520   4.9640E+00
    3.530   4.0544E+00
    3.540   2.7652E+00
    3.550   8.7221E-01
    3.560  -1.6643E+00
    3.570  -6.4250E+00
    3.580  -9.6370E+00
    3.590  -1.2413E+01
    3.600  -1.4567E+01
    3.610  -1.6226E+01
    3.620  -1.7645E+01
    3.630  -1.7160E+01
    3.640  -1.8452E+01
    3.650  -1.9371E+01
    3.660  -2.0867E+01
    3.670  -2.0727E+01
    3.680  -1.9627E+01
    3.690  -1.8007E+01
    3.700  -1.5052E+01
    3.710  -1.1788E+01
    3.720  -8.6036E+00
    3.730  -5.6352E+00
    3.740  -2.7971E+00
    3.750   8.7823E-02
    3.760   3.1063E+00
    3.770   6.2088E+00
    3.780   9.0627E+00
    3.790   1.2088E+01
    3.800   1.5036E+01
    3.810   1.7855E+01
    3.820   2.0543E+01
    3.830   2.3173E+01
    3.840   2.5751E+01
    3.850   2.8019E+01
    3.860   2.9431E+01
    3.870   2.9394E+01
    3.880   2.7701E+01
    3.890   2.3304E+01
    3.900   1.9667E+01
    3.910   1.6782E+01
    3.920   1.3263E+01
    3.930   1.3395E+01
    3.940   1.4135E+01
    3.950   1.4797E+01
    3.960   1.5164E+01
    3.970   1.5418E+01
    3.980   1.5671E+01
    3.990   1.5590E+01
    4.000   1.4517E+01
    4.010   1.1973E+01
    4.020   8.0395E+00
    4.030   3.2611E+00
    4.040  -1.7802E+00
    4.050  -1.0609E+01
    4.060  -1.4699E+01
    4.070  -1.8877E+01
    4.080  -2.2417E+01
    4.090  -2.5158E+01
    4.100  -2.7253E+01
    4.110  -2.9170E+01
    4.120  -3.1438E+01
    4.130  -3.4224E+01
    4.140  -3.7007E+01
    4.150  -3.8722E+01
    4.160  -3.8419E+01
    4.170  -3.5912E+01
    4.180  -3.1801E+01
    4.190  -2.6892E+01
    4.200  -2.1651E+01
    4.210  -1.6195E+01
    4.220  -1.0629E+01
    4.230  -5.2125E+00
    4.240  -1.8233E-01
    4.250   4.4387E+00
    4.260   8.7083E+00
    4.270   1.2460E+01
    4.280   1.5268E+01
    4.290   1.6829E+01
    4.300   1.7633E+01
    4.310   1.8018E+01
    4.320   1.8829E+01
    4.330   2.0267E+01
    4.340   2.2066E+01
    4.350   2.3883E+01
    4.360   2.5590E+01
    4.370   2.7223E+01
    4.380   2.8778E+01
    4.390   3.0177E+01
    4.400   3.1412E+01
    4.410   3.2537E+01
    4.420   3.3356E+01
    4.430   3.3159E+01
    4.440   3.1060E+01
    4.450   2.6922E+01
    4.460   2.1474E+01
    4.470   1.6213E+01
    4.480   1.1933E+01
    4.490   8.3842E+00
    4.500   4.8925E+00
    4.510   1.1014E+00
    4.520  -2.9815E+00
    4.530  -7.3012E+00
    4.540  -1.1690E+01
    4.550  -1.5582E+01
    4.560  -1.8343E+01
    4.570  -2.0337E+01
    4.580  -2.0566E+01
    4.590  -2.0852E+01
    4.600  -2.1546E+01
    4.610  -2.2393E+01
    4.620  -2.2976E+01
    4.630  -2.2510E+01
    4.640  -2.0813E+01
    4.650  -1.7953E+01
    4.660  -1.4695E+01
    4.670  -1.2129E+01
    4.680  -1.0842E+01
    4.690  -1.0559E+01
    4.700  -1.0582E+01
    4.710  -1.0682E+01
    4.720  -1.0856E+01
    4.730  -1.1091E+01
    4.740  -1.1103E+01
    4.750  -1.0781E+01
    4.760  -1.0374E+01
    4.770  -1.2356E+01
    4.780  -1.2966E+01
    4.790  -1.3478E+01
    4.800  -1.3551E+01
    4.810  -1.1231E+01
    4.820  -7.1857E+00
    4.830  -2.0473E+00
    4.840   3.3621E+00
    4.850   8.3970E+00
    4.860   1.2683E+01
    4.870   1.6131E+01
    4.880   1.9041E+01
    4.890   2.2049E+01
    4.900   2.5638E+01
    4.910   2.9522E+01
    4.920   3.2631E+01
    4.930   3.3886E+01
    4.940   3.4030E+01
    4.950   3.1871E+01
    4.960   2.8981E+01
    4.970   2.5666E+01
    4.980   2.1758E+01
    4.990   1.6988E+01
    5.000   1.1239E+01
    5.010   4.5378E+00
    5.020  -3.0109E+00
    5.030  -1.1233E+01
    5.040  -1.9811E+01
    5.050  -2.8179E+01
    5.060  -3.5533E+01
    5.070  -4.1158E+01
    5.080  -4.4929E+01
    5.090  -4.7411E+01
    5.100  -4.9192E+01
    5.110  -5.0031E+01
    5.120  -4.8770E+01
    5.130  -4.4267E+01
    5.140  -3.6243E+01
    5.150  -2.6705E+01
    5.160  -1.7831E+01
    5.170  -1.1511E+01
    5.180  -8.1166E+00
    5.190  -6.4700E+00
    5.200  -5.0160E+00
    5.210  -3.3447E+00
    5.220  -2.6081E+00
    5.230  -4.2709E+00
    5.240  -8.3346E+00
    5.250  -1.2869E+01
    5.260  -1.5277E+01
    5.270  -1.4255E+01
    5.280  -1.0155E+01
    5.290  -4.2835E+00
    5.300   2.3407E+00
    5.310   9.4328E+00
    5.320   1.7014E+01
    5.330   2.4749E+01
    5.340   3.1821E+01
    5.350   3.7545E+01
    5.360   4.2253E+01
    5.370   4.7674E+01
    5.380   5.5817E+01
    5.390   6.6576E+01
    5.400   7.7299E+01
    5.410   8.4559E+01
    5.420   8.5445E+01
    5.430   7.9690E+01
    5.440   7.0165E+01
    5.450   5.8276E+01
    5.460   4.2637E+01
    5.470   2.4318E+01
    5.480   6.4894E+00
    5.490  -8.8800E+00
    5.500  -2.2123E+01
    5.510  -3.3669E+01
    5.520  -4.3623E+01
    5.530  -5.0770E+01
    5.540  -5.3294E+01
    5.550  -5.0006E+01
    5.560  -4.2505E+01
    5.570  -3.4655E+01
    5.580  -2.9098E+01
    5.590  -2.9626E+01
    5.600  -3.1813E+01
    5.610  -3.5293E+01
    5.620  -3.7123E+01
    5.630  -3.9369E+01
    5.640  -4.1289E+01
    5.650  -4.1763E+01
    5.660  -3.9237E+01
    5.670  -3.4609E+01
    5.680  -3.0920E+01
    5.690  -2.6834E+01
    5.700  -1.8645E+01
    5.710  -5.5622E+00
    5.720   9.2554E+00
    5.730   2.1303E+01
    5.740   2.7866E+01
    5.750   2.9312E+01
    5.760   2.9168E+01
    5.770   2.9193E+01
    5.780   2.9108E+01
    5.790   2.9253E+01
    5.800   3.0982E+01
    5.810   3.3505E+01
    5.820   3.5013E+01
    5.830   3.5260E+01
    5.840   3.5206E+01
    5.850   3.6830E+01
    5.860   4.1911E+01
    5.870   4.8467E+01
    5.880   5.2131E+01
    5.890   4.9608E+01
    5.900   4.0263E+01
    5.910   2.6384E+01
    5.920   1.4189E+01
    5.930   8.5942E+00
    5.940   8.6590E+00
    5.950   9.6034E+00
    5.960   7.9324E+00
    5.970   3.8987E+00
    5.980  -8.3545E-01
    5.990  -4.9135E+00
    6.000  -8.6009E+00
    6.010  -1.2392E+01
    6.020  -1.7081E+01
    6.030  -1.9453E+01
    6.040  -1.9571E+01
    6.050  -1.8060E+01
    6.060  -1.7699E+01
    6.070  -2.1189E+01
    6.080  -2.7643E+01
    6.090  -3.4663E+01
    6.100  -4.0314E+01
    6.110  -4.3363E+01
    6.120  -4.3510E+01
    6.130  -3.9965E+01
    6.140  -3.3035E+01
    6.150  -2.7070E+01
    6.160  -2.6129E+01
    6.170  -3.0725E+01
    6.180  -3.7386E+01
    6.190  -4.1197E+01
    6.200  -3.7637E+01
    6.210  -2.8545E+01
    6.220  -1.7393E+01
    6.230  -8.7695E+00
    6.240  -3.4831E+00
    6.250   1.1426E+00
    6.260   7.9732E+00
    6.270   1.6680E+01
    6.280   2.6597E+01
    6.290   3.9692E+01
    6.300   5.5983E+01
    6.310   7.1494E+01
    6.320   8.2234E+01
    6.330   8.6667E+01
    6.340   8.6192E+01
    6.350   8.3269E+01
    6.360   8.1511E+01
    6.370   8.2910E+01
    6.380   8.2543E+01
    6.390   7.5189E+01
    6.400   6.0100E+01
    6.410   3.7478E+01
    6.420   1.4236E+01
    6.430   7.4762E-01
    6.440  -2.4592E+00
    6.450   2.3561E+00
    6.460   9.6415E+00
    6.470   9.8277E+00
    6.480   7.4805E+00
    6.490   1.4217E+01
    6.500   3.2555E+01
    6.510   5.4900E+01
    6.520   6.9401E+01
    6.530   6.9596E+01
    6.540   5.7766E+01
    6.550   4.0496E+01
    6.560   2.3309E+01
    6.570   9.7341E+00
    6.580  -4.1722E+00
    6.590  -2.1648E+01
    6.600  -4.4585E+01
    6.610  -6.6099E+01
    6.620  -8.0408E+01
    6.630  -9.1395E+01
    6.640  -1.0466E+02
    6.650  -1.2772E+02
    6.660  -1.6043E+02
    6.670  -1.8843E+02
    6.680  -2.0201E+02
    6.690  -2.0230E+02
    6.700  -1.9224E+02
    6.710  -1.7923E+02
    6.720  -1.6434E+02
    6.730  -1.4196E+02
    6.740  -1.1177E+02
    6.750  -7.7928E+01
    6.760  -3.9210E+01
    6.770   4.4851E+00
    6.780   5.2003E+01
    6.790   9.5319E+01
    6.800   1.2069E+02
    6.810   1.1872E+02
    6.820   9.6199E+01
    6.830   6.9291E+01
    6.840   5.2298E+01
    6.850   4.9698E+01
    6.860   5.2274E+01
    6.870   5.2053E+01
    6.880   5.6395E+01
    6.890   7.1749E+01
    6.900   8.8204E+01
    6.910   9.2396E+01
    6.920   8.5686E+01
    6.930   7.9040E+01
    6.940   7.9320E+01
    6.950   7.8488E+01
    6.960   7.0174E+01
    6.970   5.5161E+01
    6.980   4.3322E+01
    6.990   4.0273E+01
    7.000   4.2385E+01
    7.010   4.7966E+01
    7.020   5.5327E+01
    7.030   6.1008E+01
    7.040   6.3890E+01
    7.050   6.8822E+01
    7.060   7.3735E+01
    7.070   7.3396E+01
    7.080   6.7131E+01
    7.090   5.9288E+01
    7.100   4.9049E+01
    7.110   2.8989E+01
    7.120  -6.6035E-01
    7.130  -3.3480E+01
    7.140  -6.3524E+01
    7.150  -8.2588E+01
    7.160  -8.5249E+01
    7.170  -7.1736E+01
    7.180  -4.8281E+01
    7.190  -2.9406E+01
    7.200  -1.9100E+01
    7.210  -1.2214E+01
    7.220  -1.8789E+00
    7.230   9.9076E+00
    7.240   1.4272E+01
    7.250   1.0385E+01
    7.260   2.7925E+00
    7.270  -6.6370E+00
    7.280  -1.3424E+01
    7.290  -1.9534E+01
    7.300  -2.9358E+01
    7.310  -3.5699E+01
    7.320  -3.1435E+01
    7.330  -1.2164E+01
    7.340   1.5241E+01
    7.350   4.2278E+01
    7.360   6.5749E+01
    7.370   7.6430E+01
    7.380   6.0199E+01
    7.390   2.0309E+01
    7.400  -2.0886E+01
    7.410  -4.3964E+01
    7.420  -3.9024E+01
    7.430  -7.6766E+00
    7.440   2.9181E+01
    7.450   5.7220E+01
    7.460   7.1855E+01
    7.470   7.9071E+01
    7.480   8.3312E+01
    7.490   8.5443E+01
    7.500   7.9663E+01
    7.510   6.4101E+01
    7.520   4.1595E+01
    7.530   1.5445E+01
    7.540  -1.9999E+01
    7.550  -6.9078E+01
    7.560  -1.1956E+02
    7.570  -1.5972E+02
    7.580  -1.8153E+02
    7.590  -1.7589E+02
    7.600  -1.5387E+02
    7.610  -1.3355E+02
    7.620  -1.3457E+02
    7.630  -1.6109E+02
    7.640  -1.9604E+02
    7.650  -2.1353E+02
    7.660  -1.9922E+02
    7.670  -1.6073E+02
    7.680  -1.1413E+02
    7.690  -7.1248E+01
    7.700  -3.2882E+01
    7.710   8.3788E+00
    7.720   6.2080E+01
    7.730   1.2215E+02
    7.740   1.5891E+02
    7.750   1.4873E+02
    7.760   1.0145E+02
    7.770   4.7969E+01
    7.780   1.6418E+01
    7.790   3.7081E+00
    7.800  -5.4225E+00
    7.810  -5.4488E+00
    7.820   1.4194E-01
    7.830   2.6706E+00
    7.840   2.0970E+01
    7.850   6.0258E+01
    7.860   8.3627E+01
    7.870   6.9607E+01
    7.880   3.9846E+01
    7.890   2.6409E+01
    7.900   4.6790E+01
    7.910   9.6787E+01
    7.920   1.6021E+02
    7.930   2.1093E+02
    7.940   2.3506E+02
    7.950   2.2731E+02
    7.960   1.8967E+02
    7.970   1.3443E+02
    7.980   7.1732E+01
    7.990  -3.5923E-01
    8.000  -7.4638E+01
    8.010  -1.3874E+02
    8.020  -1.9392E+02
    8.030  -2.3507E+02
    8.040  -2.6596E+02
    8.050  -2.9315E+02
    8.060  -3.0646E+02
    8.070  -2.8519E+02
    8.080  -2.3669E+02
    8.090  -1.8312E+02
    8.100  -1.4795E+02
    8.110  -1.3448E+02
    8.120  -1.3677E+02
    8.130  -1.4210E+02
    8.140  -1.3765E+02
    8.150  -1.2751E+02
    8.160  -1.1438E+02
    8.170  -1.0478E+02
    8.180  -1.0194E+02
    8.190  -9.4929E+01
    8.200  -7.4412E+01
    8.210  -3.8759E+01
    8.220   1.1207E+01
    8.230   6.5923E+01
    8.240   1.1543E+02
    8.250   1.5481E+02
    8.260   1.7189E+02
    8.270   1.6881E+02
    8.280   1.5950E+02
    8.290   1.4614E+02
    8.300   1.1802E+02
    8.310   8.0932E+01
    8.320   4.9835E+01
    8.330   3.3098E+01
    8.340   3.2264E+01
    8.350   3.2151E+01
    8.360   2.3606E+01
    8.370   1.7982E+01
    8.380   3.3677E+01
    8.390   7.1912E+01
    8.400   1.1091E+02
    8.410   1.5394E+02
    8.420   1.9522E+02
    8.430   2.0406E+02
    8.440   1.6866E+02
    8.450   1.1389E+02
    8.460   7.5937E+01
    8.470   6.6595E+01
    8.480   7.6820E+01
    8.490   8.8639E+01
    8.500   9.5860E+01
    8.510   8.6729E+01
    8.520   4.9211E+01
    8.530   9.9770E+00
    8.540  -1.4752E+01
    8.550  -3.6747E+01
    8.560  -6.7163E+01
    8.570  -1.0729E+02
    8.580  -1.5183E+02
    8.590  -2.0030E+02
    8.600  -2.4101E+02
    8.610  -2.6979E+02
    8.620  -3.0049E+02
    8.630  -3.2944E+02
    8.640  -3.5248E+02
    8.650  -3.6549E+02
    8.660  -3.5655E+02
    8.670  -3.3179E+02
    8.680  -3.1472E+02
    8.690  -3.1550E+02
    8.700  -3.0663E+02
    8.710  -2.7366E+02
    8.720  -2.2055E+02
    8.730  -1.5575E+02
    8.740  -9.2890E+01
    8.750  -4.0519E+01
    8.760   6.7756E+00
    8.770   5.7748E+01
    8.780   1.0363E+02
    8.790   1.4134E+02
    8.800   1.8062E+02
    8.810   2.2318E+02
    8.820   2.5441E+02
    8.830   2.5755E+02
    8.840   2.4226E+02
    8.850   2.1345E+02
    8.860   1.7525E+02
    8.870   1.3747E+02
    8.880   9.7550E+01
    8.890   5.2549E+01
    8.900   2.2739E+01
    8.910   5.5564E+00
    8.920  -2.1422E+01
    8.930  -5.1807E+01
    8.940  -6.5661E+01
    8.950  -5.4125E+01
    8.960  -3.4448E+01
    8.970  -2.3592E+01
    8.980  -1.7474E+01
    8.990  -1.8783E+01
    9.000  -1.0360E+01
    9.010   5.9227E+00
    9.020   1.8581E+01
    9.030   2.2999E+01
    9.040   1.0702E+01
    9.050  -1.3879E+01
    9.060  -4.8434E+01
    9.070  -7.3057E+01
    9.080  -6.0926E+01
    9.090  -1.9461E+00
    9.100   7.7589E+01
    9.110   1.5034E+02
    9.120   2.0742E+02
    9.130   2.4625E+02
    9.140   2.6308E+02
    9.150   2.6516E+02
    9.160   2.5025E+02
    9.170   2.1062E+02
    9.180   1.5040E+02
    9.190   1.0012E+02
    9.200   6.9299E+01
    9.210   4.3097E+01
    9.220   7.4276E+00
    9.230  -3.8311E+01
    9.240  -8.1421E+01
    9.250  -1.0167E+02
    9.260  -9.6106E+01
    9.270  -7.0955E+01
    9.280  -1.6804E+01
    9.290   5.1256E+01
    9.300   1.1204E+02
    9.310   1.5515E+02
    9.320   1.6570E+02
    9.330   1.4474E+02
    9.340   1.1584E+02
    9.350   9.2239E+01
    9.360   7.2771E+01
    9.370   6.5947E+01
    9.380   8.6417E+01
    9.390   1.2755E+02
    9.400   1.5599E+02
    9.410   1.4020E+02
    9.420   8.3996E+01
    9.430   2.0829E+01
    9.440  -1.6268E+01
    9.450  -3.1367E+01
    9.460  -4.8979E+01
    9.470  -7.1567E+01
    9.480  -1.1040E+02
    9.490  -1.6495E+02
    9.500  -2.2078E+02
    9.510  -2.5238E+02
    9.520  -2.4617E+02
    9.530  -2.1463E+02
    9.540  -1.6383E+02
    9.550  -9.7036E+01
    9.560  -1.6059E+01
    9.570   8.4350E+01
    9.580   1.8945E+02
    9.590   2.6725E+02
    9.600   3.0548E+02
    9.610   3.2978E+02
    9.620   3.5027E+02
    9.630   3.3859E+02
    9.640   2.9395E+02
    9.650   2.2942E+02
    9.660   1.4842E+02
    9.670   6.5618E+01
    9.680   3.8583E+00
    9.690  -2.6496E+01
    9.700  -3.5862E+01
    9.710  -2.7048E+01
    9.720  -1.1620E+01
    9.730  -2.6235E+01
    9.740  -8.1274E+01
    9.750  -1.5519E+02
    9.760  -2.1710E+02
    9.770  -2.4403E+02
    9.780  -2.4770E+02
    9.790  -2.4305E+02
    9.800  -2.2713E+02
    9.810  -1.8710E+02
    9.820  -1.1863E+02
    9.830  -4.9592E+01
    9.840  -3.4471E+00
    9.850   2.9452E+01
    9.860   6.2300E+01
    9.870   9.1222E+01
    9.880   1.0507E+02
    9.890   9.5794E+01
    9.900   7.8790E+01
    9.910   8.1177E+01
    9.920   1.0280E+02
    9.930   1.3033E+02
    9.940   1.5743E+02
    9.950   1.8128E+02
    9.960   1.9330E+02
    9.970   1.9124E+02
    9.980   1.8727E+02
    9.990   1.9439E+02
   10.000   1.9760E+02
   10.010   1.6950E+02
   10.020   1.0218E+02
   10.030   1.4086E+01
   10.040  -6.6352E+01
   10.050  -1.1682E+02
   10.060  -1.3419E+02
   10.070  -1.3103E+02
   10.080  -1.2366E+02
   10.090  -1.0784E+02
   10.100  -6.0689E+01
   10.110   1.2819E+01
   10.120   7.5388E+01
   10.130   1.0706E+02
   10.140   1.0533E+02
   10.150   6.6340E+01
   10.160   7.5692E-01
   10.170  -5.6399E+01
   10.180  -8.8881E+01
   10.190  -1.0233E+02
   10.200  -8.9921E+01
   10.210  -5.9821E+01
   10.220  -3.4129E+01
   10.230  -3.4709E+00
   10.240   3.0480E+01
   10.250   5.9506E+01
   10.260   8.9093E+01
   10.270   1.1893E+02
   10.280   1.4678E+02
   10.290   1.7090E+02
   10.300   1.9229E+02
   10.310   2.0375E+02
   10.320   2.0466E+02
   10.330   2.0191E+02
   10.340   1.8778E+02
   10.350   1.5025E+02
   10.360   1.0507E+02
   10.370   7.6915E+01
   10.380   5.7411E+01
   10.390   2.6626E+01
   10.400  -9.4670E+00
   10.410  -3.6288E+01
   10.420  -4.4889E+01
   10.430  -2.8177E+01
   10.440   9.8671E+00
   10.450   6.0226E+01
   10.460   1.0425E+02
   10.470   1.1385E+02
   10.480   9.4690E+01
   10.490   7.6447E+01
   10.500   5.3827E+01
   10.510   2.3965E+01
   10.520  -3.0806E+00
   10.530  -4.0174E+01
   10.540  -9.2677E+01
   10.550  -1.4992E+02
   10.560  -1.9107E+02
   10.570  -1.9750E+02
   10.580  -1.7517E+02
   10.590  -1.5434E+02
   10.600  -1.5204E+02
   10.610  -1.6073E+02
   10.620  -1.5331E+02
   10.630  -1.2752E+02
   10.640  -1.0926E+02
   10.650  -1.1206E+02
   10.660  -1.2661E+02
   10.670  -1.4657E+02
   10.680  -1.5772E+02
   10.690  -1.5432E+02
   10.700  -1.4222E+02
   10.710  -1.2378E+02
   10.720  -9.5944E+01
   10.730  -6.0096E+01
   10.740  -3.1057E+01
   10.750  -9.9657E+00
   10.760   8.1849E+00
   10.770   3.1875E+01
   10.780   7.1406E+01
   10.790   1.2194E+02
   10.800   1.7307E+02
   10.810   2.1138E+02
   10.820   2.1322E+02
   10.830   1.7241E+02
   10.840   1.0792E+02
   10.850   4.4871E+01
   10.860  -1.1300E+01
   10.870  -6.3198E+01
   10.880  -1.1174E+02
   10.890  -1.5219E+02
   10.900  -1.7360E+02
   10.910  -1.5368E+02
   10.920  -1.0459E+02
   10.930  -5.6661E+01
   10.940  -2.6501E+01
   10.950  -2.8363E+01
   10.960  -4.5053E+01
   10.970  -5.0024E+01
   10.980  -3.3781E+01
   10.990   6.6786E+00
   11.000   6.8217E+01
   11.010   1.4022E+02
   11.020   1.9126E+02
   11.030   2.1289E+02
   11.040   2.2106E+02
   11.050   2.0940E+02
   11.060   1.7212E+02
   11.070   1.2413E+02
   11.080   8.5502E+01
   11.090   5.8192E+01
   11.100   1.9421E+01
   11.110  -3.4984E+01
   11.120  -7.8549E+01
   11.130  -9.2403E+01
   11.140  -6.8204E+01
   11.150  -2.3559E+01
   11.160   2.0093E+01
   11.170   6.7697E+01
   11.180   1.2221E+02
   11.190   1.6929E+02
   11.200   1.8977E+02
   11.210   1.7280E+02
   11.220   1.2590E+02
   11.230   7.1209E+01
   11.240   1.9593E+01
   11.250  -3.1786E+01
   11.260  -7.4409E+01
   11.270  -9.3744E+01
   11.280  -9.2506E+01
   11.290  -7.7057E+01
   11.300  -4.3403E+01
   11.310  -3.6905E+00
   11.320   2.0512E+01
   11.330   3.4244E+01
   11.340   4.4642E+01
   11.350   4.5141E+01
   11.360   2.3227E+01
   11.370  -2.9160E+01
   11.380  -1.0077E+02
   11.390  -1.6887E+02
   11.400  -2.0985E+02
   11.410  -2.1260E+02
   11.420  -1.8986E+02
   11.430  -1.8748E+02
   11.440  -2.1386E+02
   11.450  -2.4835E+02
   11.460  -2.7154E+02
   11.470  -2.6238E+02
   11.480  -2.3834E+02
   11.490  -2.2666E+02
   11.500  -2.1916E+02
   11.510  -2.0801E+02
   11.520  -2.0194E+02
   11.530  -2.0558E+02
   11.540  -2.1424E+02
   11.550  -2.1613E+02
   11.560  -1.9858E+02
   11.570  -1.7727E+02
   11.580  -1.7073E+02
   11.590  -1.6457E+02
   11.600  -1.4739E+02
   11.610  -1.1449E+02
   11.620  -6.3663E+01
   11.630  -5.1208E+00
   11.640   4.0307E+01
   11.650   7.2234E+01
   11.660   1.0218E+02
   11.670   1.2637E+02
   11.680   1.3817E+02
   11.690   1.3086E+02
   11.700   1.1313E+02
   11.710   9.0404E+01
   11.720   6.0481E+01
   11.730   2.7333E+01
   11.740  -1.9113E+00
   11.750  -1.7031E+01
   11.760  -1.3596E+01
   11.770   3.2716E+00
   11.780   1.4526E+01
   11.790   9.9513E+00
   11.800  -1.3643E+01
   11.810  -5.2680E+01
   11.820  -1.0098E+02
   11.830  -1.4730E+02
   11.840  -1.6748E+02
   11.850  -1.5263E+02
   11.860  -1.1453E+02
   11.870  -7.5956E+01
   11.880  -4.7750E+01
   11.890  -3.1623E+01
   11.900  -2.0195E+01
   11.910  -1.0975E-02
   11.920   2.8431E+01
   11.930   5.1090E+01
   11.940   4.9560E+01
   11.950   2.9340E+01
   11.960   1.3290E+01
   11.970   1.6595E+01
   11.980   2.8184E+01
   11.990   2.5761E+01
   12.000   1.3955E+01
   12.010  -4.0524E+00
   12.020  -3.3260E+01
   12.030  -6.5851E+01
   12.040  -9.5422E+01
   12.050  -1.2488E+02
   12.060  -1.6125E+02
   12.070  -1.9614E+02
   12.080  -2.1399E+02
   12.090  -2.1020E+02
   12.100  -1.9459E+02
   12.110  -1.7701E+02
   12.120  -1.6815E+02
   12.130  -1.6101E+02
   12.140  -1.3571E+02
   12.150  -8.2250E+01
   12.160  -1.4886E+01
   12.170   4.0862E+01
   12.180   7.3063E+01
   12.190   7.5479E+01
   12.200   5.2776E+01
   12.210   2.6710E+01
   12.220  -1.3589E+00
   12.230  -4.5027E+01
   12.240  -8.8658E+01
   12.250  -1.1477E+02
   12.260  -1.2687E+02
   12.270  -1.3089E+02
   12.280  -1.2940E+02
   12.290  -1.2316E+02
   12.300  -1.1278E+02
   12.310  -9.3529E+01
   12.320  -5.7408E+01
   12.330  -1.2258E+01
   12.340   2.0266E+01
   12.350   2.0780E+01
   12.360   5.0616E+00
   12.370  -4.2463E+00
   12.380  -8.0394E+00
   12.390  -1.1387E+01
   12.400  -1.3449E+01
   12.410  -9.9320E+00
   12.420  -5.1367E+00
   12.430  -1.4871E+00
   12.440  -1.9619E+00
   12.450  -8.2214E+00
   12.460  -2.3139E+01
   12.470  -3.6687E+01
   12.480  -4.3185E+01
   12.490  -4.6512E+01
   12.500  -4.3473E+01
   12.510  -3.1274E+01
   12.520  -1.1518E+01
   12.530   8.5664E-01
   12.540  -2.8158E+00
   12.550  -1.3610E+01
   12.560  -2.1533E+01
   12.570  -1.6899E+01
   12.580  -3.3697E+00
   12.590   2.5601E+01
   12.600   6.2593E+01
   12.610   9.2624E+01
   12.620   1.1477E+02
   12.630   1.2539E+02
   12.640   1.2978E+02
   12.650   1.2887E+02
   12.660   1.2003E+02
   12.670   1.0606E+02
   12.680   9.1039E+01
   12.690   7.8862E+01
   12.700   6.0826E+01
   12.710   4.2195E+01
   12.720   3.3146E+01
   12.730   2.5180E+01
   12.740   1.5499E+01
   12.750   5.5934E+00
   12.760   3.9343E+00
   12.770   9.0339E+00
   12.780   5.6154E+00
   12.790  -5.4020E+00
   12.800  -1.1105E+01
   12.810  -1.4087E+00
   12.820   2.0592E+01
   12.830   4.8153E+01
   12.840   8.0579E+01
   12.850   1.1435E+02
   12.860   1.4226E+02
   12.870   1.6714E+02
   12.880   1.9330E+02
   12.890   2.1034E+02
   12.900   2.1416E+02
   12.910   2.0705E+02
   12.920   1.9318E+02
   12.930   1.7709E+02
   12.940   1.5866E+02
   12.950   1.3747E+02
   12.960   1.1791E+02
   12.970   9.6768E+01
   12.980   6.9660E+01
   12.990   4.7456E+01
   13.000   4.4319E+01
   13.010   5.9925E+01
   13.020   8.4169E+01
   13.030   1.0100E+02
   13.040   1.0550E+02
   13.050   9.3264E+01
   13.060   7.0961E+01
   13.070   5.4540E+01
   13.080   5.2502E+01
   13.090   7.0163E+01
   13.100   1.0678E+02
   13.110   1.4987E+02
   13.120   1.8109E+02
   13.130   1.9459E+02
   13.140   1.8590E+02
   13.150   1.5044E+02
   13.160   9.9426E+01
   13.170   5.1073E+01
   13.180   1.2524E+01
   13.190  -1.1380E+01
   13.200  -1.7013E+01
   13.210  -1.2047E+01
   13.220  -7.0423E+00
   13.230  -2.8085E+00
   13.240  -8.9191E-01
   13.250  -1.2917E+01
   13.260  -3.6375E+01
   13.270  -6.6691E+01
   13.280  -9.5783E+01
   13.290  -1.0832E+02
   13.300  -9.6464E+01
   13.310  -6.4063E+01
   13.320  -2.6204E+01
   13.330   2.7975E+00
   13.340   2.1172E+01
   13.350   3.3317E+01
   13.360   3.7734E+01
   13.370   3.2233E+01
   13.380   2.8682E+01
   13.390   3.8730E+01
   13.400   5.4052E+01
   13.410   5.6832E+01
   13.420   4.4812E+01
   13.430   2.9856E+01
   13.440   2.0434E+01
   13.450   2.0524E+01
   13.460   3.4806E+01
   13.470   6.5244E+01
   13.480   1.0024E+02
   13.490   1.2220E+02
   13.500   1.2236E+02
   13.510   1.0764E+02
   13.520   9.0294E+01
   13.530   7.4054E+01
   13.540   6.2718E+01
   13.550   5.5225E+01
   13.560   4.7489E+01
   13.570   3.3309E+01
   13.580   1.3439E+01
   13.590  -1.2283E+01
   13.600  -4.0656E+01
   13.610  -6.2837E+01
   13.620  -7.2533E+01
   13.630  -6.3672E+01
   13.640  -3.7208E+01
   13.650  -7.0256E+00
   13.660   2.0132E+01
   13.670   4.1478E+01
   13.680   5.2271E+01
   13.690   5.2484E+01
   13.700   4.4076E+01
   13.710   3.3494E+01
   13.720   2.6241E+01
   13.730   1.9150E+01
   13.740   3.2327E+00
   13.750  -2.0741E+01
   13.760  -4.5612E+01
   13.770  -6.3143E+01
   13.780  -6.9972E+01
   13.790  -6.0566E+01
   13.800  -4.1437E+01
   13.810  -2.9321E+01
   13.820  -2.7935E+01
   13.830  -2.9742E+01
   13.840  -3.4648E+01
   13.850  -4.3938E+01
   13.860  -5.0937E+01
   13.870  -4.8578E+01
   13.880  -3.9588E+01
   13.890  -3.5628E+01
   13.900  -4.4045E+01
   13.910  -6.2705E+01
   13.920  -7.9968E+01
   13.930  -8.7450E+01
   13.940  -8.1437E+01
   13.950  -6.3905E+01
   13.960  -3.4924E+01
   13.970  -2.2850E+00
   13.980   2.1065E+01
   13.990   2.4532E+01
   14.000   1.2128E+01
   14.010  -3.1101E+00
   14.020  -2.4503E+01
   14.030  -4.8682E+01
   14.040  -6.3452E+01
   14.050  -6.7895E+01
   14.060  -6.8506E+01
   14.070  -6.1894E+01
   14.080  -4.7180E+01
   14.090  -2.6596E+01
   14.100  -2.7840E+00
   14.110   1.6197E+01
   14.120   2.8096E+01
   14.130   3.4024E+01
   14.140   2.7186E+01
   14.150   1.5863E+01
   14.160   9.6796E+00
   14.170   6.5109E+00
   14.180   4.5154E+00
   14.190   2.6688E+00
   14.200  -1.4839E+00
   14.210  -9.1050E+00
   14.220  -1.2460E+01
   14.230  -7.7839E+00
   14.240   1.0198E+00
   14.250   1.2689E+01
   14.260   2.1807E+01
   14.270   1.9046E+01
   14.280   2.5754E+00
   14.290  -1.6868E+01
   14.300  -2.7885E+01
   14.310  -3.1036E+01
   14.320  -2.9269E+01
   14.330  -2.8223E+01
   14.340  -2.8473E+01
   14.350  -2.9140E+01
   14.360  -3.2626E+01
   14.370  -3.7033E+01
   14.380  -4.1922E+01
   14.390  -4.4827E+01
   14.400  -4.5266E+01
   14.410  -4.3171E+01
   14.420  -3.8934E+01
   14.430  -3.7284E+01
   14.440  -3.7020E+01
   14.450  -3.1659E+01
   14.460  -1.9876E+01
   14.470  -4.2404E+00
   14.480   1.5662E+01
   14.490   3.7559E+01
   14.500   5.1297E+01
   14.510   5.7350E+01
   14.520   6.1631E+01
   14.530   6.5788E+01
   14.540   7.3975E+01
   14.550   8.0486E+01
   14.560   7.5827E+01
   14.570   5.9543E+01
   14.580   3.6846E+01
   14.590   1.5990E+01
   14.600   2.2444E+00
   14.610  -4.1491E+00
   14.620  -6.6353E+00
   14.630  -9.4193E+00
   14.640  -1.3462E+01
   14.650  -2.0047E+01
   14.660  -2.6933E+01
   14.670  -2.6643E+01
   14.680  -2.0288E+01
   14.690  -1.3083E+01
   14.700  -7.4114E+00
   14.710  -7.1989E+00
   14.720  -1.3272E+01
   14.730  -2.3198E+01
   14.740  -3.2053E+01
   14.750  -3.3036E+01
   14.760  -2.6855E+01
   14.770  -1.5920E+01
   14.780  -5.8193E+00
   14.790   1.0342E+00
   14.800   5.4797E+00
   14.810   6.2373E+00
   14.820   4.0342E+00
   14.830  -1.7399E+00
   14.840  -8.5636E+00
   14.850  -1.0110E+01
   14.860  -5.9931E+00
   14.870  -3.8905E-01
   14.880  -4.5266E-01
   14.890  -8.6682E+00
   14.900  -2.0706E+01
   14.910  -3.1096E+01
   14.920  -3.8706E+01
   14.930  -4.3341E+01
   14.940  -4.2365E+01
   14.950  -3.8191E+01
   14.960  -3.1623E+01
   14.970  -1.7853E+01
   14.980  -5.7249E-01
   14.990   1.7785E+01
   15.000   3.5519E+01
   15.010   4.5313E+01
   15.020   4.4419E+01
   15.030   3.6700E+01
   15.040   2.7687E+01
   15.050   2.0381E+01
   15.060   1.6450E+01
   15.070   1.5192E+01
   15.080   1.2287E+01
   15.090   5.4275E+00
   15.100  -1.9848E+00
   15.110  -7.4879E+00
   15.120  -1.0695E+01
   15.130  -1.1426E+01
   15.140  -9.2434E+00
   15.150  -3.1077E+00
   15.160   5.3813E+00
   15.170   1.2304E+01
   15.180   1.7496E+01
   15.190   2.1924E+01
   15.200   2.3589E+01
   15.210   2.2381E+01
   15.220   1.8396E+01
   15.230   1.2795E+01
   15.240   8.0039E+00
   15.250   7.1670E+00
   15.260   1.0335E+01
   15.270   1.4439E+01
   15.280   1.6175E+01
   15.290   1.4796E+01
   15.300   9.2927E+00
   15.310  -1.9368E+00
   15.320  -1.7870E+01
   15.330  -3.5054E+01
   15.340  -4.8484E+01
   15.350  -5.5284E+01
   15.360  -5.6305E+01
   15.370  -5.3757E+01
   15.380  -4.7549E+01
   15.390  -3.7334E+01
   15.400  -2.6001E+01
   15.410  -1.8186E+01
   15.420  -1.6375E+01
   15.430  -1.8529E+01
   15.440  -2.2415E+01
   15.450  -2.7657E+01
   15.460  -3.3710E+01
   15.470  -3.8745E+01
   15.480  -4.0969E+01
   15.490  -4.0529E+01
   15.500  -3.7761E+01
   15.510  -3.2003E+01
   15.520  -2.4385E+01
   15.530  -1.7550E+01
   15.540  -1.3302E+01
   15.550  -1.1338E+01
   15.560  -9.6776E+00
   15.570  -7.5646E+00
   15.580  -6.0606E+00
   15.590  -8.0928E+00
   15.600  -1.2591E+01
   15.610  -1.7545E+01
   15.620  -2.1280E+01
   15.630  -2.2776E+01
   15.640  -2.0440E+01
   15.650  -1.1994E+01
   15.660   8.7451E-01
   15.670   1.3455E+01
   15.680   2.3741E+01
   15.690   3.1400E+01
   15.700   3.7100E+01
   15.710   4.1308E+01
   15.720   4.1443E+01
   15.730   3.5196E+01
   15.740   2.4867E+01
   15.750   1.6127E+01
   15.760   1.1824E+01
   15.770   1.0518E+01
   15.780   7.3496E+00
   15.790  -1.0322E+00
   15.800  -1.3933E+01
   15.810  -2.8651E+01
   15.820  -3.8709E+01
   15.830  -4.1815E+01
   15.840  -3.9095E+01
   15.850  -3.2144E+01
   15.860  -2.2950E+01
   15.870  -1.2028E+01
   15.880  -3.2883E+00
   15.890   2.5990E-01
   15.900  -7.5634E-01
   15.910  -6.4190E+00
   15.920  -1.5289E+01
   15.930  -2.2379E+01
   15.940  -2.4057E+01
   15.950  -2.0972E+01
   15.960  -1.5648E+01
   15.970  -9.8318E+00
   15.980  -4.0296E+00
   15.990   2.3268E+00
   16.000   8.7125E+00
   16.010   1.4164E+01
   16.020   2.0305E+01
   16.030   2.6198E+01
   16.040   3.0561E+01
   16.050   3.5349E+01
   16.060   3.9677E+01
   16.070   4.1154E+01
   16.080   3.9826E+01
   16.090   3.8269E+01
   16.100   3.7169E+01
   16.110   3.5708E+01
   16.120   3.2805E+01
   16.130   2.9703E+01
   16.140   2.8843E+01
   16.150   3.0902E+01
   16.160   3.4420E+01
   16.170   3.6086E+01
   16.180   3.4258E+01
   16.190   3.0229E+01
   16.200   2.5890E+01
   16.210   2.1661E+01
   16.220   1.6694E+01
   16.230   1.0716E+01
   16.240   4.4947E+00
   16.250  -1.2095E+00
   16.260  -5.4988E+00
   16.270  -6.0960E+00
   16.280  -3.3123E+00
   16.290  -6.1875E-02
   16.300   2.5361E+00
   16.310   5.0038E+00
   16.320   6.8587E+00
   16.330   7.9416E+00
   16.340   9.1076E+00
   16.350   1.0796E+01
   16.360   1.1046E+01
   16.370   7.7801E+00
   16.380   1.4873E+00
   16.390  -5.7564E+00
   16.400  -1.1114E+01
   16.410  -1.4019E+01
   16.420  -1.4845E+01
   16.430  -1.4371E+01
   16.440  -1.3382E+01
   16.450  -1.0777E+01
   16.460  -5.6741E+00
   16.470   2.0238E-02
   16.480   4.2863E+00
   16.490   5.6652E+00
   16.500   3.3435E+00
   16.510  -9.9297E-01
   16.520  -4.5614E+00
   16.530  -5.0898E+00
   16.540  -2.2152E+00
   16.550   1.0152E+00
   16.560   2.7391E+00
   16.570   4.5463E+00
   16.580   6.4194E+00
   16.590   7.9061E+00
   16.600   1.0549E+01
   16.610   1.5262E+01
   16.620   2.0423E+01
   16.630   2.3281E+01
   16.640   2.2190E+01
   16.650   1.7767E+01
   16.660   1.2975E+01
   16.670   1.0563E+01
   16.680   1.1115E+01
   16.690   1.4153E+01
   16.700   1.7335E+01
   16.710   1.7653E+01
   16.720   1.4683E+01
   16.730   1.0673E+01
   16.740   7.1140E+00
   16.750   4.8524E+00
   16.760   3.1395E+00
   16.770   6.8229E-01
   16.780  -2.9209E+00
   16.790  -6.8833E+00
   16.800  -9.5590E+00
   16.810  -9.0221E+00
   16.820  -5.1570E+00
   16.830  -5.7673E-01
   16.840   4.4512E+00
   16.850   1.0543E+01
   16.860   1.6425E+01
   16.870   2.0525E+01
   16.880   2.2904E+01
   16.890   2.3834E+01
   16.900   2.2722E+01
   16.910   1.9103E+01
   16.920   1.3632E+01
   16.930   8.2946E+00
   16.940   3.6392E+00
   16.950  -7.3509E-01
   16.960  -5.1800E+00
   16.970  -9.3128E+00
   16.980  -1.1945E+01
   16.990  -1.2500E+01
   17.000  -1.1532E+01
   17.010  -9.9645E+00
   17.020  -8.5736E+00
   17.030  -6.8490E+00
   17.040  -3.5573E+00
   17.050   2.0815E+00
   17.060   9.0292E+00
   17.070   1.5208E+01
   17.080   1.8561E+01
   17.090   1.8356E+01
   17.100   1.5309E+01
   17.110   1.0261E+01
   17.120   2.8971E+00
   17.130  -4.9090E+00
   17.140  -9.4680E+00
   17.150  -1.0402E+01
   17.160  -9.6285E+00
   17.170  -8.9385E+00
   17.180  -8.5165E+00
   17.190  -7.5742E+00
   17.200  -6.9721E+00
   17.210  -7.1093E+00
   17.220  -7.3052E+00
   17.230  -7.9342E+00
   17.240  -8.2754E+00
   17.250  -8.0827E+00
   17.260  -8.7089E+00
   17.270  -9.9844E+00
   17.280  -1.1403E+01
   17.290  -1.3468E+01
   17.300  -1.6152E+01
   17.310  -1.8844E+01
   17.320  -2.0965E+01
   17.330  -2.2200E+01
   17.340  -2.2085E+01
   17.350  -2.1019E+01
   17.360  -2.0454E+01
   17.370  -2.1418E+01
   17.380  -2.3738E+01
   17.390  -2.6588E+01
   17.400  -2.9232E+01
   17.410  -3.0297E+01
   17.420  -2.8764E+01
   17.430  -2.5157E+01
   17.440  -2.0525E+01
   17.450  -1.5370E+01
   17.460  -1.0800E+01
   17.470  -8.6584E+00
   17.480  -9.1232E+00
   17.490  -1.0748E+01
   17.500  -1.2247E+01
   17.510  -1.2335E+01
   17.520  -1.1366E+01
   17.530  -1.0815E+01
   17.540  -1.0700E+01
   17.550  -8.7894E+00
   17.560  -4.5988E+00
   17.570   1.0233E+00
   17.580   6.3660E+00
   17.590   9.1489E+00
   17.600   9.2816E+00
   17.610   8.0138E+00
   17.620   6.3959E+00
   17.630   4.6383E+00
   17.640   3.4496E+00
   17.650   2.9309E+00
   17.660   2.1299E+00
   17.670   7.5891E-01
   17.680   1.2982E-01
   17.690   8.1227E-01
   17.700   1.8942E+00
   17.710   2.6113E+00
   17.720   2.5171E+00
   17.730   1.0819E+00
   17.740  -7.8176E-01
   17.750  -1.9174E+00
   17.760  -1.7850E+00
   17.770  -1.3559E+00
   17.780  -1.6561E+00
   17.790  -2.3243E+00
   17.800  -3.5462E+00
   17.810  -5.7913E+00
   17.820  -8.7958E+00
   17.830  -1.1621E+01
   17.840  -1.4320E+01
   17.850  -1.7667E+01
   17.860  -2.1201E+01
   17.870  -2.4655E+01
   17.880  -2.8329E+01
   17.890  -3.0546E+01
   17.900  -3.0157E+01
   17.910  -2.7329E+01
   17.920  -2.3602E+01
   17.930  -2.0487E+01
   17.940  -1.7498E+01
   17.950  -1.4069E+01
   17.960  -9.8323E+00
   17.970  -4.4549E+00
   17.980  -2.8763E-01
   17.990   1.8352E+00
   18.000   3.4035E+00
   18.010   5.2060E+00
   18.020   7.4198E+00
   18.030   1.0279E+01
   18.040   1.3247E+01
   18.050   1.6433E+01
   18.060   1.9369E+01
   18.070   2.1071E+01
   18.080   2.0908E+01
   18.090   1.8987E+01
   18.100   1.5628E+01
   18.110   1.1362E+01
   18.120   6.5192E+00
   18.130   1.5335E+00
   18.140  -2.0728E+00
   18.150  -2.7393E+00
   18.160  -7.5337E-01
   18.170   2.3337E+00
   18.180   4.6190E+00
   18.190   4.9862E+00
   18.200   3.6348E+00
   18.210   1.8439E+00
   18.220   1.0832E+00
   18.230   1.5054E+00
   18.240   2.7652E+00
   18.250   4.4822E+00
   18.260   6.4334E+00
   18.270   8.5619E+00
   18.280   1.0091E+01
   18.290   1.0260E+01
   18.300   9.2102E+00
   18.310   6.7298E+00
   18.320   2.8874E+00
   18.330  -1.8518E+00
   18.340  -6.0766E+00
   18.350  -8.0029E+00
   18.360  -7.0617E+00
   18.370  -4.5862E+00
   18.380  -1.7824E+00
   18.390   4.7504E-01
   18.400   1.6987E+00
   18.410   2.5158E+00
   18.420   2.3599E+00
   18.430   8.3520E-01
   18.440  -6.2575E-01
   18.450  -1.1579E+00
   18.460  -9.5901E-01
   18.470   7.0336E-01
   18.480   3.8534E+00
   18.490   6.7713E+00
   18.500   9.1427E+00
   18.510   1.0902E+01
   18.520   1.0961E+01
   18.530   9.7512E+00
   18.540   7.7790E+00
   18.550   5.9040E+00
   18.560   4.3732E+00
   18.570   2.9672E+00
   18.580   1.8145E+00
   18.590   8.2349E-01
   18.600   5.3779E-01
   18.610   1.2546E+00
   18.620   3.1652E+00
   18.630   5.7612E+00
   18.640   8.2033E+00
   18.650   9.9706E+00
   18.660   1.0256E+01
   18.670   9.0815E+00
   18.680   7.6918E+00
   18.690   6.5454E+00
   18.700   5.3361E+00
   18.710   4.0216E+00
   18.720   2.4298E+00
   18.730   5.2673E-01
   18.740  -1.7048E+00
   18.750  -4.0110E+00
   18.760  -5.3973E+00
   18.770  -5.8132E+00
   18.780  -5.7339E+00
   18.790  -4.4414E+00
   18.800  -1.7312E+00
   18.810   5.3808E-01
   18.820   1.3630E+00
   18.830   5.9409E-01
   18.840  -1.0774E+00
   18.850  -2.1002E+00
   18.860  -1.6527E+00
   18.870   2.5131E-01
   18.880   2.3238E+00
   18.890   3.0191E+00
   18.900   2.1578E+00
   18.910   7.6218E-01
   18.920  -7.1024E-01
   18.930  -2.0944E+00
   18.940  -3.7428E+00
   18.950  -5.1109E+00
   18.960  -4.8557E+00
   18.970  -2.7590E+00
   18.980   5.3971E-01
   18.990   4.6714E+00
   19.000   9.0401E+00
   19.010   1.2268E+01
   19.020   1.3669E+01
   19.030   1.3747E+01
   19.040   1.2840E+01
   19.050   1.1087E+01
   19.060   9.0271E+00
   19.070   7.3414E+00
   19.080   6.0313E+00
   19.090   5.3620E+00
   19.100   6.0069E+00
   19.110   7.1219E+00
   19.120   7.4731E+00
   19.130   7.0890E+00
   19.140   6.3349E+00
   19.150   5.0781E+00
   19.160   4.2080E+00
   19.170   3.9800E+00
   19.180   3.7773E+00
   19.190   3.7069E+00
   19.200   3.9192E+00
   19.210   3.8673E+00
   19.220   3.1550E+00
   19.230   1.8420E+00
   19.240   8.3141E-01
   19.250   3.6925E-01
   19.260  -6.2590E-02
   19.270  -8.0545E-01
   19.280  -1.5861E+00
   19.290  -2.0321E+00
   19.300  -2.4278E+00
   19.310  -3.0870E+00
   19.320  -4.5374E+00
   19.330  -6.8419E+00
   19.340  -9.0719E+00
   19.350  -1.0349E+01
   19.360  -1.0325E+01
   19.370  -8.5550E+00
   19.380  -5.5539E+00
   19.390  -2.4902E+00
   19.400  -9.4093E-01
   19.410  -1.3040E+00
   19.420  -2.5705E+00
   19.430  -3.9791E+00
   19.440  -4.3663E+00
   19.450  -3.0122E+00
   19.460  -5.9783E-01
   19.470   1.5994E+00
   19.480   2.8478E+00
   19.490   3.4807E+00
   19.500   4.6717E+00
   19.510   6.5760E+00
   19.520   8.2451E+00
   19.530   9.3795E+00
   19.540   1.0128E+01
   19.550   1.0409E+01
   19.560   1.0839E+01
   19.570   1.1933E+01
   19.580   1.2837E+01
   19.590   1.2643E+01
   19.600   1.1174E+01
   19.610   9.1108E+00
   19.620   6.7724E+00
   19.630   3.9821E+00
   19.640   6.7376E-01
   19.650  -2.5806E+00
   19.660  -5.2315E+00
   19.670  -7.4024E+00
   19.680  -8.8471E+00
   19.690  -9.2582E+00
   19.700  -8.9705E+00
   19.710  -8.6763E+00
   19.720  -8.6235E+00
   19.730  -8.7297E+00
   19.740  -9.2965E+00
   19.750  -1.0415E+01
   19.760  -1.0965E+01
   19.770  -1.0096E+01
   19.780  -8.2801E+00
   19.790  -6.0331E+00
   19.800  -3.6277E+00
   19.810  -1.6913E+00
   19.820  -2.6476E-01
   19.830   1.6962E+00
   19.840   4.8146E+00
   19.850   7.9111E+00
   19.860   9.8849E+00
   19.870   1.0923E+01
   19.880   1.1250E+01
   19.890   1.0221E+01
   19.900   8.0873E+00
   19.910   6.0549E+00
   19.920   4.5515E+00
   19.930   3.8811E+00
   19.940   3.8226E+00
   19.950   3.8288E+00
   19.960   3.7726E+00
   19.970   3.5861E+00
   19.980   3.2967E+00
   19.990   2.9898E+00
   20.000   2.6343E+00
   20.010   2.2550E+00
   20.020   1.9107E+00
   20.030   1.6688E+00
   20.040   1.5396E+00
   20.050   1.4413E+00
   20.060   1.2763E+00
   20.070   1.0254E+00
   20.080   7.8517E-01
   20.090   6.9222E-01
   20.100   7.9360E-01
   20.110   9.6979E-01
   20.120   9.9657E-01
   20.130   6.9993E-01
   20.140   7.4774E-02
   20.150  -7.2391E-01
   20.160  -1.4797E+00
   20.170  -2.0209E+00
   20.180  -2.2889E+00
   20.190  -2.3592E+00
   20.200  -2.3937E+00
   20.210  -2.5400E+00
   20.220  -2.8595E+00
   20.230  -3.3436E+00
   20.240  -3.9628E+00
   20.250  -4.6568E+00
   20.260  -5.2897E+00
   20.270  -5.6766E+00
   20.280  -5.6852E+00
   20.290  -5.3010E+00
   20.300  -4.5876E+00
   20.310  -3.6250E+00
   20.320  -2.5109E+00
   20.330  -1.3899E+00
   20.340  -4.2702E-01
   20.350   2.6286E-01
   20.360   6.4561E-01
   20.370   7.3095E-01
   20.380   5.2921E-01
   20.390   6.3715E-02
   20.400  -5.7119E-01
   20.410  -1.1850E+00
   20.420  -1.5680E+00
   20.430  -1.6434E+00
   20.440  -1.5412E+00
   20.450  -1.4723E+00
   20.460  -1.5009E+00
   20.470  -1.4820E+00
   20.480  -1.2658E+00
   20.490  -9.2582E-01
   20.500  -7.1343E-01
   20.510  -7.9317E-01
   20.520  -1.1005E+00
   20.530  -1.4820E+00
   20.540  -1.8916E+00
   20.550  -2.3741E+00
   20.560  -2.8961E+00
   20.570  -3.2840E+00
   20.580  -3.3569E+00
   20.590  -3.0927E+00
   20.600  -2.6812E+00
   20.610  -2.4645E+00
   20.620  -2.7967E+00
   20.630  -3.8317E+00
   20.640  -5.3370E+00
   20.650  -6.7401E+00
   20.660  -7.4619E+00
   20.670  -7.2928E+00
   20.680  -6.4857E+00
   20.690  -5.5112E+00
   20.700  -4.7183E+00
   20.710  -4.1709E+00
   20.720  -3.7272E+00
   20.730  -3.2516E+00
   20.740  -2.7750E+00
   20.750  -2.4670E+00
   20.760  -2.4349E+00
   20.770  -2.5560E+00
   20.780  -2.5418E+00
   20.790  -2.1940E+00
   20.800  -1.5836E+00
   20.810  -9.6782E-01
   20.820  -5.4237E-01
   20.830  -2.8599E-01
   20.840  -3.4233E-01
   20.850   9.7995E-03
   20.860   6.1203E-01
   20.870   1.4199E+00
   20.880   2.3843E+00
   20.890   3.5059E+00
   20.900   4.7882E+00
   20.910   6.1537E+00
   20.920   7.4358E+00
   20.930   8.4572E+00
   20.940   9.1118E+00
   20.950   9.3778E+00
   20.960   9.2849E+00
   20.970   8.8862E+00
   20.980   8.2534E+00
   20.990   7.4716E+00
   21.000   6.6165E+00
   21.010   5.7065E+00
   21.020   4.6581E+00
   21.030   3.3199E+00
   21.040   1.6174E+00
   21.050  -3.0296E-01
   21.060  -2.1115E+00
   21.070  -3.5302E+00
   21.080  -4.5441E+00
   21.090  -5.3829E+00
   21.100  -6.3129E+00
   21.110  -7.3484E+00
   21.120  -8.6095E+00
   21.130  -9.6959E+00
   21.140  -1.0301E+01
   21.150  -1.0261E+01
   21.160  -9.6653E+00
   21.170  -8.8077E+00
   21.180  -7.9844E+00
   21.190  -7.3256E+00
   21.200  -6.7760E+00
   21.210  -6.2009E+00
   21.220  -5.5058E+00
   21.230  -4.8382E+00
   21.240  -4.0693E+00
   21.250  -3.3871E+00
   21.260  -2.8129E+00
   21.270  -2.2966E+00
   21.280  -1.7927E+00
   21.290  -1.3057E+00
   21.300  -8.4522E-01
   21.310  -3.6825E-01
   21.320   1.9654E-01
   21.330   8.6241E-01
   21.340   1.5491E+00
   21.350   2.1439E+00
   21.360   2.5933E+00
   21.370   2.9365E+00
   21.380   3.2721E+00
   21.390   3.7035E+00
   21.400   4.2994E+00
   21.410   5.0576E+00
   21.420   5.8740E+00
   21.430   6.5500E+00
   21.440   6.8868E+00
   21.450   6.8254E+00
   21.460   6.5068E+00
   21.470   6.1643E+00
   21.480   5.9306E+00
   21.490   5.7435E+00
   21.500   5.4329E+00
   21.510   4.8749E+00
   21.520   4.0609E+00
   21.530   3.0595E+00
   21.540   1.9645E+00
   21.550   8.8088E-01
   21.560  -8.9063E-02
   21.570  -8.9668E-01
   21.580  -1.5869E+00
   21.590  -2.2669E+00
   21.600  -3.0191E+00
   21.610  -3.8384E+00
   21.620  -4.6357E+00
   21.630  -5.2754E+00
   21.640  -5.6146E+00
   21.650  -5.5649E+00
   21.660  -5.1818E+00
   21.670  -4.6923E+00
   21.680  -5.0165E+00
   21.690  -4.9480E+00
   21.700  -4.9231E+00
   21.710  -4.6693E+00
   21.720  -4.0822E+00
   21.730  -3.2878E+00
   21.740  -2.0247E+00
   21.750  -1.1998E+00
   21.760  -3.5796E-01
   21.770   6.0811E-01
   21.780   1.7852E+00
   21.790   3.2156E+00
   21.800   4.5630E+00
   21.810   5.7358E+00
   21.820   6.6254E+00
   21.830   7.0080E+00
   21.840   6.8196E+00
   21.850   6.1801E+00
   21.860   5.3310E+00
   21.870   4.5567E+00
   21.880   4.1028E+00
   21.890   4.0714E+00
   21.900   4.3420E+00
   21.910   4.6125E+00
   21.920   4.5687E+00
   21.930   4.0629E+00
   21.940   3.1581E+00
   21.950   2.0174E+00
   21.960   7.5236E-01
   21.970  -6.3150E-01
   21.980  -2.1644E+00
   21.990  -3.8183E+00
   22.000  -5.4951E+00
   22.010  -7.0954E+00
   22.020  -9.0156E+00
   22.030  -1.0368E+01
   22.040  -1.1496E+01
   22.050  -1.2339E+01
   22.060  -1.2858E+01
   22.070  -1.3044E+01
   22.080  -7.4713E+00
   22.090  -6.5042E+00
   22.100  -5.4562E+00
   22.110  -4.4792E+00
   22.120  -3.5362E+00
   22.130  -2.4558E+00
   22.140  -1.1682E+00
   22.150   1.3933E-01
   22.160   1.1475E+00
   22.170   1.6884E+00
   22.180   1.8871E+00
   22.190   2.0403E+00
   22.200   2.3939E+00
   22.210   3.0204E+00
   22.220   3.8338E+00
   22.230   4.6620E+00
   22.240   5.3332E+00
   22.250   5.7730E+00
   22.260   6.0694E+00
   22.270   6.4195E+00
   22.280   6.9632E+00
   22.290   7.6445E+00
   22.300   8.1675E+00
   22.310   8.4879E+00
   22.320   8.5051E+00
   22.330   8.2898E+00
   22.340   7.3076E+00
   22.350   6.7730E+00
   22.360   6.2629E+00
   22.370   5.9610E+00
   22.380   5.9535E+00
   22.390   6.0822E+00
   22.400   5.9250E+00
   22.410   5.4197E+00
   22.420   4.4479E+00
   22.430   3.1914E+00
   22.440   1.8647E+00
   22.450   6.1996E-01
   22.460  -4.6667E-01
   22.470  -1.3834E+00
   22.480  -2.0972E+00
   22.490  -2.7719E+00
   22.500  -3.3462E+00
   22.510  -4.0761E+00
   22.520  -4.4294E+00
   22.530  -4.7028E+00
   22.540  -4.9482E+00
   22.550  -5.1174E+00
   22.560  -5.0798E+00
   22.570  -4.7496E+00
   22.580  -4.1783E+00
   22.590  -3.5087E+00
   22.600  -2.8535E+00
   22.610  -2.2464E+00
   22.620  -1.7054E+00
   22.630  -1.3076E+00
   22.640  -1.1760E+00
   22.650  -1.3959E+00
   22.660  -1.9452E+00
   22.670  -2.6814E+00
   22.680  -3.3713E+00
   22.690  -3.7715E+00
   22.700  -3.7568E+00
   22.710  -3.4195E+00
   22.720  -3.0119E+00
   22.730  -2.7310E+00
   22.740  -2.5400E+00
   22.750  -2.2228E+00
   22.760  -1.6157E+00
   22.770  -7.5545E-01
   22.780   2.1030E-01
   22.790   1.2024E+00
   22.800   2.2405E+00
   22.810   3.3107E+00
   22.820   4.2903E+00
   22.830   5.0536E+00
   22.840   5.6118E+00
   22.850   6.0831E+00
   22.860   5.8725E+00
   22.870   3.5315E+00
   22.880   2.9107E+00
   22.890   2.1239E+00
   22.900   1.2060E+00
   22.910  -2.0422E-01
   22.920  -8.0413E-01
   22.930  -1.2073E+00
   22.940  -1.2918E+00
   22.950  -1.0463E+00
   22.960  -6.2786E-01
   22.970  -2.4641E-01
   22.980  -2.5171E-02
   22.990   1.9590E-01
   23.000   1.3447E-02
   23.010  -4.4620E-01
   23.020  -1.1650E+00
   23.030  -2.0082E+00
   23.040  -2.7595E+00
   23.050  -3.0826E+00
   23.060  -3.1399E+00
   23.070  -2.6988E+00
   23.080  -1.7854E+00
   23.090  -4.9700E-01
   23.100   9.9383E-01
   23.110   2.4782E+00
   23.120   3.7563E+00
   23.130   3.1839E+00
   23.140   3.2690E+00
   23.150   2.9221E+00
   23.160   2.2584E+00
   23.170   1.4754E+00
   23.180   7.6143E-01
   23.190   3.1092E-01
   23.200  -2.8293E-01
   23.210  -4.6185E-01
   23.220  -6.8034E-01
   23.230  -9.5954E-01
   23.240  -1.2595E+00
   23.250  -1.5425E+00
   23.260  -1.7735E+00
   23.270  -1.9052E+00
   23.280  -1.9126E+00
   23.290  -1.7224E+00
   23.300  -1.6166E+00
   23.310  -1.4775E+00
   23.320  -1.2617E+00
   23.330  -1.1021E+00
   23.340  -1.0917E+00
   23.350  -1.2975E+00
   23.360  -1.6109E+00
   23.370  -1.8355E+00
   23.380  -1.8790E+00
   23.390  -1.8173E+00
   23.400  -1.7538E+00
   23.410  -1.6495E+00
   23.420  -1.3264E+00
   23.430  -6.3880E-01
   23.440   3.7181E-01
   23.450   1.4859E+00
   23.460   2.4513E+00
   23.470   3.1227E+00
   23.480   3.4987E+00
   23.490   3.6660E+00
   23.500   3.7270E+00
   23.510   4.3558E+00
   23.520   4.3327E+00
   23.530   4.3651E+00
   23.540   4.2276E+00
   23.550   4.0618E+00
   23.560   3.9550E+00
   23.570   3.9457E+00
   23.580   3.9427E+00
   23.590   2.5981E+00
   23.600   2.4507E+00
   23.610   2.1998E+00
   23.620   1.7452E+00
   23.630   9.6984E-01
   23.640   7.3999E-02
   23.650  -7.8117E-01
   23.660  -1.3411E+00
   23.670  -1.4225E+00
   23.680  -1.0849E+00
   23.690  -6.1734E-01
   23.700  -3.3827E-01
   23.710  -3.9827E-01
   23.720  -7.0452E-01
   23.730  -1.1464E+00
   23.740  -1.5412E+00
   23.750  -2.0716E+00
   23.760  -2.0357E+00
   23.770  -1.8829E+00
   23.780  -1.6124E+00
   23.790  -1.1760E+00
   23.800  -5.2901E-01
   23.810   2.6894E-01
   23.820   1.0320E+00
   23.830   1.5502E+00
   23.840   1.7084E+00
   23.850   1.4982E+00
   23.860   9.4879E-01
   23.870   9.2719E-02
   23.880  -9.8807E-01
   23.890  -2.1116E+00
   23.900  -3.2783E+00
   23.910  -3.6228E+00
   23.920  -3.4456E+00
   23.930  -2.8802E+00
   23.940  -2.1840E+00
   23.950  -1.5819E+00
   23.960  -1.1618E+00
   23.970  -8.9825E-01
   23.980  -7.4606E-01
   23.990  -6.9113E-01
   24.000  -3.6768E-01
   24.010  -5.3210E-01
   24.020  -7.1617E-01
   24.030  -8.9218E-01
   24.040  -1.0775E+00
   24.050   4.3126E-01
   24.060   1.6367E-01
   24.070  -3.8602E-01
   24.080  -1.1164E+00
   24.090  -1.8244E+00
   24.100  -2.3345E+00
   24.110  -4.3998E+00
   24.120  -4.3227E+00
   24.130  -4.1022E+00
   24.140  -2.5500E+00
   24.150  -1.6468E+00
   24.160  -6.1541E-01
   24.170   8.5343E-01
   24.180   1.5650E+00
   24.190   2.0356E+00
   24.200   2.2354E+00
   24.210   2.1727E+00
   24.220   1.9449E+00
   24.230   1.6659E+00
   24.240   1.3953E+00
   24.250   1.1256E+00
   24.260   1.0847E+00
   24.270   8.4049E-01
   24.280   6.9275E-01
   24.290   6.9722E-01
   24.300   7.9064E-01
   24.310   8.0347E-01
   24.320   5.5621E-01
   24.330  -4.6066E-02
   24.340  -9.8589E-01
   24.350  -2.1621E+00
   24.360  -3.4719E+00
   24.370  -3.3488E+00
   24.380  -4.1835E+00
   24.390  -4.7871E+00
   24.400  -3.0838E+00
   24.410  -3.4787E+00
   24.420  -3.6557E+00
   24.430  -3.6796E+00
   24.440  -3.6617E+00
   24.450  -3.7324E+00
   24.460  -3.9765E+00
   24.470  -4.3860E+00
   24.480  -4.8697E+00
   24.490  -5.3134E+00
   24.500  -5.6358E+00
   24.510  -5.8010E+00
   24.520  -5.7950E+00
   24.530  -1.7574E+00
   24.540  -2.0895E+00
   24.550  -1.8740E+00
   24.560  -1.7489E+00
   24.570  -1.8972E+00
   24.580  -2.3809E+00
   24.590  -3.0923E+00
   24.600  -3.8056E+00
   24.610  -4.3018E+00
   24.620  -4.4726E+00
   24.630  -4.3326E+00
   24.640  -3.9557E+00
   24.650  -3.4102E+00
   24.660  -2.7449E+00
   24.670  -2.0202E+00
   24.680  -1.3307E+00
   24.690  -7.7053E-01
   24.700  -3.6055E-01
   24.710  -1.7975E-02
   24.720   3.7805E-01
   24.730   8.8388E-01
   24.740   1.4652E+00
   24.750   2.0654E+00
   24.760   2.6692E+00
   24.770   3.2844E+00
   24.780   3.6333E+00
   24.790   4.0279E+00
   24.800   4.2273E+00
   24.810   4.1535E+00
   24.820   3.7709E+00
   24.830   3.1325E+00
   24.840   2.3715E+00
   24.850   1.6052E+00
   24.860   8.4270E-01
   24.870   2.4940E-02
   24.880  -8.3440E-01
   24.890  -1.5771E+00
   24.900  -1.9984E+00
   24.910  -2.0187E+00
   24.920  -1.7598E+00
   24.930  -1.5533E+00
   24.940  -1.4493E+00
   24.950  -1.6144E+00
   24.960  -1.9723E+00
   24.970  -2.3780E+00
   24.980  -2.7262E+00
   24.990  -2.9990E+00
   25.000  -3.2301E+00
   25.010  -3.4514E+00
   25.020  -3.6878E+00
   25.030  -3.9877E+00
   25.040  -4.3359E+00
   25.050  -4.2510E+00
   25.060  -5.3584E+00
   25.070  -6.5948E+00
   25.080  -7.7927E+00
   25.090  -8.7747E+00
   25.100  -9.3109E+00
   25.110  -9.6081E+00
   25.120  -9.4786E+00
   25.130  -8.9959E+00
   25.140  -8.2613E+00
   25.150  -7.3839E+00
   25.160  -6.4870E+00
   25.170  -5.7158E+00
   25.180  -5.2571E+00
   25.190  -5.0696E+00
   25.200  -5.1425E+00
   25.210  -5.3416E+00
   25.220  -5.5522E+00
   25.230  -5.6139E+00
   25.240  -5.4628E+00
   25.250  -3.0617E+00
   25.260  -2.3105E+00
   25.270  -1.4554E+00
   25.280   3.3452E-03
   25.290   7.1432E-01
   25.300   1.2937E+00
   25.310   1.7468E+00
   25.320   2.1018E+00
   25.330   2.3595E+00
   25.340   2.4887E+00
   25.350   2.4757E+00
   25.360   2.3672E+00
   25.370   2.2514E+00
   25.380   2.1986E+00
   25.390   2.2240E+00
   25.400   2.3027E+00
   25.410   2.3984E+00
   25.420   1.4780E+00
   25.430   1.3173E+00
   25.440   1.1113E+00
   25.450   8.9988E-01
   25.460   7.6362E-01
   25.470   7.6557E-01
   25.480   8.9896E-01
   25.490   1.0963E+00
   25.500   1.2852E+00
   25.510   1.4295E+00
   25.520   1.5280E+00
   25.530   1.5917E+00
   25.540   1.6274E+00
   25.550   1.6311E+00
   25.560   1.5926E+00
   25.570   1.5112E+00
   25.580   1.4140E+00
   25.590   1.3517E+00
   25.600   1.3716E+00
   25.610   1.4964E+00
   25.620   1.4306E+00
   25.630   1.6184E+00
   25.640   1.8131E+00
   25.650   1.9124E+00
   25.660   1.8254E+00
   25.670   1.5311E+00
   25.680   1.0806E+00
   25.690   5.4576E-01
   25.700  -2.4852E-02
   25.710  -6.1231E-01
   25.720  -1.2144E+00
   25.730  -1.8303E+00
   25.740  -2.4887E+00
   25.750  -3.0751E+00
   25.760  -3.6050E+00
   25.770  -4.1348E+00
   25.780  -4.7630E+00
   25.790  -5.5276E+00
   25.800  -6.3376E+00
   25.810  -7.0224E+00
   25.820  -7.4386E+00
   25.830  -7.5248E+00
   25.840  -7.2831E+00
   25.850  -6.7489E+00
   25.860  -5.9790E+00
   25.870  -5.0324E+00
   25.880  -3.8848E+00
   25.890  -2.7144E+00
   25.900  -1.5051E+00
   25.910  -3.8495E-01
   25.920   5.2440E-01
   25.930   1.1944E+00
   25.940   1.7070E+00
   25.950   2.1825E+00
   25.960   2.5294E+00
   25.970   3.0457E+00
   25.980   3.6159E+00
   25.990   4.2352E+00
   26.000   4.8736E+00
   26.010   5.4346E+00
   26.020   5.7808E+00
   26.030   5.8355E+00
   26.040   5.6614E+00
   26.050   5.1307E+00
   26.060   3.0959E+00
   26.070   2.9771E+00
   26.080   2.9975E+00
   26.090   4.4665E+00
   26.100   3.9752E+00
   26.110   3.3647E+00
   26.120   2.7389E+00
   26.130   2.0345E+00
   26.140   1.3808E+00
   26.150   8.1611E-01
   26.160   3.6676E-01
   26.170   5.1456E-02
   26.180  -1.3676E-01
   26.190  -2.4089E-01
   26.200  -3.2024E-01
   26.210  -4.2095E-01
   26.220  -6.9235E-01
   26.230  -8.0913E-01
   26.240  -9.5993E-01
   26.250  -1.1407E+00
   26.260  -1.3429E+00
   26.270  -1.5244E+00
   26.280  -1.5979E+00
   26.290  -1.4747E+00
   26.300  -1.1324E+00
   26.310  -6.3681E-01
   26.320  -1.0175E-01
   26.330   3.5961E-01
   26.340   6.5710E-01
   26.350   7.4330E-01
   26.360   6.4465E-01
   26.370   4.6001E-01
   26.380   2.9761E-01
   26.390   2.0329E-01
   26.400   1.5554E-01
   26.410   1.1942E-01
   26.420   8.9187E-02
   26.430  -2.4828E-01
   26.440  -2.2595E-01
   26.450  -1.0358E-01
   26.460  -1.4186E-02
   26.470   3.4755E-01
   26.480   7.5447E-01
   26.490   1.1188E+00
   26.500   2.2981E+00
   26.510   2.5473E+00
   26.520   2.6300E+00
   26.530   2.5500E+00
   26.540   2.3329E+00
   26.550   2.0249E+00
   26.560   1.6767E+00
   26.570   1.3240E+00
   26.580   9.8558E-01
   26.590   6.8283E-01
   26.600   4.6009E-01
   26.610   3.7734E-01
   26.620   4.7254E-01
   26.630   7.2394E-01
   26.640   1.0512E+00
   26.650   1.3582E+00
   26.660   1.5776E+00
   26.670   2.7196E+00
   26.680   2.6085E+00
   26.690   2.4316E+00
   26.700   2.2047E+00
   26.710   1.9466E+00
   26.720   1.6646E+00
   26.730   1.5523E+00
   26.740   1.3423E+00
   26.750   1.0764E+00
   26.760   7.6853E-01
   26.770   1.6214E-01
   26.780  -1.6944E-01
   26.790  -4.5301E-01
   26.800  -6.4395E-01
   26.810  -7.1536E-01
   26.820  -6.7297E-01
   26.830  -5.4653E-01
   26.840  -3.6534E-01
   26.850  -1.4300E-01
   26.860   1.1536E-01
   26.870   3.9271E-01
   26.880   6.4828E-01
   26.890   8.2733E-01
   26.900   8.8878E-01
   26.910   8.3224E-01
   26.920   7.0415E-01
   26.930   5.7520E-01
   26.940   5.0424E-01
   26.950   5.1453E-01
   26.960   5.9540E-01
   26.970   7.1921E-01
   26.980   8.5725E-01
   26.990   9.8277E-01
   27.000   1.0694E+00
   27.010   1.1312E+00
   27.020   1.1693E+00
   27.030   1.1869E+00
   27.040   1.1961E+00
   27.050   1.2135E+00
   27.060   2.0177E+00
   27.070   2.0049E+00
   27.080   1.9185E+00
   27.090   1.7342E+00
   27.100   1.4697E+00
   27.110   1.1453E+00
   27.120   1.0400E+00
   27.130   6.9665E-01
   27.140   3.3996E-01
   27.150   1.8948E-02
   27.160  -2.1979E-01
   27.170  -3.5967E-01
   27.180  -4.1062E-01
   27.190  -3.9531E-01
   27.200  -3.4435E-01
   27.210  -2.9226E-01
   27.220  -2.6702E-01
   27.230  -2.8635E-01
   27.240  -3.6644E-01
   27.250  -5.2355E-01
   27.260  -7.5472E-01
   27.270  -1.0199E+00
   27.280  -1.2561E+00
   27.290  -1.4146E+00
   27.300  -1.4839E+00
   27.310  -1.4805E+00
   27.320  -1.4261E+00
   27.330  -1.3378E+00
   27.340  -1.2303E+00
   27.350  -1.1186E+00
   27.360  -1.0196E+00
   27.370  -9.5583E-01
   27.380  -9.5515E-01
   27.390  -1.0391E+00
   27.400  -1.2058E+00
   27.410  -1.4233E+00
   27.420  -1.6392E+00
   27.430  -1.8006E+00
   27.440  -1.8707E+00
   27.450  -1.8384E+00
   27.460  -1.4984E+00
   27.470  -1.4581E+00
   27.480  -1.3774E+00
   27.490  -3.1131E-01
   27.500  -2.8943E-01
   27.510  -2.8322E-01
   27.520  -2.6104E-01
   27.530  -1.9270E-01
   27.540  -6.9192E-02
   27.550   8.5159E-02
   27.560   2.2182E-01
   27.570   2.9667E-01
   27.580   2.9566E-01
   27.590   2.3605E-01
   27.600   1.4684E-01
   27.610   5.0354E-02
   27.620  -4.0782E-02
   27.630  -1.1636E-01
   27.640  -5.2119E-01
   27.650  -6.0136E-01
   27.660  -6.3482E-01
   27.670  -6.2959E-01
   27.680  -5.9952E-01
   27.690  -5.5936E-01
   27.700  -5.2630E-01
   27.710  -5.2311E-01
   27.720  -5.7127E-01
   27.730  -6.7360E-01
   27.740  -8.0411E-01
   27.750  -9.1932E-01
   27.760  -9.8252E-01
   27.770  -1.2361E+00
   27.780  -1.1301E+00
   27.790  -9.9813E-01
   27.800  -8.7285E-01
   27.810  -7.6624E-01
   27.820  -7.0468E-01
   27.830  -6.5775E-01
   27.840  -6.0408E-01
   27.850  -5.3185E-01
   27.860  -4.4870E-01
   27.870  -3.8286E-01
   27.880  -3.6794E-01
   27.890  -4.1530E-01
   27.900   1.8281E-01
   27.910   1.7046E-01
   27.920   1.8066E-01
   27.930   2.1429E-01
   27.940   2.6192E-01
   27.950   3.1573E-01
   27.960   3.7184E-01
   27.970   4.2857E-01
   27.980   4.8794E-01
   27.990   5.5606E-01
   28.000   6.3689E-01
   28.010   7.2636E-01
   28.020   8.1380E-01
   28.030   8.8556E-01
   28.040   9.2502E-01
   28.050   9.1537E-01
   28.060   8.5058E-01
   28.070   7.4230E-01
   28.080   6.0871E-01
   28.090   4.5586E-01
   28.100   2.7572E-01
   28.110  -6.7560E-01
   28.120  -7.9827E-01
   28.130  -8.9372E-01
   28.140  -9.5053E-01
   28.150  -9.6630E-01
   28.160  -9.4628E-01
   28.170  -9.0040E-01
   28.180  -8.4015E-01
   28.190  -7.7497E-01
   28.200  -7.0932E-01
   28.210  -6.4205E-01
   28.220  -5.6743E-01
   28.230  -4.7873E-01
   28.240  -3.7522E-01
   28.250  -2.1993E-01
   28.260  -1.2233E-01
   28.270  -5.1091E-02
   28.280  -1.0164E-02
   28.290   7.6888E-03
   28.300   1.4395E-02
   28.310   2.3599E-02
   28.320   5.1239E-02
   28.330   1.1166E-01
   28.340   2.0894E-01
   28.350   1.0189E-01
   28.360   2.0625E-01
   28.370   3.0515E-01
   28.380   3.8381E-01
   28.390   4.3113E-01
   28.400   4.4089E-01
   28.410   4.1299E-01
   28.420   3.1289E-01
   28.430   2.5980E-01
   28.440   2.0463E-01
   28.450   1.6957E-01
   28.460   1.6812E-01
   28.470   2.0073E-01
   28.480   2.5986E-01
   28.490   3.3783E-01
   28.500   4.2840E-01
   28.510   5.2225E-01
   28.520   6.0447E-01
   28.530   6.5989E-01
   28.540   6.8099E-01
   28.550   6.6882E-01
   28.560   6.2506E-01
   28.570   5.4449E-01
   28.580   4.1802E-01
   28.590   2.4384E-01
   28.600   3.5200E-02
   28.610  -1.8194E-01
   28.620  -3.7590E-01
   28.630  -5.1531E-01
   28.640  -5.7686E-01
   28.650  -5.5751E-01
   28.660  -4.8169E-01
   28.670  -3.9038E-01
   28.680  -3.5184E-01
   28.690  -2.7057E-01
   28.700  -2.0115E-01
   28.710  -1.3852E-01
   28.720  -8.1499E-02
   28.730  -2.9899E-02
   28.740   1.2940E-01
   28.750   1.6994E-01
   28.760   2.0035E-01
   28.770   2.1915E-01
   28.780   2.2815E-01
   28.790   2.3282E-01
   28.800   2.4026E-01
   28.810   2.5488E-01
   28.820   2.7580E-01
   28.830   3.0026E-01
   28.840   3.2960E-01
   28.850   3.6782E-01
   28.860   4.1151E-01
   28.870   4.4478E-01
   28.880   4.4855E-01
   28.890   4.1421E-01
   28.900   3.4587E-01
   28.910   2.5250E-01
   28.920   1.4366E-01
   28.930   3.1573E-02
   28.940  -7.0068E-02
   28.950  -1.5270E-01
   28.960  -2.1547E-01
   28.970  -2.6054E-01
   28.980  -2.9055E-01
   28.990  -3.1275E-01
   29.000  -3.4042E-01
   29.010  -3.8471E-01
   29.020  -4.4559E-01
   29.030  -5.1250E-01
   29.040  -5.7183E-01
   29.050  -6.1181E-01
   29.060  -6.2431E-01
   29.070  -6.0761E-01
   29.080  -5.6774E-01
   29.090  -5.1395E-01
   29.100  -4.5216E-01
   29.110  -3.8383E-01
   29.120  -3.0965E-01
   29.130  -2.3179E-01
   29.140  -1.5394E-01
   29.150  -8.2171E-02
   29.160  -2.4572E-02
   29.170   1.3805E-02
   29.180   3.6087E-02
   29.190   5.1324E-02
   29.200   6.7224E-02
   29.210   8.7932E-02
   29.220   1.1621E-01
   29.230   1.5239E-01
   29.240   1.8965E-01
   29.250   2.1562E-01
   29.260   2.2299E-01
   29.270   2.1646E-01
   29.280   2.0715E-01
   29.290   2.0252E-01
   29.300   2.0487E-01
   29.310   2.1635E-01
   29.320   2.4431E-01
   29.330   2.7919E-01
   29.340   3.2068E-01
   29.350   3.6634E-01
   29.360   4.1900E-01
   29.370   4.8022E-01
   29.380   5.4199E-01
   29.390   5.8854E-01
   29.400   6.0767E-01
   29.410   5.9731E-01
   29.420   5.6480E-01
   29.430   5.2311E-01
   29.440   4.8047E-01
   29.450   4.4239E-01
   29.460   4.1285E-01
   29.470   3.9155E-01
   29.480   3.7161E-01
   29.490   3.4281E-01
   29.500   2.9797E-01
   29.510   2.3709E-01
   29.520   1.6790E-01
   29.530   1.0368E-01
   29.540   5.7308E-02
   29.550   3.2273E-02
   29.560   1.8250E-02
   29.570  -2.2727E-03
   29.580  -4.1471E-02
   29.590  -9.9772E-02
   29.600  -1.6914E-01
   29.610  -2.3855E-01
   29.620  -8.1281E-02
   29.630  -5.2922E-02
   29.640  -1.3413E-02
   29.650   3.6886E-02
   29.660   9.5754E-02
   29.670   1.5915E-01
   29.680   2.2067E-01
   29.690   2.7179E-01
   29.700   3.0420E-01
   29.710   3.1302E-01
   29.720   2.9858E-01
   29.730   2.6577E-01
   29.740   2.2196E-01
   29.750   1.7454E-01
   29.760   1.2922E-01
   29.770   3.3506E-02
   29.780   1.1459E-02
   29.790  -6.9440E-03
   29.800  -1.9194E-02
   29.810  -2.4599E-02
   29.820  -1.8313E-02
   29.830  -6.1417E-03
   29.840   1.6877E-02
   29.850   5.4788E-02
   29.860   1.0471E-01
   29.870   2.3364E-01
   29.880   2.5754E-01
   29.890   2.6049E-01
   29.900   2.4454E-01
   29.910   2.1671E-01
   29.920   1.8259E-01
   29.930   1.4434E-01
   29.940   1.0299E-01
   29.950   6.0812E-02
   29.960   2.1273E-02
   29.970  -1.2280E-02
   29.980  -3.7966E-02
   29.990  -5.6158E-02
   30.000  -6.8736E-02
   30.010  -7.6685E-02
   30.020  -7.8333E-02
   30.030  -7.1065E-02
   30.040  -5.4979E-02
   30.050  -3.3880E-02
   30.060  -1.2157E-02
   30.070   8.3785E-03
   30.080   2.8345E-02
   30.090   4.7735E-02
   30.100   6.4543E-02
   30.110   7.5818E-02
   30.120   7.9865E-02
   30.130   7.7775E-02
   30.140   7.3358E-02
   30.150   7.1191E-02
   30.160   7.4130E-02
   30.170   8.2597E-02
   30.180   9.5972E-02
   30.190   1.1358E-01
   30.200   1.3352E-01
   30.210   1.5123E-01
   30.220   1.6080E-01
   30.230   1.5866E-01
   30.240   1.4621E-01
   30.250   1.2903E-01
   30.260   1.1365E-01
   30.270   1.0428E-01
   30.280   1.0135E-01
   30.290   1.0221E-01
   30.300   1.0301E-01
   30.310   1.0093E-01
   30.320   9.5783E-02
   30.330   8.9728E-02
   30.340   8.4587E-02
   30.350   7.8482E-02
   30.360   6.6096E-02
   30.370   4.4078E-02
   30.380   1.6604E-02
   30.390  -5.9515E-03
   30.400  -1.4974E-02
   30.410  -1.0164E-02
   30.420   1.7415E-03
   30.430   1.3419E-02
   30.440   2.1436E-02
   30.450   2.5456E-02
   30.460   2.4966E-02
   30.470   1.7803E-02
   30.480   2.4491E-03
   30.490  -1.8188E-02
   30.500  -3.6316E-02
   30.510  -4.4549E-02
   30.520  -4.2171E-02
   30.530  -3.4870E-02
   30.540  -2.7601E-02
   30.550  -1.9121E-02
   30.560  -4.4421E-03
   30.570   1.8674E-02
   30.580   4.6930E-02
   30.590   7.3618E-02
   30.600   9.1847E-02
   30.610   9.7077E-02
   30.620   8.9638E-02
   30.630   7.5556E-02
   30.640   6.3694E-02
   30.650   6.1446E-02
   30.660   7.3073E-02
   30.670   9.9889E-02
   30.680   1.3895E-01
   30.690   1.8151E-01
   30.700   2.1617E-01
   30.710   2.3595E-01
   30.720   2.4231E-01
   30.730   2.4256E-01
   30.740   2.4481E-01
   30.750   2.5496E-01
   30.760   2.7542E-01
   30.770   3.0385E-01
   30.780   3.3379E-01
   30.790   3.5812E-01
   30.800   3.7254E-01
   30.810   3.7560E-01
   30.820   2.4014E-01
   30.830   2.2513E-01
   30.840   2.0356E-01
   30.850   1.8034E-01
   30.860   1.5895E-01
   30.870   1.4137E-01
   30.880   1.2931E-01
   30.890   1.2328E-01
   30.900   1.2007E-01
   30.910   1.1268E-01
   30.920   9.4139E-02
   30.930   6.2084E-02
   30.940   2.0195E-02
   30.950  -2.4479E-02
   30.960  -6.6182E-02
   30.970  -1.0337E-01
   30.980  -1.3707E-01
   30.990  -1.6672E-01
   31.000  -1.8900E-01
   31.010  -2.0199E-01
   31.020  -2.0928E-01
   31.030  -2.1803E-01
   31.040  -2.3271E-01
   31.050  -2.5210E-01
   31.060  -2.7231E-01
   31.070  -2.9114E-01
   31.080  -3.0916E-01
   31.090  -3.2855E-01
   31.100  -3.5194E-01
   31.110  -3.8064E-01
   31.120  -4.1100E-01
   31.130  -4.3262E-01
   31.140  -4.3270E-01
   31.150  -4.0520E-01
   31.160  -3.5638E-01
   31.170  -3.0104E-01
   31.180  -2.5270E-01
   31.190  -2.1637E-01
   31.200  -1.8909E-01
   31.210  -1.6549E-01
   31.220  -1.4238E-01
   31.230  -1.1954E-01
   31.240  -9.8228E-02
   31.250  -7.9842E-02
   31.260  -6.5640E-02
   31.270  -5.6968E-02
   31.280  -5.5175E-02
   31.290  -6.0898E-02
   31.300  -7.2788E-02
   31.310  -8.7080E-02
   31.320  -9.9302E-02
   31.330  -1.0748E-01
   31.340  -1.1374E-01
   31.350  -1.2235E-01
   31.360  -1.3587E-01
   31.370  -1.5319E-01
   31.380  -1.7085E-01
   31.390  -1.8597E-01
   31.400  -1.9783E-01
   31.410  -2.0706E-01
   31.420  -2.1350E-01
   31.430  -2.1550E-01
   31.440  -2.1108E-01
   31.450  -1.9966E-01
   31.460  -1.8168E-01
   31.470  -1.5674E-01
   31.480  -1.2359E-01
   31.490  -8.3726E-02
   31.500  -4.4492E-02
   31.510  -1.6524E-02
   31.520  -5.9945E-03
   31.530  -8.9377E-03
   31.540  -1.3641E-02
   31.550  -9.3265E-03
   31.560   6.4083E-03
   31.570   2.6519E-02
   31.580   3.9349E-02
   31.590   3.5522E-02
   31.600   1.3615E-02
   31.610  -1.8134E-02
   31.620  -4.5807E-02
   31.630  -5.8449E-02
   31.640  -5.5745E-02
   31.650  -4.8410E-02
   31.660  -5.0168E-02
   31.670  -6.7799E-02
   31.680  -9.7355E-02
   31.690  -1.2901E-01
   31.700  -1.5495E-01
   31.710  -1.7296E-01
   31.720  -1.3695E-01
   31.730  -1.7856E-01
   31.740  -2.1246E-01
   31.750  -2.3655E-01
   31.760  -2.5318E-01
   31.770  -2.6657E-01
   31.780  -2.7818E-01
   31.790  -2.8651E-01
   31.800  -2.9222E-01
   31.810  -3.0222E-01
   31.820  -3.6590E-01
   31.830  -4.1104E-01
   31.840  -4.6551E-01
   31.850   0.0000E+00
   31.860   0.0000E+00
   31.870   0.0000E+00
   31.880   0.0000E+00
   31.890   0.0000E+00
   31.900   0.0000E+00
   31.910   0.0000E+00
   31.920   0.0000E+00
   31.930   0.0000E+00
   31.940   0.0000E+00
   31.950   0.0000E+00
   31.960   0.0000E+00
   31.970   0.0000E+00
   31.980   0.0000E+00
   31.990   0.0000E+00
   32.000   0.0000E+00
   32.010   0.0000E+00
   32.020   0.0000E+00
   32.030   0.0000E+00
   32.040   0.0000E+00
   32.050   0.0000E+00
   32.060   0.0000E+00
   32.070   0.0000E+00
   32.080   0.0000E+00
   32.090   0.0000E+00
   32.100   0.0000E+00
   32.110   0.0000E+00
   32.120   0.0000E+00
   32.130   0.0000E+00
   32.140   0.0000E+00
   32.150   0.0000E+00
   32.160   0.0000E+00
   32.170   0.0000E+00
   32.180   0.0000E+00
   32.190   0.0000E+00
   32.200   0.0000E+00
   32.210   0.0000E+00
   32.220   0.0000E+00
   32.230   0.0000E+00
   32.240   0.0000E+00
   32.250   0.0000E+00
   32.260   0.0000E+00
   32.270   0.0000E+00
   32.280   0.0000E+00
   32.290   0.0000E+00
   32.300   0.0000E+00
   32.310   0.0000E+00
   32.320   0.0000E+00
   32.330   0.0000E+00
   32.340   0.0000E+00
   32.350   0.0000E+00
   32.360   0.0000E+00
   32.370   0.0000E+00
   32.380   0.0000E+00
   32.390   0.0000E+00
   32.400   0.0000E+00
   32.410   0.0000E+00
   32.420   0.0000E+00
   32.430   0.0000E+00
   32.440   0.0000E+00
   32.450   0.0000E+00
   32.460   0.0000E+00
   32.470   0.0000E+00
   32.480   0.0000E+00
   32.490   0.0000E+00
   32.500   0.0000E+00
   32.510   0.0000E+00
   32.520   0.0000E+00
   32.530   0.0000E+00
   32.540   0.0000E+00
   32.550   0.0000E+00
   32.560   0.0000E+00
   32.570   0.0000E+00
   32.580   0.0000E+00
   32.590   0.0000E+00
   32.600   0.0000E+00
   32.610   0.0000E+00
   32.620   0.0000E+00
   32.630   0.0000E+00
   32.640   0.0000E+00
   32.650   0.0000E+00
   32.660   0.0000E+00
   32.670   0.0000E+00
   32.680   0.0000E+00
   32.690   0.0000E+00
   32.700   0.0000E+00
   32.710   0.0000E+00
   32.720   0.0000E+00
   32.730   0.0000E+00
   32.740   0.0000E+00
   32.750   0.0000E+00
   32.760   0.0000E+00
   32.770   0.0000E+00
   32.780   0.0000E+00
   32.790   0.0000E+00
   32.800   0.0000E+00
   32.810   0.0000E+00
   32.820   0.0000E+00
   32.830   0.0000E+00
   32.840   0.0000E+00
   32.850   0.0000E+00
   32.860   0.0000E+00
   32.870   0.0000E+00
   32.880   0.0000E+00
   32.890   0.0000E+00
   32.900   0.0000E+00
   32.910   0.0000E+00
   32.920   0.0000E+00
   32.930   0.0000E+00
   32.940   0.0000E+00
   32.950   0.0000E+00
   32.960   0.0000E+00
   32.970   0.0000E+00
   32.980   0.0000E+00
   32.990   0.0000E+00
   33.000   0.0000E+00
   33.010   0.0000E+00
   33.020   0.0000E+00
   33.030   0.0000E+00
   33.040   0.0000E+00
   33.050   0.0000E+00
   33.060   0.0000E+00
   33.070   0.0000E+00
   33.080   0.0000E+00
   33.090   0.0000E+00
   33.100   0.0000E+00
   33.110   0.0000E+00
   33.120   0.0000E+00
   33.130   0.0000E+00
   33.140   0.0000E+00
   33.150   0.0000E+00
   33.160   0.0000E+00
   33.170   0.0000E+00
   33.180   0.0000E+00
   33.190   0.0000E+00
   33.200   0.0000E+00
   33.210   0.0000E+00
   33.220   0.0000E+00
   33.230   0.0000E+00
   33.240   0.0000E+00
   33.250   0.0000E+00
   33.260   0.0000E+00
   33.270   0.0000E+00
   33.280   0.0000E+00
   33.290   0.0000E+00
   33.300   0.0000E+00
   33.310   0.0000E+00
   33.320   0.0000E+00
   33.330   0.0000E+00
   33.340   0.0000E+00
   33.350   0.0000E+00
   33.360   0.0000E+00
   33.370   0.0000E+00
   33.380   0.0000E+00
   33.390   0.0000E+00
   33.400   0.0000E+00
   33.410   0.0000E+00
   33.420   0.0000E+00
   33.430   0.0000E+00
   33.440   0.0000E+00
   33.450   0.0000E+00
   33.460   0.0000E+00
   33.470   0.0000E+00
   33.480   0.0000E+00
   33.490   0.0000E+00
   33.500   0.0000E+00
   33.510   0.0000E+00
   33.520   0.0000E+00
   33.530   0.0000E+00
   33.540   0.0000E+00
   33.550   0.0000E+00
   33.560   0.0000E+00
   33.570   0.0000E+00
   33.580   0.0000E+00
   33.590   0.0000E+00
   33.600   0.0000E+00
   33.610   0.0000E+00
   33.620   0.0000E+00
   33.630   0.0000E+00
   33.640   0.0000E+00
   33.650   0.0000E+00
   33.660   0.0000E+00
   33.670   0.0000E+00
   33.680   0.0000E+00
   33.690   0.0000E+00
   33.700   0.0000E+00
   33.710   0.0000E+00
   33.720   0.0000E+00
   33.730   0.0000E+00
   33.740   0.0000E+00
   33.750   0.0000E+00
   33.760   0.0000E+00
   33.770   0.0000E+00
   33.780   0.0000E+00
   33.790   0.0000E+00
   33.800   0.0000E+00
   33.810   0.0000E+00
   33.820   0.0000E+00
   33.830   0.0000E+00
   33.840   0.0000E+00
   33.850   0.0000E+00
   33.860   0.0000E+00
   33.870   0.0000E+00
   33.880   0.0000E+00
   33.890   0.0000E+00
   33.900   0.0000E+00
   33.910   0.0000E+00
   33.920   0.0000E+00
   33.930   0.0000E+00
   33.940   0.0000E+00
   33.950   0.0000E+00
   33.960   0.0000E+00
   33.970   0.0000E+00
   33.980   0.0000E+00
   33.990   0.0000E+00
   34.000   0.0000E+00
   34.010   0.0000E+00
   34.020   0.0000E+00
   34.030   0.0000E+00
   34.040   0.0000E+00
   34.050   0.0000E+00
   34.060   0.0000E+00
   34.070   0.0000E+00
   34.080   0.0000E+00
   34.090   0.0000E+00
   34.100   0.0000E+00
   34.110   0.0000E+00
   34.120   0.0000E+00
   34.130   0.0000E+00
   34.140   0.0000E+00
   34.150   0.0000E+00
   34.160   0.0000E+00
   34.170   0.0000E+00
   34.180   0.0000E+00
   34.190   0.0000E+00
   34.200   0.0000E+00
   34.210   0.0000E+00
   34.220   0.0000E+00
   34.230   0.0000E+00
   34.240   0.0000E+00
   34.250   0.0000E+00
   34.260   0.0000E+00
   34.270   0.0000E+00
   34.280   0.0000E+00
   34.290   0.0000E+00
   34.300   0.0000E+00
   34.310   0.0000E+00
   34.320   0.0000E+00
   34.330   0.0000E+00
   34.340   0.0000E+00
   34.350   0.0000E+00
   34.360   0.0000E+00
   34.370   0.0000E+00
   34.380   0.0000E+00
   34.390   0.0000E+00
   34.400   0.0000E+00
   34.410   0.0000E+00
   34.420   0.0000E+00
   34.430   0.0000E+00
   34.440   0.0000E+00
   34.450   0.0000E+00
   34.460   0.0000E+00
   34.470   0.0000E+00
   34.480   0.0000E+00
   34.490   0.0000E+00
   34.500   0.0000E+00
   34.510   0.0000E+00
   34.520   0.0000E+00
   34.530   0.0000E+00
   34.540   0.0000E+00
   34.550   0.0000E+00
   34.560   0.0000E+00
   34.570   0.0000E+00
   34.580   0.0000E+00
   34.590   0.0000E+00
   34.600   0.0000E+00
   34.610   0.0000E+00
   34.620   0.0000E+00
   34.630   0.0000E+00
   34.640   0.0000E+00
   34.650   0.0000E+00
   34.660   0.0000E+00
   34.670   0.0000E+00
   34.680   0.0000E+00
   34.690   0.0000E+00
   34.700   0.0000E+00
   34.710   0.0000E+00
   34.720   0.0000E+00
   34.730   0.0000E+00
   34.740   0.0000E+00
   34.750   0.0000E+00
   34.760   0.0000E+00
   34.770   0.0000E+00
   34.780   0.0000E+00
   34.790   0.0000E+00
   34.800   0.0000E+00
   34.810   0.0000E+00
   34.820   0.0000E+00
   34.830   0.0000E+00
   34.840   0.0000E+00
   34.850   0.0000E+00
   34.860   0.0000E+00
   34.870   0.0000E+00
   34.880   0.0000E+00
   34.890   0.0000E+00
   34.900   0.0000E+00
   34.910   0.0000E+00
   34.920   0.0000E+00
   34.930   0.0000E+00
   34.940   0.0000E+00
   34.950   0.0000E+00
   34.960   0.0000E+00
   34.970   0.0000E+00
   34.980   0.0000E+00
   34.990   0.0000E+00
   35.000   0.0000E+00
   35.010   0.0000E+00
   35.020   0.0000E+00
   35.030   0.0000E+00
   35.040   0.0000E+00
   35.050   0.0000E+00
   35.060   0.0000E+00
   35.070   0.0000E+00
   35.080   0.0000E+00
   35.090   0.0000E+00
   35.100   0.0000E+00
   35.110   0.0000E+00
   35.120   0.0000E+00
   35.130   0.0000E+00
   35.140   0.0000E+00
   35.150   0.0000E+00
   35.160   0.0000E+00
   35.170   0.0000E+00
   35.180   0.0000E+00
   35.190   0.0000E+00
   35.200   0.0000E+00
   35.210   0.0000E+00
   35.220   0.0000E+00
   35.230   0.0000E+00
   35.240   0.0000E+00
   35.250   0.0000E+00
   35.260   0.0000E+00
   35.270   0.0000E+00
   35.280   0.0000E+00
   35.290   0.0000E+00
   35.300   0.0000E+00
   35.310   0.0000E+00
   35.320   0.0000E+00
   35.330   0.0000E+00
   35.340   0.0000E+00
   35.350   0.0000E+00
   35.360   0.0000E+00
   35.370   0.0000E+00
   35.380   0.0000E+00
   35.390   0.0000E+00
   35.400   0.0000E+00
   35.410   0.0000E+00
   35.420   0.0000E+00
   35.430   0.0000E+00
   35.440   0.0000E+00
   35.450   0.0000E+00
   35.460   0.0000E+00
   35.470   0.0000E+00
   35.480   0.0000E+00
   35.490   0.0000E+00
   35.500   0.0000E+00
   35.510   0.0000E+00
   35.520   0.0000E+00
   35.530   0.0000E+00
   35.540   0.0000E+00
   35.550   0.0000E+00
   35.560   0.0000E+00
   35.570   0.0000E+00
   35.580   0.0000E+00
   35.590   0.0000E+00
   35.600   0.0000E+00
   35.610   0.0000E+00
   35.620   0.0000E+00
   35.630   0.0000E+00
   35.640   0.0000E+00
   35.650   0.0000E+00
   35.660   0.0000E+00
   35.670   0.0000E+00
   35.680   0.0000E+00
   35.690   0.0000E+00
   35.700   0.0000E+00
   35.710   0.0000E+00
   35.720   0.0000E+00
   35.730   0.0000E+00
   35.740   0.0000E+00
   35.750   0.0000E+00
   35.760   0.0000E+00
   35.770   0.0000E+00
   35.780   0.0000E+00
   35.790   0.0000E+00
   35.800   0.0000E+00
   35.810   0.0000E+00
   35.820   0.0000E+00
   35.830   0.0000E+00
   35.840   0.0000E+00
   35.850   0.0000E+00
   35.860   0.0000E+00
   35.870   0.0000E+00
   35.880   0.0000E+00
   35.890   0.0000E+00
   35.900   0.0000E+00
   35.910   0.0000E+00
   35.920   0.0000E+00
   35.930   0.0000E+00
   35.940   0.0000E+00
   35.950   0.0000E+00
   35.960   0.0000E+00
   35.970   0.0000E+00
   35.980   0.0000E+00
   35.990   0.0000E+00
   36.000   0.0000E+00
   36.010   0.0000E+00
   36.020   0.0000E+00
   36.030   0.0000E+00
   36.040   0.0000E+00
   36.050   0.0000E+00
   36.060   0.0000E+00
   36.070   0.0000E+00
   36.080   0.0000E+00
   36.090   0.0000E+00
   36.100   0.0000E+00
   36.110   0.0000E+00
   36.120   0.0000E+00
   36.130   0.0000E+00
   36.140   0.0000E+00
   36.150   0.0000E+00
   36.160   0.0000E+00
   36.170   0.0000E+00
   36.180   0.0000E+00
   36.190   0.0000E+00
   36.200   0.0000E+00
   36.210   0.0000E+00
   36.220   0.0000E+00
   36.230   0.0000E+00
   36.240   0.0000E+00
   36.250   0.0000E+00
   36.260   0.0000E+00
   36.270   0.0000E+00
   36.280   0.0000E+00
   36.290   0.0000E+00
   36.300   0.0000E+00
   36.310   0.0000E+00
   36.320   0.0000E+00
   36.330   0.0000E+00
   36.340   0.0000E+00
   36.350   0.0000E+00
   36.360   0.0000E+00
   36.370   0.0000E+00
   36.380   0.0000E+00
   36.390   0.0000E+00
   36.400   0.0000E+00
   36.410   0.0000E+00
   36.420   0.0000E+00
   36.430   0.0000E+00
   36.440   0.0000E+00
   36.450   0.0000E+00
   36.460   0.0000E+00
   36.470   0.0000E+00
   36.480   0.0000E+00
   36.490   0.0000E+00
   36.500   0.0000E+00
   36.510   0.0000E+00
   36.520   0.0000E+00
   36.530   0.0000E+00
   36.540   0.0000E+00
   36.550   0.0000E+00
   36.560   0.0000E+00
   36.570   0.0000E+00
   36.580   0.0000E+00
   36.590   0.0000E+00
   36.600   0.0000E+00
   36.610   0.0000E+00
   36.620   0.0000E+00
   36.630   0.0000E+00
   36.640   0.0000E+00
   36.650   0.0000E+00
   36.660   0.0000E+00
   36.670   0.0000E+00
   36.680   0.0000E+00
   36.690   0.0000E+00
   36.700   0.0000E+00
   36.710   0.0000E+00
   36.720   0.0000E+00
   36.730   0.0000E+00
   36.740   0.0000E+00
   36.750   0.0000E+00
   36.760   0.0000E+00
   36.770   0.0000E+00
   36.780   0.0000E+00
   36.790   0.0000E+00
   36.800   0.0000E+00
   36.810   0.0000E+00
   36.820   0.0000E+00
   36.830   0.0000E+00
   36.840   0.0000E+00
   36.850   0.0000E+00
   36.860   0.0000E+00
   36.870   0.0000E+00
   36.880   0.0000E+00
   36.890   0.0000E+00
   36.900   0.0000E+00
   36.910   0.0000E+00
   36.920   0.0000E+00
   36.930   0.0000E+00
   36.940   0.0000E+00
   36.950   0.0000E+00
   36.960   0.0000E+00
   36.970   0.0000E+00
   36.980   0.0000E+00
   36.990   0.0000E+00
   37.000   0.0000E+00
   37.010   0.0000E+00
   37.020   0.0000E+00
   37.030   0.0000E+00
   37.040   0.0000E+00
   37.050   0.0000E+00
   37.060   0.0000E+00
   37.070   0.0000E+00
   37.080   0.0000E+00
   37.090   0.0000E+00
   37.100   0.0000E+00
   37.110   0.0000E+00
   37.120   0.0000E+00
   37.130   0.0000E+00
   37.140   0.0000E+00
   37.150   0.0000E+00
   37.160   0.0000E+00
   37.170   0.0000E+00
   37.180   0.0000E+00
   37.190   0.0000E+00
   37.200   0.0000E+00
   37.210   0.0000E+00
   37.220   0.0000E+00
   37.230   0.0000E+00
   37.240   0.0000E+00
   37.250   0.0000E+00
   37.260   0.0000E+00
   37.270   0.0000E+00
   37.280   0.0000E+00
   37.290   0.0000E+00
   37.300   0.0000E+00
   37.310   0.0000E+00
   37.320   0.0000E+00
   37.330   0.0000E+00
   37.340   0.0000E+00
   37.350   0.0000E+00
   37.360   0.0000E+00
   37.370   0.0000E+00
   37.380   0.0000E+00
   37.390   0.0000E+00
   37.400   0.0000E+00
   37.410   0.0000E+00
   37.420   0.0000E+00
   37.430   0.0000E+00
   37.440   0.0000E+00
   37.450   0.0000E+00
   37.460   0.0000E+00
   37.470   0.0000E+00
   37.480   0.0000E+00
   37.490   0.0000E+00
   37.500   0.0000E+00
   37.510   0.0000E+00
   37.520   0.0000E+00
   37.530   0.0000E+00
   37.540   0.0000E+00
   37.550   0.0000E+00
   37.560   0.0000E+00
   37.570   0.0000E+00
   37.580   0.0000E+00
   37.590   0.0000E+00
   37.600   0.0000E+00
   37.610   0.0000E+00
   37.620   0.0000E+00
   37.630   0.0000E+00
   37.640   0.0000E+00
   37.650   0.0000E+00
   37.660   0.0000E+00
   37.670   0.0000E+00
   37.680   0.0000E+00
   37.690   0.0000E+00
   37.700   0.0000E+00
   37.710   0.0000E+00
   37.720   0.0000E+00
   37.730   0.0000E+00
   37.740   0.0000E+00
   37.750   0.0000E+00
   37.760   0.0000E+00
   37.770   0.0000E+00
   37.780   0.0000E+00
   37.790   0.0000E+00
   37.800   0.0000E+00
   37.810   0.0000E+00
   37.820   0.0000E+00
   37.830   0.0000E+00
   37.840   0.0000E+00
   37.850   0.0000E+00
   37.860   0.0000E+00
   37.870   0.0000E+00
   37.880   0.0000E+00
   37.890   0.0000E+00
   37.900   0.0000E+00
   37.910   0.0000E+00
   37.920   0.0000E+00
   37.930   0.0000E+00
   37.940   0.0000E+00
   37.950   0.0000E+00
   37.960   0.0000E+00
   37.970   0.0000E+00
   37.980   0.0000E+00
   37.990   0.0000E+00
   38.000   0.0000E+00
   38.010   0.0000E+00
   38.020   0.0000E+00
   38.030   0.0000E+00
   38.040   0.0000E+00
   38.050   0.0000E+00
   38.060   0.0000E+00
   38.070   0.0000E+00
   38.080   0.0000E+00
   38.090   0.0000E+00
   38.100   0.0000E+00
   38.110   0.0000E+00
   38.120   0.0000E+00
   38.130   0.0000E+00
   38.140   0.0000E+00
   38.150   0.0000E+00
   38.160   0.0000E+00
   38.170   0.0000E+00
   38.180   0.0000E+00
   38.190   0.0000E+00
   38.200   0.0000E+00
   38.210   0.0000E+00
   38.220   0.0000E+00
   38.230   0.0000E+00
   38.240   0.0000E+00
   38.250   0.0000E+00
   38.260   0.0000E+00
   38.270   0.0000E+00
   38.280   0.0000E+00
   38.290   0.0000E+00
   38.300   0.0000E+00
   38.310   0.0000E+00
   38.320   0.0000E+00
   38.330   0.0000E+00
   38.340   0.0000E+00
   38.350   0.0000E+00
   38.360   0.0000E+00
   38.370   0.0000E+00
   38.380   0.0000E+00
   38.390   0.0000E+00
   38.400   0.0000E+00
   38.410   0.0000E+00
   38.420   0.0000E+00
   38.430   0.0000E+00
   38.440   0.0000E+00
   38.450   0.0000E+00
   38.460   0.0000E+00
   38.470   0.0000E+00
   38.480   0.0000E+00
   38.490   0.0000E+00
   38.500   0.0000E+00
   38.510   0.0000E+00
   38.520   0.0000E+00
   38.530   0.0000E+00
   38.540   0.0000E+00
   38.550   0.0000E+00
   38.560   0.0000E+00
   38.570   0.0000E+00
   38.580   0.0000E+00
   38.590   0.0000E+00
   38.600   0.0000E+00
   38.610   0.0000E+00
   38.620   0.0000E+00
   38.630   0.0000E+00
   38.640   0.0000E+00
   38.650   0.0000E+00
   38.660   0.0000E+00
   38.670   0.0000E+00
   38.680   0.0000E+00
   38.690   0.0000E+00
   38.700   0.0000E+00
   38.710   0.0000E+00
   38.720   0.0000E+00
   38.730   0.0000E+00
   38.740   0.0000E+00
   38.750   0.0000E+00
   38.760   0.0000E+00
   38.770   0.0000E+00
   38.780   0.0000E+00
   38.790   0.0000E+00
   38.800   0.0000E+00
   38.810   0.0000E+00
   38.820   0.0000E+00
   38.830   0.0000E+00
   38.840   0.0000E+00
   38.850   0.0000E+00
   38.860   0.0000E+00
   38.870   0.0000E+00
   38.880   0.0000E+00
   38.890   0.0000E+00
   38.900   0.0000E+00
   38.910   0.0000E+00
   38.920   0.0000E+00
   38.930   0.0000E+00
   38.940   0.0000E+00
   38.950   0.0000E+00
   38.960   0.0000E+00
   38.970   0.0000E+00
   38.980   0.0000E+00
   38.990   0.0000E+00
   39.000   0.0000E+00
   39.010   0.0000E+00
   39.020   0.0000E+00
   39.030   0.0000E+00
   39.040   0.0000E+00
   39.050   0.0000E+00
   39.060   0.0000E+00
   39.070   0.0000E+00
   39.080   0.0000E+00
   39.090   0.0000E+00
   39.100   0.0000E+00
   39.110   0.0000E+00
   39.120   0.0000E+00
   39.130   0.0000E+00
   39.140   0.0000E+00
   39.150   0.0000E+00
   39.160   0.0000E+00
   39.170   0.0000E+00
   39.180   0.0000E+00
   39.190   0.0000E+00
   39.200   0.0000E+00
   39.210   0.0000E+00
   39.220   0.0000E+00
   39.230   0.0000E+00
   39.240   0.0000E+00
   39.250   0.0000E+00
   39.260   0.0000E+00
   39.270   0.0000E+00
   39.280   0.0000E+00
   39.290   0.0000E+00
   39.300   0.0000E+00
   39.310   0.0000E+00
   39.320   0.0000E+00
   39.330   0.0000E+00
   39.340   0.0000E+00
   39.350   0.0000E+00
   39.360   0.0000E+00
   39.370   0.0000E+00
   39.380   0.0000E+00
   39.390   0.0000E+00
   39.400   0.0000E+00
   39.410   0.0000E+00
   39.420   0.0000E+00
   39.430   0.0000E+00
   39.440   0.0000E+00
   39.450   0.0000E+00
   39.460   0.0000E+00
   39.470   0.0000E+00
   39.480   0.0000E+00
   39.490   0.0000E+00
   39.500   0.0000E+00
   39.510   0.0000E+00
   39.520   0.0000E+00
   39.530   0.0000E+00
   39.540   0.0000E+00
   39.550   0.0000E+00
   39.560   0.0000E+00
   39.570   0.0000E+00
   39.580   0.0000E+00
   39.590   0.0000E+00
   39.600   0.0000E+00
   39.610   0.0000E+00
   39.620   0.0000E+00
   39.630   0.0000E+00
   39.640   0.0000E+00
   39.650   0.0000E+00
   39.660   0.0000E+00
   39.670   0.0000E+00
   39.680   0.0000E+00
   39.690   0.0000E+00
   39.700   0.0000E+00
   39.710   0.0000E+00
   39.720   0.0000E+00
   39.730   0.0000E+00
   39.740   0.0000E+00
   39.750   0.0000E+00
   39.760   0.0000E+00
   39.770   0.0000E+00
   39.780   0.0000E+00
   39.790   0.0000E+00
   39.800   0.0000E+00
   39.810   0.0000E+00
   39.820   0.0000E+00
   39.830   0.0000E+00
   39.840   0.0000E+00
   39.850   0.0000E+00
   39.860   0.0000E+00
   39.870   0.0000E+00
   39.880   0.0000E+00
   39.890   0.0000E+00
   39.900   0.0000E+00
   39.910   0.0000E+00
   39.920   0.0000E+00
   39.930   0.0000E+00
   39.940   0.0000E+00
   39.950   0.0000E+00
   39.960   0.0000E+00
   39.970   0.0000E+00
   39.980   0.0000E+00
   39.990   0.0000E+00
   40.000   0.0000E+00
   40.010   0.0000E+00
   40.020   0.0000E+00
   40.030   0.0000E+00
   40.040   0.0000E+00
   40.050   0.0000E+00
   40.060   0.0000E+00
   40.070   0.0000E+00
   40.080   0.0000E+00
   40.090   0.0000E+00
   40.100   0.0000E+00
   40.110   0.0000E+00
   40.120   0.0000E+00
   40.130   0.0000E+00
   40.140   0.0000E+00
   40.150   0.0000E+00
   40.160   0.0000E+00
   40.170   0.0000E+00
   40.180   0.0000E+00
   40.190   0.0000E+00
   40.200   0.0000E+00
   40.210   0.0000E+00
   40.220   0.0000E+00
   40.230   0.0000E+00
   40.240   0.0000E+00
   40.250   0.0000E+00
   40.260   0.0000E+00
   40.270   0.0000E+00
   40.280   0.0000E+00
   40.290   0.0000E+00
   40.300   0.0000E+00
   40.310   0.0000E+00
   40.320   0.0000E+00
   40.330   0.0000E+00
   40.340   0.0000E+00
   40.350   0.0000E+00
   40.360   0.0000E+00
   40.370   0.0000E+00
   40.380   0.0000E+00
   40.390   0.0000E+00
   40.400   0.0000E+00
   40.410   0.0000E+00
   40.420   0.0000E+00
   40.430   0.0000E+00
   40.440   0.0000E+00
   40.450   0.0000E+00
   40.460   0.0000E+00
   40.470   0.0000E+00
   40.480   0.0000E+00
   40.490   0.0000E+00
   40.500   0.0000E+00
   40.510   0.0000E+00
   40.520   0.0000E+00
   40.530   0.0000E+00
   40.540   0.0000E+00
   40.550   0.0000E+00
   40.560   0.0000E+00
   40.570   0.0000E+00
   40.580   0.0000E+00
   40.590   0.0000E+00
   40.600   0.0000E+00
   40.610   0.0000E+00
   40.620   0.0000E+00
   40.630   0.0000E+00
   40.640   0.0000E+00
   40.650   0.0000E+00
   40.660   0.0000E+00
   40.670   0.0000E+00
   40.680   0.0000E+00
   40.690   0.0000E+00
   40.700   0.0000E+00
   40.710   0.0000E+00
   40.720   0.0000E+00
   40.730   0.0000E+00
   40.740   0.0000E+00
   40.750   0.0000E+00
   40.760   0.0000E+00
   40.770   0.0000E+00
   40.780   0.0000E+00
   40.790   0.0000E+00
   40.800   0.0000E+00
   40.810   0.0000E+00
   40.820   0.0000E+00
   40.830   0.0000E+00
   40.840   0.0000E+00
   40.850   0.0000E+00
   40.860   0.0000E+00
   40.870   0.0000E+00
   40.880   0.0000E+00
   40.890   0.0000E+00
   40.900   0.0000E+00
   40.910   0.0000E+00
   40.920   0.0000E+00
   40.930   0.0000E+00
   40.940   0.0000E+00
   40.950   0.0000E+00
