**********************************************
*******  Acceleration Time Series ************
*** Site #   1
*** trial   21
Input Parameters file =  aqk_0604__parameters.out                                                                                                
  4096 samples
dt:  0.010 sec
data format: (1x,f8.3,1p,2x,e11.4)
maximum absolute acceleration: 541.91
fault Dis.(km)=    3.84
Hypo  Dis.(km)=   11.75
  time(s) acc(cm/s**2)
    0.000   0.0000E+00
    0.010   0.0000E+00
    0.020   0.0000E+00
    0.030   0.0000E+00
    0.040   0.0000E+00
    0.050   0.0000E+00
    0.060   0.0000E+00
    0.070   0.0000E+00
    0.080   0.0000E+00
    0.090   3.9198E-01
    0.100   4.5674E-01
    0.110   4.9519E-01
    0.120   5.2021E-01
    0.130   5.4865E-01
    0.140   5.9473E-01
    0.150   6.6422E-01
    0.160   7.4978E-01
    0.170   8.3199E-01
    0.180   8.8912E-01
    0.190   9.0985E-01
    0.200   8.9784E-01
    0.210   8.6481E-01
    0.220   8.1980E-01
    0.230   7.6377E-01
    0.240   6.9209E-01
    0.250   6.0067E-01
    0.260   4.9124E-01
    0.270   3.7181E-01
    0.280   2.5236E-01
    0.290   1.3910E-01
    0.300   3.1871E-02
    0.310  -7.4637E-02
    0.320  -1.8803E-01
    0.330  -3.1439E-01
    0.340  -4.5273E-01
    0.350  -5.9081E-01
    0.360  -7.0885E-01
    0.370  -7.9190E-01
    0.380  -8.4101E-01
    0.390  -8.7211E-01
    0.400  -9.0270E-01
    0.410  -9.3800E-01
    0.420  -9.6761E-01
    0.430  -9.7443E-01
    0.440  -9.4801E-01
    0.450  -8.9274E-01
    0.460  -8.2454E-01
    0.470  -7.5804E-01
    0.480  -6.9383E-01
    0.490  -6.1642E-01
    0.500  -5.0549E-01
    0.510  -3.5248E-01
    0.520  -1.7082E-01
    0.530   7.1377E-03
    0.540   1.4509E-01
    0.550   2.2147E-01
    0.560   2.4107E-01
    0.570   2.3210E-01
    0.580   2.3017E-01
    0.590   2.6017E-01
    0.600   3.2717E-01
    0.610   4.1871E-01
    0.620   5.1323E-01
    0.630   5.8913E-01
    0.640   6.3296E-01
    0.650   6.4431E-01
    0.660   6.3353E-01
    0.670   6.1197E-01
    0.680   5.8290E-01
    0.690   5.4110E-01
    0.700   4.7999E-01
    0.710   3.9778E-01
    0.720   2.9742E-01
    0.730   1.8320E-01
    0.740   5.8514E-02
    0.750  -7.4668E-02
    0.760  -2.1531E-01
    0.770  -3.6098E-01
    0.780  -5.0430E-01
    0.790  -6.3218E-01
    0.800  -7.2998E-01
    0.810  -7.8761E-01
    0.820  -8.0298E-01
    0.830  -7.8313E-01
    0.840  -7.4422E-01
    0.850  -7.0740E-01
    0.860  -6.8793E-01
    0.870  -6.8404E-01
    0.880  -6.7707E-01
    0.890  -6.4564E-01
    0.900  -5.8130E-01
    0.910  -4.9206E-01
    0.920  -3.9271E-01
    0.930  -2.9266E-01
    0.940  -1.9068E-01
    0.950  -7.8054E-02
    0.960   5.3297E-02
    0.970   2.0245E-01
    0.980   3.5671E-01
    0.990   4.9757E-01
    1.000   6.1136E-01
    1.010   6.3355E-01
    1.020   6.9590E-01
    1.030   7.4509E-01
    1.040   7.8497E-01
    1.050   8.1684E-01
    1.060   8.3934E-01
    1.070   8.4732E-01
    1.080   8.3412E-01
    1.090   7.9775E-01
    1.100   9.6350E-01
    1.110   9.4048E-01
    1.120   8.7934E-01
    1.130   7.7834E-01
    1.140   6.5857E-01
    1.150   5.4874E-01
    1.160   8.7956E-02
    1.170   2.0709E-02
    1.180  -2.0944E-02
    1.190  -4.2201E-02
    1.200  -4.1962E-02
    1.210  -1.0097E-02
    1.220   7.0293E-02
    1.230   2.1328E-01
    1.240   4.1540E-01
    1.250   6.4792E-01
    1.260   8.6789E-01
    1.270   1.0410E+00
    1.280   1.1556E+00
    1.290   1.1721E+00
    1.300   1.1804E+00
    1.310   9.4321E-01
    1.320   8.3949E-01
    1.330   6.8203E-01
    1.340   4.8770E-01
    1.350   2.7958E-01
    1.360   7.9264E-02
    1.370  -9.8297E-02
    1.380  -2.3066E-01
    1.390  -3.5856E-01
    1.400  -5.1208E-01
    1.410  -7.3648E-01
    1.420  -1.0499E+00
    1.430  -1.4203E+00
    1.440  -1.7817E+00
    1.450  -2.0808E+00
    1.460  -2.3092E+00
    1.470  -2.4931E+00
    1.480  -2.6569E+00
    1.490  -2.8034E+00
    1.500  -2.5787E+00
    1.510  -2.7239E+00
    1.520  -2.8632E+00
    1.530  -2.9987E+00
    1.540  -3.1153E+00
    1.550  -3.1744E+00
    1.560  -3.1282E+00
    1.570  -2.9460E+00
    1.580  -2.6347E+00
    1.590  -2.2398E+00
    1.600  -1.8312E+00
    1.610  -1.4785E+00
    1.620  -1.2242E+00
    1.630  -1.0643E+00
    1.640  -9.5185E-01
    1.650  -8.2657E-01
    1.660  -6.4970E-01
    1.670  -4.1755E-01
    1.680  -1.4995E-01
    1.690   1.2759E-01
    1.700   3.9384E-01
    1.710   6.3531E-01
    1.720   8.4803E-01
    1.730   1.0334E+00
    1.740   1.1858E+00
    1.750   1.2816E+00
    1.760   1.2842E+00
    1.770   1.1693E+00
    1.780   9.5691E-01
    1.790   7.2382E-01
    1.800   6.2210E-01
    1.810   6.4195E-01
    1.820   8.0870E-01
    1.830   1.0309E+00
    1.840   1.1937E+00
    1.850   1.2245E+00
    1.860   1.1211E+00
    1.870   9.3647E-01
    1.880   6.5712E-01
    1.890   5.5230E-01
    1.900   5.4309E-01
    1.910   6.2088E-01
    1.920   7.4698E-01
    1.930   8.8077E-01
    1.940  -3.0190E-01
    1.950  -3.2473E-01
    1.960  -3.4286E-01
    1.970  -3.8144E-01
    1.980  -4.5806E-01
    1.990  -5.6105E-01
    2.000  -6.5682E-01
    2.010  -7.1127E-01
    2.020   2.0204E-01
    2.030   3.6782E-01
    2.040   5.8193E-01
    2.050   7.9611E-01
    2.060   9.2767E-01
    2.070   8.8637E-01
    2.080   3.7547E+00
    2.090   3.2407E+00
    2.100   2.5048E+00
    2.110   1.7138E+00
    2.120   9.8266E-01
    2.130   3.2616E-01
    2.140  -3.0484E-01
    2.150  -9.7204E-01
    2.160  -1.7194E+00
    2.170  -2.3791E+00
    2.180  -3.1878E+00
    2.190  -3.8467E+00
    2.200  -4.2597E+00
    2.210  -4.4369E+00
    2.220  -4.1619E+00
    2.230  -4.2190E+00
    2.240  -4.2568E+00
    2.250  -4.3011E+00
    2.260  -4.3616E+00
    2.270  -4.4120E+00
    2.280  -4.3924E+00
    2.290  -4.2465E+00
    2.300  -3.9796E+00
    2.310  -3.5802E+00
    2.320  -2.9902E+00
    2.330  -2.5462E+00
    2.340  -2.1430E+00
    2.350   2.7312E+00
    2.360   3.4149E+00
    2.370   4.0155E+00
    2.380   4.5954E+00
    2.390   5.1603E+00
    2.400   5.8786E+00
    2.410   6.6076E+00
    2.420   7.2330E+00
    2.430   7.3397E+00
    2.440   7.5357E+00
    2.450   7.5574E+00
    2.460   7.4289E+00
    2.470   7.1307E+00
    2.480   5.2091E+00
    2.490   4.1536E+00
    2.500   2.9741E+00
    2.510   1.7234E+00
    2.520   4.4769E-01
    2.530  -7.4807E-01
    2.540  -1.8768E+00
    2.550  -2.9548E+00
    2.560  -4.0084E+00
    2.570  -5.0208E+00
    2.580  -5.9112E+00
    2.590  -6.5761E+00
    2.600  -6.9549E+00
    2.610  -7.0532E+00
    2.620  -6.9101E+00
    2.630  -6.5518E+00
    2.640  -8.8736E+00
    2.650  -8.5662E+00
    2.660  -7.8832E+00
    2.670  -6.8899E+00
    2.680  -5.7024E+00
    2.690  -4.4379E+00
    2.700  -3.1647E+00
    2.710  -1.8872E+00
    2.720  -5.9411E-01
    2.730   6.6857E-01
    2.740   1.7914E+00
    2.750   2.6851E+00
    2.760   3.3658E+00
    2.770   4.0131E+00
    2.780   4.6497E+00
    2.790   5.4360E+00
    2.800   6.3774E+00
    2.810   7.3601E+00
    2.820   7.4205E+00
    2.830   7.8811E+00
    2.840   7.8312E+00
    2.850   7.2651E+00
    2.860   6.7267E+00
    2.870   6.3084E+00
    2.880   2.9581E+00
    2.890   2.9589E+00
    2.900   3.3732E+00
    2.910   2.9935E+00
    2.920   2.2939E+00
    2.930   1.4065E+00
    2.940   9.6331E-01
    2.950   3.4063E-01
    2.960   1.4945E-03
    2.970  -1.0690E-01
    2.980  -8.5464E-02
    2.990  -1.3864E-02
    3.000  -2.8991E-03
    3.010   3.4423E-01
    3.020   9.7871E-01
    3.030   1.8770E+00
    3.040   2.8466E+00
    3.050   3.6014E+00
    3.060   3.8814E+00
    3.070   3.5645E+00
    3.080   2.7577E+00
    3.090   1.8070E+00
    3.100   1.1451E+00
    3.110   1.4665E+00
    3.120   1.8491E+00
    3.130   1.7638E+00
    3.140   1.9081E+00
    3.150   1.5305E+00
    3.160   6.0891E-01
    3.170  -6.9250E-01
    3.180  -2.1581E+00
    3.190  -2.4240E+00
    3.200  -3.5857E+00
    3.210  -4.7835E+00
    3.220  -6.0287E+00
    3.230  -7.2980E+00
    3.240  -8.4835E+00
    3.250  -9.5012E+00
    3.260  -1.0257E+01
    3.270  -9.1476E+00
    3.280  -9.5041E+00
    3.290  -9.8644E+00
    3.300  -1.0344E+01
    3.310  -1.0878E+01
    3.320  -1.1204E+01
    3.330  -1.0955E+01
    3.340  -9.8465E+00
    3.350  -7.8449E+00
    3.360  -5.2112E+00
    3.370  -2.3607E+00
    3.380   3.5085E-01
    3.390   2.7622E+00
    3.400   4.9166E+00
    3.410   6.9852E+00
    3.420   9.1354E+00
    3.430   1.1377E+01
    3.440   1.3492E+01
    3.450   1.5138E+01
    3.460   1.6055E+01
    3.470   1.6209E+01
    3.480   1.5777E+01
    3.490   1.5043E+01
    3.500   1.4284E+01
    3.510   1.3643E+01
    3.520   1.5387E+01
    3.530   1.4694E+01
    3.540   1.3579E+01
    3.550   1.1968E+01
    3.560   9.9626E+00
    3.570   7.7367E+00
    3.580   5.4468E+00
    3.590   3.2044E+00
    3.600   1.0768E+00
    3.610  -7.8648E-01
    3.620  -2.6322E+00
    3.630  -4.3401E+00
    3.640  -6.7158E+00
    3.650  -9.3937E+00
    3.660  -1.2316E+01
    3.670  -1.5360E+01
    3.680  -1.8179E+01
    3.690  -1.8176E+01
    3.700  -1.9746E+01
    3.710  -2.0652E+01
    3.720  -2.0998E+01
    3.730  -2.0792E+01
    3.740  -2.0012E+01
    3.750  -1.8744E+01
    3.760  -1.7184E+01
    3.770  -1.5474E+01
    3.780  -1.3615E+01
    3.790  -1.3065E+01
    3.800  -1.0458E+01
    3.810  -7.5687E+00
    3.820  -4.3758E+00
    3.830  -8.5233E-01
    3.840   2.8934E+00
    3.850   6.5890E+00
    3.860   9.9811E+00
    3.870   1.3028E+01
    3.880   1.5881E+01
    3.890   1.8695E+01
    3.900   2.1451E+01
    3.910   2.3895E+01
    3.920   2.5609E+01
    3.930   2.6238E+01
    3.940   2.5751E+01
    3.950   2.5150E+01
    3.960   2.3543E+01
    3.970   2.1710E+01
    3.980   1.9506E+01
    3.990   1.6850E+01
    4.000   1.3989E+01
    4.010   1.1342E+01
    4.020   9.1507E+00
    4.030   7.2899E+00
    4.040   5.3560E+00
    4.050   2.9349E+00
    4.060  -8.4830E-02
    4.070  -3.3235E+00
    4.080  -6.4858E+00
    4.090  -8.3087E+00
    4.100  -9.4229E+00
    4.110  -1.0419E+01
    4.120  -1.1551E+01
    4.130  -1.1945E+01
    4.140  -1.3601E+01
    4.150  -1.4884E+01
    4.160  -1.5442E+01
    4.170  -1.4831E+01
    4.180  -1.3402E+01
    4.190  -1.1550E+01
    4.200  -9.7715E+00
    4.210  -8.3669E+00
    4.220  -7.3034E+00
    4.230  -6.3096E+00
    4.240  -5.1094E+00
    4.250  -3.6572E+00
    4.260  -2.2379E+00
    4.270  -1.3414E+00
    4.280  -1.3787E+00
    4.290  -2.4342E+00
    4.300  -4.1714E+00
    4.310  -5.8761E+00
    4.320  -6.6450E+00
    4.330  -5.7795E+00
    4.340  -3.3668E+00
    4.350   4.2119E-01
    4.360   3.9854E+00
    4.370   6.3133E+00
    4.380   7.1041E+00
    4.390   6.1902E+00
    4.400   4.3309E+00
    4.410   2.4187E+00
    4.420   1.2282E+00
    4.430   1.0338E+00
    4.440   1.5587E+00
    4.450   2.3007E+00
    4.460   2.9040E+00
    4.470   3.2814E+00
    4.480   3.5311E+00
    4.490   3.4974E+00
    4.500   3.8018E+00
    4.510   3.9682E+00
    4.520   3.6317E+00
    4.530   2.6808E+00
    4.540   3.7668E+00
    4.550   3.3389E+00
    4.560   4.0654E+00
    4.570   5.4711E+00
    4.580   6.4651E+00
    4.590   6.0325E+00
    4.600   3.6995E+00
    4.610  -4.5459E-01
    4.620  -5.9571E+00
    4.630  -1.2077E+01
    4.640  -1.8050E+01
    4.650  -2.3441E+01
    4.660  -2.8333E+01
    4.670  -3.3093E+01
    4.680  -3.7938E+01
    4.690  -4.2723E+01
    4.700  -4.7033E+01
    4.710  -5.0309E+01
    4.720  -5.1948E+01
    4.730  -5.1546E+01
    4.740  -4.9252E+01
    4.750  -4.5836E+01
    4.760  -4.2427E+01
    4.770  -3.9115E+01
    4.780  -3.5999E+01
    4.790  -3.2686E+01
    4.800  -2.8908E+01
    4.810  -2.3573E+01
    4.820  -1.8915E+01
    4.830  -1.4274E+01
    4.840  -9.4392E+00
    4.850  -4.4445E+00
    4.860   1.0224E+00
    4.870   6.9670E+00
    4.880   1.3006E+01
    4.890   1.8590E+01
    4.900   2.4861E+01
    4.910   2.8768E+01
    4.920   3.1661E+01
    4.930   3.3396E+01
    4.940   3.3913E+01
    4.950   3.3560E+01
    4.960   3.2980E+01
    4.970   3.2023E+01
    4.980   3.0856E+01
    4.990   2.8737E+01
    5.000   2.5441E+01
    5.010   2.1446E+01
    5.020   1.7417E+01
    5.030   1.2934E+01
    5.040   9.2084E+00
    5.050   5.7522E+00
    5.060   1.2762E+00
    5.070  -2.4085E+00
    5.080  -7.0027E+00
    5.090  -1.2751E+01
    5.100  -1.8362E+01
    5.110  -2.3049E+01
    5.120  -2.5130E+01
    5.130  -2.5773E+01
    5.140  -2.7648E+01
    5.150  -3.1801E+01
    5.160  -3.7545E+01
    5.170  -4.2783E+01
    5.180  -4.5756E+01
    5.190  -4.4622E+01
    5.200  -4.0367E+01
    5.210  -3.5371E+01
    5.220  -3.0543E+01
    5.230  -2.6981E+01
    5.240  -2.3398E+01
    5.250  -1.7871E+01
    5.260  -1.2371E+01
    5.270  -8.5364E+00
    5.280  -6.9721E+00
    5.290  -7.5049E+00
    5.300  -7.6409E+00
    5.310  -5.0298E+00
    5.320   4.6775E-01
    5.330   6.5466E+00
    5.340   1.1654E+01
    5.350   1.4437E+01
    5.360   1.4727E+01
    5.370   1.4918E+01
    5.380   1.6541E+01
    5.390   1.9160E+01
    5.400   2.2345E+01
    5.410   2.5388E+01
    5.420   2.7719E+01
    5.430   2.8535E+01
    5.440   2.7776E+01
    5.450   2.6722E+01
    5.460   2.6749E+01
    5.470   2.8614E+01
    5.480   3.1455E+01
    5.490   3.3515E+01
    5.500   3.2710E+01
    5.510   2.9659E+01
    5.520   2.5226E+01
    5.530   2.0804E+01
    5.540   1.9678E+01
    5.550   2.2251E+01
    5.560   2.6940E+01
    5.570   3.2333E+01
    5.580   3.5863E+01
    5.590   3.4588E+01
    5.600   2.6938E+01
    5.610   1.5130E+01
    5.620   3.8540E+00
    5.630  -4.7336E+00
    5.640  -8.9612E+00
    5.650  -7.8086E+00
    5.660  -3.7935E+00
    5.670   4.5303E-02
    5.680   1.8536E+00
    5.690   1.4217E+00
    5.700   3.9963E-01
    5.710  -8.0951E-01
    5.720  -3.2703E+00
    5.730  -7.4895E+00
    5.740  -1.0822E+01
    5.750  -1.3088E+01
    5.760  -1.3877E+01
    5.770  -1.2815E+01
    5.780  -8.7573E+00
    5.790  -2.3013E+00
    5.800   4.9333E+00
    5.810   1.0028E+01
    5.820   1.1128E+01
    5.830   9.1155E+00
    5.840   6.2518E+00
    5.850   4.8735E+00
    5.860   6.4561E+00
    5.870   1.0904E+01
    5.880   1.7714E+01
    5.890   2.5505E+01
    5.900   3.1179E+01
    5.910   3.3984E+01
    5.920   3.6571E+01
    5.930   4.1548E+01
    5.940   4.9755E+01
    5.950   5.9864E+01
    5.960   6.9927E+01
    5.970   7.8633E+01
    5.980   8.3922E+01
    5.990   8.5228E+01
    6.000   8.2613E+01
    6.010   7.7073E+01
    6.020   7.0745E+01
    6.030   6.5108E+01
    6.040   5.9706E+01
    6.050   5.3024E+01
    6.060   4.4346E+01
    6.070   3.5281E+01
    6.080   2.6253E+01
    6.090   1.6199E+01
    6.100   5.2619E+00
    6.110  -6.3665E+00
    6.120  -1.9232E+01
    6.130  -3.3598E+01
    6.140  -4.7655E+01
    6.150  -5.8863E+01
    6.160  -6.8139E+01
    6.170  -7.6709E+01
    6.180  -8.1495E+01
    6.190  -8.0929E+01
    6.200  -7.3326E+01
    6.210  -6.1169E+01
    6.220  -4.9296E+01
    6.230  -4.1847E+01
    6.240  -3.6030E+01
    6.250  -3.1100E+01
    6.260  -2.3823E+01
    6.270  -1.4641E+01
    6.280  -6.9901E+00
    6.290  -3.0243E+00
    6.300  -9.7391E-01
    6.310  -3.1396E-01
    6.320  -1.9852E+00
    6.330  -2.4868E+00
    6.340   2.3103E+00
    6.350   1.1360E+01
    6.360   2.2083E+01
    6.370   3.2337E+01
    6.380   4.1758E+01
    6.390   5.1071E+01
    6.400   5.9686E+01
    6.410   6.7979E+01
    6.420   7.5797E+01
    6.430   8.1438E+01
    6.440   8.5396E+01
    6.450   8.6853E+01
    6.460   8.1538E+01
    6.470   6.9928E+01
    6.480   5.3936E+01
    6.490   3.4254E+01
    6.500   1.2481E+01
    6.510  -9.7412E+00
    6.520  -2.9846E+01
    6.530  -4.4252E+01
    6.540  -5.0223E+01
    6.550  -5.1587E+01
    6.560  -5.5484E+01
    6.570  -6.3949E+01
    6.580  -7.5297E+01
    6.590  -8.5006E+01
    6.600  -8.7826E+01
    6.610  -8.3020E+01
    6.620  -7.4799E+01
    6.630  -6.5980E+01
    6.640  -5.8382E+01
    6.650  -5.1994E+01
    6.660  -4.9039E+01
    6.670  -4.8474E+01
    6.680  -4.7506E+01
    6.690  -4.6024E+01
    6.700  -4.4904E+01
    6.710  -4.2884E+01
    6.720  -3.9935E+01
    6.730  -3.7918E+01
    6.740  -3.5393E+01
    6.750  -3.2438E+01
    6.760  -3.1205E+01
    6.770  -2.9780E+01
    6.780  -2.8578E+01
    6.790  -3.2462E+01
    6.800  -4.3246E+01
    6.810  -6.0610E+01
    6.820  -8.1369E+01
    6.830  -9.8130E+01
    6.840  -1.0457E+02
    6.850  -9.9786E+01
    6.860  -8.7297E+01
    6.870  -7.0457E+01
    6.880  -4.8344E+01
    6.890  -2.2575E+01
    6.900   3.0364E+00
    6.910   2.2247E+01
    6.920   3.2844E+01
    6.930   3.5530E+01
    6.940   3.4823E+01
    6.950   3.4147E+01
    6.960   3.4563E+01
    6.970   3.6712E+01
    6.980   4.0507E+01
    6.990   4.1600E+01
    7.000   3.7286E+01
    7.010   3.2895E+01
    7.020   3.1794E+01
    7.030   3.1791E+01
    7.040   2.2301E+01
    7.050   2.2180E-02
    7.060  -2.4642E+01
    7.070  -4.2565E+01
    7.080  -5.0383E+01
    7.090  -4.7674E+01
    7.100  -3.8663E+01
    7.110  -3.1476E+01
    7.120  -3.0923E+01
    7.130  -3.7551E+01
    7.140  -5.2355E+01
    7.150  -7.0972E+01
    7.160  -8.3376E+01
    7.170  -8.4552E+01
    7.180  -8.2733E+01
    7.190  -8.5832E+01
    7.200  -9.4226E+01
    7.210  -1.0693E+02
    7.220  -1.2362E+02
    7.230  -1.4066E+02
    7.240  -1.4689E+02
    7.250  -1.3910E+02
    7.260  -1.2353E+02
    7.270  -1.0055E+02
    7.280  -7.5835E+01
    7.290  -5.9617E+01
    7.300  -5.2222E+01
    7.310  -4.9605E+01
    7.320  -5.1856E+01
    7.330  -5.5081E+01
    7.340  -5.2253E+01
    7.350  -3.6361E+01
    7.360  -3.8874E+00
    7.370   4.0957E+01
    7.380   9.0917E+01
    7.390   1.3321E+02
    7.400   1.5785E+02
    7.410   1.6746E+02
    7.420   1.7079E+02
    7.430   1.7395E+02
    7.440   1.7110E+02
    7.450   1.6350E+02
    7.460   1.5560E+02
    7.470   1.4523E+02
    7.480   1.2805E+02
    7.490   1.0201E+02
    7.500   7.9040E+01
    7.510   5.9689E+01
    7.520   3.8435E+01
    7.530   1.5991E+01
    7.540  -8.0340E+00
    7.550  -3.0873E+01
    7.560  -4.3518E+01
    7.570  -4.0760E+01
    7.580  -3.1347E+01
    7.590  -2.9141E+01
    7.600  -3.8652E+01
    7.610  -5.8740E+01
    7.620  -8.6983E+01
    7.630  -1.1353E+02
    7.640  -1.3876E+02
    7.650  -1.7020E+02
    7.660  -2.0464E+02
    7.670  -2.2741E+02
    7.680  -2.3497E+02
    7.690  -2.2967E+02
    7.700  -2.1672E+02
    7.710  -2.0321E+02
    7.720  -1.8843E+02
    7.730  -1.7025E+02
    7.740  -1.4941E+02
    7.750  -1.1555E+02
    7.760  -5.9524E+01
    7.770   1.1992E+01
    7.780   7.6734E+01
    7.790   1.1831E+02
    7.800   1.4297E+02
    7.810   1.6291E+02
    7.820   1.9019E+02
    7.830   2.1036E+02
    7.840   2.2180E+02
    7.850   2.2889E+02
    7.860   2.1744E+02
    7.870   1.7372E+02
    7.880   1.0411E+02
    7.890   2.1632E+01
    7.900  -5.4785E+01
    7.910  -1.0495E+02
    7.920  -1.2355E+02
    7.930  -1.1520E+02
    7.940  -9.3451E+01
    7.950  -7.2714E+01
    7.960  -5.6053E+01
    7.970  -4.1566E+01
    7.980  -2.9589E+01
    7.990  -1.6265E+01
    8.000   2.1701E-01
    8.010   2.1368E+01
    8.020   3.2361E+01
    8.030   2.8678E+01
    8.040   1.1227E+01
    8.050  -5.5580E+00
    8.060   5.7007E+00
    8.070   4.3478E+01
    8.080   8.9986E+01
    8.090   1.3523E+02
    8.100   1.6253E+02
    8.110   1.6296E+02
    8.120   1.5093E+02
    8.130   1.3184E+02
    8.140   1.0378E+02
    8.150   7.5730E+01
    8.160   5.6918E+01
    8.170   4.6940E+01
    8.180   3.3559E+01
    8.190   1.8381E+01
    8.200   1.2069E+01
    8.210   1.3390E+01
    8.220   1.0412E+01
    8.230  -2.1954E+00
    8.240  -1.4713E+01
    8.250  -2.7345E+01
    8.260  -3.8137E+01
    8.270  -4.3657E+01
    8.280  -4.8122E+01
    8.290  -4.7917E+01
    8.300  -2.6872E+01
    8.310   1.9034E+01
    8.320   7.0220E+01
    8.330   1.0793E+02
    8.340   1.2449E+02
    8.350   1.2704E+02
    8.360   1.2597E+02
    8.370   1.2795E+02
    8.380   1.3843E+02
    8.390   1.5287E+02
    8.400   1.6877E+02
    8.410   1.8243E+02
    8.420   1.7434E+02
    8.430   1.4271E+02
    8.440   1.0750E+02
    8.450   7.6538E+01
    8.460   5.4158E+01
    8.470   5.2711E+01
    8.480   8.2309E+01
    8.490   1.3077E+02
    8.500   1.7078E+02
    8.510   1.8760E+02
    8.520   1.8476E+02
    8.530   1.8058E+02
    8.540   1.7585E+02
    8.550   1.6508E+02
    8.560   1.5179E+02
    8.570   1.3129E+02
    8.580   1.0884E+02
    8.590   9.8029E+01
    8.600   1.0194E+02
    8.610   9.9429E+01
    8.620   6.9489E+01
    8.630   1.8220E+01
    8.640  -4.0892E+01
    8.650  -8.9818E+01
    8.660  -1.1967E+02
    8.670  -1.3957E+02
    8.680  -1.5046E+02
    8.690  -1.5451E+02
    8.700  -1.6000E+02
    8.710  -1.6689E+02
    8.720  -1.7591E+02
    8.730  -1.7204E+02
    8.740  -1.3853E+02
    8.750  -8.7423E+01
    8.760  -3.6034E+01
    8.770   8.1040E+00
    8.780   3.5065E+01
    8.790   4.3082E+01
    8.800   3.3669E+01
    8.810   2.0851E+01
    8.820   8.6788E+00
    8.830  -9.8338E+00
    8.840  -1.0167E+01
    8.850   1.9187E+01
    8.860   6.4098E+01
    8.870   1.1082E+02
    8.880   1.6799E+02
    8.890   2.3596E+02
    8.900   3.0392E+02
    8.910   3.6668E+02
    8.920   4.1321E+02
    8.930   4.3756E+02
    8.940   4.5158E+02
    8.950   4.7876E+02
    8.960   5.1735E+02
    8.970   5.4191E+02
    8.980   5.2565E+02
    8.990   4.7444E+02
    9.000   4.1121E+02
    9.010   3.5972E+02
    9.020   3.2450E+02
    9.030   2.9361E+02
    9.040   2.5885E+02
    9.050   2.1928E+02
    9.060   1.9013E+02
    9.070   1.5737E+02
    9.080   9.8835E+01
    9.090   1.7186E+01
    9.100  -5.7951E+01
    9.110  -1.0698E+02
    9.120  -1.3758E+02
    9.130  -1.6222E+02
    9.140  -1.7653E+02
    9.150  -1.7991E+02
    9.160  -1.7011E+02
    9.170  -1.4347E+02
    9.180  -1.0884E+02
    9.190  -7.4055E+01
    9.200  -6.4587E+01
    9.210  -8.6333E+01
    9.220  -1.0793E+02
    9.230  -1.1351E+02
    9.240  -1.0247E+02
    9.250  -1.0678E+02
    9.260  -1.3151E+02
    9.270  -1.5371E+02
    9.280  -1.6434E+02
    9.290  -1.4158E+02
    9.300  -7.6697E+01
    9.310   5.0649E+00
    9.320   6.0756E+01
    9.330   8.0094E+01
    9.340   9.0859E+01
    9.350   9.4333E+01
    9.360   7.2120E+01
    9.370   3.0512E+01
    9.380  -1.3837E+01
    9.390  -5.1979E+01
    9.400  -7.1065E+01
    9.410  -6.9894E+01
    9.420  -5.3346E+01
    9.430  -2.8158E+01
    9.440  -7.0284E+00
    9.450  -4.0234E+00
    9.460  -1.8915E+01
    9.470  -3.0964E+01
    9.480  -2.2561E+01
    9.490   5.0563E+00
    9.500   2.5621E+01
    9.510   2.6998E+01
    9.520   3.9784E+00
    9.530  -3.9638E+01
    9.540  -7.4629E+01
    9.550  -8.4147E+01
    9.560  -9.1455E+01
    9.570  -1.2387E+02
    9.580  -1.8096E+02
    9.590  -2.5167E+02
    9.600  -3.0374E+02
    9.610  -3.1014E+02
    9.620  -2.9027E+02
    9.630  -2.6199E+02
    9.640  -2.4130E+02
    9.650  -2.4627E+02
    9.660  -2.9533E+02
    9.670  -3.5494E+02
    9.680  -3.7123E+02
    9.690  -3.4489E+02
    9.700  -2.9767E+02
    9.710  -2.4189E+02
    9.720  -2.0944E+02
    9.730  -2.2001E+02
    9.740  -2.6103E+02
    9.750  -3.1356E+02
    9.760  -3.3720E+02
    9.770  -3.2297E+02
    9.780  -2.9954E+02
    9.790  -3.0073E+02
    9.800  -3.3562E+02
    9.810  -3.8175E+02
    9.820  -4.0167E+02
    9.830  -3.6461E+02
    9.840  -2.8593E+02
    9.850  -1.9454E+02
    9.860  -1.0641E+02
    9.870  -3.0058E+01
    9.880   3.8808E+01
    9.890   9.1369E+01
    9.900   1.3378E+02
    9.910   1.6809E+02
    9.920   1.8667E+02
    9.930   2.0218E+02
    9.940   2.0994E+02
    9.950   1.8438E+02
    9.960   1.2472E+02
    9.970   6.4621E+01
    9.980   1.6985E+01
    9.990  -2.5935E+01
   10.000  -7.3705E+01
   10.010  -1.4160E+02
   10.020  -2.1291E+02
   10.030  -2.6410E+02
   10.040  -3.0133E+02
   10.050  -3.2365E+02
   10.060  -3.3163E+02
   10.070  -3.1960E+02
   10.080  -2.7509E+02
   10.090  -2.1275E+02
   10.100  -1.5231E+02
   10.110  -1.0992E+02
   10.120  -1.1255E+02
   10.130  -1.6308E+02
   10.140  -2.3990E+02
   10.150  -3.1124E+02
   10.160  -3.6558E+02
   10.170  -4.1117E+02
   10.180  -4.4594E+02
   10.190  -4.5809E+02
   10.200  -4.4816E+02
   10.210  -4.4108E+02
   10.220  -4.5646E+02
   10.230  -4.8611E+02
   10.240  -5.0082E+02
   10.250  -4.7101E+02
   10.260  -3.9166E+02
   10.270  -2.9600E+02
   10.280  -2.1595E+02
   10.290  -1.7198E+02
   10.300  -1.6382E+02
   10.310  -1.7515E+02
   10.320  -1.8895E+02
   10.330  -1.7536E+02
   10.340  -1.0874E+02
   10.350  -2.4328E+01
   10.360   3.7697E+01
   10.370   7.6254E+01
   10.380   1.0664E+02
   10.390   1.5578E+02
   10.400   2.4263E+02
   10.410   3.4469E+02
   10.420   4.0655E+02
   10.430   3.9905E+02
   10.440   3.4348E+02
   10.450   2.8786E+02
   10.460   2.5757E+02
   10.470   2.5013E+02
   10.480   2.5201E+02
   10.490   2.6222E+02
   10.500   2.8285E+02
   10.510   3.1077E+02
   10.520   3.4222E+02
   10.530   3.5358E+02
   10.540   3.2219E+02
   10.550   2.4871E+02
   10.560   1.5930E+02
   10.570   7.9963E+01
   10.580   1.7985E+01
   10.590  -3.5916E+01
   10.600  -7.6127E+01
   10.610  -8.9768E+01
   10.620  -7.0028E+01
   10.630  -3.6622E+01
   10.640  -2.1802E+01
   10.650  -3.8614E+01
   10.660  -6.6873E+01
   10.670  -5.8703E+01
   10.680  -3.5163E+00
   10.690   7.2867E+01
   10.700   1.3964E+02
   10.710   1.7321E+02
   10.720   1.7389E+02
   10.730   1.5626E+02
   10.740   1.2894E+02
   10.750   1.1263E+02
   10.760   1.1342E+02
   10.770   1.0974E+02
   10.780   8.9378E+01
   10.790   5.9223E+01
   10.800   3.5141E+01
   10.810   3.2911E+01
   10.820   5.2163E+01
   10.830   8.5786E+01
   10.840   1.1748E+02
   10.850   1.3771E+02
   10.860   1.6427E+02
   10.870   1.9982E+02
   10.880   2.2044E+02
   10.890   2.3388E+02
   10.900   2.4793E+02
   10.910   2.6741E+02
   10.920   3.1169E+02
   10.930   3.7066E+02
   10.940   3.9990E+02
   10.950   3.7567E+02
   10.960   3.3018E+02
   10.970   3.0980E+02
   10.980   3.2047E+02
   10.990   3.4672E+02
   11.000   3.7575E+02
   11.010   4.0108E+02
   11.020   4.0023E+02
   11.030   3.5591E+02
   11.040   2.7140E+02
   11.050   1.7892E+02
   11.060   1.0658E+02
   11.070   5.4109E+01
   11.080   1.0333E+01
   11.090  -3.0459E+01
   11.100  -7.4281E+01
   11.110  -1.1313E+02
   11.120  -1.3021E+02
   11.130  -1.1707E+02
   11.140  -8.2821E+01
   11.150  -6.3845E+01
   11.160  -8.2690E+01
   11.170  -1.3789E+02
   11.180  -2.1593E+02
   11.190  -2.7458E+02
   11.200  -2.8164E+02
   11.210  -2.4861E+02
   11.220  -2.1500E+02
   11.230  -2.0068E+02
   11.240  -2.0525E+02
   11.250  -2.1150E+02
   11.260  -1.8794E+02
   11.270  -1.4235E+02
   11.280  -1.0222E+02
   11.290  -7.1508E+01
   11.300  -4.2208E+01
   11.310  -8.1531E+00
   11.320   2.6223E+01
   11.330   5.2870E+01
   11.340   7.3775E+01
   11.350   9.3444E+01
   11.360   1.1605E+02
   11.370   1.3066E+02
   11.380   1.3482E+02
   11.390   1.3532E+02
   11.400   1.3234E+02
   11.410   1.2981E+02
   11.420   1.1894E+02
   11.430   1.0333E+02
   11.440   1.1922E+02
   11.450   1.4865E+02
   11.460   1.5995E+02
   11.470   1.6474E+02
   11.480   1.7724E+02
   11.490   1.9503E+02
   11.500   2.0981E+02
   11.510   2.1106E+02
   11.520   1.8573E+02
   11.530   1.4076E+02
   11.540   9.6647E+01
   11.550   7.4807E+01
   11.560   9.2447E+01
   11.570   1.4538E+02
   11.580   2.0504E+02
   11.590   2.4282E+02
   11.600   2.3435E+02
   11.610   1.8221E+02
   11.620   1.1325E+02
   11.630   4.6448E+01
   11.640   3.8926E+00
   11.650  -5.1582E+00
   11.660   8.0045E+00
   11.670   1.3635E+01
   11.680  -6.0592E+00
   11.690  -3.9921E+01
   11.700  -7.1561E+01
   11.710  -9.6127E+01
   11.720  -1.0693E+02
   11.730  -9.9707E+01
   11.740  -8.4103E+01
   11.750  -8.0471E+01
   11.760  -8.8883E+01
   11.770  -9.7311E+01
   11.780  -1.0100E+02
   11.790  -9.5437E+01
   11.800  -6.3174E+01
   11.810  -1.0557E+01
   11.820   5.2730E+01
   11.830   1.4226E+02
   11.840   2.3848E+02
   11.850   2.9716E+02
   11.860   3.0921E+02
   11.870   2.8133E+02
   11.880   2.1335E+02
   11.890   1.2387E+02
   11.900   3.7972E+01
   11.910  -1.6159E+01
   11.920  -4.9099E+01
   11.930  -8.9368E+01
   11.940  -1.3033E+02
   11.950  -1.6217E+02
   11.960  -1.8006E+02
   11.970  -1.7695E+02
   11.980  -1.5768E+02
   11.990  -1.2467E+02
   12.000  -8.4794E+01
   12.010  -3.7415E+01
   12.020   2.2275E+01
   12.030   8.5928E+01
   12.040   1.3064E+02
   12.050   1.4404E+02
   12.060   1.4608E+02
   12.070   1.5106E+02
   12.080   1.5168E+02
   12.090   1.4064E+02
   12.100   1.1576E+02
   12.110   7.4999E+01
   12.120   1.9128E+01
   12.130  -3.8998E+01
   12.140  -9.5154E+01
   12.150  -1.4491E+02
   12.160  -1.7827E+02
   12.170  -2.0536E+02
   12.180  -2.4357E+02
   12.190  -2.8170E+02
   12.200  -3.0020E+02
   12.210  -2.9482E+02
   12.220  -2.6677E+02
   12.230  -2.1894E+02
   12.240  -1.5786E+02
   12.250  -1.0917E+02
   12.260  -9.0911E+01
   12.270  -9.2434E+01
   12.280  -9.6162E+01
   12.290  -8.9075E+01
   12.300  -6.9062E+01
   12.310  -5.4648E+01
   12.320  -5.4318E+01
   12.330  -6.4388E+01
   12.340  -7.0474E+01
   12.350  -6.0071E+01
   12.360  -3.9913E+01
   12.370  -1.4760E+01
   12.380   1.7830E+01
   12.390   5.0472E+01
   12.400   7.8609E+01
   12.410   1.0029E+02
   12.420   1.1584E+02
   12.430   1.3245E+02
   12.440   1.4898E+02
   12.450   1.6235E+02
   12.460   1.6138E+02
   12.470   1.3762E+02
   12.480   1.0215E+02
   12.490   7.2150E+01
   12.500   5.1372E+01
   12.510   3.0157E+01
   12.520   7.5690E+00
   12.530  -1.0612E+01
   12.540  -3.0538E+01
   12.550  -5.6834E+01
   12.560  -8.6136E+01
   12.570  -1.1312E+02
   12.580  -1.3859E+02
   12.590  -1.6251E+02
   12.600  -1.7068E+02
   12.610  -1.6613E+02
   12.620  -1.6070E+02
   12.630  -1.6435E+02
   12.640  -1.8220E+02
   12.650  -2.1435E+02
   12.660  -2.5454E+02
   12.670  -2.8476E+02
   12.680  -2.9200E+02
   12.690  -2.7514E+02
   12.700  -2.4803E+02
   12.710  -2.1720E+02
   12.720  -1.8424E+02
   12.730  -1.5085E+02
   12.740  -1.2156E+02
   12.750  -1.0442E+02
   12.760  -9.0069E+01
   12.770  -5.9145E+01
   12.780  -1.6281E+01
   12.790   1.1435E+01
   12.800   8.7826E+00
   12.810  -1.1698E+01
   12.820  -3.8930E+01
   12.830  -6.9486E+01
   12.840  -9.3389E+01
   12.850  -9.7766E+01
   12.860  -8.0119E+01
   12.870  -5.9061E+01
   12.880  -4.6251E+01
   12.890  -4.1876E+01
   12.900  -4.0708E+01
   12.910  -3.6075E+01
   12.920  -2.4007E+01
   12.930  -6.1174E+00
   12.940   1.3466E+01
   12.950   3.3856E+01
   12.960   5.6859E+01
   12.970   8.0759E+01
   12.980   9.3258E+01
   12.990   8.8514E+01
   13.000   7.0247E+01
   13.010   5.2248E+01
   13.020   4.7466E+01
   13.030   5.3887E+01
   13.040   6.3676E+01
   13.050   6.6217E+01
   13.060   5.3609E+01
   13.070   2.7786E+01
   13.080   1.2024E+00
   13.090  -1.9688E+01
   13.100  -4.0338E+01
   13.110  -6.0101E+01
   13.120  -7.3900E+01
   13.130  -8.0827E+01
   13.140  -7.7558E+01
   13.150  -6.1831E+01
   13.160  -3.9678E+01
   13.170  -1.4593E+01
   13.180   1.3288E+01
   13.190   3.9042E+01
   13.200   5.6615E+01
   13.210   7.0712E+01
   13.220   8.3169E+01
   13.230   9.3591E+01
   13.240   9.4256E+01
   13.250   7.4679E+01
   13.260   3.5591E+01
   13.270  -4.7823E+00
   13.280  -3.3940E+01
   13.290  -5.1165E+01
   13.300  -5.9646E+01
   13.310  -6.0278E+01
   13.320  -5.3745E+01
   13.330  -4.1660E+01
   13.340  -2.5677E+01
   13.350  -5.1202E+00
   13.360   2.3151E+01
   13.370   5.8995E+01
   13.380   9.9081E+01
   13.390   1.3383E+02
   13.400   1.5671E+02
   13.410   1.7046E+02
   13.420   1.7572E+02
   13.430   1.7555E+02
   13.440   1.7448E+02
   13.450   1.7065E+02
   13.460   1.6376E+02
   13.470   1.5126E+02
   13.480   1.3005E+02
   13.490   1.0494E+02
   13.500   7.7083E+01
   13.510   4.6279E+01
   13.520   2.0687E+01
   13.530   2.1002E+00
   13.540  -1.5070E+01
   13.550  -2.7432E+01
   13.560  -3.2557E+01
   13.570  -2.9526E+01
   13.580  -1.4823E+01
   13.590   3.3659E+00
   13.600   1.3478E+01
   13.610   1.4097E+01
   13.620   9.3916E+00
   13.630   1.0146E+00
   13.640  -1.1184E+01
   13.650  -2.3510E+01
   13.660  -3.1524E+01
   13.670  -3.5077E+01
   13.680  -3.6611E+01
   13.690  -3.7974E+01
   13.700  -4.1289E+01
   13.710  -4.4298E+01
   13.720  -4.3566E+01
   13.730  -4.0639E+01
   13.740  -3.7911E+01
   13.750  -3.4886E+01
   13.760  -3.1927E+01
   13.770  -3.2359E+01
   13.780  -3.5564E+01
   13.790  -3.5050E+01
   13.800  -2.9017E+01
   13.810  -1.8280E+01
   13.820   8.8040E-01
   13.830   2.3192E+01
   13.840   3.9452E+01
   13.850   4.9967E+01
   13.860   6.0517E+01
   13.870   7.2999E+01
   13.880   8.5564E+01
   13.890   9.8569E+01
   13.900   1.0728E+02
   13.910   1.0991E+02
   13.920   1.1311E+02
   13.930   1.1740E+02
   13.940   1.1560E+02
   13.950   1.0468E+02
   13.960   8.7809E+01
   13.970   7.3144E+01
   13.980   6.4534E+01
   13.990   6.2821E+01
   14.000   6.4353E+01
   14.010   6.2040E+01
   14.020   5.7287E+01
   14.030   4.6971E+01
   14.040   2.9039E+01
   14.050   1.2067E+01
   14.060   4.4763E+00
   14.070   2.2463E+00
   14.080  -2.6281E+00
   14.090  -1.7658E+01
   14.100  -3.5903E+01
   14.110  -4.5877E+01
   14.120  -4.3974E+01
   14.130  -3.2317E+01
   14.140  -1.8837E+01
   14.150  -1.1950E+01
   14.160  -1.3561E+01
   14.170  -2.2481E+01
   14.180  -3.4719E+01
   14.190  -4.2935E+01
   14.200  -4.5934E+01
   14.210  -4.8068E+01
   14.220  -4.5504E+01
   14.230  -3.4901E+01
   14.240  -2.1103E+01
   14.250  -8.5941E+00
   14.260   3.1328E+00
   14.270   9.5294E+00
   14.280   6.4952E+00
   14.290   3.3161E+00
   14.300   7.4803E+00
   14.310   1.6991E+01
   14.320   3.0724E+01
   14.330   4.7320E+01
   14.340   6.0935E+01
   14.350   6.5425E+01
   14.360   5.9623E+01
   14.370   5.0035E+01
   14.380   4.0271E+01
   14.390   3.0378E+01
   14.400   2.1918E+01
   14.410   1.3341E+01
   14.420   3.1724E+00
   14.430  -1.0213E+01
   14.440  -2.8270E+01
   14.450  -4.6488E+01
   14.460  -6.0172E+01
   14.470  -6.7183E+01
   14.480  -6.5802E+01
   14.490  -5.6636E+01
   14.500  -4.1897E+01
   14.510  -2.8635E+01
   14.520  -2.0361E+01
   14.530  -1.2129E+01
   14.540  -1.3785E+00
   14.550   1.1430E+01
   14.560   2.3930E+01
   14.570   3.1163E+01
   14.580   3.0998E+01
   14.590   2.4240E+01
   14.600   1.4320E+01
   14.610   4.1045E+00
   14.620  -6.6769E+00
   14.630  -1.7736E+01
   14.640  -2.7750E+01
   14.650  -3.6865E+01
   14.660  -4.5661E+01
   14.670  -5.7711E+01
   14.680  -7.6287E+01
   14.690  -9.5638E+01
   14.700  -1.0456E+02
   14.710  -1.0002E+02
   14.720  -8.9367E+01
   14.730  -7.9018E+01
   14.740  -6.7777E+01
   14.750  -5.1410E+01
   14.760  -2.8500E+01
   14.770  -7.3425E-01
   14.780   2.5678E+01
   14.790   4.4559E+01
   14.800   5.3259E+01
   14.810   5.1136E+01
   14.820   4.3224E+01
   14.830   3.8835E+01
   14.840   4.2089E+01
   14.850   4.8795E+01
   14.860   5.2269E+01
   14.870   5.3187E+01
   14.880   5.5063E+01
   14.890   5.7337E+01
   14.900   5.8901E+01
   14.910   6.0295E+01
   14.920   6.2620E+01
   14.930   6.3683E+01
   14.940   6.5214E+01
   14.950   6.5781E+01
   14.960   6.3528E+01
   14.970   5.7447E+01
   14.980   4.7319E+01
   14.990   3.7953E+01
   15.000   3.1581E+01
   15.010   2.7629E+01
   15.020   2.4614E+01
   15.030   2.1747E+01
   15.040   1.8446E+01
   15.050   1.7351E+01
   15.060   1.9963E+01
   15.070   2.3973E+01
   15.080   2.6597E+01
   15.090   2.3335E+01
   15.100   1.7270E+01
   15.110   1.0619E+01
   15.120  -8.1176E-01
   15.130  -1.7319E+01
   15.140  -3.7706E+01
   15.150  -5.9531E+01
   15.160  -7.9086E+01
   15.170  -9.2325E+01
   15.180  -9.5888E+01
   15.190  -9.1840E+01
   15.200  -8.1729E+01
   15.210  -6.6706E+01
   15.220  -5.1467E+01
   15.230  -3.8370E+01
   15.240  -2.8220E+01
   15.250  -2.3151E+01
   15.260  -2.3819E+01
   15.270  -2.7146E+01
   15.280  -3.3069E+01
   15.290  -4.0796E+01
   15.300  -4.5718E+01
   15.310  -4.7295E+01
   15.320  -4.7841E+01
   15.330  -4.6018E+01
   15.340  -4.0451E+01
   15.350  -3.1016E+01
   15.360  -2.0440E+01
   15.370  -1.2393E+01
   15.380  -8.1518E+00
   15.390  -7.6648E+00
   15.400  -9.6362E+00
   15.410  -1.2515E+01
   15.420  -1.4450E+01
   15.430  -1.3240E+01
   15.440  -8.5944E+00
   15.450  -2.0825E+00
   15.460   4.0172E+00
   15.470   5.5797E+00
   15.480   1.8404E+00
   15.490  -5.1117E+00
   15.500  -1.2939E+01
   15.510  -1.8556E+01
   15.520  -2.0024E+01
   15.530  -1.8230E+01
   15.540  -1.5695E+01
   15.550  -1.4145E+01
   15.560  -1.5460E+01
   15.570  -2.1831E+01
   15.580  -3.2333E+01
   15.590  -4.2451E+01
   15.600  -4.7890E+01
   15.610  -4.8934E+01
   15.620  -4.8193E+01
   15.630  -4.7198E+01
   15.640  -4.4020E+01
   15.650  -3.7817E+01
   15.660  -3.0604E+01
   15.670  -2.4421E+01
   15.680  -1.8597E+01
   15.690  -1.2324E+01
   15.700  -5.2102E+00
   15.710   2.9853E+00
   15.720   1.0028E+01
   15.730   1.3455E+01
   15.740   1.3613E+01
   15.750   1.2636E+01
   15.760   1.0917E+01
   15.770   9.0798E+00
   15.780   8.6568E+00
   15.790   1.0323E+01
   15.800   1.1989E+01
   15.810   1.0859E+01
   15.820   7.2967E+00
   15.830   5.2250E+00
   15.840   6.6768E+00
   15.850   1.0503E+01
   15.860   1.6116E+01
   15.870   2.4521E+01
   15.880   3.5976E+01
   15.890   4.9378E+01
   15.900   5.9374E+01
   15.910   6.2602E+01
   15.920   5.9985E+01
   15.930   5.4863E+01
   15.940   5.1831E+01
   15.950   5.2299E+01
   15.960   5.3683E+01
   15.970   5.2318E+01
   15.980   4.7004E+01
   15.990   3.7691E+01
   16.000   2.4854E+01
   16.010   8.9324E+00
   16.020  -7.7336E+00
   16.030  -2.3582E+01
   16.040  -3.6754E+01
   16.050  -4.7397E+01
   16.060  -5.4183E+01
   16.070  -5.7643E+01
   16.080  -6.0610E+01
   16.090  -6.4841E+01
   16.100  -7.1658E+01
   16.110  -7.9623E+01
   16.120  -8.5983E+01
   16.130  -9.0327E+01
   16.140  -9.1718E+01
   16.150  -8.9381E+01
   16.160  -8.2909E+01
   16.170  -7.4107E+01
   16.180  -6.5992E+01
   16.190  -5.9304E+01
   16.200  -5.3309E+01
   16.210  -4.7959E+01
   16.220  -4.2781E+01
   16.230  -3.6673E+01
   16.240  -2.7727E+01
   16.250  -1.7659E+01
   16.260  -8.6163E+00
   16.270   7.1586E-01
   16.280   7.8000E+00
   16.290   1.0438E+01
   16.300   1.2100E+01
   16.310   1.5036E+01
   16.320   1.8627E+01
   16.330   2.3751E+01
   16.340   2.9972E+01
   16.350   3.4100E+01
   16.360   3.5420E+01
   16.370   3.3783E+01
   16.380   2.9730E+01
   16.390   2.6431E+01
   16.400   2.6066E+01
   16.410   2.8121E+01
   16.420   2.9547E+01
   16.430   2.7872E+01
   16.440   2.4657E+01
   16.450   2.1193E+01
   16.460   1.6652E+01
   16.470   1.0082E+01
   16.480   4.0530E+00
   16.490   1.4585E+00
   16.500   1.5212E+00
   16.510   5.2330E+00
   16.520   1.3587E+01
   16.530   2.4608E+01
   16.540   3.3644E+01
   16.550   3.8905E+01
   16.560   4.2653E+01
   16.570   4.4790E+01
   16.580   4.4887E+01
   16.590   4.3654E+01
   16.600   3.7714E+01
   16.610   2.8596E+01
   16.620   2.1699E+01
   16.630   1.9064E+01
   16.640   1.8900E+01
   16.650   1.8274E+01
   16.660   1.6672E+01
   16.670   1.5979E+01
   16.680   1.5600E+01
   16.690   1.2497E+01
   16.700   4.8181E+00
   16.710  -6.1095E+00
   16.720  -1.5806E+01
   16.730  -2.0041E+01
   16.740  -1.7490E+01
   16.750  -9.6778E+00
   16.760  -1.9326E+00
   16.770   3.3818E+00
   16.780   7.0982E+00
   16.790   7.2348E+00
   16.800   5.2497E+00
   16.810   4.2962E+00
   16.820   5.6115E+00
   16.830   1.1349E+01
   16.840   2.1780E+01
   16.850   3.3682E+01
   16.860   4.3665E+01
   16.870   5.0963E+01
   16.880   5.3328E+01
   16.890   5.0637E+01
   16.900   4.4439E+01
   16.910   3.7155E+01
   16.920   3.0804E+01
   16.930   2.5109E+01
   16.940   1.8699E+01
   16.950   1.1134E+01
   16.960   5.3121E+00
   16.970   3.8473E+00
   16.980   4.9158E+00
   16.990   6.8538E+00
   17.000   1.0495E+01
   17.010   1.5272E+01
   17.020   1.9621E+01
   17.030   2.2008E+01
   17.040   1.9402E+01
   17.050   9.8382E+00
   17.060  -4.1394E+00
   17.070  -1.6265E+01
   17.080  -2.2564E+01
   17.090  -2.3410E+01
   17.100  -2.1400E+01
   17.110  -1.9053E+01
   17.120  -1.9167E+01
   17.130  -2.2350E+01
   17.140  -2.6676E+01
   17.150  -2.9799E+01
   17.160  -3.1807E+01
   17.170  -3.3654E+01
   17.180  -3.4125E+01
   17.190  -3.3793E+01
   17.200  -3.4089E+01
   17.210  -3.5282E+01
   17.220  -3.6890E+01
   17.230  -3.8016E+01
   17.240  -3.7191E+01
   17.250  -3.2738E+01
   17.260  -2.3639E+01
   17.270  -1.0629E+01
   17.280   3.8436E+00
   17.290   1.7286E+01
   17.300   2.8304E+01
   17.310   3.8072E+01
   17.320   4.7713E+01
   17.330   5.5871E+01
   17.340   6.2212E+01
   17.350   6.7471E+01
   17.360   7.2896E+01
   17.370   7.8501E+01
   17.380   8.3497E+01
   17.390   8.7527E+01
   17.400   8.9078E+01
   17.410   8.7081E+01
   17.420   8.2734E+01
   17.430   7.6252E+01
   17.440   6.8577E+01
   17.450   6.1715E+01
   17.460   5.6129E+01
   17.470   5.1003E+01
   17.480   4.5075E+01
   17.490   3.7485E+01
   17.500   2.8735E+01
   17.510   1.9889E+01
   17.520   1.2066E+01
   17.530   6.1569E+00
   17.540   1.7898E+00
   17.550  -1.3514E+00
   17.560  -4.4166E+00
   17.570  -8.2287E+00
   17.580  -1.1370E+01
   17.590  -1.3426E+01
   17.600  -1.6101E+01
   17.610  -1.9414E+01
   17.620  -2.2225E+01
   17.630  -2.4181E+01
   17.640  -2.4556E+01
   17.650  -2.3562E+01
   17.660  -2.2742E+01
   17.670  -2.3204E+01
   17.680  -2.4101E+01
   17.690  -2.3755E+01
   17.700  -2.2170E+01
   17.710  -1.9839E+01
   17.720  -1.6624E+01
   17.730  -1.2938E+01
   17.740  -9.1544E+00
   17.750  -6.0147E+00
   17.760  -5.0299E+00
   17.770  -6.5573E+00
   17.780  -9.6646E+00
   17.790  -1.3422E+01
   17.800  -1.6960E+01
   17.810  -1.9289E+01
   17.820  -1.9887E+01
   17.830  -1.9164E+01
   17.840  -1.7709E+01
   17.850  -1.5543E+01
   17.860  -1.2694E+01
   17.870  -9.6552E+00
   17.880  -6.8538E+00
   17.890  -4.2847E+00
   17.900  -1.4496E+00
   17.910   1.6881E+00
   17.920   4.6537E+00
   17.930   6.9013E+00
   17.940   8.1550E+00
   17.950   8.1302E+00
   17.960   6.6732E+00
   17.970   4.4218E+00
   17.980   1.4975E+00
   17.990  -2.2345E+00
   18.000  -6.8011E+00
   18.010  -1.1808E+01
   18.020  -1.5518E+01
   18.030  -1.6860E+01
   18.040  -1.7172E+01
   18.050  -1.7878E+01
   18.060  -1.8815E+01
   18.070  -1.9804E+01
   18.080  -2.1028E+01
   18.090  -2.3191E+01
   18.100  -2.6304E+01
   18.110  -2.9880E+01
   18.120  -3.3538E+01
   18.130  -3.6024E+01
   18.140  -3.6486E+01
   18.150  -3.5261E+01
   18.160  -3.2973E+01
   18.170  -3.0071E+01
   18.180  -2.6986E+01
   18.190  -2.3627E+01
   18.200  -1.9967E+01
   18.210  -1.6475E+01
   18.220  -1.3624E+01
   18.230  -1.1213E+01
   18.240  -9.5291E+00
   18.250  -8.8212E+00
   18.260  -9.1556E+00
   18.270  -9.7567E+00
   18.280  -9.4596E+00
   18.290  -7.5875E+00
   18.300  -4.0362E+00
   18.310   3.7498E-01
   18.320   4.8783E+00
   18.330   8.1258E+00
   18.340   9.4725E+00
   18.350   9.3999E+00
   18.360   8.5512E+00
   18.370   7.7707E+00
   18.380   7.7645E+00
   18.390   8.7464E+00
   18.400   9.9307E+00
   18.410   1.0581E+01
   18.420   1.0497E+01
   18.430   9.9441E+00
   18.440   9.0560E+00
   18.450   7.8547E+00
   18.460   6.8615E+00
   18.470   6.7363E+00
   18.480   6.7981E+00
   18.490   6.3754E+00
   18.500   5.0398E+00
   18.510   1.9215E+00
   18.520  -3.1556E+00
   18.530  -9.4080E+00
   18.540  -1.4948E+01
   18.550  -1.8423E+01
   18.560  -1.9899E+01
   18.570  -2.0090E+01
   18.580  -1.9677E+01
   18.590  -1.9563E+01
   18.600  -2.0664E+01
   18.610  -2.3139E+01
   18.620  -2.6701E+01
   18.630  -3.1090E+01
   18.640  -3.5381E+01
   18.650  -3.8425E+01
   18.660  -3.9897E+01
   18.670  -4.0023E+01
   18.680  -3.9348E+01
   18.690  -3.7555E+01
   18.700  -3.4837E+01
   18.710  -3.1744E+01
   18.720  -2.8550E+01
   18.730  -2.5169E+01
   18.740  -2.1926E+01
   18.750  -1.8379E+01
   18.760  -1.4500E+01
   18.770  -1.0113E+01
   18.780  -4.4625E+00
   18.790   1.9310E+00
   18.800   7.8147E+00
   18.810   1.2218E+01
   18.820   1.4707E+01
   18.830   1.5348E+01
   18.840   1.4786E+01
   18.850   1.4444E+01
   18.860   1.4614E+01
   18.870   1.4628E+01
   18.880   1.4434E+01
   18.890   1.4170E+01
   18.900   1.3499E+01
   18.910   1.2632E+01
   18.920   1.2237E+01
   18.930   1.1802E+01
   18.940   1.1129E+01
   18.950   1.0643E+01
   18.960   1.0479E+01
   18.970   1.0861E+01
   18.980   1.1120E+01
   18.990   1.0707E+01
   19.000   1.0248E+01
   19.010   1.0595E+01
   19.020   1.1556E+01
   19.030   1.1963E+01
   19.040   1.1647E+01
   19.050   1.0660E+01
   19.060   8.4560E+00
   19.070   5.5326E+00
   19.080   3.0833E+00
   19.090   1.0884E+00
   19.100  -6.1113E-01
   19.110  -1.4371E+00
   19.120  -1.4460E+00
   19.130  -1.1127E+00
   19.140  -4.1382E-01
   19.150   4.8542E-01
   19.160   1.1875E+00
   19.170   1.3320E+00
   19.180   1.0104E+00
   19.190   1.0661E+00
   19.200   2.3812E+00
   19.210   4.4736E+00
   19.220   7.0525E+00
   19.230   1.0203E+01
   19.240   1.3930E+01
   19.250   1.7711E+01
   19.260   2.0140E+01
   19.270   2.0488E+01
   19.280   1.8812E+01
   19.290   1.6669E+01
   19.300   1.5365E+01
   19.310   1.4453E+01
   19.320   1.3854E+01
   19.330   1.3636E+01
   19.340   1.3532E+01
   19.350   1.3455E+01
   19.360   1.3323E+01
   19.370   1.3105E+01
   19.380   1.2988E+01
   19.390   1.2688E+01
   19.400   1.1447E+01
   19.410   9.3152E+00
   19.420   6.6934E+00
   19.430   4.0869E+00
   19.440   1.8844E+00
   19.450   4.4498E-01
   19.460  -2.0820E-01
   19.470  -6.4860E-01
   19.480  -1.1086E+00
   19.490  -1.3604E+00
   19.500  -1.2424E+00
   19.510  -8.0843E-01
   19.520  -1.9227E-01
   19.530   3.1862E-01
   19.540   1.1845E-01
   19.550  -1.0715E+00
   19.560  -3.1656E+00
   19.570  -5.7430E+00
   19.580  -8.2652E+00
   19.590  -1.0256E+01
   19.600  -1.1428E+01
   19.610  -1.1830E+01
   19.620  -1.1759E+01
   19.630  -1.1525E+01
   19.640  -1.1277E+01
   19.650  -1.0992E+01
   19.660  -1.0551E+01
   19.670  -9.8355E+00
   19.680  -8.8079E+00
   19.690  -7.5671E+00
   19.700  -6.2893E+00
   19.710  -5.1173E+00
   19.720  -4.1053E+00
   19.730  -3.2506E+00
   19.740  -2.5117E+00
   19.750  -1.7667E+00
   19.760  -7.9507E-01
   19.770   6.1428E-01
   19.780   2.4840E+00
   19.790   4.5607E+00
   19.800   6.4310E+00
   19.810   7.7611E+00
   19.820   8.4739E+00
   19.830   8.7398E+00
   19.840   8.8411E+00
   19.850   9.0427E+00
   19.860   9.5241E+00
   19.870   1.0326E+01
   19.880   1.1323E+01
   19.890   1.2296E+01
   19.900   1.3090E+01
   19.910   1.3681E+01
   19.920   1.4063E+01
   19.930   1.4121E+01
   19.940   1.3682E+01
   19.950   1.2714E+01
   19.960   1.1398E+01
   19.970   9.9693E+00
   19.980   8.5190E+00
   19.990   6.9835E+00
   20.000   5.3094E+00
   20.010   3.5670E+00
   20.020   1.8883E+00
   20.030   3.3350E-01
   20.040  -1.1243E+00
   20.050  -2.4753E+00
   20.060  -3.5853E+00
   20.070  -4.2906E+00
   20.080  -4.5792E+00
   20.090  -4.6338E+00
   20.100  -4.6815E+00
   20.110  -4.8403E+00
   20.120  -5.1098E+00
   20.130  -5.4341E+00
   20.140  -5.7123E+00
   20.150  -5.8120E+00
   20.160  -5.6731E+00
   20.170  -5.3970E+00
   20.180  -5.1620E+00
   20.190  -5.0553E+00
   20.200  -5.0591E+00
   20.210  -5.1787E+00
   20.220  -5.4481E+00
   20.230  -5.7574E+00
   20.240  -5.8061E+00
   20.250  -5.3697E+00
   20.260  -4.5854E+00
   20.270  -3.8628E+00
   20.280  -3.5014E+00
   20.290  -3.4677E+00
   20.300  -3.5343E+00
   20.310  -3.5292E+00
   20.320  -3.4012E+00
   20.330  -3.1328E+00
   20.340  -2.6902E+00
   20.350  -2.0589E+00
   20.360  -1.2730E+00
   20.370  -4.0136E-01
   20.380   4.6579E-01
   20.390   1.2148E+00
   20.400   1.7371E+00
   20.410   1.9915E+00
   20.420   2.0357E+00
   20.430   1.9684E+00
   20.440   1.8248E+00
   20.450   1.5238E+00
   20.460   9.2962E-01
   20.470  -3.2152E-02
   20.480  -1.3137E+00
   20.490  -2.7770E+00
   20.500  -4.2472E+00
   20.510  -5.5323E+00
   20.520  -6.4515E+00
   20.530  -6.9209E+00
   20.540  -7.0289E+00
   20.550  -6.9853E+00
   20.560  -6.9658E+00
   20.570  -7.4031E+00
   20.580  -7.5175E+00
   20.590  -7.5380E+00
   20.600  -7.4289E+00
   20.610  -7.1757E+00
   20.620  -6.7918E+00
   20.630  -6.3347E+00
   20.640  -5.8785E+00
   20.650  -5.4593E+00
   20.660  -5.0631E+00
   20.670  -4.6654E+00
   20.680  -4.2632E+00
   20.690  -3.8581E+00
   20.700  -3.4224E+00
   20.710  -2.8980E+00
   20.720  -2.2402E+00
   20.730  -1.4694E+00
   20.740  -6.7521E-01
   20.750   4.9586E-02
   20.760   6.8410E-01
   20.770   1.2743E+00
   20.780   1.8552E+00
   20.790   2.4157E+00
   20.800   2.9675E+00
   20.810   3.6130E+00
   20.820   4.4832E+00
   20.830   5.5877E+00
   20.840   6.7535E+00
   20.850   7.7226E+00
   20.860   8.3015E+00
   20.870   8.4388E+00
   20.880   8.2209E+00
   20.890   7.8199E+00
   20.900   7.4029E+00
   20.910   7.0339E+00
   20.920   6.6512E+00
   20.930   6.1454E+00
   20.940   5.4501E+00
   20.950   4.5490E+00
   20.960   3.4466E+00
   20.970   2.1897E+00
   20.980   9.2236E-01
   20.990  -1.5367E-01
   21.000  -9.3497E-01
   21.010  -1.5420E+00
   21.020  -2.2466E+00
   21.030  -3.2311E+00
   21.040  -4.3998E+00
   21.050  -5.4353E+00
   21.060  -6.0573E+00
   21.070  -6.2324E+00
   21.080  -6.1404E+00
   21.090  -5.9750E+00
   21.100  -5.8245E+00
   21.110  -5.7341E+00
   21.120  -5.8008E+00
   21.130  -6.1339E+00
   21.140  -6.7361E+00
   21.150  -7.4747E+00
   21.160  -8.1702E+00
   21.170  -8.6769E+00
   21.180  -8.8884E+00
   21.190  -8.7359E+00
   21.200  -8.2348E+00
   21.210  -7.5126E+00
   21.220  -6.7414E+00
   21.230  -6.0174E+00
   21.240  -5.3000E+00
   21.250  -4.4673E+00
   21.260  -3.4397E+00
   21.270  -2.2595E+00
   21.280  -1.0450E+00
   21.290   1.3811E-01
   21.300   1.3331E+00
   21.310   2.5888E+00
   21.320   3.8224E+00
   21.330   4.8493E+00
   21.340   5.5648E+00
   21.350   6.0495E+00
   21.360   6.4721E+00
   21.370   6.9354E+00
   21.380   7.4438E+00
   21.390   7.9620E+00
   21.400   8.4337E+00
   21.410   8.7598E+00
   21.420   8.8228E+00
   21.430   8.5540E+00
   21.440   7.9720E+00
   21.450   7.1971E+00
   21.460   6.4656E+00
   21.470   6.0592E+00
   21.480   6.0955E+00
   21.490   6.4237E+00
   21.500   6.5156E+00
   21.510   6.2141E+00
   21.520   5.6811E+00
   21.530   5.2390E+00
   21.540   5.0126E+00
   21.550   4.8421E+00
   21.560   4.5009E+00
   21.570   3.8989E+00
   21.580   2.8514E+00
   21.590   1.7965E+00
   21.600   5.8428E-01
   21.610  -7.8263E-01
   21.620  -2.2691E+00
   21.630  -3.7902E+00
   21.640  -4.8530E+00
   21.650  -6.0938E+00
   21.660  -7.0680E+00
   21.670  -7.6930E+00
   21.680  -7.8655E+00
   21.690  -7.5093E+00
   21.700  -6.6646E+00
   21.710  -5.5114E+00
   21.720  -4.2689E+00
   21.730  -3.0610E+00
   21.740  -1.8892E+00
   21.750  -7.2864E-01
   21.760   3.8097E-01
   21.770   1.4021E+00
   21.780   2.2226E+00
   21.790   3.1447E+00
   21.800   3.8798E+00
   21.810   4.6423E+00
   21.820   5.3639E+00
   21.830   5.9506E+00
   21.840   6.3490E+00
   21.850   6.5578E+00
   21.860   6.5956E+00
   21.870   6.5717E+00
   21.880   6.6166E+00
   21.890   6.8674E+00
   21.900   7.3466E+00
   21.910   7.8978E+00
   21.920   8.2716E+00
   21.930   8.3154E+00
   21.940   8.0916E+00
   21.950   7.7910E+00
   21.960   7.5271E+00
   21.970   7.2364E+00
   21.980   6.4435E+00
   21.990   5.8604E+00
   22.000   5.1904E+00
   22.010   4.5152E+00
   22.020   3.8507E+00
   22.030   3.2192E+00
   22.040   2.7118E+00
   22.050   2.3948E+00
   22.060   2.1559E+00
   22.070   1.7223E+00
   22.080   8.8168E-01
   22.090  -3.2070E-01
   22.100  -1.6230E+00
   22.110  -2.7665E+00
   22.120  -3.6596E+00
   22.130  -4.3485E+00
   22.140  -4.8795E+00
   22.150  -5.2242E+00
   22.160  -5.3318E+00
   22.170  -5.2199E+00
   22.180  -4.9893E+00
   22.190  -4.7485E+00
   22.200  -4.5401E+00
   22.210  -4.3449E+00
   22.220  -4.1425E+00
   22.230  -3.9613E+00
   22.240  -3.8732E+00
   22.250  -3.9352E+00
   22.260  -4.0984E+00
   22.270  -4.1524E+00
   22.280  -3.8455E+00
   22.290  -2.9196E+00
   22.300  -1.5429E+00
   22.310  -1.1221E-01
   22.320   9.7263E-01
   22.330   1.5487E+00
   22.340   1.7157E+00
   22.350   1.7041E+00
   22.360   1.8436E+00
   22.370   2.1267E+00
   22.380   2.7538E+00
   22.390   3.6490E+00
   22.400   4.6195E+00
   22.410   5.5046E+00
   22.420   7.5709E+00
   22.430   8.3651E+00
   22.440   9.0214E+00
   22.450   9.4943E+00
   22.460   9.7771E+00
   22.470   9.9150E+00
   22.480   9.9344E+00
   22.490   9.7932E+00
   22.500   8.5220E+00
   22.510   7.8342E+00
   22.520   6.9811E+00
   22.530   6.0353E+00
   22.540   5.0144E+00
   22.550   3.8608E+00
   22.560  -6.4546E-01
   22.570  -2.2163E+00
   22.580  -3.8315E+00
   22.590  -5.3819E+00
   22.600  -6.7715E+00
   22.610  -7.9464E+00
   22.620  -8.8811E+00
   22.630  -9.5677E+00
   22.640  -1.0048E+01
   22.650  -1.0585E+01
   22.660  -1.0923E+01
   22.670  -1.1149E+01
   22.680  -1.1091E+01
   22.690  -1.0657E+01
   22.700  -1.0242E+01
   22.710  -9.3507E+00
   22.720  -8.5597E+00
   22.730  -7.9800E+00
   22.740  -7.6584E+00
   22.750  -7.5319E+00
   22.760  -7.4052E+00
   22.770  -7.0769E+00
   22.780  -6.4917E+00
   22.790  -5.8266E+00
   22.800  -5.3281E+00
   22.810  -4.7120E+00
   22.820  -4.0072E+00
   22.830  -7.5942E+00
   22.840  -6.6625E+00
   22.850  -5.1937E+00
   22.860  -3.2249E+00
   22.870  -8.7608E-01
   22.880   1.4896E+00
   22.890   3.8260E+00
   22.900   6.0811E+00
   22.910   8.4922E+00
   22.920   1.0262E+01
   22.930   1.1500E+01
   22.940   1.2113E+01
   22.950   1.2152E+01
   22.960   1.3190E+01
   22.970   1.2867E+01
   22.980   1.2243E+01
   22.990   1.1272E+01
   23.000   9.9545E+00
   23.010   8.3458E+00
   23.020   6.6726E+00
   23.030   5.0639E+00
   23.040   3.4969E+00
   23.050   1.8490E+00
   23.060   2.8287E-02
   23.070  -1.9455E+00
   23.080  -3.9622E+00
   23.090  -5.9108E+00
   23.100  -7.7583E+00
   23.110  -9.5503E+00
   23.120  -8.4256E+00
   23.130  -9.6105E+00
   23.140  -1.0692E+01
   23.150  -1.1535E+01
   23.160  -1.2167E+01
   23.170  -1.2751E+01
   23.180  -1.3381E+01
   23.190  -1.3970E+01
   23.200  -1.4357E+01
   23.210  -1.4492E+01
   23.220  -1.4469E+01
   23.230  -1.4376E+01
   23.240  -1.4157E+01
   23.250  -1.3723E+01
   23.260  -1.2857E+01
   23.270  -1.1683E+01
   23.280  -1.0415E+01
   23.290  -9.3398E+00
   23.300  -7.9075E+00
   23.310  -7.5950E+00
   23.320  -7.2177E+00
   23.330  -6.2311E+00
   23.340  -4.7731E+00
   23.350  -2.9175E+00
   23.360   2.1128E+00
   23.370   3.7165E+00
   23.380   4.5996E+00
   23.390   5.8151E+00
   23.400   6.8084E+00
   23.410   7.4775E+00
   23.420   7.3302E+00
   23.430   7.1728E+00
   23.440   6.6949E+00
   23.450   6.0235E+00
   23.460   5.2418E+00
   23.470   4.3777E+00
   23.480   3.5790E+00
   23.490   2.6359E+00
   23.500   1.8213E+00
   23.510   1.2100E+00
   23.520   7.6189E-01
   23.530   3.2032E-01
   23.540  -3.1440E-01
   23.550  -1.2748E+00
   23.560  -2.5477E+00
   23.570  -3.9857E+00
   23.580  -5.3939E+00
   23.590  -7.0322E+00
   23.600  -7.9000E+00
   23.610  -7.6739E+00
   23.620  -7.3948E+00
   23.630  -6.6932E+00
   23.640  -5.8619E+00
   23.650  -5.1670E+00
   23.660  -4.6600E+00
   23.670  -5.4147E+00
   23.680  -5.1333E+00
   23.690  -4.6474E+00
   23.700  -4.0200E+00
   23.710  -3.3406E+00
   23.720  -2.7066E+00
   23.730  -2.0919E+00
   23.740  -1.4274E+00
   23.750  -2.2322E+00
   23.760  -1.2836E+00
   23.770  -3.0841E-01
   23.780   5.9310E-01
   23.790   1.3990E+00
   23.800   2.1932E+00
   23.810   3.1154E+00
   23.820   4.2698E+00
   23.830   5.6526E+00
   23.840   7.1411E+00
   23.850   8.5568E+00
   23.860   9.7514E+00
   23.870   1.0654E+01
   23.880   1.1269E+01
   23.890   1.1688E+01
   23.900   1.2081E+01
   23.910   1.2620E+01
   23.920   1.3307E+01
   23.930   1.3918E+01
   23.940   1.4176E+01
   23.950   1.4001E+01
   23.960   1.3549E+01
   23.970   1.3001E+01
   23.980   1.2393E+01
   23.990   1.1679E+01
   24.000   8.5260E+00
   24.010   7.5574E+00
   24.020   6.5053E+00
   24.030   5.3355E+00
   24.040   4.1229E+00
   24.050   3.0614E+00
   24.060   2.2874E+00
   24.070   1.7336E+00
   24.080   1.1914E+00
   24.090   3.6118E-01
   24.100  -5.6381E-01
   24.110  -1.6770E+00
   24.120  -2.1367E+00
   24.130  -2.3197E+00
   24.140  -2.3336E+00
   24.150  -2.3061E+00
   24.160  -2.4402E+00
   24.170  -5.0501E+00
   24.180  -5.4505E+00
   24.190  -5.7214E+00
   24.200  -5.7340E+00
   24.210  -5.5026E+00
   24.220  -5.0967E+00
   24.230  -4.5489E+00
   24.240  -3.8477E+00
   24.250  -2.9780E+00
   24.260  -1.9540E+00
   24.270   7.0562E-01
   24.280   1.6063E+00
   24.290   2.5058E+00
   24.300   3.4775E+00
   24.310   4.6018E+00
   24.320   5.8746E+00
   24.330   7.1743E+00
   24.340   8.3254E+00
   24.350   9.2014E+00
   24.360   9.7928E+00
   24.370   1.0203E+01
   24.380   1.0577E+01
   24.390   1.0989E+01
   24.400   1.1371E+01
   24.410   1.1552E+01
   24.420   1.1415E+01
   24.430   1.0345E+01
   24.440   9.8154E+00
   24.450   9.3119E+00
   24.460   8.8742E+00
   24.470   8.5082E+00
   24.480   8.2384E+00
   24.490   8.0585E+00
   24.500   7.8634E+00
   24.510   7.4881E+00
   24.520   6.8342E+00
   24.530   5.9435E+00
   24.540   4.9458E+00
   24.550   3.9499E+00
   24.560   3.3899E+00
   24.570   2.4783E+00
   24.580   1.7113E+00
   24.590   1.0982E+00
   24.600   3.8780E-01
   24.610  -1.3690E+00
   24.620  -1.8948E+00
   24.630  -2.4234E+00
   24.640  -2.9356E+00
   24.650  -3.6283E+00
   24.660  -4.1839E+00
   24.670  -4.5818E+00
   24.680  -4.8569E+00
   24.690  -5.0593E+00
   24.700  -5.1871E+00
   24.710  -5.1674E+00
   24.720  -4.9115E+00
   24.730  -4.3965E+00
   24.740  -3.6921E+00
   24.750  -2.9112E+00
   24.760  -2.1343E+00
   24.770  -1.3736E+00
   24.780  -5.8914E-01
   24.790   2.7578E-01
   24.800   1.2629E+00
   24.810   2.3665E+00
   24.820   3.6427E+00
   24.830   4.4021E+00
   24.840   4.9961E+00
   24.850   5.4359E+00
   24.860   5.6109E+00
   24.870   5.8628E+00
   24.880   6.0731E+00
   24.890   6.2569E+00
   24.900   6.4127E+00
   24.910   6.4733E+00
   24.920   6.3195E+00
   24.930   5.8831E+00
   24.940   5.2252E+00
   24.950   4.4864E+00
   24.960   3.7716E+00
   24.970   3.4132E+00
   24.980   2.8394E+00
   24.990   2.3628E+00
   25.000   2.0451E+00
   25.010   1.9024E+00
   25.020  -2.9570E-01
   25.030  -2.7390E-01
   25.040  -3.4235E-01
   25.050  -4.8940E-01
   25.060  -6.6054E-01
   25.070  -7.9897E-01
   25.080  -8.8487E-01
   25.090  -9.4240E-01
   25.100  -1.0142E+00
   25.110  -1.1420E+00
   25.120  -1.3728E+00
   25.130  -1.7586E+00
   25.140  -2.3217E+00
   25.150  -3.0171E+00
   25.160  -3.7416E+00
   25.170  -4.3832E+00
   25.180  -4.8515E+00
   25.190  -5.0705E+00
   25.200  -4.9736E+00
   25.210  -4.5293E+00
   25.220  -3.7705E+00
   25.230  -2.7892E+00
   25.240  -1.5104E+00
   25.250  -4.5967E-01
   25.260   4.9031E-01
   25.270   1.2997E+00
   25.280   1.9593E+00
   25.290   1.3597E+00
   25.300   1.5164E+00
   25.310   1.5639E+00
   25.320   1.3239E+00
   25.330   1.1664E+00
   25.340   1.1762E+00
   25.350   1.4141E+00
   25.360   1.8372E+00
   25.370   2.3298E+00
   25.380   1.2592E+00
   25.390   1.4831E+00
   25.400   1.5627E+00
   25.410   1.4995E+00
   25.420   1.3388E+00
   25.430   1.1283E+00
   25.440   8.8688E-01
   25.450   1.0998E+00
   25.460   1.2209E+00
   25.470   1.2911E+00
   25.480   1.2858E+00
   25.490   1.1778E+00
   25.500   9.4264E-01
   25.510   1.2953E+00
   25.520   1.0513E+00
   25.530   7.4277E-01
   25.540   1.6319E+00
   25.550   1.4893E+00
   25.560   1.3839E+00
   25.570   1.3082E+00
   25.580   7.5206E-01
   25.590   6.2270E-01
   25.600   4.4575E-01
   25.610   2.5725E-01
   25.620   9.0936E-02
   25.630  -5.9508E-02
   25.640  -2.4112E-01
   25.650  -5.0272E-01
   25.660  -8.4920E-01
   25.670  -1.2306E+00
   25.680  -1.5740E+00
   25.690  -1.8254E+00
   25.700  -1.9621E+00
   25.710  -1.9801E+00
   25.720  -1.8311E+00
   25.730  -1.7540E+00
   25.740  -1.6998E+00
   25.750  -1.7269E+00
   25.760  -1.8421E+00
   25.770  -2.0118E+00
   25.780  -2.2049E+00
   25.790  -2.4055E+00
   25.800  -2.5826E+00
   25.810  -2.6762E+00
   25.820  -2.6477E+00
   25.830  -2.4814E+00
   25.840  -2.2468E+00
   25.850  -1.9966E+00
   25.860  -1.7472E+00
   25.870  -1.4930E+00
   25.880  -1.2271E+00
   25.890  -9.3999E-01
   25.900  -6.1660E-01
   25.910  -2.5617E-01
   25.920   1.0458E-01
   25.930   4.0176E-01
   25.940   5.8664E-01
   25.950   6.5993E-01
   25.960   6.6462E-01
   25.970   6.4364E-01
   25.980   6.0356E-01
   25.990   5.2055E-01
   26.000   3.8175E-01
   26.010   2.1219E-01
   26.020   5.3697E-02
   26.030  -7.5984E-02
   26.040  -1.9111E-01
   26.050  -3.1105E-01
   26.060  -4.4612E-01
   26.070  -5.5934E-01
   26.080  -7.1976E-01
   26.090  -9.8396E-01
   26.100  -1.3328E+00
   26.110  -1.7451E+00
   26.120  -2.1090E+00
   26.130  -2.4309E+00
   26.140  -2.3442E+00
   26.150  -2.5165E+00
   26.160  -2.6364E+00
   26.170  -2.6879E+00
   26.180  -2.6648E+00
   26.190  -2.5711E+00
   26.200  -2.4230E+00
   26.210  -1.6320E+00
   26.220  -1.4780E+00
   26.230  -1.3489E+00
   26.240  -1.2795E+00
   26.250  -6.4543E-01
   26.260  -6.9094E-01
   26.270  -7.4412E-01
   26.280  -7.6098E-01
   26.290  -7.4095E-01
   26.300  -7.0819E-01
   26.310  -6.6700E-01
   26.320  -5.8436E-01
   26.330  -4.2061E-01
   26.340  -1.7140E-01
   26.350   1.2591E-01
   26.360   4.2319E-01
   26.370   6.8971E-01
   26.380   9.1301E-01
   26.390   1.0893E+00
   26.400   1.2253E+00
   26.410   1.3370E+00
   26.420   1.4271E+00
   26.430   1.4634E+00
   26.440   1.4497E+00
   26.450   1.3475E+00
   26.460   1.1581E+00
   26.470   9.3091E-01
   26.480   6.8728E-01
   26.490   4.1854E-01
   26.500   1.2376E-01
   26.510  -1.6917E-01
   26.520  -4.1720E-01
   26.530  -5.8254E-01
   26.540  -6.3894E-01
   26.550  -5.7241E-01
   26.560  -3.8277E-01
   26.570  -8.4111E-02
   26.580   2.9165E-01
   26.590   6.8603E-01
   26.600   1.0232E+00
   26.610   1.2514E+00
   26.620   1.3811E+00
   26.630   1.4657E+00
   26.640   1.5432E+00
   26.650   1.6089E+00
   26.660   3.9335E-01
   26.670   3.9253E-01
   26.680   4.3982E-01
   26.690   5.2962E-01
   26.700   6.3874E-01
   26.710   7.4394E-01
   26.720  -2.8176E-01
   26.730   2.4001E-01
   26.740   5.6078E-01
   26.750   8.2477E-01
   26.760   1.0066E+00
   26.770   1.0877E+00
   26.780   1.0681E+00
   26.790   9.7567E-01
   26.800   8.6794E-01
   26.810   8.0404E-01
   26.820   8.0456E-01
   26.830   8.4171E-01
   26.840   8.6992E-01
   26.850   8.6301E-01
   26.860   8.2512E-01
   26.870   7.7734E-01
   26.880   7.3935E-01
   26.890   7.1584E-01
   26.900   6.8942E-01
   26.910   6.2857E-01
   26.920   5.1344E-01
   26.930   3.6022E-01
   26.940   2.1645E-01
   26.950   1.2777E-01
   26.960   1.0713E-01
   26.970   1.3330E-01
   26.980   1.7368E-01
   26.990   2.0746E-01
   27.000   2.3344E-01
   27.010   2.6267E-01
   27.020   3.0722E-01
   27.030   3.7708E-01
   27.040   4.8632E-01
   27.050   6.5267E-01
   27.060   8.7713E-01
   27.070   1.1211E+00
   27.080   1.3169E+00
   27.090   1.4146E+00
   27.100   1.4177E+00
   27.110   1.3661E+00
   27.120   1.2875E+00
   27.130   4.4994E-01
   27.140   2.0840E-01
   27.150  -4.4461E-02
   27.160  -2.7509E-01
   27.170  -6.5570E-01
   27.180  -6.9980E-01
   27.190  -3.4971E-01
   27.200  -3.5529E-01
   27.210  -3.1684E-01
   27.220  -2.2122E-01
   27.230  -7.8065E-02
   27.240   7.5616E-02
   27.250   1.9362E-01
   27.260   2.4693E-01
   27.270   2.3705E-01
   27.280   1.9045E-01
   27.290   1.4331E-01
   27.300   1.2523E-01
   27.310   1.4522E-01
   27.320   1.8699E-01
   27.330   2.2132E-01
   27.340   2.2935E-01
   27.350   2.1619E-01
   27.360   2.0288E-01
   27.370   1.0275E+00
   27.380   9.7374E-01
   27.390   9.3188E-01
   27.400   9.0326E-01
   27.410   9.0291E-01
   27.420   9.1303E-01
   27.430   9.0687E-01
   27.440   8.5925E-01
   27.450   7.6659E-01
   27.460   6.4495E-01
   27.470   5.0476E-01
   27.480   3.3270E-01
   27.490   1.0840E-01
   27.500  -1.5869E-01
   27.510  -4.1503E-01
   27.520  -5.9087E-01
   27.530  -6.4493E-01
   27.540  -5.8876E-01
   27.550  -4.7876E-01
   27.560  -3.8699E-01
   27.570  -3.6791E-01
   27.580  -4.3779E-01
   27.590  -5.7882E-01
   27.600  -7.6138E-01
   27.610  -9.6168E-01
   27.620  -1.2119E+00
   27.630  -1.3853E+00
   27.640  -1.5254E+00
   27.650  -1.6345E+00
   27.660  -1.6968E+00
   27.670  -1.7885E+00
   27.680  -1.8758E+00
   27.690  -1.9354E+00
   27.700  -1.9337E+00
   27.710  -1.8451E+00
   27.720  -1.2531E+00
   27.730  -1.0193E+00
   27.740  -7.3563E-01
   27.750  -4.0584E-01
   27.760  -3.1833E-02
   27.770   3.6234E-01
   27.780   7.1730E-01
   27.790   9.5605E-01
   27.800   8.6542E-01
   27.810   7.6922E-01
   27.820   5.8615E-01
   27.830   4.1059E-01
   27.840   3.1459E-01
   27.850   3.2442E-01
   27.860   2.5295E-01
   27.870   3.2211E-01
   27.880   3.8210E-01
   27.890   4.1521E-01
   27.900   4.1339E-01
   27.910   3.8652E-01
   27.920   3.5484E-01
   27.930   3.3147E-01
   27.940   3.1354E-01
   27.950   2.8751E-01
   27.960   2.3869E-01
   27.970   1.5822E-01
   27.980   4.9073E-02
   27.990  -7.1200E-02
   28.000  -1.7872E-01
   28.010  -2.5767E-01
   28.020  -3.0521E-01
   28.030  -3.2291E-01
   28.040  -3.0994E-01
   28.050  -2.6951E-01
   28.060  -2.1908E-01
   28.070  -1.8775E-01
   28.080  -2.0033E-01
   28.090  -2.6165E-01
   28.100  -3.5362E-01
   28.110  -4.4723E-01
   28.120  -5.2127E-01
   28.130  -5.7294E-01
   28.140  -6.1064E-01
   28.150  -6.3761E-01
   28.160  -6.4585E-01
   28.170  -6.2546E-01
   28.180  -5.7310E-01
   28.190  -4.8811E-01
   28.200  -3.6701E-01
   28.210  -2.1028E-01
   28.220  -3.3728E-02
   28.230   1.3365E-01
   28.240   2.5069E-01
   28.250   3.1918E-01
   28.260   3.4319E-01
   28.270   3.3334E-01
   28.280   3.0387E-01
   28.290   2.6848E-01
   28.300   2.3257E-01
   28.310   1.9160E-01
   28.320   1.4144E-01
   28.330   8.8676E-02
   28.340   4.6153E-02
   28.350   1.8561E-02
   28.360  -3.5766E-03
   28.370  -3.4637E-02
   28.380  -8.2471E-02
   28.390  -1.4760E-01
   28.400  -2.2846E-01
   28.410  -3.2055E-01
   28.420  -4.0990E-01
   28.430  -4.7423E-01
   28.440  -4.0179E-01
   28.450  -4.1730E-01
   28.460  -4.2229E-01
   28.470  -4.3453E-01
   28.480  -4.5557E-01
   28.490  -4.7005E-01
   28.500  -4.5835E-01
   28.510  -4.0991E-01
   28.520  -3.2892E-01
   28.530  -2.3290E-01
   28.540  -1.4806E-01
   28.550  -1.0217E-01
   28.560  -1.1381E-01
   28.570  -1.8103E-01
   28.580  -2.7844E-01
   28.590  -3.6929E-01
   28.600  -4.2595E-01
   28.610  -4.4141E-01
   28.620  -4.2243E-01
   28.630  -3.7554E-01
   28.640  -5.0623E-01
   28.650  -4.7211E-01
   28.660  -4.3190E-01
   28.670  -3.8247E-01
   28.680  -3.1627E-01
   28.690  -2.3340E-01
   28.700  -3.4795E-01
   28.710  -3.1267E-01
   28.720  -2.9161E-01
   28.730  -2.8497E-01
   28.740  -2.8301E-01
   28.750  -2.7301E-01
   28.760  -2.4574E-01
   28.770  -1.9794E-01
   28.780  -1.3259E-01
   28.790  -5.8284E-02
   28.800   1.3608E-02
   28.810   7.4260E-02
   28.820   1.2235E-01
   28.830   1.6507E-01
   28.840   2.1374E-01
   28.850   2.7567E-01
   28.860   3.4745E-01
   28.870   4.1615E-01
   28.880   4.6971E-01
   28.890   5.0751E-01
   28.900   5.4004E-01
   28.910   5.7823E-01
   28.920   6.2430E-01
   28.930   6.7209E-01
   28.940   8.4200E-01
   28.950   8.2159E-01
   28.960   7.7728E-01
   28.970   7.0632E-01
   28.980   6.0630E-01
   28.990   4.7080E-01
   29.000   2.9148E-01
   29.010   6.9096E-02
   29.020  -1.7659E-01
   29.030  -4.1339E-01
   29.040  -6.1465E-01
   29.050  -6.0237E-01
   29.060  -7.2879E-01
   29.070  -8.3702E-01
   29.080  -9.1345E-01
   29.090  -1.0299E+00
   29.100  -1.1604E+00
   29.110  -1.3068E+00
   29.120  -1.4610E+00
   29.130  -1.6061E+00
   29.140  -1.7205E+00
   29.150  -1.7840E+00
   29.160  -1.7853E+00
   29.170  -1.7277E+00
   29.180  -1.6277E+00
   29.190  -1.5104E+00
   29.200  -1.4020E+00
   29.210  -1.3210E+00
   29.220  -1.2702E+00
   29.230  -1.2372E+00
   29.240  -6.0351E-01
   29.250  -5.3235E-01
   29.260  -4.4278E-01
   29.270  -3.4966E-01
   29.280  -2.6557E-01
   29.290  -1.9629E-01
   29.300  -1.4112E-01
   29.310  -9.6797E-02
   29.320  -6.2111E-02
   29.330  -3.9962E-02
   29.340  -3.5445E-02
   29.350  -5.2354E-02
   29.360  -6.9521E-02
   29.370  -8.1947E-02
   29.380  -1.3589E-01
   29.390  -1.6168E-01
   29.400  -1.6530E-01
   29.410  -1.3773E-01
   29.420  -8.2438E-02
   29.430  -1.2650E-02
   29.440   5.5542E-02
   29.450   1.0951E-01
   29.460   1.4292E-01
   29.470   1.5541E-01
   29.480   1.5122E-01
   29.490   1.3834E-01
   29.500   1.2708E-01
   29.510   1.2593E-01
   29.520  -4.3281E-02
   29.530  -3.8360E-02
   29.540   7.1872E-02
   29.550   3.0692E-02
   29.560  -2.1986E-02
   29.570  -7.3046E-02
   29.580  -1.1340E-01
   29.590  -1.3861E-01
   29.600  -1.4548E-01
   29.610  -1.3140E-01
   29.620  -9.7416E-02
   29.630  -5.0138E-02
   29.640   3.2304E-04
   29.650   4.4516E-02
   29.660   7.6095E-02
   29.670   9.1248E-02
   29.680   8.7098E-02
   29.690   6.2383E-02
   29.700   2.1657E-02
   29.710  -2.1022E-02
   29.720  -4.5473E-02
   29.730  -3.6700E-02
   29.740   4.9324E-03
   29.750   6.4696E-02
   29.760   1.2470E-01
   29.770   1.7396E-01
   29.780   2.0962E-01
   29.790   2.3222E-01
   29.800   2.4231E-01
   29.810   2.3999E-01
   29.820   2.2505E-01
   29.830   1.9738E-01
   29.840   3.6521E-01
   29.850   3.9809E-01
   29.860   4.2438E-01
   29.870   4.4703E-01
   29.880   4.6898E-01
   29.890   4.8856E-01
   29.900   5.0002E-01
   29.910   4.9760E-01
   29.920   4.7888E-01
   29.930   4.4499E-01
   29.940   3.9921E-01
   29.950   3.4548E-01
   29.960   2.8760E-01
   29.970   2.2889E-01
   29.980   1.7183E-01
   29.990   1.1678E-01
   30.000   6.0429E-02
   30.010  -3.3619E-03
   30.020  -7.9715E-02
   30.030  -1.6840E-01
   30.040  -2.6221E-01
   30.050  -3.4871E-01
   30.060  -4.1440E-01
   30.070  -4.5064E-01
   30.080  -4.5837E-01
   30.090  -3.0138E-01
   30.100  -2.9297E-01
   30.110  -2.7854E-01
   30.120  -2.5978E-01
   30.130  -2.3556E-01
   30.140  -2.0707E-01
   30.150  -1.8025E-01
   30.160  -1.6302E-01
   30.170  -1.6018E-01
   30.180  -1.7043E-01
   30.190  -1.8672E-01
   30.200  -1.9922E-01
   30.210  -1.9917E-01
   30.220  -1.8175E-01
   30.230  -1.4592E-01
   30.240  -9.2583E-02
   30.250  -2.4003E-02
   30.260   5.4956E-02
   30.270   1.3710E-01
   30.280   2.1624E-01
   30.290   2.8967E-01
   30.300   3.5575E-01
   30.310   4.0966E-01
   30.320   4.4403E-01
   30.330   4.5514E-01
   30.340   4.4710E-01
   30.350   4.2881E-01
   30.360   4.0739E-01
   30.370   3.8595E-01
   30.380   3.6607E-01
   30.390   3.4956E-01
   30.400   3.3640E-01
   30.410   3.2308E-01
   30.420   3.0540E-01
   30.430   2.8321E-01
   30.440   2.6135E-01
   30.450   2.4582E-01
   30.460   2.3927E-01
   30.470   2.3966E-01
   30.480   2.4111E-01
   30.490   2.3558E-01
   30.500   2.1556E-01
   30.510   1.7812E-01
   30.520   1.2777E-01
   30.530   7.4433E-02
   30.540   2.6987E-02
   30.550  -1.2221E-02
   30.560  -4.7090E-02
   30.570  -8.2016E-02
   30.580  -1.1609E-01
   30.590  -1.4266E-01
   30.600  -1.5466E-01
   30.610  -1.5050E-01
   30.620  -1.3514E-01
   30.630  -1.1639E-01
   30.640  -1.0151E-01
   30.650  -9.6838E-02
   30.660  -1.0761E-01
   30.670  -1.3463E-01
   30.680  -1.8334E-01
   30.690  -2.1532E-01
   30.700  -2.3099E-01
   30.710  -2.2424E-01
   30.720  -1.9552E-01
   30.730  -1.4999E-01
   30.740  -9.6092E-02
   30.750  -4.3092E-02
   30.760   3.3861E-03
   30.770   4.3742E-02
   30.780   8.1396E-02
   30.790   1.1787E-01
   30.800   1.5187E-01
   30.810   1.8215E-01
   30.820   2.0954E-01
   30.830   2.3633E-01
   30.840   2.6566E-01
   30.850   3.0129E-01
   30.860   3.4562E-01
   30.870   3.9659E-01
   30.880   4.4770E-01
   30.890   4.9187E-01
   30.900   5.2442E-01
   30.910   5.4236E-01
   30.920   5.4347E-01
   30.930   5.2831E-01
   30.940   5.0243E-01
   30.950   4.7363E-01
   30.960   4.4568E-01
   30.970   4.1445E-01
   30.980   3.7054E-01
   30.990   3.0672E-01
   31.000   2.2467E-01
   31.010   1.3549E-01
   31.020   5.2021E-02
   31.030  -2.1096E-02
   31.040  -8.9503E-02
   31.050  -1.6042E-01
   31.060  -2.3299E-01
   31.070  -2.9874E-01
   31.080  -3.5067E-01
   31.090  -3.8908E-01
   31.100  -4.1900E-01
   31.110  -4.4516E-01
   31.120  -4.7126E-01
   31.130  -5.0162E-01
   31.140  -5.4002E-01
   31.150  -5.8605E-01
   31.160  -6.3308E-01
   31.170  -6.6994E-01
   31.180  -6.8526E-01
   31.190  -6.7246E-01
   31.200  -6.3265E-01
   31.210  -5.7227E-01
   31.220  -4.9722E-01
   31.230  -4.0979E-01
   31.240  -3.1168E-01
   31.250  -2.0746E-01
   31.260  -1.0231E-01
   31.270   3.2583E-03
   31.280   1.1343E-01
   31.290   2.3108E-01
   31.300   3.5318E-01
   31.310   4.7209E-01
   31.320   5.7925E-01
   31.330   6.6690E-01
   31.340   7.2913E-01
   31.350   5.2680E-01
   31.360   5.2012E-01
   31.370   4.9713E-01
   31.380   4.6585E-01
   31.390   4.3263E-01
   31.400   4.0141E-01
   31.410   3.7299E-01
   31.420   3.4497E-01
   31.430   3.1328E-01
   31.440   0.0000E+00
   31.450   0.0000E+00
   31.460   0.0000E+00
   31.470   0.0000E+00
   31.480   0.0000E+00
   31.490   0.0000E+00
   31.500   0.0000E+00
   31.510   0.0000E+00
   31.520   0.0000E+00
   31.530   0.0000E+00
   31.540   0.0000E+00
   31.550   0.0000E+00
   31.560   0.0000E+00
   31.570   0.0000E+00
   31.580   0.0000E+00
   31.590   0.0000E+00
   31.600   0.0000E+00
   31.610   0.0000E+00
   31.620   0.0000E+00
   31.630   0.0000E+00
   31.640   0.0000E+00
   31.650   0.0000E+00
   31.660   0.0000E+00
   31.670   0.0000E+00
   31.680   0.0000E+00
   31.690   0.0000E+00
   31.700   0.0000E+00
   31.710   0.0000E+00
   31.720   0.0000E+00
   31.730   0.0000E+00
   31.740   0.0000E+00
   31.750   0.0000E+00
   31.760   0.0000E+00
   31.770   0.0000E+00
   31.780   0.0000E+00
   31.790   0.0000E+00
   31.800   0.0000E+00
   31.810   0.0000E+00
   31.820   0.0000E+00
   31.830   0.0000E+00
   31.840   0.0000E+00
   31.850   0.0000E+00
   31.860   0.0000E+00
   31.870   0.0000E+00
   31.880   0.0000E+00
   31.890   0.0000E+00
   31.900   0.0000E+00
   31.910   0.0000E+00
   31.920   0.0000E+00
   31.930   0.0000E+00
   31.940   0.0000E+00
   31.950   0.0000E+00
   31.960   0.0000E+00
   31.970   0.0000E+00
   31.980   0.0000E+00
   31.990   0.0000E+00
   32.000   0.0000E+00
   32.010   0.0000E+00
   32.020   0.0000E+00
   32.030   0.0000E+00
   32.040   0.0000E+00
   32.050   0.0000E+00
   32.060   0.0000E+00
   32.070   0.0000E+00
   32.080   0.0000E+00
   32.090   0.0000E+00
   32.100   0.0000E+00
   32.110   0.0000E+00
   32.120   0.0000E+00
   32.130   0.0000E+00
   32.140   0.0000E+00
   32.150   0.0000E+00
   32.160   0.0000E+00
   32.170   0.0000E+00
   32.180   0.0000E+00
   32.190   0.0000E+00
   32.200   0.0000E+00
   32.210   0.0000E+00
   32.220   0.0000E+00
   32.230   0.0000E+00
   32.240   0.0000E+00
   32.250   0.0000E+00
   32.260   0.0000E+00
   32.270   0.0000E+00
   32.280   0.0000E+00
   32.290   0.0000E+00
   32.300   0.0000E+00
   32.310   0.0000E+00
   32.320   0.0000E+00
   32.330   0.0000E+00
   32.340   0.0000E+00
   32.350   0.0000E+00
   32.360   0.0000E+00
   32.370   0.0000E+00
   32.380   0.0000E+00
   32.390   0.0000E+00
   32.400   0.0000E+00
   32.410   0.0000E+00
   32.420   0.0000E+00
   32.430   0.0000E+00
   32.440   0.0000E+00
   32.450   0.0000E+00
   32.460   0.0000E+00
   32.470   0.0000E+00
   32.480   0.0000E+00
   32.490   0.0000E+00
   32.500   0.0000E+00
   32.510   0.0000E+00
   32.520   0.0000E+00
   32.530   0.0000E+00
   32.540   0.0000E+00
   32.550   0.0000E+00
   32.560   0.0000E+00
   32.570   0.0000E+00
   32.580   0.0000E+00
   32.590   0.0000E+00
   32.600   0.0000E+00
   32.610   0.0000E+00
   32.620   0.0000E+00
   32.630   0.0000E+00
   32.640   0.0000E+00
   32.650   0.0000E+00
   32.660   0.0000E+00
   32.670   0.0000E+00
   32.680   0.0000E+00
   32.690   0.0000E+00
   32.700   0.0000E+00
   32.710   0.0000E+00
   32.720   0.0000E+00
   32.730   0.0000E+00
   32.740   0.0000E+00
   32.750   0.0000E+00
   32.760   0.0000E+00
   32.770   0.0000E+00
   32.780   0.0000E+00
   32.790   0.0000E+00
   32.800   0.0000E+00
   32.810   0.0000E+00
   32.820   0.0000E+00
   32.830   0.0000E+00
   32.840   0.0000E+00
   32.850   0.0000E+00
   32.860   0.0000E+00
   32.870   0.0000E+00
   32.880   0.0000E+00
   32.890   0.0000E+00
   32.900   0.0000E+00
   32.910   0.0000E+00
   32.920   0.0000E+00
   32.930   0.0000E+00
   32.940   0.0000E+00
   32.950   0.0000E+00
   32.960   0.0000E+00
   32.970   0.0000E+00
   32.980   0.0000E+00
   32.990   0.0000E+00
   33.000   0.0000E+00
   33.010   0.0000E+00
   33.020   0.0000E+00
   33.030   0.0000E+00
   33.040   0.0000E+00
   33.050   0.0000E+00
   33.060   0.0000E+00
   33.070   0.0000E+00
   33.080   0.0000E+00
   33.090   0.0000E+00
   33.100   0.0000E+00
   33.110   0.0000E+00
   33.120   0.0000E+00
   33.130   0.0000E+00
   33.140   0.0000E+00
   33.150   0.0000E+00
   33.160   0.0000E+00
   33.170   0.0000E+00
   33.180   0.0000E+00
   33.190   0.0000E+00
   33.200   0.0000E+00
   33.210   0.0000E+00
   33.220   0.0000E+00
   33.230   0.0000E+00
   33.240   0.0000E+00
   33.250   0.0000E+00
   33.260   0.0000E+00
   33.270   0.0000E+00
   33.280   0.0000E+00
   33.290   0.0000E+00
   33.300   0.0000E+00
   33.310   0.0000E+00
   33.320   0.0000E+00
   33.330   0.0000E+00
   33.340   0.0000E+00
   33.350   0.0000E+00
   33.360   0.0000E+00
   33.370   0.0000E+00
   33.380   0.0000E+00
   33.390   0.0000E+00
   33.400   0.0000E+00
   33.410   0.0000E+00
   33.420   0.0000E+00
   33.430   0.0000E+00
   33.440   0.0000E+00
   33.450   0.0000E+00
   33.460   0.0000E+00
   33.470   0.0000E+00
   33.480   0.0000E+00
   33.490   0.0000E+00
   33.500   0.0000E+00
   33.510   0.0000E+00
   33.520   0.0000E+00
   33.530   0.0000E+00
   33.540   0.0000E+00
   33.550   0.0000E+00
   33.560   0.0000E+00
   33.570   0.0000E+00
   33.580   0.0000E+00
   33.590   0.0000E+00
   33.600   0.0000E+00
   33.610   0.0000E+00
   33.620   0.0000E+00
   33.630   0.0000E+00
   33.640   0.0000E+00
   33.650   0.0000E+00
   33.660   0.0000E+00
   33.670   0.0000E+00
   33.680   0.0000E+00
   33.690   0.0000E+00
   33.700   0.0000E+00
   33.710   0.0000E+00
   33.720   0.0000E+00
   33.730   0.0000E+00
   33.740   0.0000E+00
   33.750   0.0000E+00
   33.760   0.0000E+00
   33.770   0.0000E+00
   33.780   0.0000E+00
   33.790   0.0000E+00
   33.800   0.0000E+00
   33.810   0.0000E+00
   33.820   0.0000E+00
   33.830   0.0000E+00
   33.840   0.0000E+00
   33.850   0.0000E+00
   33.860   0.0000E+00
   33.870   0.0000E+00
   33.880   0.0000E+00
   33.890   0.0000E+00
   33.900   0.0000E+00
   33.910   0.0000E+00
   33.920   0.0000E+00
   33.930   0.0000E+00
   33.940   0.0000E+00
   33.950   0.0000E+00
   33.960   0.0000E+00
   33.970   0.0000E+00
   33.980   0.0000E+00
   33.990   0.0000E+00
   34.000   0.0000E+00
   34.010   0.0000E+00
   34.020   0.0000E+00
   34.030   0.0000E+00
   34.040   0.0000E+00
   34.050   0.0000E+00
   34.060   0.0000E+00
   34.070   0.0000E+00
   34.080   0.0000E+00
   34.090   0.0000E+00
   34.100   0.0000E+00
   34.110   0.0000E+00
   34.120   0.0000E+00
   34.130   0.0000E+00
   34.140   0.0000E+00
   34.150   0.0000E+00
   34.160   0.0000E+00
   34.170   0.0000E+00
   34.180   0.0000E+00
   34.190   0.0000E+00
   34.200   0.0000E+00
   34.210   0.0000E+00
   34.220   0.0000E+00
   34.230   0.0000E+00
   34.240   0.0000E+00
   34.250   0.0000E+00
   34.260   0.0000E+00
   34.270   0.0000E+00
   34.280   0.0000E+00
   34.290   0.0000E+00
   34.300   0.0000E+00
   34.310   0.0000E+00
   34.320   0.0000E+00
   34.330   0.0000E+00
   34.340   0.0000E+00
   34.350   0.0000E+00
   34.360   0.0000E+00
   34.370   0.0000E+00
   34.380   0.0000E+00
   34.390   0.0000E+00
   34.400   0.0000E+00
   34.410   0.0000E+00
   34.420   0.0000E+00
   34.430   0.0000E+00
   34.440   0.0000E+00
   34.450   0.0000E+00
   34.460   0.0000E+00
   34.470   0.0000E+00
   34.480   0.0000E+00
   34.490   0.0000E+00
   34.500   0.0000E+00
   34.510   0.0000E+00
   34.520   0.0000E+00
   34.530   0.0000E+00
   34.540   0.0000E+00
   34.550   0.0000E+00
   34.560   0.0000E+00
   34.570   0.0000E+00
   34.580   0.0000E+00
   34.590   0.0000E+00
   34.600   0.0000E+00
   34.610   0.0000E+00
   34.620   0.0000E+00
   34.630   0.0000E+00
   34.640   0.0000E+00
   34.650   0.0000E+00
   34.660   0.0000E+00
   34.670   0.0000E+00
   34.680   0.0000E+00
   34.690   0.0000E+00
   34.700   0.0000E+00
   34.710   0.0000E+00
   34.720   0.0000E+00
   34.730   0.0000E+00
   34.740   0.0000E+00
   34.750   0.0000E+00
   34.760   0.0000E+00
   34.770   0.0000E+00
   34.780   0.0000E+00
   34.790   0.0000E+00
   34.800   0.0000E+00
   34.810   0.0000E+00
   34.820   0.0000E+00
   34.830   0.0000E+00
   34.840   0.0000E+00
   34.850   0.0000E+00
   34.860   0.0000E+00
   34.870   0.0000E+00
   34.880   0.0000E+00
   34.890   0.0000E+00
   34.900   0.0000E+00
   34.910   0.0000E+00
   34.920   0.0000E+00
   34.930   0.0000E+00
   34.940   0.0000E+00
   34.950   0.0000E+00
   34.960   0.0000E+00
   34.970   0.0000E+00
   34.980   0.0000E+00
   34.990   0.0000E+00
   35.000   0.0000E+00
   35.010   0.0000E+00
   35.020   0.0000E+00
   35.030   0.0000E+00
   35.040   0.0000E+00
   35.050   0.0000E+00
   35.060   0.0000E+00
   35.070   0.0000E+00
   35.080   0.0000E+00
   35.090   0.0000E+00
   35.100   0.0000E+00
   35.110   0.0000E+00
   35.120   0.0000E+00
   35.130   0.0000E+00
   35.140   0.0000E+00
   35.150   0.0000E+00
   35.160   0.0000E+00
   35.170   0.0000E+00
   35.180   0.0000E+00
   35.190   0.0000E+00
   35.200   0.0000E+00
   35.210   0.0000E+00
   35.220   0.0000E+00
   35.230   0.0000E+00
   35.240   0.0000E+00
   35.250   0.0000E+00
   35.260   0.0000E+00
   35.270   0.0000E+00
   35.280   0.0000E+00
   35.290   0.0000E+00
   35.300   0.0000E+00
   35.310   0.0000E+00
   35.320   0.0000E+00
   35.330   0.0000E+00
   35.340   0.0000E+00
   35.350   0.0000E+00
   35.360   0.0000E+00
   35.370   0.0000E+00
   35.380   0.0000E+00
   35.390   0.0000E+00
   35.400   0.0000E+00
   35.410   0.0000E+00
   35.420   0.0000E+00
   35.430   0.0000E+00
   35.440   0.0000E+00
   35.450   0.0000E+00
   35.460   0.0000E+00
   35.470   0.0000E+00
   35.480   0.0000E+00
   35.490   0.0000E+00
   35.500   0.0000E+00
   35.510   0.0000E+00
   35.520   0.0000E+00
   35.530   0.0000E+00
   35.540   0.0000E+00
   35.550   0.0000E+00
   35.560   0.0000E+00
   35.570   0.0000E+00
   35.580   0.0000E+00
   35.590   0.0000E+00
   35.600   0.0000E+00
   35.610   0.0000E+00
   35.620   0.0000E+00
   35.630   0.0000E+00
   35.640   0.0000E+00
   35.650   0.0000E+00
   35.660   0.0000E+00
   35.670   0.0000E+00
   35.680   0.0000E+00
   35.690   0.0000E+00
   35.700   0.0000E+00
   35.710   0.0000E+00
   35.720   0.0000E+00
   35.730   0.0000E+00
   35.740   0.0000E+00
   35.750   0.0000E+00
   35.760   0.0000E+00
   35.770   0.0000E+00
   35.780   0.0000E+00
   35.790   0.0000E+00
   35.800   0.0000E+00
   35.810   0.0000E+00
   35.820   0.0000E+00
   35.830   0.0000E+00
   35.840   0.0000E+00
   35.850   0.0000E+00
   35.860   0.0000E+00
   35.870   0.0000E+00
   35.880   0.0000E+00
   35.890   0.0000E+00
   35.900   0.0000E+00
   35.910   0.0000E+00
   35.920   0.0000E+00
   35.930   0.0000E+00
   35.940   0.0000E+00
   35.950   0.0000E+00
   35.960   0.0000E+00
   35.970   0.0000E+00
   35.980   0.0000E+00
   35.990   0.0000E+00
   36.000   0.0000E+00
   36.010   0.0000E+00
   36.020   0.0000E+00
   36.030   0.0000E+00
   36.040   0.0000E+00
   36.050   0.0000E+00
   36.060   0.0000E+00
   36.070   0.0000E+00
   36.080   0.0000E+00
   36.090   0.0000E+00
   36.100   0.0000E+00
   36.110   0.0000E+00
   36.120   0.0000E+00
   36.130   0.0000E+00
   36.140   0.0000E+00
   36.150   0.0000E+00
   36.160   0.0000E+00
   36.170   0.0000E+00
   36.180   0.0000E+00
   36.190   0.0000E+00
   36.200   0.0000E+00
   36.210   0.0000E+00
   36.220   0.0000E+00
   36.230   0.0000E+00
   36.240   0.0000E+00
   36.250   0.0000E+00
   36.260   0.0000E+00
   36.270   0.0000E+00
   36.280   0.0000E+00
   36.290   0.0000E+00
   36.300   0.0000E+00
   36.310   0.0000E+00
   36.320   0.0000E+00
   36.330   0.0000E+00
   36.340   0.0000E+00
   36.350   0.0000E+00
   36.360   0.0000E+00
   36.370   0.0000E+00
   36.380   0.0000E+00
   36.390   0.0000E+00
   36.400   0.0000E+00
   36.410   0.0000E+00
   36.420   0.0000E+00
   36.430   0.0000E+00
   36.440   0.0000E+00
   36.450   0.0000E+00
   36.460   0.0000E+00
   36.470   0.0000E+00
   36.480   0.0000E+00
   36.490   0.0000E+00
   36.500   0.0000E+00
   36.510   0.0000E+00
   36.520   0.0000E+00
   36.530   0.0000E+00
   36.540   0.0000E+00
   36.550   0.0000E+00
   36.560   0.0000E+00
   36.570   0.0000E+00
   36.580   0.0000E+00
   36.590   0.0000E+00
   36.600   0.0000E+00
   36.610   0.0000E+00
   36.620   0.0000E+00
   36.630   0.0000E+00
   36.640   0.0000E+00
   36.650   0.0000E+00
   36.660   0.0000E+00
   36.670   0.0000E+00
   36.680   0.0000E+00
   36.690   0.0000E+00
   36.700   0.0000E+00
   36.710   0.0000E+00
   36.720   0.0000E+00
   36.730   0.0000E+00
   36.740   0.0000E+00
   36.750   0.0000E+00
   36.760   0.0000E+00
   36.770   0.0000E+00
   36.780   0.0000E+00
   36.790   0.0000E+00
   36.800   0.0000E+00
   36.810   0.0000E+00
   36.820   0.0000E+00
   36.830   0.0000E+00
   36.840   0.0000E+00
   36.850   0.0000E+00
   36.860   0.0000E+00
   36.870   0.0000E+00
   36.880   0.0000E+00
   36.890   0.0000E+00
   36.900   0.0000E+00
   36.910   0.0000E+00
   36.920   0.0000E+00
   36.930   0.0000E+00
   36.940   0.0000E+00
   36.950   0.0000E+00
   36.960   0.0000E+00
   36.970   0.0000E+00
   36.980   0.0000E+00
   36.990   0.0000E+00
   37.000   0.0000E+00
   37.010   0.0000E+00
   37.020   0.0000E+00
   37.030   0.0000E+00
   37.040   0.0000E+00
   37.050   0.0000E+00
   37.060   0.0000E+00
   37.070   0.0000E+00
   37.080   0.0000E+00
   37.090   0.0000E+00
   37.100   0.0000E+00
   37.110   0.0000E+00
   37.120   0.0000E+00
   37.130   0.0000E+00
   37.140   0.0000E+00
   37.150   0.0000E+00
   37.160   0.0000E+00
   37.170   0.0000E+00
   37.180   0.0000E+00
   37.190   0.0000E+00
   37.200   0.0000E+00
   37.210   0.0000E+00
   37.220   0.0000E+00
   37.230   0.0000E+00
   37.240   0.0000E+00
   37.250   0.0000E+00
   37.260   0.0000E+00
   37.270   0.0000E+00
   37.280   0.0000E+00
   37.290   0.0000E+00
   37.300   0.0000E+00
   37.310   0.0000E+00
   37.320   0.0000E+00
   37.330   0.0000E+00
   37.340   0.0000E+00
   37.350   0.0000E+00
   37.360   0.0000E+00
   37.370   0.0000E+00
   37.380   0.0000E+00
   37.390   0.0000E+00
   37.400   0.0000E+00
   37.410   0.0000E+00
   37.420   0.0000E+00
   37.430   0.0000E+00
   37.440   0.0000E+00
   37.450   0.0000E+00
   37.460   0.0000E+00
   37.470   0.0000E+00
   37.480   0.0000E+00
   37.490   0.0000E+00
   37.500   0.0000E+00
   37.510   0.0000E+00
   37.520   0.0000E+00
   37.530   0.0000E+00
   37.540   0.0000E+00
   37.550   0.0000E+00
   37.560   0.0000E+00
   37.570   0.0000E+00
   37.580   0.0000E+00
   37.590   0.0000E+00
   37.600   0.0000E+00
   37.610   0.0000E+00
   37.620   0.0000E+00
   37.630   0.0000E+00
   37.640   0.0000E+00
   37.650   0.0000E+00
   37.660   0.0000E+00
   37.670   0.0000E+00
   37.680   0.0000E+00
   37.690   0.0000E+00
   37.700   0.0000E+00
   37.710   0.0000E+00
   37.720   0.0000E+00
   37.730   0.0000E+00
   37.740   0.0000E+00
   37.750   0.0000E+00
   37.760   0.0000E+00
   37.770   0.0000E+00
   37.780   0.0000E+00
   37.790   0.0000E+00
   37.800   0.0000E+00
   37.810   0.0000E+00
   37.820   0.0000E+00
   37.830   0.0000E+00
   37.840   0.0000E+00
   37.850   0.0000E+00
   37.860   0.0000E+00
   37.870   0.0000E+00
   37.880   0.0000E+00
   37.890   0.0000E+00
   37.900   0.0000E+00
   37.910   0.0000E+00
   37.920   0.0000E+00
   37.930   0.0000E+00
   37.940   0.0000E+00
   37.950   0.0000E+00
   37.960   0.0000E+00
   37.970   0.0000E+00
   37.980   0.0000E+00
   37.990   0.0000E+00
   38.000   0.0000E+00
   38.010   0.0000E+00
   38.020   0.0000E+00
   38.030   0.0000E+00
   38.040   0.0000E+00
   38.050   0.0000E+00
   38.060   0.0000E+00
   38.070   0.0000E+00
   38.080   0.0000E+00
   38.090   0.0000E+00
   38.100   0.0000E+00
   38.110   0.0000E+00
   38.120   0.0000E+00
   38.130   0.0000E+00
   38.140   0.0000E+00
   38.150   0.0000E+00
   38.160   0.0000E+00
   38.170   0.0000E+00
   38.180   0.0000E+00
   38.190   0.0000E+00
   38.200   0.0000E+00
   38.210   0.0000E+00
   38.220   0.0000E+00
   38.230   0.0000E+00
   38.240   0.0000E+00
   38.250   0.0000E+00
   38.260   0.0000E+00
   38.270   0.0000E+00
   38.280   0.0000E+00
   38.290   0.0000E+00
   38.300   0.0000E+00
   38.310   0.0000E+00
   38.320   0.0000E+00
   38.330   0.0000E+00
   38.340   0.0000E+00
   38.350   0.0000E+00
   38.360   0.0000E+00
   38.370   0.0000E+00
   38.380   0.0000E+00
   38.390   0.0000E+00
   38.400   0.0000E+00
   38.410   0.0000E+00
   38.420   0.0000E+00
   38.430   0.0000E+00
   38.440   0.0000E+00
   38.450   0.0000E+00
   38.460   0.0000E+00
   38.470   0.0000E+00
   38.480   0.0000E+00
   38.490   0.0000E+00
   38.500   0.0000E+00
   38.510   0.0000E+00
   38.520   0.0000E+00
   38.530   0.0000E+00
   38.540   0.0000E+00
   38.550   0.0000E+00
   38.560   0.0000E+00
   38.570   0.0000E+00
   38.580   0.0000E+00
   38.590   0.0000E+00
   38.600   0.0000E+00
   38.610   0.0000E+00
   38.620   0.0000E+00
   38.630   0.0000E+00
   38.640   0.0000E+00
   38.650   0.0000E+00
   38.660   0.0000E+00
   38.670   0.0000E+00
   38.680   0.0000E+00
   38.690   0.0000E+00
   38.700   0.0000E+00
   38.710   0.0000E+00
   38.720   0.0000E+00
   38.730   0.0000E+00
   38.740   0.0000E+00
   38.750   0.0000E+00
   38.760   0.0000E+00
   38.770   0.0000E+00
   38.780   0.0000E+00
   38.790   0.0000E+00
   38.800   0.0000E+00
   38.810   0.0000E+00
   38.820   0.0000E+00
   38.830   0.0000E+00
   38.840   0.0000E+00
   38.850   0.0000E+00
   38.860   0.0000E+00
   38.870   0.0000E+00
   38.880   0.0000E+00
   38.890   0.0000E+00
   38.900   0.0000E+00
   38.910   0.0000E+00
   38.920   0.0000E+00
   38.930   0.0000E+00
   38.940   0.0000E+00
   38.950   0.0000E+00
   38.960   0.0000E+00
   38.970   0.0000E+00
   38.980   0.0000E+00
   38.990   0.0000E+00
   39.000   0.0000E+00
   39.010   0.0000E+00
   39.020   0.0000E+00
   39.030   0.0000E+00
   39.040   0.0000E+00
   39.050   0.0000E+00
   39.060   0.0000E+00
   39.070   0.0000E+00
   39.080   0.0000E+00
   39.090   0.0000E+00
   39.100   0.0000E+00
   39.110   0.0000E+00
   39.120   0.0000E+00
   39.130   0.0000E+00
   39.140   0.0000E+00
   39.150   0.0000E+00
   39.160   0.0000E+00
   39.170   0.0000E+00
   39.180   0.0000E+00
   39.190   0.0000E+00
   39.200   0.0000E+00
   39.210   0.0000E+00
   39.220   0.0000E+00
   39.230   0.0000E+00
   39.240   0.0000E+00
   39.250   0.0000E+00
   39.260   0.0000E+00
   39.270   0.0000E+00
   39.280   0.0000E+00
   39.290   0.0000E+00
   39.300   0.0000E+00
   39.310   0.0000E+00
   39.320   0.0000E+00
   39.330   0.0000E+00
   39.340   0.0000E+00
   39.350   0.0000E+00
   39.360   0.0000E+00
   39.370   0.0000E+00
   39.380   0.0000E+00
   39.390   0.0000E+00
   39.400   0.0000E+00
   39.410   0.0000E+00
   39.420   0.0000E+00
   39.430   0.0000E+00
   39.440   0.0000E+00
   39.450   0.0000E+00
   39.460   0.0000E+00
   39.470   0.0000E+00
   39.480   0.0000E+00
   39.490   0.0000E+00
   39.500   0.0000E+00
   39.510   0.0000E+00
   39.520   0.0000E+00
   39.530   0.0000E+00
   39.540   0.0000E+00
   39.550   0.0000E+00
   39.560   0.0000E+00
   39.570   0.0000E+00
   39.580   0.0000E+00
   39.590   0.0000E+00
   39.600   0.0000E+00
   39.610   0.0000E+00
   39.620   0.0000E+00
   39.630   0.0000E+00
   39.640   0.0000E+00
   39.650   0.0000E+00
   39.660   0.0000E+00
   39.670   0.0000E+00
   39.680   0.0000E+00
   39.690   0.0000E+00
   39.700   0.0000E+00
   39.710   0.0000E+00
   39.720   0.0000E+00
   39.730   0.0000E+00
   39.740   0.0000E+00
   39.750   0.0000E+00
   39.760   0.0000E+00
   39.770   0.0000E+00
   39.780   0.0000E+00
   39.790   0.0000E+00
   39.800   0.0000E+00
   39.810   0.0000E+00
   39.820   0.0000E+00
   39.830   0.0000E+00
   39.840   0.0000E+00
   39.850   0.0000E+00
   39.860   0.0000E+00
   39.870   0.0000E+00
   39.880   0.0000E+00
   39.890   0.0000E+00
   39.900   0.0000E+00
   39.910   0.0000E+00
   39.920   0.0000E+00
   39.930   0.0000E+00
   39.940   0.0000E+00
   39.950   0.0000E+00
   39.960   0.0000E+00
   39.970   0.0000E+00
   39.980   0.0000E+00
   39.990   0.0000E+00
   40.000   0.0000E+00
   40.010   0.0000E+00
   40.020   0.0000E+00
   40.030   0.0000E+00
   40.040   0.0000E+00
   40.050   0.0000E+00
   40.060   0.0000E+00
   40.070   0.0000E+00
   40.080   0.0000E+00
   40.090   0.0000E+00
   40.100   0.0000E+00
   40.110   0.0000E+00
   40.120   0.0000E+00
   40.130   0.0000E+00
   40.140   0.0000E+00
   40.150   0.0000E+00
   40.160   0.0000E+00
   40.170   0.0000E+00
   40.180   0.0000E+00
   40.190   0.0000E+00
   40.200   0.0000E+00
   40.210   0.0000E+00
   40.220   0.0000E+00
   40.230   0.0000E+00
   40.240   0.0000E+00
   40.250   0.0000E+00
   40.260   0.0000E+00
   40.270   0.0000E+00
   40.280   0.0000E+00
   40.290   0.0000E+00
   40.300   0.0000E+00
   40.310   0.0000E+00
   40.320   0.0000E+00
   40.330   0.0000E+00
   40.340   0.0000E+00
   40.350   0.0000E+00
   40.360   0.0000E+00
   40.370   0.0000E+00
   40.380   0.0000E+00
   40.390   0.0000E+00
   40.400   0.0000E+00
   40.410   0.0000E+00
   40.420   0.0000E+00
   40.430   0.0000E+00
   40.440   0.0000E+00
   40.450   0.0000E+00
   40.460   0.0000E+00
   40.470   0.0000E+00
   40.480   0.0000E+00
   40.490   0.0000E+00
   40.500   0.0000E+00
   40.510   0.0000E+00
   40.520   0.0000E+00
   40.530   0.0000E+00
   40.540   0.0000E+00
   40.550   0.0000E+00
   40.560   0.0000E+00
   40.570   0.0000E+00
   40.580   0.0000E+00
   40.590   0.0000E+00
   40.600   0.0000E+00
   40.610   0.0000E+00
   40.620   0.0000E+00
   40.630   0.0000E+00
   40.640   0.0000E+00
   40.650   0.0000E+00
   40.660   0.0000E+00
   40.670   0.0000E+00
   40.680   0.0000E+00
   40.690   0.0000E+00
   40.700   0.0000E+00
   40.710   0.0000E+00
   40.720   0.0000E+00
   40.730   0.0000E+00
   40.740   0.0000E+00
   40.750   0.0000E+00
   40.760   0.0000E+00
   40.770   0.0000E+00
   40.780   0.0000E+00
   40.790   0.0000E+00
   40.800   0.0000E+00
   40.810   0.0000E+00
   40.820   0.0000E+00
   40.830   0.0000E+00
   40.840   0.0000E+00
   40.850   0.0000E+00
   40.860   0.0000E+00
   40.870   0.0000E+00
   40.880   0.0000E+00
   40.890   0.0000E+00
   40.900   0.0000E+00
   40.910   0.0000E+00
   40.920   0.0000E+00
   40.930   0.0000E+00
   40.940   0.0000E+00
   40.950   0.0000E+00
