**********************************************
*******  Acceleration Time Series ************
*** Site #   1
*** trial   23
Input Parameters file =  aqg_0604__parameters.out                                                                                                
  4096 samples
dt:  0.010 sec
data format: (1x,f8.3,1p,2x,e11.4)
maximum absolute acceleration: 124.09
fault Dis.(km)=    7.00
Hypo  Dis.(km)=   12.06
  time(s) acc(cm/s**2)
    0.000   0.0000E+00
    0.010   0.0000E+00
    0.020   0.0000E+00
    0.030   0.0000E+00
    0.040   0.0000E+00
    0.050   0.0000E+00
    0.060   0.0000E+00
    0.070   0.0000E+00
    0.080   0.0000E+00
    0.090   0.0000E+00
    0.100   0.0000E+00
    0.110   0.0000E+00
    0.120   0.0000E+00
    0.130  -7.7882E-02
    0.140  -5.2904E-02
    0.150  -3.2452E-02
    0.160  -1.7422E-02
    0.170  -8.2394E-03
    0.180  -4.6910E-03
    0.190  -5.5367E-03
    0.200  -8.5196E-03
    0.210  -1.1650E-02
    0.220  -1.5084E-02
    0.230  -2.0703E-02
    0.240  -2.8991E-02
    0.250  -3.6975E-02
    0.260  -4.0381E-02
    0.270  -3.0370E-02
    0.280  -2.0090E-02
    0.290  -1.8022E-02
    0.300  -2.7928E-02
    0.310  -4.8582E-02
    0.320  -7.4545E-02
    0.330  -9.7846E-02
    0.340  -1.1215E-01
    0.350  -1.1663E-01
    0.360  -1.1487E-01
    0.370  -1.0979E-01
    0.380  -6.9970E-02
    0.390  -7.1740E-02
    0.400  -6.6956E-02
    0.410  -5.8486E-02
    0.420  -4.5105E-02
    0.430  -2.0960E-02
    0.440   1.8220E-02
    0.450   6.9924E-02
    0.460   1.2623E-01
    0.470   1.7828E-01
    0.480   2.4622E-01
    0.490   2.7452E-01
    0.500   2.7649E-01
    0.510   2.5619E-01
    0.520   2.2131E-01
    0.530   1.8012E-01
    0.540   1.4106E-01
    0.550   1.1156E-01
    0.560   9.4410E-02
    0.570   8.6872E-02
    0.580   8.5909E-02
    0.590   9.3022E-02
    0.600   1.1084E-01
    0.610   1.3582E-01
    0.620   1.5784E-01
    0.630   1.6806E-01
    0.640   1.6474E-01
    0.650   1.5115E-01
    0.660   1.3091E-01
    0.670   1.0716E-01
    0.680   8.3024E-02
    0.690   5.9562E-02
    0.700   3.4204E-02
    0.710   4.5418E-03
    0.720  -2.5971E-02
    0.730  -4.7710E-02
    0.740  -5.1063E-02
    0.750  -3.2289E-02
    0.760   5.4040E-03
    0.770   5.4333E-02
    0.780   1.0495E-01
    0.790   1.4806E-01
    0.800   1.7669E-01
    0.810   1.8823E-01
    0.820   1.8635E-01
    0.830   2.0206E-01
    0.840   1.9776E-01
    0.850   2.1043E-01
    0.860   2.3782E-01
    0.870   2.7094E-01
    0.880   3.0124E-01
    0.890   3.2367E-01
    0.900   3.3383E-01
    0.910   3.2688E-01
    0.920   3.0172E-01
    0.930   2.6362E-01
    0.940   2.1921E-01
    0.950   1.6965E-01
    0.960   1.1078E-01
    0.970   3.8975E-02
    0.980  -4.5159E-02
    0.990  -1.3729E-01
    1.000  -2.3050E-01
    1.010  -3.1600E-01
    1.020  -3.8562E-01
    1.030  -3.8750E-01
    1.040  -4.1495E-01
    1.050  -4.6145E-01
    1.060  -4.4097E-01
    1.070  -3.9873E-01
    1.080  -3.4591E-01
    1.090  -3.3134E-01
    1.100  -3.0560E-01
    1.110  -2.9225E-01
    1.120  -2.8455E-01
    1.130  -2.7771E-01
    1.140  -2.9127E-02
    1.150  -6.5061E-02
    1.160  -1.2230E-01
    1.170  -1.9351E-01
    1.180  -2.6069E-01
    1.190  -3.0850E-01
    1.200  -3.3560E-01
    1.210  -3.5128E-01
    1.220  -3.6345E-01
    1.230  -3.7312E-01
    1.240  -3.7789E-01
    1.250  -3.7432E-01
    1.260  -3.5715E-01
    1.270  -3.2229E-01
    1.280  -3.2682E-01
    1.290  -2.6447E-01
    1.300  -2.2393E-01
    1.310  -2.1169E-01
    1.320  -1.8893E-01
    1.330  -4.2768E-02
    1.340  -5.4843E-02
    1.350  -7.2954E-02
    1.360  -8.7214E-02
    1.370  -9.0039E-02
    1.380  -8.0470E-02
    1.390  -5.9285E-02
    1.400  -2.2846E-02
    1.410   3.1215E-02
    1.420   9.3524E-02
    1.430   1.4534E-01
    1.440   1.7223E-01
    1.450   1.8652E-01
    1.460   1.6348E-01
    1.470   1.3962E-01
    1.480   1.3279E-01
    1.490   2.0896E-01
    1.500   2.3027E-01
    1.510   2.3189E-01
    1.520   2.6019E-01
    1.530   1.3107E-01
    1.540  -9.9549E-03
    1.550  -2.5598E-01
    1.560  -5.5284E-01
    1.570  -7.3576E-01
    1.580  -8.6910E-01
    1.590  -9.6657E-01
    1.600  -1.0406E+00
    1.610  -1.0859E+00
    1.620  -1.1227E+00
    1.630  -1.0302E+00
    1.640  -9.2419E-01
    1.650  -8.7465E-01
    1.660  -7.9870E-01
    1.670  -7.3325E-01
    1.680  -6.8429E-01
    1.690  -6.1746E-01
    1.700  -5.2938E-01
    1.710  -4.2643E-01
    1.720  -3.1449E-01
    1.730  -1.9812E-01
    1.740  -8.3871E-02
    1.750   2.1899E-02
    1.760   1.1657E-01
    1.770   1.9753E-01
    1.780   2.5635E-01
    1.790   3.1435E-01
    1.800   2.9966E-01
    1.810   2.5429E-01
    1.820   1.8571E-01
    1.830   5.7731E-02
    1.840   2.1423E-02
    1.850  -1.0476E-01
    1.860  -2.4677E-01
    1.870  -3.9388E-01
    1.880  -5.2955E-01
    1.890  -6.3667E-01
    1.900  -7.0808E-01
    1.910  -7.5281E-01
    1.920  -7.4584E-01
    1.930  -7.7839E-01
    1.940  -8.3261E-01
    1.950  -8.9103E-01
    1.960  -8.2305E-01
    1.970  -7.9825E-01
    1.980  -7.4711E-01
    1.990  -6.3758E-01
    2.000  -5.0897E-01
    2.010  -3.9845E-01
    2.020  -3.1737E-01
    2.030  -2.4310E-01
    2.040  -1.5380E-01
    2.050   2.3071E-02
    2.060   2.6913E-01
    2.070   5.5015E-01
    2.080   8.1083E-01
    2.090   9.9755E-01
    2.100   1.0781E+00
    2.110   1.0516E+00
    2.120   9.4303E-01
    2.130   7.8741E-01
    2.140   6.1270E-01
    2.150   4.3215E-01
    2.160   2.4698E-01
    2.170   5.7761E-02
    2.180  -1.6772E-01
    2.190  -3.1276E-01
    2.200  -3.8111E-01
    2.210  -1.3591E-01
    2.220   7.4886E-02
    2.230   3.6027E-01
    2.240   6.6317E-01
    2.250   8.5872E-01
    2.260   8.9173E-01
    2.270   7.6250E-01
    2.280   5.3456E-01
    2.290   3.0279E-01
    2.300   1.5133E-01
    2.310   1.2487E-01
    2.320   2.1756E-01
    2.330   4.0281E-01
    2.340   5.6212E-01
    2.350   6.9916E-01
    2.360   8.2150E-01
    2.370   8.7487E-01
    2.380   9.9516E-01
    2.390   1.1047E+00
    2.400   1.1965E+00
    2.410   1.2362E+00
    2.420   1.1962E+00
    2.430   1.0350E+00
    2.440   7.4985E-01
    2.450   3.8700E-01
    2.460   2.3745E-02
    2.470  -2.5230E-01
    2.480  -3.8907E-01
    2.490  -4.0004E-01
    2.500  -1.8009E-01
    2.510  -1.4699E-01
    2.520  -1.6449E-01
    2.530  -2.0566E-01
    2.540  -2.2730E-01
    2.550  -1.7476E-01
    2.560  -2.6707E-02
    2.570   1.7321E-01
    2.580   3.9999E-01
    2.590   5.8536E-01
    2.600   7.3020E-01
    2.610   8.0727E-01
    2.620   8.6728E-01
    2.630   8.9574E-01
    2.640   7.9253E-01
    2.650   8.0722E-01
    2.660   8.2398E-01
    2.670   7.3564E-01
    2.680   4.8260E-01
    2.690   1.4510E-01
    2.700  -1.0791E-01
    2.710  -1.3571E-01
    2.720   7.8967E-02
    2.730   4.3864E-01
    2.740   9.6616E-01
    2.750   1.2129E+00
    2.760   1.2956E+00
    2.770   1.2222E+00
    2.780   1.0313E+00
    2.790   7.5717E-01
    2.800   4.2261E-01
    2.810   5.6048E-02
    2.820  -2.0448E-01
    2.830  -1.3245E-01
    2.840  -5.0380E-02
    2.850   1.8478E-01
    2.860   3.6868E-01
    2.870   4.2325E-01
    2.880   2.9911E-01
    2.890   3.0710E-02
    2.900  -2.8193E-01
    2.910  -4.7098E-01
    2.920  -4.5543E-01
    2.930  -1.5327E-01
    2.940   3.3276E-01
    2.950   8.8207E-01
    2.960   1.3703E+00
    2.970   1.7009E+00
    2.980   1.8218E+00
    2.990   1.7348E+00
    3.000   1.5590E+00
    3.010   1.2860E+00
    3.020   6.5308E-01
    3.030   6.5015E-02
    3.040  -5.8533E-01
    3.050  -1.2028E+00
    3.060  -1.6524E+00
    3.070  -1.9350E+00
    3.080  -2.0132E+00
    3.090  -2.0595E+00
    3.100  -2.0489E+00
    3.110  -2.0270E+00
    3.120  -2.0286E+00
    3.130  -2.2063E+00
    3.140  -2.2870E+00
    3.150  -2.4010E+00
    3.160  -2.5501E+00
    3.170  -2.7038E+00
    3.180  -2.7871E+00
    3.190  -2.6996E+00
    3.200  -2.3510E+00
    3.210  -1.7197E+00
    3.220  -9.3896E-01
    3.230   9.9168E-02
    3.240   1.1563E+00
    3.250   2.1191E+00
    3.260   2.8740E+00
    3.270   3.3589E+00
    3.280   3.5899E+00
    3.290   3.5637E+00
    3.300   3.5227E+00
    3.310   3.4403E+00
    3.320   3.3623E+00
    3.330   3.2017E+00
    3.340   3.1910E+00
    3.350   3.2035E+00
    3.360   3.1115E+00
    3.370   2.8180E+00
    3.380   2.2238E+00
    3.390   1.5026E+00
    3.400   9.0591E-01
    3.410   7.5250E-02
    3.420  -5.3211E-01
    3.430  -9.3061E-01
    3.440  -1.1590E+00
    3.450  -1.3799E+00
    3.460  -1.6829E+00
    3.470  -2.0874E+00
    3.480  -2.4871E+00
    3.490  -2.7149E+00
    3.500  -2.6883E+00
    3.510  -2.4637E+00
    3.520  -2.1859E+00
    3.530  -1.9513E+00
    3.540  -1.7408E+00
    3.550  -1.3973E+00
    3.560  -8.0280E-01
    3.570   7.9593E-02
    3.580   8.1812E-01
    3.590   1.2512E+00
    3.600   1.2679E+00
    3.610   8.8851E-01
    3.620   2.3883E-01
    3.630  -7.3315E-01
    3.640  -1.8290E+00
    3.650  -2.7943E+00
    3.660  -3.3741E+00
    3.670  -3.4566E+00
    3.680  -3.1976E+00
    3.690  -2.8280E+00
    3.700  -2.4969E+00
    3.710  -2.2719E+00
    3.720  -2.0869E+00
    3.730  -1.8873E+00
    3.740  -1.8548E+00
    3.750  -1.8928E+00
    3.760  -2.0111E+00
    3.770  -2.2245E+00
    3.780  -2.4831E+00
    3.790  -2.6321E+00
    3.800  -2.4945E+00
    3.810  -1.9418E+00
    3.820  -8.2216E-01
    3.830   5.9777E-01
    3.840   2.3089E+00
    3.850   4.0618E+00
    3.860   5.5456E+00
    3.870   6.5610E+00
    3.880   7.1222E+00
    3.890   7.3661E+00
    3.900   7.3856E+00
    3.910   7.1304E+00
    3.920   6.5297E+00
    3.930   5.5346E+00
    3.940   4.1697E+00
    3.950   2.6916E+00
    3.960   1.2814E+00
    3.970   6.9142E-02
    3.980  -8.1974E-01
    3.990  -1.2427E+00
    4.000  -1.0669E+00
    4.010  -2.7215E-01
    4.020   9.1245E-01
    4.030   2.1543E+00
    4.040   3.2723E+00
    4.050   4.1458E+00
    4.060   4.8493E+00
    4.070   5.3938E+00
    4.080   5.8518E+00
    4.090   6.3577E+00
    4.100   6.8770E+00
    4.110   7.0625E+00
    4.120   6.5376E+00
    4.130   5.3703E+00
    4.140   4.1209E+00
    4.150   3.2880E+00
    4.160   3.1753E+00
    4.170   3.2853E+00
    4.180   3.1647E+00
    4.190   2.6533E+00
    4.200   1.9229E+00
    4.210   1.1513E+00
    4.220   4.4294E-01
    4.230  -2.2894E-01
    4.240  -9.1621E-01
    4.250  -1.5831E+00
    4.260  -2.0491E+00
    4.270  -2.1402E+00
    4.280  -1.8303E+00
    4.290  -1.2757E+00
    4.300  -7.3739E-01
    4.310  -4.0341E-01
    4.320  -3.4545E-01
    4.330  -8.8022E-01
    4.340  -1.4687E+00
    4.350  -1.6735E+00
    4.360  -1.1443E+00
    4.370   1.6715E-01
    4.380   2.0120E+00
    4.390   4.0295E+00
    4.400   5.9046E+00
    4.410   7.3685E+00
    4.420   8.3393E+00
    4.430   8.7966E+00
    4.440   9.3170E+00
    4.450   9.9419E+00
    4.460   1.0773E+01
    4.470   1.1065E+01
    4.480   1.0892E+01
    4.490   1.0349E+01
    4.500   9.5890E+00
    4.510   8.6489E+00
    4.520   7.4784E+00
    4.530   6.1891E+00
    4.540   4.8097E+00
    4.550   3.7046E+00
    4.560   3.1298E+00
    4.570   2.9144E+00
    4.580   2.9466E+00
    4.590   2.9423E+00
    4.600   2.7286E+00
    4.610   2.2232E+00
    4.620   1.4085E+00
    4.630   3.8322E-01
    4.640  -5.8259E-01
    4.650  -1.1382E+00
    4.660  -9.7849E-01
    4.670   2.8032E-03
    4.680   1.6414E+00
    4.690   3.6684E+00
    4.700   5.7182E+00
    4.710   7.4964E+00
    4.720   8.8469E+00
    4.730   9.7337E+00
    4.740   1.0128E+01
    4.750   1.0018E+01
    4.760   9.6159E+00
    4.770   9.2072E+00
    4.780   8.7815E+00
    4.790   8.6857E+00
    4.800   8.5394E+00
    4.810   8.3042E+00
    4.820   7.9073E+00
    4.830   7.3574E+00
    4.840   6.5984E+00
    4.850   5.7285E+00
    4.860   4.7004E+00
    4.870   3.4628E+00
    4.880   1.9308E+00
    4.890   2.6203E-02
    4.900  -2.2480E+00
    4.910  -4.6746E+00
    4.920  -6.7602E+00
    4.930  -7.9415E+00
    4.940  -7.9878E+00
    4.950  -7.2416E+00
    4.960  -6.2868E+00
    4.970  -5.6389E+00
    4.980  -5.2533E+00
    4.990  -4.6647E+00
    5.000  -3.2400E+00
    5.010  -8.2080E-01
    5.020   1.9226E+00
    5.030   4.1301E+00
    5.040   5.3094E+00
    5.050   5.5933E+00
    5.060   5.2651E+00
    5.070   4.3427E+00
    5.080   2.8217E+00
    5.090   9.7532E-01
    5.100  -1.8345E-01
    5.110  -4.5514E-01
    5.120  -5.0067E-02
    5.130   4.1042E-01
    5.140   2.2308E-01
    5.150  -1.4194E+00
    5.160  -4.3090E+00
    5.170  -6.2740E+00
    5.180  -5.8427E+00
    5.190  -3.3999E+00
    5.200  -1.6490E+00
    5.210  -2.3263E+00
    5.220  -4.5765E+00
    5.230  -8.2485E+00
    5.240  -1.4106E+01
    5.250  -2.0961E+01
    5.260  -2.6835E+01
    5.270  -3.0776E+01
    5.280  -3.1936E+01
    5.290  -3.0318E+01
    5.300  -2.6287E+01
    5.310  -1.9893E+01
    5.320  -1.4087E+01
    5.330  -1.0063E+01
    5.340  -5.7291E+00
    5.350  -7.2521E-01
    5.360   3.9992E+00
    5.370   7.8015E+00
    5.380   1.0887E+01
    5.390   1.1831E+01
    5.400   9.2381E+00
    5.410   4.0130E+00
    5.420  -7.4545E-01
    5.430  -4.1125E+00
    5.440  -7.3968E+00
    5.450  -1.2279E+01
    5.460  -1.8158E+01
    5.470  -2.3621E+01
    5.480  -2.7680E+01
    5.490  -2.9719E+01
    5.500  -3.2371E+01
    5.510  -3.3074E+01
    5.520  -2.7915E+01
    5.530  -1.8469E+01
    5.540  -1.0073E+01
    5.550  -7.7600E+00
    5.560  -1.1083E+01
    5.570  -1.5565E+01
    5.580  -1.7971E+01
    5.590  -1.8539E+01
    5.600  -1.7618E+01
    5.610  -1.5752E+01
    5.620  -1.2330E+01
    5.630  -7.5450E+00
    5.640  -2.4337E+00
    5.650   3.7665E+00
    5.660   9.0909E+00
    5.670   1.0497E+01
    5.680   8.5278E+00
    5.690   4.9054E+00
    5.700   2.3355E+00
    5.710   2.5528E+00
    5.720   4.9826E+00
    5.730   1.0531E+01
    5.740   1.8125E+01
    5.750   2.2742E+01
    5.760   2.1808E+01
    5.770   1.4817E+01
    5.780   3.4996E+00
    5.790  -9.4763E+00
    5.800  -2.1467E+01
    5.810  -3.0074E+01
    5.820  -3.4721E+01
    5.830  -3.6431E+01
    5.840  -3.7091E+01
    5.850  -3.8480E+01
    5.860  -3.7009E+01
    5.870  -3.1094E+01
    5.880  -2.2838E+01
    5.890  -1.4739E+01
    5.900  -8.9952E+00
    5.910  -4.1437E+00
    5.920   2.0259E+00
    5.930   8.0118E+00
    5.940   1.2785E+01
    5.950   1.5718E+01
    5.960   1.6921E+01
    5.970   1.6907E+01
    5.980   1.7178E+01
    5.990   1.9291E+01
    6.000   2.2633E+01
    6.010   2.8198E+01
    6.020   3.4673E+01
    6.030   3.8688E+01
    6.040   3.8620E+01
    6.050   3.3479E+01
    6.060   2.3708E+01
    6.070   1.0916E+01
    6.080  -4.6240E+00
    6.090  -2.1266E+01
    6.100  -3.6428E+01
    6.110  -4.8270E+01
    6.120  -5.6995E+01
    6.130  -6.2917E+01
    6.140  -6.6084E+01
    6.150  -6.8509E+01
    6.160  -6.9226E+01
    6.170  -6.9712E+01
    6.180  -7.2547E+01
    6.190  -7.5400E+01
    6.200  -7.4970E+01
    6.210  -7.0138E+01
    6.220  -6.0681E+01
    6.230  -4.8139E+01
    6.240  -3.3201E+01
    6.250  -1.7609E+01
    6.260  -5.2272E+00
    6.270   2.7433E+00
    6.280   7.7268E+00
    6.290   1.1791E+01
    6.300   1.8039E+01
    6.310   2.8548E+01
    6.320   4.0937E+01
    6.330   5.0478E+01
    6.340   5.4132E+01
    6.350   5.3492E+01
    6.360   5.2270E+01
    6.370   5.3834E+01
    6.380   5.6988E+01
    6.390   5.4824E+01
    6.400   4.2703E+01
    6.410   2.1589E+01
    6.420  -3.1004E-01
    6.430  -1.5064E+01
    6.440  -2.2080E+01
    6.450  -2.3035E+01
    6.460  -1.9536E+01
    6.470  -8.2308E+00
    6.480   1.2263E+01
    6.490   3.6355E+01
    6.500   5.2838E+01
    6.510   5.6091E+01
    6.520   4.9383E+01
    6.530   4.1756E+01
    6.540   3.6749E+01
    6.550   2.9552E+01
    6.560   2.0070E+01
    6.570   1.0799E+01
    6.580   5.0550E+00
    6.590   3.5361E+00
    6.600   9.3455E+00
    6.610   2.3579E+01
    6.620   3.9377E+01
    6.630   5.0460E+01
    6.640   5.7322E+01
    6.650   6.2097E+01
    6.660   6.0556E+01
    6.670   4.8371E+01
    6.680   2.7903E+01
    6.690   5.5143E+00
    6.700  -1.4932E+01
    6.710  -2.8989E+01
    6.720  -3.4180E+01
    6.730  -3.6677E+01
    6.740  -4.2974E+01
    6.750  -5.2435E+01
    6.760  -5.6055E+01
    6.770  -4.7379E+01
    6.780  -3.0626E+01
    6.790  -1.3936E+01
    6.800   1.9653E+00
    6.810   1.5294E+01
    6.820   2.4340E+01
    6.830   2.9116E+01
    6.840   2.9783E+01
    6.850   2.5206E+01
    6.860   1.3105E+01
    6.870  -2.2642E+00
    6.880  -1.4182E+01
    6.890  -1.9874E+01
    6.900  -1.6155E+01
    6.910  -7.7322E+00
    6.920  -5.1802E+00
    6.930  -1.3511E+01
    6.940  -2.8647E+01
    6.950  -3.9609E+01
    6.960  -3.8603E+01
    6.970  -2.9242E+01
    6.980  -1.9599E+01
    6.990  -1.3576E+01
    7.000  -1.3333E+01
    7.010  -1.4216E+01
    7.020  -7.1307E+00
    7.030   9.9065E+00
    7.040   2.9528E+01
    7.050   4.1595E+01
    7.060   4.5987E+01
    7.070   4.7781E+01
    7.080   5.0126E+01
    7.090   5.0562E+01
    7.100   4.7805E+01
    7.110   4.0871E+01
    7.120   2.7631E+01
    7.130   1.3002E+01
    7.140   1.0566E-01
    7.150  -5.7047E+00
    7.160  -1.8982E+00
    7.170   7.8902E+00
    7.180   1.9041E+01
    7.190   2.4929E+01
    7.200   2.0623E+01
    7.210   1.0171E+01
    7.220  -2.9096E+00
    7.230  -1.6572E+01
    7.240  -2.7434E+01
    7.250  -3.2603E+01
    7.260  -3.1814E+01
    7.270  -3.3713E+01
    7.280  -4.2845E+01
    7.290  -5.6543E+01
    7.300  -7.5206E+01
    7.310  -9.7617E+01
    7.320  -1.1557E+02
    7.330  -1.2409E+02
    7.340  -1.2298E+02
    7.350  -1.1640E+02
    7.360  -1.0610E+02
    7.370  -8.8484E+01
    7.380  -6.5508E+01
    7.390  -4.4415E+01
    7.400  -3.4367E+01
    7.410  -3.7124E+01
    7.420  -4.8155E+01
    7.430  -6.0202E+01
    7.440  -6.8439E+01
    7.450  -7.2876E+01
    7.460  -7.1130E+01
    7.470  -5.5315E+01
    7.480  -2.6990E+01
    7.490   5.8989E+00
    7.500   3.4885E+01
    7.510   5.1800E+01
    7.520   5.5098E+01
    7.530   4.9629E+01
    7.540   4.4284E+01
    7.550   4.0691E+01
    7.560   3.2969E+01
    7.570   2.6838E+01
    7.580   2.9567E+01
    7.590   4.0364E+01
    7.600   5.2768E+01
    7.610   6.1380E+01
    7.620   6.8907E+01
    7.630   7.2667E+01
    7.640   6.7150E+01
    7.650   5.7521E+01
    7.660   4.6742E+01
    7.670   3.3030E+01
    7.680   1.3555E+01
    7.690  -5.8591E+00
    7.700  -2.2256E+01
    7.710  -3.7597E+01
    7.720  -4.3728E+01
    7.730  -3.3309E+01
    7.740  -9.9112E+00
    7.750   1.8362E+01
    7.760   3.9824E+01
    7.770   4.5149E+01
    7.780   3.3188E+01
    7.790   1.5298E+01
    7.800   4.4156E+00
    7.810   5.4927E+00
    7.820   1.6336E+01
    7.830   2.7245E+01
    7.840   3.0333E+01
    7.850   2.6194E+01
    7.860   1.5564E+01
    7.870   7.1073E-01
    7.880  -1.3206E+01
    7.890  -1.9690E+01
    7.900  -2.0213E+01
    7.910  -2.1040E+01
    7.920  -2.0991E+01
    7.930  -2.3746E+01
    7.940  -3.1921E+01
    7.950  -3.7065E+01
    7.960  -3.0464E+01
    7.970  -1.5090E+01
    7.980  -1.0366E+00
    7.990   1.1159E+01
    8.000   1.8761E+01
    8.010   1.5239E+01
    8.020  -2.0249E+00
    8.030  -3.1566E+01
    8.040  -6.2953E+01
    8.050  -8.6534E+01
    8.060  -9.8155E+01
    8.070  -9.8831E+01
    8.080  -8.4872E+01
    8.090  -6.3514E+01
    8.100  -4.1773E+01
    8.110  -1.4012E+01
    8.120   2.2247E+01
    8.130   5.9267E+01
    8.140   8.4426E+01
    8.150   8.9983E+01
    8.160   7.2787E+01
    8.170   4.4529E+01
    8.180   2.1368E+01
    8.190   6.0009E+00
    8.200  -9.1014E+00
    8.210  -2.7523E+01
    8.220  -3.9782E+01
    8.230  -3.6688E+01
    8.240  -2.5119E+01
    8.250  -1.6832E+01
    8.260  -1.1086E+01
    8.270  -2.5075E+00
    8.280   9.0226E+00
    8.290   1.8073E+01
    8.300   2.3270E+01
    8.310   2.3253E+01
    8.320   2.1059E+01
    8.330   2.9925E+01
    8.340   4.9577E+01
    8.350   6.8822E+01
    8.360   8.1319E+01
    8.370   8.0348E+01
    8.380   7.1130E+01
    8.390   6.0096E+01
    8.400   5.0997E+01
    8.410   4.7711E+01
    8.420   4.6889E+01
    8.430   4.0634E+01
    8.440   2.6680E+01
    8.450   9.9901E+00
    8.460   4.3795E+00
    8.470   9.6600E+00
    8.480   1.3447E+01
    8.490   2.1619E+01
    8.500   3.4238E+01
    8.510   4.2409E+01
    8.520   4.5955E+01
    8.530   4.6630E+01
    8.540   4.2106E+01
    8.550   3.0224E+01
    8.560   1.3560E+01
    8.570  -6.6114E+00
    8.580  -2.5347E+01
    8.590  -3.8489E+01
    8.600  -4.3487E+01
    8.610  -3.4533E+01
    8.620  -1.7803E+01
    8.630   2.7935E+00
    8.640   2.2215E+01
    8.650   3.8267E+01
    8.660   5.2450E+01
    8.670   6.1574E+01
    8.680   5.9953E+01
    8.690   4.7990E+01
    8.700   3.6896E+01
    8.710   3.5409E+01
    8.720   4.5832E+01
    8.730   6.3188E+01
    8.740   7.4688E+01
    8.750   7.2417E+01
    8.760   6.0581E+01
    8.770   4.7156E+01
    8.780   3.2022E+01
    8.790   1.7647E+01
    8.800   1.5141E+01
    8.810   3.0379E+01
    8.820   5.3049E+01
    8.830   7.3990E+01
    8.840   8.8614E+01
    8.850   8.8370E+01
    8.860   6.8587E+01
    8.870   3.8388E+01
    8.880   1.1720E+01
    8.890  -1.0510E+01
    8.900  -3.3715E+01
    8.910  -5.1081E+01
    8.920  -6.6743E+01
    8.930  -8.4105E+01
    8.940  -9.4178E+01
    8.950  -9.3284E+01
    8.960  -8.3285E+01
    8.970  -6.9535E+01
    8.980  -5.8449E+01
    8.990  -5.2711E+01
    9.000  -5.0110E+01
    9.010  -4.7021E+01
    9.020  -4.4939E+01
    9.030  -4.2391E+01
    9.040  -3.2493E+01
    9.050  -1.4936E+01
    9.060   5.8347E+00
    9.070   1.8444E+01
    9.080   2.1217E+01
    9.090   1.8797E+01
    9.100   1.3266E+01
    9.110   8.8406E+00
    9.120   1.2005E+01
    9.130   2.5152E+01
    9.140   4.2956E+01
    9.150   5.8991E+01
    9.160   6.6433E+01
    9.170   6.4858E+01
    9.180   5.8155E+01
    9.190   4.6913E+01
    9.200   3.3383E+01
    9.210   2.1228E+01
    9.220   1.4039E+01
    9.230   1.1526E+01
    9.240   1.7266E+01
    9.250   2.9506E+01
    9.260   3.9569E+01
    9.270   4.1672E+01
    9.280   3.5753E+01
    9.290   3.0587E+01
    9.300   2.3477E+01
    9.310   9.6290E+00
    9.320  -1.0378E+01
    9.330  -3.1234E+01
    9.340  -4.8880E+01
    9.350  -6.3354E+01
    9.360  -7.6970E+01
    9.370  -8.8361E+01
    9.380  -9.9191E+01
    9.390  -1.0444E+02
    9.400  -9.0776E+01
    9.410  -5.7144E+01
    9.420  -9.4781E+00
    9.430   3.6557E+01
    9.440   6.2009E+01
    9.450   6.6408E+01
    9.460   5.1561E+01
    9.470   2.0767E+01
    9.480  -1.7835E+01
    9.490  -5.1570E+01
    9.500  -6.5264E+01
    9.510  -6.1241E+01
    9.520  -5.1258E+01
    9.530  -3.6979E+01
    9.540  -1.7589E+01
    9.550   2.6648E+00
    9.560   2.2923E+01
    9.570   4.0334E+01
    9.580   5.2819E+01
    9.590   6.3083E+01
    9.600   6.4403E+01
    9.610   5.7202E+01
    9.620   5.1701E+01
    9.630   4.9470E+01
    9.640   4.4877E+01
    9.650   3.2588E+01
    9.660   1.5660E+01
    9.670  -3.5077E-01
    9.680  -1.0382E+01
    9.690  -2.0045E+01
    9.700  -3.1167E+01
    9.710  -4.4995E+01
    9.720  -6.2115E+01
    9.730  -8.1095E+01
    9.740  -9.6941E+01
    9.750  -1.0651E+02
    9.760  -1.0248E+02
    9.770  -7.9405E+01
    9.780  -4.8157E+01
    9.790  -2.4236E+01
    9.800  -1.3554E+01
    9.810  -1.1997E+01
    9.820  -1.1528E+01
    9.830  -1.5787E+01
    9.840  -2.4597E+01
    9.850  -3.3556E+01
    9.860  -4.2894E+01
    9.870  -4.7138E+01
    9.880  -4.6544E+01
    9.890  -4.4907E+01
    9.900  -4.5195E+01
    9.910  -4.3709E+01
    9.920  -3.1804E+01
    9.930  -6.2100E+00
    9.940   2.1543E+01
    9.950   4.0312E+01
    9.960   4.9524E+01
    9.970   5.2269E+01
    9.980   5.1288E+01
    9.990   4.7408E+01
   10.000   4.0570E+01
   10.010   3.4060E+01
   10.020   3.4733E+01
   10.030   3.9913E+01
   10.040   3.5970E+01
   10.050   2.1088E+01
   10.060   1.2348E+00
   10.070  -1.5036E+01
   10.080  -2.0185E+01
   10.090  -1.5067E+01
   10.100  -5.9360E+00
   10.110   2.3591E+00
   10.120   1.2174E+01
   10.130   1.9814E+01
   10.140   1.4259E+01
   10.150  -6.0123E+00
   10.160  -2.6201E+01
   10.170  -3.4107E+01
   10.180  -3.1338E+01
   10.190  -1.9390E+01
   10.200   4.4635E+00
   10.210   3.0142E+01
   10.220   4.6370E+01
   10.230   5.1482E+01
   10.240   4.2726E+01
   10.250   2.1617E+01
   10.260   4.5548E+00
   10.270   7.1121E+00
   10.280   2.8087E+01
   10.290   5.6232E+01
   10.300   7.8250E+01
   10.310   8.2740E+01
   10.320   7.0522E+01
   10.330   4.8949E+01
   10.340   2.4745E+01
   10.350   9.0632E+00
   10.360   6.0360E+00
   10.370   1.5448E+01
   10.380   2.6754E+01
   10.390   2.9002E+01
   10.400   2.4475E+01
   10.410   2.2091E+01
   10.420   2.8371E+01
   10.430   4.1245E+01
   10.440   5.3910E+01
   10.450   6.4976E+01
   10.460   7.3950E+01
   10.470   8.0002E+01
   10.480   8.1828E+01
   10.490   7.8797E+01
   10.500   6.8435E+01
   10.510   4.2949E+01
   10.520   8.1603E+00
   10.530  -1.7034E+01
   10.540  -2.5988E+01
   10.550  -1.9678E+01
   10.560  -4.6294E-01
   10.570   2.1858E+01
   10.580   3.4277E+01
   10.590   3.2158E+01
   10.600   1.7855E+01
   10.610   2.8208E-01
   10.620  -9.9413E+00
   10.630  -1.6116E+01
   10.640  -1.7556E+01
   10.650  -1.4392E+01
   10.660  -1.1771E+01
   10.670  -1.3192E+01
   10.680  -1.7775E+01
   10.690  -1.9498E+01
   10.700  -1.5281E+01
   10.710  -1.0430E+01
   10.720  -8.3334E+00
   10.730  -4.4703E+00
   10.740   6.0873E+00
   10.750   2.1073E+01
   10.760   3.8596E+01
   10.770   5.2812E+01
   10.780   5.6920E+01
   10.790   5.6300E+01
   10.800   5.0520E+01
   10.810   3.8568E+01
   10.820   2.9368E+01
   10.830   2.7368E+01
   10.840   3.1508E+01
   10.850   3.6897E+01
   10.860   4.1420E+01
   10.870   4.2245E+01
   10.880   3.4627E+01
   10.890   1.5721E+01
   10.900  -9.7765E+00
   10.910  -2.8731E+01
   10.920  -3.6216E+01
   10.930  -3.7948E+01
   10.940  -3.6436E+01
   10.950  -3.3496E+01
   10.960  -3.1438E+01
   10.970  -3.5341E+01
   10.980  -5.2523E+01
   10.990  -7.7639E+01
   11.000  -9.7404E+01
   11.010  -1.0689E+02
   11.020  -1.0881E+02
   11.030  -1.0333E+02
   11.040  -9.6224E+01
   11.050  -9.4087E+01
   11.060  -9.7056E+01
   11.070  -9.6785E+01
   11.080  -8.5200E+01
   11.090  -6.6086E+01
   11.100  -4.4019E+01
   11.110  -2.2417E+01
   11.120  -1.9942E+00
   11.130   1.8012E+01
   11.140   3.4885E+01
   11.150   4.3898E+01
   11.160   4.1854E+01
   11.170   3.0278E+01
   11.180   1.7702E+01
   11.190   8.7669E+00
   11.200   5.8140E+00
   11.210   8.8977E+00
   11.220   1.6104E+01
   11.230   2.3755E+01
   11.240   2.5290E+01
   11.250   1.7861E+01
   11.260   8.0886E+00
   11.270   9.9184E-01
   11.280  -4.1867E+00
   11.290  -1.4640E+01
   11.300  -2.9928E+01
   11.310  -4.1830E+01
   11.320  -4.7728E+01
   11.330  -4.6547E+01
   11.340  -4.8912E+01
   11.350  -6.3049E+01
   11.360  -8.4320E+01
   11.370  -1.0189E+02
   11.380  -1.1076E+02
   11.390  -1.1221E+02
   11.400  -1.0709E+02
   11.410  -9.9021E+01
   11.420  -8.8553E+01
   11.430  -7.3334E+01
   11.440  -5.8594E+01
   11.450  -4.9693E+01
   11.460  -4.7393E+01
   11.470  -5.0052E+01
   11.480  -5.4261E+01
   11.490  -5.7544E+01
   11.500  -5.8506E+01
   11.510  -5.5640E+01
   11.520  -4.5963E+01
   11.530  -2.6958E+01
   11.540  -2.1794E+00
   11.550   2.1194E+01
   11.560   3.0464E+01
   11.570   2.2745E+01
   11.580   1.0438E+01
   11.590  -9.1244E-01
   11.600  -9.3141E+00
   11.610  -1.0628E+01
   11.620  -6.7756E+00
   11.630  -7.2985E-01
   11.640   4.2211E+00
   11.650   1.1289E+01
   11.660   2.3160E+01
   11.670   3.9775E+01
   11.680   5.6935E+01
   11.690   7.1910E+01
   11.700   8.7283E+01
   11.710   9.9965E+01
   11.720   1.0693E+02
   11.730   1.1050E+02
   11.740   1.0944E+02
   11.750   1.0354E+02
   11.760   9.8475E+01
   11.770   9.9002E+01
   11.780   1.0245E+02
   11.790   1.0345E+02
   11.800   9.4382E+01
   11.810   7.9282E+01
   11.820   6.9035E+01
   11.830   6.6860E+01
   11.840   6.9980E+01
   11.850   7.1978E+01
   11.860   6.7904E+01
   11.870   5.4425E+01
   11.880   3.9149E+01
   11.890   2.9833E+01
   11.900   2.5767E+01
   11.910   2.2226E+01
   11.920   1.2270E+01
   11.930  -6.0210E+00
   11.940  -2.5518E+01
   11.950  -3.7670E+01
   11.960  -4.0464E+01
   11.970  -4.0016E+01
   11.980  -4.3236E+01
   11.990  -4.7081E+01
   12.000  -4.7642E+01
   12.010  -4.3494E+01
   12.020  -3.7266E+01
   12.030  -3.5631E+01
   12.040  -3.6569E+01
   12.050  -3.3399E+01
   12.060  -2.4291E+01
   12.070  -1.1882E+01
   12.080  -3.1853E+00
   12.090  -3.5714E+00
   12.100  -1.4654E+01
   12.110  -2.7268E+01
   12.120  -3.2603E+01
   12.130  -3.0191E+01
   12.140  -2.5323E+01
   12.150  -2.5376E+01
   12.160  -3.3136E+01
   12.170  -4.7311E+01
   12.180  -5.9159E+01
   12.190  -5.8866E+01
   12.200  -4.6579E+01
   12.210  -3.0934E+01
   12.220  -1.5383E+01
   12.230  -1.3318E+00
   12.240   5.2698E+00
   12.250  -5.7356E-01
   12.260  -1.7867E+01
   12.270  -3.9946E+01
   12.280  -5.4088E+01
   12.290  -5.3897E+01
   12.300  -4.2527E+01
   12.310  -2.7599E+01
   12.320  -1.6131E+01
   12.330  -8.3427E+00
   12.340  -1.9324E+00
   12.350   5.1420E-01
   12.360  -1.5662E+00
   12.370  -3.9388E+00
   12.380  -1.3525E+00
   12.390   7.2240E+00
   12.400   1.8604E+01
   12.410   2.8494E+01
   12.420   3.8527E+01
   12.430   4.9455E+01
   12.440   5.7948E+01
   12.450   5.8367E+01
   12.460   4.8320E+01
   12.470   3.1239E+01
   12.480   1.7894E+01
   12.490   1.4039E+01
   12.500   1.4982E+01
   12.510   1.5225E+01
   12.520   1.6224E+01
   12.530   1.6475E+01
   12.540   1.7218E+01
   12.550   2.2573E+01
   12.560   3.0737E+01
   12.570   3.3620E+01
   12.580   3.1381E+01
   12.590   2.9758E+01
   12.600   2.9222E+01
   12.610   2.6653E+01
   12.620   1.9360E+01
   12.630   9.1816E+00
   12.640   1.0187E-01
   12.650  -1.0415E+01
   12.660  -2.5434E+01
   12.670  -4.2240E+01
   12.680  -5.2798E+01
   12.690  -5.2138E+01
   12.700  -4.5916E+01
   12.710  -3.9346E+01
   12.720  -3.2870E+01
   12.730  -2.7542E+01
   12.740  -2.4762E+01
   12.750  -2.0674E+01
   12.760  -1.1846E+01
   12.770   2.5776E+00
   12.780   1.8992E+01
   12.790   3.3073E+01
   12.800   4.6687E+01
   12.810   5.8921E+01
   12.820   6.3578E+01
   12.830   5.9092E+01
   12.840   5.1495E+01
   12.850   4.2092E+01
   12.860   2.7250E+01
   12.870   7.5769E+00
   12.880  -1.1732E+01
   12.890  -2.5852E+01
   12.900  -2.8923E+01
   12.910  -2.2836E+01
   12.920  -1.5277E+01
   12.930  -7.7144E+00
   12.940   2.6620E+00
   12.950   1.3062E+01
   12.960   2.3016E+01
   12.970   3.3371E+01
   12.980   3.9405E+01
   12.990   3.8344E+01
   13.000   3.1496E+01
   13.010   2.3562E+01
   13.020   1.7290E+01
   13.030   1.2962E+01
   13.040   9.3841E+00
   13.050   7.5256E+00
   13.060   8.4983E+00
   13.070   1.0956E+01
   13.080   1.1881E+01
   13.090   9.0117E+00
   13.100   3.4172E+00
   13.110  -4.4911E+00
   13.120  -1.3304E+01
   13.130  -1.9391E+01
   13.140  -2.4325E+01
   13.150  -2.7233E+01
   13.160  -2.6699E+01
   13.170  -2.3265E+01
   13.180  -1.9684E+01
   13.190  -1.9379E+01
   13.200  -2.3543E+01
   13.210  -2.7011E+01
   13.220  -2.5015E+01
   13.230  -2.2332E+01
   13.240  -2.4999E+01
   13.250  -3.2005E+01
   13.260  -3.6578E+01
   13.270  -3.4247E+01
   13.280  -2.6121E+01
   13.290  -1.7283E+01
   13.300  -9.6761E+00
   13.310  -3.4565E+00
   13.320   1.4453E+00
   13.330   5.1185E+00
   13.340   6.3211E+00
   13.350   3.1718E+00
   13.360  -3.5367E+00
   13.370  -1.2187E+01
   13.380  -2.1384E+01
   13.390  -3.2277E+01
   13.400  -4.4906E+01
   13.410  -5.6796E+01
   13.420  -6.3372E+01
   13.430  -6.1687E+01
   13.440  -5.3541E+01
   13.450  -4.2292E+01
   13.460  -3.1054E+01
   13.470  -2.3885E+01
   13.480  -2.1272E+01
   13.490  -2.0702E+01
   13.500  -1.5308E+01
   13.510  -5.9745E+00
   13.520  -4.2873E-04
   13.530   2.4410E+00
   13.540   3.9404E+00
   13.550   6.9875E+00
   13.560   1.2268E+01
   13.570   1.7990E+01
   13.580   2.4417E+01
   13.590   2.9494E+01
   13.600   3.0516E+01
   13.610   2.7269E+01
   13.620   2.1373E+01
   13.630   1.5238E+01
   13.640   9.5740E+00
   13.650   7.1674E+00
   13.660   9.0612E+00
   13.670   1.1655E+01
   13.680   9.8545E+00
   13.690   3.5398E+00
   13.700  -5.8984E+00
   13.710  -1.7801E+01
   13.720  -2.8500E+01
   13.730  -3.7617E+01
   13.740  -4.5905E+01
   13.750  -5.1322E+01
   13.760  -5.2563E+01
   13.770  -5.1882E+01
   13.780  -4.8892E+01
   13.790  -4.4740E+01
   13.800  -4.2769E+01
   13.810  -4.0445E+01
   13.820  -3.5033E+01
   13.830  -2.7585E+01
   13.840  -1.9302E+01
   13.850  -1.1801E+01
   13.860  -6.8610E+00
   13.870  -4.5906E+00
   13.880  -2.7196E+00
   13.890   4.1394E-01
   13.900   3.3832E+00
   13.910   4.4563E+00
   13.920   5.6664E+00
   13.930   7.2120E+00
   13.940   8.3157E+00
   13.950   9.9006E+00
   13.960   1.2086E+01
   13.970   1.3286E+01
   13.980   1.3766E+01
   13.990   1.3653E+01
   14.000   1.2603E+01
   14.010   1.0160E+01
   14.020   7.1603E+00
   14.030   5.0408E+00
   14.040   3.7121E+00
   14.050   1.6520E+00
   14.060  -9.8092E-01
   14.070  -3.8537E+00
   14.080  -5.4782E+00
   14.090  -4.0597E+00
   14.100   3.9311E-01
   14.110   1.0013E+01
   14.120   2.2323E+01
   14.130   3.2225E+01
   14.140   4.0364E+01
   14.150   4.6374E+01
   14.160   4.7249E+01
   14.170   4.3337E+01
   14.180   3.6883E+01
   14.190   3.1009E+01
   14.200   2.7394E+01
   14.210   2.5962E+01
   14.220   2.5403E+01
   14.230   2.4872E+01
   14.240   2.4910E+01
   14.250   2.6789E+01
   14.260   3.1086E+01
   14.270   3.3059E+01
   14.280   2.9492E+01
   14.290   2.4689E+01
   14.300   2.2772E+01
   14.310   2.1892E+01
   14.320   1.7535E+01
   14.330   9.0551E+00
   14.340  -9.8259E-01
   14.350  -6.4893E+00
   14.360  -7.2996E+00
   14.370  -1.0676E+01
   14.380  -1.9054E+01
   14.390  -2.8761E+01
   14.400  -3.3343E+01
   14.410  -2.8648E+01
   14.420  -1.9483E+01
   14.430  -1.3048E+01
   14.440  -1.1106E+01
   14.450  -1.0422E+01
   14.460  -8.2172E+00
   14.470  -5.8724E+00
   14.480  -4.8591E+00
   14.490  -7.1138E+00
   14.500  -1.4234E+01
   14.510  -2.4648E+01
   14.520  -3.1861E+01
   14.530  -3.2212E+01
   14.540  -2.5856E+01
   14.550  -1.3124E+01
   14.560   1.4075E+00
   14.570   1.4477E+01
   14.580   2.2292E+01
   14.590   2.3013E+01
   14.600   1.9671E+01
   14.610   1.5663E+01
   14.620   1.2625E+01
   14.630   9.9573E+00
   14.640   6.9260E+00
   14.650   2.9822E+00
   14.660  -2.5262E+00
   14.670  -8.5300E+00
   14.680  -1.1637E+01
   14.690  -1.0796E+01
   14.700  -8.7710E+00
   14.710  -8.2609E+00
   14.720  -1.0606E+01
   14.730  -1.5097E+01
   14.740  -1.8740E+01
   14.750  -1.7692E+01
   14.760  -1.2516E+01
   14.770  -7.0746E+00
   14.780  -1.4268E+00
   14.790   4.2840E+00
   14.800   8.0455E+00
   14.810   8.8680E+00
   14.820   7.3994E+00
   14.830   4.4219E+00
   14.840   1.2458E+00
   14.850  -1.7293E+00
   14.860  -3.3459E+00
   14.870  -1.8240E+00
   14.880   1.8470E+00
   14.890   4.9805E+00
   14.900   6.9455E+00
   14.910   8.5446E+00
   14.920   9.4663E+00
   14.930   9.1788E+00
   14.940   8.4226E+00
   14.950   6.1142E+00
   14.960   2.4923E+00
   14.970  -1.3666E+00
   14.980  -5.5536E+00
   14.990  -7.2811E+00
   15.000  -3.6402E+00
   15.010   3.2861E+00
   15.020   9.0245E+00
   15.030   9.8440E+00
   15.040   4.6902E+00
   15.050  -3.4362E+00
   15.060  -9.5442E+00
   15.070  -1.1905E+01
   15.080  -1.0224E+01
   15.090  -4.6734E+00
   15.100   2.7313E+00
   15.110   7.8022E+00
   15.120   8.5391E+00
   15.130   6.5311E+00
   15.140   6.0158E+00
   15.150   8.0186E+00
   15.160   9.8506E+00
   15.170   1.1324E+01
   15.180   1.3395E+01
   15.190   1.4890E+01
   15.200   1.6034E+01
   15.210   1.8297E+01
   15.220   2.0024E+01
   15.230   1.9358E+01
   15.240   1.4500E+01
   15.250   5.9017E+00
   15.260  -2.3722E+00
   15.270  -7.5337E+00
   15.280  -9.8803E+00
   15.290  -9.9781E+00
   15.300  -9.0684E+00
   15.310  -8.6794E+00
   15.320  -9.1793E+00
   15.330  -9.4333E+00
   15.340  -7.6101E+00
   15.350  -3.7650E+00
   15.360  -2.8670E-01
   15.370   1.5084E+00
   15.380   2.1400E+00
   15.390   2.4363E+00
   15.400   2.0062E+00
   15.410   4.4725E-01
   15.420  -1.8344E+00
   15.430  -2.7709E+00
   15.440  -1.7372E+00
   15.450  -7.3743E-01
   15.460  -1.5533E+00
   15.470  -3.4393E+00
   15.480  -4.7132E+00
   15.490  -5.4085E+00
   15.500  -5.5511E+00
   15.510  -2.7958E+00
   15.520   2.0558E+00
   15.530   4.7736E+00
   15.540   4.1268E+00
   15.550   1.5717E+00
   15.560  -3.0039E+00
   15.570  -8.4142E+00
   15.580  -1.2900E+01
   15.590  -1.5738E+01
   15.600  -1.6907E+01
   15.610  -1.6065E+01
   15.620  -1.3541E+01
   15.630  -1.0940E+01
   15.640  -1.0333E+01
   15.650  -1.1186E+01
   15.660  -1.1200E+01
   15.670  -1.0745E+01
   15.680  -9.5735E+00
   15.690  -8.0142E+00
   15.700  -7.1283E+00
   15.710  -6.4152E+00
   15.720  -5.2501E+00
   15.730  -3.4077E+00
   15.740  -6.9603E-01
   15.750   1.9311E+00
   15.760   3.5617E+00
   15.770   4.6025E+00
   15.780   6.3150E+00
   15.790   9.7847E+00
   15.800   1.1987E+01
   15.810   9.9379E+00
   15.820   3.8918E+00
   15.830  -3.9311E+00
   15.840  -1.1249E+01
   15.850  -1.6504E+01
   15.860  -1.8994E+01
   15.870  -1.8866E+01
   15.880  -1.6638E+01
   15.890  -1.3517E+01
   15.900  -9.8361E+00
   15.910  -4.3381E+00
   15.920   2.5632E+00
   15.930   8.7254E+00
   15.940   1.2618E+01
   15.950   1.3201E+01
   15.960   1.0636E+01
   15.970   6.5334E+00
   15.980   2.7370E+00
   15.990   3.3563E-01
   16.000  -1.3778E+00
   16.010  -2.8277E+00
   16.020  -3.2660E+00
   16.030  -2.6472E+00
   16.040  -1.5120E+00
   16.050  -2.6120E-01
   16.060   1.6464E+00
   16.070   4.3777E+00
   16.080   6.7229E+00
   16.090   7.2891E+00
   16.100   6.0076E+00
   16.110   3.4926E+00
   16.120   4.2473E-01
   16.130  -2.4469E+00
   16.140  -4.7854E+00
   16.150  -6.1496E+00
   16.160  -6.1584E+00
   16.170  -4.9890E+00
   16.180  -3.1415E+00
   16.190  -9.4346E-01
   16.200   1.2883E+00
   16.210   3.6479E+00
   16.220   6.1500E+00
   16.230   8.6555E+00
   16.240   1.1057E+01
   16.250   1.2899E+01
   16.260   1.3410E+01
   16.270   1.2257E+01
   16.280   9.8007E+00
   16.290   6.9910E+00
   16.300   3.8105E+00
   16.310   4.7561E-02
   16.320  -3.2992E+00
   16.330  -5.0748E+00
   16.340  -5.3192E+00
   16.350  -4.6348E+00
   16.360  -3.7007E+00
   16.370  -2.9154E+00
   16.380  -2.2508E+00
   16.390  -1.7387E+00
   16.400  -1.2905E+00
   16.410  -6.9931E-01
   16.420   2.4542E-01
   16.430   1.0704E+00
   16.440   1.1451E+00
   16.450   7.5969E-01
   16.460   4.6630E-01
   16.470   1.0413E+00
   16.480   2.9857E+00
   16.490   5.1800E+00
   16.500   6.1356E+00
   16.510   5.8350E+00
   16.520   4.6120E+00
   16.530   2.6593E+00
   16.540   3.7424E-01
   16.550  -1.7619E+00
   16.560  -3.4573E+00
   16.570  -4.5925E+00
   16.580  -4.7604E+00
   16.590  -4.4946E+00
   16.600  -4.4974E+00
   16.610  -4.6198E+00
   16.620  -4.2067E+00
   16.630  -3.3839E+00
   16.640  -2.6003E+00
   16.650  -1.6709E+00
   16.660  -7.9634E-02
   16.670   1.6346E+00
   16.680   2.7030E+00
   16.690   2.8526E+00
   16.700   2.3986E+00
   16.710   2.0980E+00
   16.720   2.3919E+00
   16.730   3.2241E+00
   16.740   3.9797E+00
   16.750   4.4782E+00
   16.760   5.1377E+00
   16.770   6.0817E+00
   16.780   6.7808E+00
   16.790   6.8071E+00
   16.800   5.9319E+00
   16.810   4.2844E+00
   16.820   2.5038E+00
   16.830   1.0827E+00
   16.840   6.0483E-01
   16.850   1.0699E+00
   16.860   2.2822E+00
   16.870   4.0777E+00
   16.880   5.8141E+00
   16.890   6.7444E+00
   16.900   6.5407E+00
   16.910   5.5199E+00
   16.920   3.9944E+00
   16.930   2.1154E+00
   16.940   5.7297E-01
   16.950   2.7109E-02
   16.960   4.9954E-01
   16.970   1.5021E+00
   16.980   2.0433E+00
   16.990   1.4375E+00
   17.000   2.4483E-01
   17.010  -6.5086E-01
   17.020  -7.9965E-01
   17.030  -1.0201E-01
   17.040   1.4444E+00
   17.050   3.4212E+00
   17.060   5.1703E+00
   17.070   6.6663E+00
   17.080   7.9555E+00
   17.090   8.8071E+00
   17.100   9.0384E+00
   17.110   8.5344E+00
   17.120   7.2957E+00
   17.130   5.5467E+00
   17.140   3.6685E+00
   17.150   1.6802E+00
   17.160  -1.9504E-01
   17.170  -1.4841E+00
   17.180  -2.1812E+00
   17.190  -2.3453E+00
   17.200  -1.8795E+00
   17.210  -5.5976E-01
   17.220   1.2095E+00
   17.230   2.7694E+00
   17.240   3.4799E+00
   17.250   2.9391E+00
   17.260   1.6215E+00
   17.270   4.3803E-01
   17.280   1.3859E-01
   17.290   8.0067E-01
   17.300   1.7220E+00
   17.310   1.9508E+00
   17.320   1.3863E+00
   17.330   9.9361E-01
   17.340   1.6362E+00
   17.350   3.2021E+00
   17.360   4.8933E+00
   17.370   5.8669E+00
   17.380   5.8311E+00
   17.390   4.9204E+00
   17.400   3.5623E+00
   17.410   2.0599E+00
   17.420   6.8993E-01
   17.430  -5.6862E-01
   17.440  -1.5914E+00
   17.450  -1.9636E+00
   17.460  -1.5105E+00
   17.470  -1.0160E+00
   17.480  -1.0579E+00
   17.490  -1.5674E+00
   17.500  -2.1770E+00
   17.510  -2.3875E+00
   17.520  -2.0803E+00
   17.530  -1.3778E+00
   17.540  -6.0474E-01
   17.550   1.2954E-01
   17.560   1.0602E+00
   17.570   1.9108E+00
   17.580   2.3756E+00
   17.590   2.3679E+00
   17.600   2.1053E+00
   17.610   1.7697E+00
   17.620   1.3719E+00
   17.630   8.1351E-01
   17.640   2.6720E-01
   17.650  -1.5985E-01
   17.660  -6.6074E-01
   17.670  -1.2082E+00
   17.680  -1.4066E+00
   17.690  -9.7886E-01
   17.700  -2.7511E-01
   17.710   2.2769E-01
   17.720   3.2471E-01
   17.730   1.6646E-01
   17.740   7.1937E-02
   17.750   3.8540E-01
   17.760   1.1788E+00
   17.770   2.2282E+00
   17.780   3.1023E+00
   17.790   3.5192E+00
   17.800   3.3785E+00
   17.810   2.9727E+00
   17.820   2.7300E+00
   17.830   2.7822E+00
   17.840   2.9387E+00
   17.850   3.0067E+00
   17.860   2.9101E+00
   17.870   2.6930E+00
   17.880   2.5188E+00
   17.890   2.3935E+00
   17.900   2.2541E+00
   17.910   2.2534E+00
   17.920   2.3576E+00
   17.930   2.4413E+00
   17.940   2.4316E+00
   17.950   2.2341E+00
   17.960   1.9837E+00
   17.970   1.7217E+00
   17.980   1.3187E+00
   17.990   9.5502E-01
   18.000   6.8405E-01
   18.010   4.0682E-01
   18.020   1.3099E-01
   18.030  -1.2727E-01
   18.040  -2.3495E-01
   18.050  -1.7188E-01
   18.060  -8.2519E-02
   18.070  -1.0361E-01
   18.080  -2.1188E-01
   18.090  -3.0957E-01
   18.100  -4.2855E-01
   18.110  -6.3838E-01
   18.120  -9.1208E-01
   18.130  -1.1919E+00
   18.140  -1.4007E+00
   18.150  -1.4274E+00
   18.160  -1.3091E+00
   18.170  -1.1783E+00
   18.180  -1.0995E+00
   18.190  -1.0137E+00
   18.200  -8.6576E-01
   18.210  -6.7789E-01
   18.220  -5.3092E-01
   18.230  -5.1005E-01
   18.240  -6.3776E-01
   18.250  -8.2325E-01
   18.260  -9.4884E-01
   18.270  -9.9625E-01
   18.280  -9.6029E-01
   18.290  -8.4722E-01
   18.300  -6.4173E-01
   18.310  -3.3136E-01
   18.320   5.2130E-03
   18.330   2.8969E-01
   18.340   4.2416E-01
   18.350   3.0203E-01
   18.360  -6.6617E-02
   18.370  -4.9350E-01
   18.380  -7.9668E-01
   18.390  -9.2020E-01
   18.400  -8.9910E-01
   18.410  -7.9210E-01
   18.420  -6.4823E-01
   18.430  -5.1938E-01
   18.440  -4.1886E-01
   18.450  -3.4963E-01
   18.460  -3.2341E-01
   18.470  -3.5757E-01
   18.480  -4.5852E-01
   18.490  -6.0326E-01
   18.500  -7.2285E-01
   18.510  -7.6874E-01
   18.520  -7.1699E-01
   18.530  -5.7784E-01
   18.540  -3.7454E-01
   18.550  -8.7269E-02
   18.560   2.4644E-01
   18.570   5.1530E-01
   18.580   6.3176E-01
   18.590   5.9434E-01
   18.600   4.3355E-01
   18.610   1.8031E-01
   18.620  -1.0440E-01
   18.630  -3.5490E-01
   18.640  -4.7448E-01
   18.650  -3.8644E-01
   18.660  -1.2490E-01
   18.670   1.7359E-01
   18.680   3.5972E-01
   18.690   3.6852E-01
   18.700   2.8398E-01
   18.710   2.1378E-01
   18.720   1.7073E-01
   18.730   8.4434E-02
   18.740  -9.6238E-02
   18.750  -3.5307E-01
   18.760  -6.5981E-01
   18.770  -9.9369E-01
   18.780  -1.2539E+00
   18.790  -1.3394E+00
   18.800  -1.2204E+00
   18.810  -9.6353E-01
   18.820  -7.3247E-01
   18.830  -6.0657E-01
   18.840  -5.8191E-01
   18.850  -6.5740E-01
   18.860  -7.8054E-01
   18.870  -8.5070E-01
   18.880  -8.4043E-01
   18.890  -8.0120E-01
   18.900  -7.7011E-01
   18.910  -7.6045E-01
   18.920  -7.6210E-01
   18.930  -7.3597E-01
   18.940  -6.6759E-01
   18.950  -5.9181E-01
   18.960  -5.6568E-01
   18.970  -6.1981E-01
   18.980  -7.1321E-01
   18.990  -7.9808E-01
   19.000  -8.8225E-01
   19.010  -9.9696E-01
   19.020  -1.1173E+00
   19.030  -1.2191E+00
   19.040  -1.3313E+00
   19.050  -1.4816E+00
   19.060  -1.6383E+00
   19.070  -1.7334E+00
   19.080  -1.7203E+00
   19.090  -1.6009E+00
   19.100  -1.4053E+00
   19.110  -1.1597E+00
   19.120  -8.8647E-01
   19.130  -6.0664E-01
   19.140  -3.4205E-01
   19.150  -1.4032E-01
   19.160  -3.6308E-02
   19.170  -5.2164E-03
   19.180   1.8347E-02
   19.190   7.3067E-02
   19.200   1.3918E-01
   19.210   1.7649E-01
   19.220   1.6717E-01
   19.230   1.2411E-01
   19.240   9.2774E-02
   19.250   1.0296E-01
   19.260   1.4692E-01
   19.270   1.9653E-01
   19.280   2.4567E-01
   19.290   2.8428E-01
   19.300   2.7431E-01
   19.310   1.9529E-01
   19.320   7.9939E-02
   19.330  -2.9594E-02
   19.340  -1.4833E-01
   19.350  -3.0455E-01
   19.360  -4.7108E-01
   19.370  -5.8539E-01
   19.380  -5.9569E-01
   19.390  -5.0138E-01
   19.400  -3.0923E-01
   19.410  -4.4854E-02
   19.420   2.4350E-01
   19.430   4.9297E-01
   19.440   6.3171E-01
   19.450   6.2618E-01
   19.460   4.8608E-01
   19.470   2.9508E-01
   19.480   1.5743E-01
   19.490   8.7721E-02
   19.500   5.3271E-02
   19.510   2.8137E-02
   19.520   6.7614E-03
   19.530  -3.5894E-02
   19.540  -1.4055E-01
   19.550  -2.8653E-01
   19.560  -4.2432E-01
   19.570  -5.2709E-01
   19.580  -5.9154E-01
   19.590  -6.0919E-01
   19.600  -5.7351E-01
   19.610  -5.1136E-01
   19.620  -4.8049E-01
   19.630  -5.2735E-01
   19.640  -6.1275E-01
   19.650  -6.6103E-01
   19.660  -6.4540E-01
   19.670  -6.0857E-01
   19.680  -6.1160E-01
   19.690  -6.8859E-01
   19.700  -8.2186E-01
   19.710  -9.4848E-01
   19.720  -9.9882E-01
   19.730  -9.4394E-01
   19.740  -8.0311E-01
   19.750  -6.1298E-01
   19.760  -4.0258E-01
   19.770  -2.0070E-01
   19.780  -5.8022E-02
   19.790  -1.5827E-02
   19.800  -6.2955E-02
   19.810  -1.2622E-01
   19.820  -1.3518E-01
   19.830  -7.1954E-02
   19.840   2.5166E-02
   19.850   9.1699E-02
   19.860   8.9325E-02
   19.870   4.3192E-02
   19.880   2.8310E-03
   19.890  -3.7696E-04
   19.900   2.9306E-02
   19.910   3.8962E-02
   19.920  -4.4199E-02
   19.930  -2.3434E-01
   19.940  -4.5881E-01
   19.950  -6.2677E-01
   19.960  -6.9774E-01
   19.970  -6.7569E-01
   19.980  -5.7481E-01
   19.990  -4.1515E-01
   20.000  -2.2642E-01
   20.010  -2.8750E-02
   20.020   1.6579E-01
   20.030   3.3606E-01
   20.040   4.5804E-01
   20.050   5.1438E-01
   20.060   5.0820E-01
   20.070   4.7640E-01
   20.080   4.4496E-01
   20.090   3.9123E-01
   20.100   2.7968E-01
   20.110   1.0422E-01
   20.120  -1.0394E-01
   20.130  -2.9660E-01
   20.140  -4.2065E-01
   20.150  -4.4320E-01
   20.160  -3.7900E-01
   20.170  -2.7776E-01
   20.180  -2.0035E-01
   20.190  -2.0144E-01
   20.200  -3.2187E-01
   20.210  -5.5114E-01
   20.220  -8.0976E-01
   20.230  -9.9488E-01
   20.240  -1.0383E+00
   20.250  -9.3373E-01
   20.260  -7.3660E-01
   20.270  -5.3628E-01
   20.280  -3.9025E-01
   20.290  -2.8718E-01
   20.300  -1.9185E-01
   20.310  -8.5039E-02
   20.320   1.4515E-02
   20.330   6.7931E-02
   20.340   4.9870E-02
   20.350  -3.4742E-02
   20.360  -1.4035E-01
   20.370  -2.2770E-01
   20.380  -2.8873E-01
   20.390  -3.3325E-01
   20.400  -3.7591E-01
   20.410  -4.2653E-01
   20.420  -4.8318E-01
   20.430  -5.2910E-01
   20.440  -5.4486E-01
   20.450  -5.2330E-01
   20.460  -4.7827E-01
   20.470  -4.2774E-01
   20.480  -3.8216E-01
   20.490  -3.5025E-01
   20.500  -3.2585E-01
   20.510  -2.8240E-01
   20.520  -1.8973E-01
   20.530  -4.6186E-02
   20.540   1.1467E-01
   20.550   2.5279E-01
   20.560   3.2170E-01
   20.570   2.8798E-01
   20.580   1.6066E-01
   20.590  -1.7555E-02
   20.600  -1.7955E-01
   20.610  -1.7381E-01
   20.620  -1.3767E-01
   20.630   2.7431E-02
   20.640   2.6445E-01
   20.650   4.8623E-01
   20.660   6.1857E-01
   20.670   6.2710E-01
   20.680   5.1767E-01
   20.690   3.3226E-01
   20.700   1.3564E-01
   20.710  -4.4326E-03
   20.720  -5.6321E-02
   20.730  -2.3564E-02
   20.740   7.7296E-02
   20.750   2.2348E-01
   20.760   4.0313E-01
   20.770   5.8498E-01
   20.780   7.1786E-01
   20.790   7.3585E-01
   20.800   5.9759E-01
   20.810   3.1961E-01
   20.820  -2.7283E-02
   20.830  -3.4656E-01
   20.840  -5.5244E-01
   20.850  -6.0253E-01
   20.860  -5.2931E-01
   20.870  -2.9443E-01
   20.880  -2.7980E-02
   20.890   1.7749E-01
   20.900   2.6082E-01
   20.910   2.0890E-01
   20.920   4.6089E-02
   20.930  -1.8466E-01
   20.940  -4.3105E-01
   20.950  -6.4850E-01
   20.960  -8.3194E-01
   20.970  -9.2087E-01
   20.980  -9.3725E-01
   20.990  -8.7798E-01
   21.000  -7.2300E-01
   21.010  -4.6323E-01
   21.020  -1.4409E-01
   21.030   1.4995E-01
   21.040   3.5283E-01
   21.050   4.3909E-01
   21.060   4.1632E-01
   21.070   3.2008E-01
   21.080   2.1043E-01
   21.090   1.5236E-01
   21.100   1.6434E-01
   21.110   2.0104E-01
   21.120   1.9686E-01
   21.130   1.1394E-01
   21.140  -3.8717E-02
   21.150  -2.2224E-01
   21.160  -3.8434E-01
   21.170  -4.6890E-01
   21.180  -4.3887E-01
   21.190  -2.8606E-01
   21.200  -5.1221E-02
   21.210   1.9058E-01
   21.220   3.8444E-01
   21.230   5.2382E-01
   21.240   6.4664E-01
   21.250   7.9095E-01
   21.260   9.3602E-01
   21.270   1.0068E+00
   21.280   9.2936E-01
   21.290   6.9011E-01
   21.300   3.5064E-01
   21.310  -1.6127E-02
   21.320  -2.7103E-01
   21.330  -3.7952E-01
   21.340  -3.1397E-01
   21.350  -9.4768E-02
   21.360   1.9955E-01
   21.370   4.6479E-01
   21.380   6.2716E-01
   21.390   6.6526E-01
   21.400   5.8686E-01
   21.410   4.0471E-01
   21.420   1.3996E-01
   21.430  -1.7138E-01
   21.440  -4.9108E-01
   21.450  -7.8703E-01
   21.460  -1.0180E+00
   21.470  -1.1281E+00
   21.480  -1.0849E+00
   21.490  -9.2000E-01
   21.500  -7.0763E-01
   21.510  -5.3944E-01
   21.520  -3.0581E-01
   21.530   7.7163E-03
   21.540   2.7600E-01
   21.550   4.5637E-01
   21.560   4.9856E-01
   21.570   4.6451E-01
   21.580   3.6604E-01
   21.590   2.8279E-01
   21.600   2.3777E-01
   21.610   2.3468E-01
   21.620   1.3325E-02
   21.630   4.8184E-02
   21.640   1.4362E-02
   21.650  -1.1610E-01
   21.660  -3.1647E-01
   21.670  -5.2258E-01
   21.680  -6.7290E-01
   21.690  -7.3778E-01
   21.700  -7.2523E-01
   21.710  -6.6642E-01
   21.720  -5.8848E-01
   21.730  -4.9180E-01
   21.740  -3.5494E-01
   21.750  -1.6564E-01
   21.760   1.0800E-01
   21.770   3.0081E-01
   21.780   4.4464E-01
   21.790   5.1666E-01
   21.800   4.7838E-01
   21.810   2.4198E-01
   21.820   1.3159E-01
   21.830   3.5014E-02
   21.840  -4.0857E-02
   21.850  -1.0449E-01
   21.860  -1.4904E-01
   21.870  -1.5072E-01
   21.880  -1.0256E-01
   21.890  -3.1657E-02
   21.900   2.6295E-02
   21.910   5.6594E-02
   21.920   6.1135E-02
   21.930   2.4229E-02
   21.940  -2.7124E-02
   21.950  -1.1205E-01
   21.960  -2.1797E-01
   21.970  -3.8818E-01
   21.980  -4.8516E-01
   21.990  -5.5911E-01
   22.000  -6.6984E-01
   22.010  -6.4356E-01
   22.020  -6.4178E-01
   22.030  -5.8846E-01
   22.040  -5.3318E-01
   22.050  -6.0036E-01
   22.060  -6.6739E-01
   22.070  -6.7968E-01
   22.080  -6.1768E-01
   22.090  -4.9984E-01
   22.100  -3.2481E-01
   22.110  -2.4634E-01
   22.120  -2.0900E-01
   22.130  -2.1380E-01
   22.140  -3.7868E-01
   22.150  -6.2964E-01
   22.160  -8.6082E-01
   22.170  -9.9400E-01
   22.180  -9.6386E-01
   22.190  -7.6690E-01
   22.200  -4.5789E-01
   22.210  -1.1218E-01
   22.220   2.0771E-01
   22.230   4.5677E-01
   22.240   6.0248E-01
   22.250   6.3546E-01
   22.260   5.8085E-01
   22.270   4.5169E-01
   22.280   3.5383E-01
   22.290   2.7271E-01
   22.300   2.2317E-01
   22.310   2.5168E-01
   22.320   1.9689E-01
   22.330   2.1750E-01
   22.340   2.2205E-01
   22.350   1.9522E-01
   22.360   1.2798E-01
   22.370   3.0183E-02
   22.380  -5.6341E-02
   22.390  -7.9232E-02
   22.400  -6.6918E-02
   22.410   1.8827E-02
   22.420   1.0149E-01
   22.430   1.4194E-01
   22.440   2.8327E-02
   22.450  -3.0917E-02
   22.460  -6.6368E-02
   22.470  -9.1117E-02
   22.480  -8.1658E-02
   22.490  -3.8063E-02
   22.500   2.9341E-02
   22.510   1.0959E-01
   22.520   2.0261E-01
   22.530   2.3837E-01
   22.540   2.1558E-01
   22.550   1.3710E-01
   22.560   1.9109E-02
   22.570  -1.2077E-01
   22.580  -2.5880E-01
   22.590  -3.6651E-01
   22.600  -4.3088E-01
   22.610  -4.6292E-01
   22.620  -4.7513E-01
   22.630  -4.6078E-01
   22.640  -4.0711E-01
   22.650  -3.1621E-01
   22.660  -1.5032E-01
   22.670   1.1939E-02
   22.680   2.2452E-01
   22.690   2.6108E-01
   22.700   4.1368E-01
   22.710   4.6819E-01
   22.720   3.6388E-01
   22.730   1.4011E-01
   22.740  -1.5261E-01
   22.750  -4.2005E-01
   22.760  -5.7502E-01
   22.770  -5.7794E-01
   22.780  -4.3969E-01
   22.790  -2.0256E-01
   22.800   7.0946E-02
   22.810   2.8996E-01
   22.820   4.7139E-01
   22.830   5.8902E-01
   22.840   6.7958E-01
   22.850   8.3662E-01
   22.860   9.1950E-01
   22.870   9.8372E-01
   22.880   1.0231E+00
   22.890   1.0512E+00
   22.900   1.0501E+00
   22.910   1.0182E+00
   22.920   9.5540E-01
   22.930   8.5792E-01
   22.940   7.2034E-01
   22.950   5.4527E-01
   22.960   3.6593E-01
   22.970   2.3125E-01
   22.980  -2.4539E-03
   22.990   4.4912E-03
   23.000   5.9767E-02
   23.010   1.3461E-01
   23.020   2.2960E-01
   23.030   3.4935E-01
   23.040   5.0198E-01
   23.050   6.8836E-01
   23.060   8.2624E-01
   23.070   8.8429E-01
   23.080   8.3707E-01
   23.090   7.5419E-01
   23.100   6.3717E-01
   23.110   5.3453E-01
   23.120   5.6988E-01
   23.130   4.9566E-01
   23.140   3.7891E-01
   23.150   2.4999E-01
   23.160   1.5182E-01
   23.170   1.0563E-01
   23.180   1.0600E-01
   23.190   1.1774E-01
   23.200   1.0688E-01
   23.210   6.5788E-02
   23.220  -1.5284E-01
   23.230  -2.0061E-01
   23.240  -2.4960E-01
   23.250  -3.0371E-01
   23.260  -3.4809E-01
   23.270  -3.5959E-01
   23.280  -3.3545E-01
   23.290  -2.8694E-01
   23.300  -2.9360E-01
   23.310  -4.8844E-01
   23.320  -4.9582E-01
   23.330  -5.0251E-01
   23.340  -4.1322E-01
   23.350  -2.4656E-01
   23.360   3.1239E-03
   23.370   3.0269E-01
   23.380   5.8813E-01
   23.390   7.6121E-01
   23.400   8.2155E-01
   23.410   7.3560E-01
   23.420   5.9717E-01
   23.430   4.6753E-01
   23.440   3.8042E-01
   23.450   3.3795E-01
   23.460   3.3755E-01
   23.470   3.8976E-01
   23.480   4.1585E-01
   23.490   4.2182E-01
   23.500   6.1833E-01
   23.510   5.7944E-01
   23.520   4.8896E-01
   23.530   3.9414E-01
   23.540   2.7961E-01
   23.550   1.9383E-01
   23.560   7.9584E-02
   23.570   3.8183E-02
   23.580  -5.9384E-02
   23.590  -2.5808E-01
   23.600  -5.4636E-01
   23.610  -7.1994E-01
   23.620  -9.7444E-01
   23.630  -1.1292E+00
   23.640  -1.1683E+00
   23.650  -1.1160E+00
   23.660  -1.0189E+00
   23.670  -9.2322E-01
   23.680  -8.6597E-01
   23.690  -8.4553E-01
   23.700  -7.4510E-01
   23.710  -7.2195E-01
   23.720  -6.2621E-01
   23.730  -4.8236E-01
   23.740  -3.3624E-01
   23.750  -2.3673E-01
   23.760  -2.1601E-01
   23.770  -2.0959E-01
   23.780  -3.6538E-01
   23.790  -5.4346E-01
   23.800  -6.6338E-01
   23.810  -5.4040E-01
   23.820  -3.9708E-01
   23.830  -1.9579E-01
   23.840   4.7708E-02
   23.850   2.8853E-01
   23.860   5.2671E-01
   23.870   5.7212E-01
   23.880   2.6624E-01
   23.890   1.4726E-01
   23.900  -5.6224E-02
   23.910  -2.2790E-01
   23.920  -3.5745E-01
   23.930  -4.1473E-01
   23.940  -4.5012E-01
   23.950  -4.7612E-01
   23.960  -4.8306E-01
   23.970  -4.6366E-01
   23.980  -4.1363E-01
   23.990  -3.4450E-01
   24.000  -2.6366E-01
   24.010  -1.7687E-01
   24.020  -6.9809E-02
   24.030   3.6373E-02
   24.040   1.2714E-01
   24.050   9.6892E-02
   24.060   1.2808E-01
   24.070   1.0926E-01
   24.080   2.8608E-02
   24.090  -9.0729E-02
   24.100  -2.7894E-01
   24.110  -3.8956E-01
   24.120  -4.5146E-01
   24.130  -4.3398E-01
   24.140  -3.3214E-01
   24.150  -2.1962E-01
   24.160  -1.4112E-01
   24.170  -1.1369E-01
   24.180  -1.0777E-01
   24.190  -5.0084E-02
   24.200   1.5662E-02
   24.210   2.0924E-02
   24.220   1.2008E-01
   24.230   1.9002E-01
   24.240   2.0325E-01
   24.250   1.5603E-01
   24.260   7.5943E-02
   24.270   5.7983E-03
   24.280  -1.7200E-03
   24.290   7.2771E-02
   24.300   1.0903E-01
   24.310   3.1149E-01
   24.320   5.2188E-01
   24.330   6.9575E-01
   24.340   8.0118E-01
   24.350   8.1948E-01
   24.360   7.4617E-01
   24.370   5.9798E-01
   24.380   4.0703E-01
   24.390   2.3426E-01
   24.400   9.3869E-02
   24.410   1.6495E-03
   24.420  -1.6101E-02
   24.430  -7.4690E-02
   24.440  -1.7174E-01
   24.450  -2.7496E-01
   24.460  -3.7103E-01
   24.470  -4.3547E-01
   24.480  -4.3232E-01
   24.490  -3.7058E-01
   24.500  -2.7598E-01
   24.510  -1.9603E-01
   24.520  -1.9002E-01
   24.530  -1.5842E-01
   24.540  -1.2614E-01
   24.550  -8.1321E-02
   24.560  -2.4218E-02
   24.570   3.7518E-02
   24.580   9.7779E-02
   24.590   1.5162E-01
   24.600   1.9156E-01
   24.610   2.1291E-01
   24.620   2.3574E-01
   24.630   3.6108E-01
   24.640   3.8214E-01
   24.650   4.0061E-01
   24.660   4.2401E-01
   24.670   4.6785E-01
   24.680   4.9782E-01
   24.690   5.3179E-01
   24.700   5.5624E-01
   24.710   5.6874E-01
   24.720   5.6295E-01
   24.730   5.3985E-01
   24.740   4.9621E-01
   24.750   4.6631E-01
   24.760   4.8018E-01
   24.770   5.2885E-01
   24.780   5.8828E-01
   24.790   5.8932E-01
   24.800   4.6305E-01
   24.810   5.6577E-01
   24.820   6.2971E-01
   24.830   6.4963E-01
   24.840   6.3048E-01
   24.850   5.8375E-01
   24.860   5.2943E-01
   24.870   4.8836E-01
   24.880   4.5730E-01
   24.890   4.5319E-01
   24.900   4.5227E-01
   24.910   6.0898E-01
   24.920   6.3555E-01
   24.930   6.5548E-01
   24.940   4.2968E-01
   24.950   4.1214E-01
   24.960   3.8533E-01
   24.970   3.4328E-01
   24.980   2.8761E-01
   24.990   2.2602E-01
   25.000   1.6443E-01
   25.010   1.2580E-02
   25.020  -7.6710E-02
   25.030  -1.8999E-01
   25.040  -3.7788E-01
   25.050  -4.7016E-01
   25.060  -5.4223E-01
   25.070  -5.4584E-01
   25.080  -4.8553E-01
   25.090  -3.9363E-01
   25.100  -3.0480E-01
   25.110  -2.2975E-01
   25.120  -1.5813E-01
   25.130  -6.6825E-02
   25.140   1.7102E-02
   25.150   5.8518E-02
   25.160   9.1716E-02
   25.170   1.0448E-01
   25.180   1.0962E-01
   25.190   1.0467E-01
   25.200   9.0797E-02
   25.210   4.8298E-02
   25.220  -2.6724E-02
   25.230  -8.4161E-02
   25.240  -1.3675E-01
   25.250  -1.7311E-01
   25.260  -5.6481E-03
   25.270  -2.4786E-02
   25.280   3.9249E-03
   25.290   2.1352E-02
   25.300   6.4611E-02
   25.310   1.0055E-01
   25.320   1.7263E-01
   25.330   2.0081E-01
   25.340   2.4619E-01
   25.350   3.1967E-01
   25.360   4.0807E-01
   25.370   4.7701E-01
   25.380   4.9799E-01
   25.390   4.7322E-01
   25.400   4.3061E-01
   25.410   3.9799E-01
   25.420   3.8600E-01
   25.430   4.1687E-01
   25.440   4.1948E-01
   25.450   3.9980E-01
   25.460   3.1742E-01
   25.470   2.3025E-01
   25.480   1.4081E-01
   25.490   3.6829E-02
   25.500  -1.8137E-02
   25.510  -8.7607E-02
   25.520  -1.7195E-01
   25.530  -2.5408E-01
   25.540  -3.0896E-01
   25.550  -3.1494E-01
   25.560  -2.6246E-01
   25.570  -3.3134E-02
   25.580   3.2636E-02
   25.590   1.0641E-01
   25.600   1.7053E-01
   25.610   2.0784E-01
   25.620   2.0659E-01
   25.630   1.6517E-01
   25.640   9.2375E-02
   25.650  -3.9787E-02
   25.660  -1.2999E-01
   25.670  -1.8351E-01
   25.680  -2.0320E-01
   25.690  -2.1368E-01
   25.700  -2.3571E-01
   25.710  -2.7993E-01
   25.720  -3.4071E-01
   25.730  -4.1155E-01
   25.740  -4.9079E-01
   25.750  -5.7678E-01
   25.760  -6.6006E-01
   25.770  -7.2474E-01
   25.780  -7.3525E-01
   25.790  -7.3704E-01
   25.800  -7.1361E-01
   25.810  -6.6173E-01
   25.820  -5.7913E-01
   25.830  -4.6913E-01
   25.840  -3.5154E-01
   25.850  -2.5710E-01
   25.860  -2.2952E-01
   25.870  -2.3576E-01
   25.880  -2.3490E-01
   25.890  -2.2217E-01
   25.900  -1.9792E-01
   25.910  -1.5834E-01
   25.920  -1.9776E-01
   25.930  -1.4843E-01
   25.940  -8.1983E-02
   25.950  -4.3015E-03
   25.960   7.0638E-02
   25.970   1.3907E-01
   25.980   2.0923E-01
   25.990   2.8750E-01
   26.000   3.1622E-01
   26.010   3.3255E-01
   26.020   3.4333E-01
   26.030   3.4436E-01
   26.040   3.4092E-01
   26.050   3.4355E-01
   26.060   3.1168E-01
   26.070   2.6822E-01
   26.080   2.1510E-01
   26.090   1.5220E-01
   26.100   7.9137E-02
   26.110  -1.9402E-02
   26.120  -8.7144E-02
   26.130  -1.3980E-01
   26.140  -1.6315E-01
   26.150  -1.5707E-01
   26.160  -1.3923E-01
   26.170  -1.2980E-01
   26.180  -1.3232E-01
   26.190  -1.1236E-01
   26.200  -1.0969E-01
   26.210  -1.0362E-01
   26.220  -1.3848E-01
   26.230  -1.5559E-01
   26.240  -1.8239E-01
   26.250  -1.7962E-01
   26.260  -2.1208E-01
   26.270  -2.4700E-01
   26.280  -2.8902E-01
   26.290  -3.2462E-01
   26.300  -3.1264E-01
   26.310  -2.6178E-01
   26.320  -1.7380E-01
   26.330  -8.2234E-02
   26.340  -1.2890E-02
   26.350   7.8580E-04
   26.360   2.6126E-02
   26.370   4.7566E-02
   26.380   7.0581E-02
   26.390   9.5400E-02
   26.400   1.1476E-01
   26.410   1.1874E-01
   26.420   1.2364E-01
   26.430   1.0904E-01
   26.440   1.0446E-01
   26.450   1.1249E-01
   26.460   1.2676E-01
   26.470   1.4636E-01
   26.480   1.5628E-01
   26.490   3.6109E-02
   26.500   4.5088E-02
   26.510   1.2553E-01
   26.520   1.4569E-01
   26.530   1.6066E-01
   26.540   1.6046E-01
   26.550   1.4946E-01
   26.560   1.4043E-01
   26.570   1.3727E-01
   26.580   1.3088E-01
   26.590   6.0347E-02
   26.600   6.6086E-02
   26.610   8.4053E-02
   26.620   1.0722E-01
   26.630   1.3025E-01
   26.640   1.1805E-01
   26.650   9.6751E-02
   26.660   4.7371E-02
   26.670  -1.8835E-02
   26.680  -5.1229E-02
   26.690  -5.8586E-02
   26.700  -4.5845E-02
   26.710  -2.5718E-02
   26.720  -8.3100E-03
   26.730   1.1633E-03
   26.740  -4.8759E-04
   26.750  -1.3040E-02
   26.760  -2.9468E-02
   26.770  -3.8307E-02
   26.780  -1.1552E-02
   26.790   3.7833E-02
   26.800   8.7228E-02
   26.810   1.2039E-01
   26.820   1.6537E-01
   26.830   2.0590E-01
   26.840   2.4734E-01
   26.850   2.9097E-01
   26.860   3.2418E-01
   26.870   3.2578E-01
   26.880   2.8377E-01
   26.890   2.1394E-01
   26.900   6.0109E-02
   26.910   1.5352E-02
   26.920  -2.2110E-03
   26.930   3.4275E-03
   26.940   2.0491E-02
   26.950   3.8701E-02
   26.960   3.8433E-02
   26.970   4.1872E-02
   26.980   4.4084E-02
   26.990   5.2263E-02
   27.000   6.8815E-02
   27.010   9.0244E-02
   27.020   1.1590E-01
   27.030   1.4668E-01
   27.040   1.5782E-01
   27.050   1.9514E-01
   27.060   2.3340E-01
   27.070   3.2908E-01
   27.080   3.5190E-01
   27.090   3.5338E-01
   27.100   3.3456E-01
   27.110   3.0498E-01
   27.120   2.6912E-01
   27.130   2.2914E-01
   27.140   1.8394E-01
   27.150   1.3529E-01
   27.160   8.7791E-02
   27.170   4.5290E-02
   27.180   6.4633E-03
   27.190  -5.7740E-03
   27.200  -1.6416E-02
   27.210  -2.0046E-02
   27.220  -1.7216E-03
   27.230   1.3991E-02
   27.240   2.1327E-02
   27.250   2.2354E-02
   27.260   2.3096E-02
   27.270   2.9371E-02
   27.280   4.4182E-02
   27.290   2.7134E-02
   27.300   4.6571E-02
   27.310   1.0084E-01
   27.320   9.5237E-02
   27.330   7.6549E-02
   27.340   5.2664E-02
   27.350   4.2781E-02
   27.360   2.5399E-02
   27.370   1.0949E-02
   27.380  -1.7205E-04
   27.390  -7.9628E-03
   27.400  -1.2723E-02
   27.410  -1.4312E-02
   27.420  -1.1587E-02
   27.430  -2.5757E-03
   27.440   1.3784E-02
   27.450   3.4442E-02
   27.460   5.0363E-02
   27.470  -1.6754E-02
   27.480  -3.7002E-02
   27.490  -5.6579E-02
   27.500  -6.5262E-02
   27.510  -5.5044E-02
   27.520  -2.8934E-02
   27.530   2.8481E-04
   27.540   2.4757E-02
   27.550   4.5321E-02
   27.560   6.8179E-02
   27.570   9.6956E-02
   27.580   1.2980E-01
   27.590   1.6094E-01
   27.600   1.8582E-01
   27.610   2.0530E-01
   27.620   2.1036E-01
   27.630   2.0456E-01
   27.640   1.8845E-01
   27.650   1.6353E-01
   27.660   1.3090E-01
   27.670   9.5100E-02
   27.680   6.6507E-02
   27.690   5.5181E-02
   27.700   6.1440E-02
   27.710   6.8176E-02
   27.720   6.7410E-02
   27.730   6.0521E-02
   27.740   1.0790E-01
   27.750   9.7969E-02
   27.760   8.5219E-02
   27.770   7.1249E-02
   27.780   2.1315E-02
   27.790   1.6699E-02
   27.800   1.4887E-02
   27.810   1.7924E-02
   27.820   2.6851E-02
   27.830   2.7035E-02
   27.840   4.0625E-02
   27.850   4.3732E-02
   27.860   3.9620E-02
   27.870   2.3632E-02
   27.880   4.8941E-04
   27.890  -2.2407E-02
   27.900  -3.9568E-02
   27.910  -5.0333E-02
   27.920  -5.7225E-02
   27.930  -4.9795E-02
   27.940  -4.6361E-02
   27.950  -3.7688E-02
   27.960  -2.3373E-02
   27.970  -4.5442E-03
   27.980   1.1394E-02
   27.990   2.5460E-02
   28.000   3.6479E-02
   28.010   4.2849E-02
   28.020   4.3202E-02
   28.030   3.7780E-02
   28.040   2.8376E-02
   28.050   1.6876E-02
   28.060   4.7460E-03
   28.070  -4.3012E-03
   28.080  -1.0521E-02
   28.090  -1.7767E-02
   28.100  -1.3019E-02
   28.110  -4.5426E-03
   28.120  -3.7498E-03
   28.130  -1.3592E-03
   28.140   2.3328E-03
   28.150  -5.5459E-03
   28.160   1.1699E-03
   28.170   8.3242E-03
   28.180   1.2455E-02
   28.190   9.2871E-03
   28.200   4.4588E-03
   28.210   2.1129E-04
   28.220  -9.0144E-04
   28.230   1.5656E-03
   28.240   5.6444E-03
   28.250   1.0959E-02
   28.260   1.2471E-02
   28.270   1.2271E-02
   28.280   1.0736E-02
   28.290   9.4230E-03
   28.300   9.9118E-03
   28.310   1.2161E-02
   28.320   1.1521E-02
   28.330   1.8852E-02
   28.340   1.7381E-02
   28.350   1.3780E-02
   28.360   7.8717E-03
   28.370   7.1841E-04
   28.380  -5.2169E-03
   28.390  -8.2049E-03
   28.400  -8.7470E-03
   28.410  -7.9875E-03
   28.420  -5.4894E-03
   28.430   1.8081E-05
   28.440   1.7667E-02
   28.450   2.9663E-02
   28.460   4.0112E-02
   28.470   4.8775E-02
   28.480   5.5203E-02
   28.490   5.8095E-02
   28.500   5.6930E-02
   28.510   5.2857E-02
   28.520   4.6854E-02
   28.530   3.8083E-02
   28.540   2.5512E-02
   28.550   1.0979E-02
   28.560  -1.5468E-03
   28.570   1.1046E-02
   28.580   8.0718E-03
   28.590   5.3177E-03
   28.600  -7.2510E-03
   28.610  -1.2914E-02
   28.620  -2.0449E-02
   28.630  -2.9041E-02
   28.640  -3.7973E-02
   28.650  -4.6972E-02
   28.660  -5.7718E-02
   28.670  -6.7688E-02
   28.680  -7.5812E-02
   28.690  -8.1096E-02
   28.700  -8.2748E-02
   28.710  -8.0516E-02
   28.720  -7.4950E-02
   28.730  -6.7285E-02
   28.740  -5.8800E-02
   28.750  -5.0157E-02
   28.760  -4.1370E-02
   28.770  -3.2480E-02
   28.780  -2.4128E-02
   28.790  -1.7203E-02
   28.800  -1.1937E-02
   28.810  -7.7476E-03
   28.820  -4.2534E-03
   28.830  -3.3656E-03
   28.840  -3.5005E-03
   28.850  -4.7972E-03
   28.860  -5.5036E-03
   28.870  -4.5898E-03
   28.880  -2.7678E-03
   28.890  -1.2562E-03
   28.900  -6.8555E-05
   28.910   1.9489E-03
   28.920   5.8668E-03
   28.930   1.2079E-02
   28.940   2.0544E-02
   28.950   3.0706E-02
   28.960   4.1132E-02
   28.970   4.9953E-02
   28.980   5.6040E-02
   28.990   5.9503E-02
   29.000   6.1024E-02
   29.010   6.0960E-02
   29.020   5.9069E-02
   29.030   5.0671E-02
   29.040   4.2535E-02
   29.050   3.1665E-02
   29.060   1.9509E-02
   29.070   2.3284E-02
   29.080   1.6660E-02
   29.090   1.1134E-02
   29.100   1.1600E-02
   29.110   1.1318E-02
   29.120   1.0322E-02
   29.130   8.6806E-03
   29.140   6.5094E-03
   29.150   4.1686E-03
   29.160   2.0766E-03
   29.170   3.0702E-04
   29.180  -1.2819E-03
   29.190  -2.8891E-03
   29.200  -5.2744E-03
   29.210  -3.0700E-03
   29.220  -9.5393E-04
   29.230  -6.5844E-05
   29.240  -7.4964E-04
   29.250  -2.6835E-03
   29.260  -4.7558E-03
   29.270  -5.8895E-03
   29.280  -5.4162E-03
   29.290  -3.3656E-03
   29.300  -4.3013E-04
   29.310   3.5165E-03
   29.320   5.0702E-03
   29.330   6.0156E-03
   29.340   6.5985E-03
   29.350   7.1551E-03
   29.360   7.9924E-03
   29.370   9.1617E-03
   29.380   1.0307E-02
   29.390   1.0907E-02
   29.400   1.0787E-02
   29.410   1.0351E-02
   29.420   1.0264E-02
   29.430   1.0889E-02
   29.440   1.1963E-02
   29.450   1.2761E-02
   29.460   1.2581E-02
   29.470   1.1222E-02
   29.480   9.0873E-03
   29.490   6.8603E-03
   29.500   5.0600E-03
   29.510  -7.0481E-04
   29.520  -1.0210E-03
   29.530  -1.0806E-03
   29.540  -8.0681E-04
   29.550  -2.1724E-04
   29.560   4.9995E-04
   29.570   1.0729E-03
   29.580   1.3111E-03
   29.590   1.1981E-03
   29.600   8.4009E-04
   29.610   3.4766E-04
   29.620  -2.1985E-04
   29.630  -8.2109E-04
   29.640  -1.4145E-03
   29.650  -1.9971E-03
   29.660  -2.6047E-03
   29.670  -3.2843E-03
   29.680  -3.6649E-03
   29.690  -3.9080E-03
   29.700  -4.0374E-03
   29.710  -4.0973E-03
   29.720  -4.0511E-03
   29.730  -4.0533E-03
   29.740  -3.6892E-03
   29.750  -3.0394E-03
   29.760  -2.1933E-03
   29.770  -1.2893E-03
   29.780  -5.1763E-04
   29.790  -1.2800E-05
   29.800   2.8505E-04
   29.810   5.8434E-04
   29.820   1.0330E-03
   29.830   1.6083E-03
   29.840   2.2002E-03
   29.850   2.7094E-03
   29.860   3.0555E-03
   29.870   3.1962E-03
   29.880   3.1921E-03
   29.890   3.1832E-03
   29.900   3.2515E-03
   29.910   3.3507E-03
   29.920   3.3879E-03
   29.930   3.3052E-03
   29.940   3.0606E-03
   29.950   2.6273E-03
   29.960   2.0783E-03
   29.970   1.6008E-03
   29.980   1.3327E-03
   29.990   1.2061E-03
   30.000   1.0115E-03
   30.010   6.1395E-04
   30.020   7.1425E-05
   30.030  -4.4112E-04
   30.040  -7.9509E-04
   30.050  -1.5645E-04
   30.060  -2.0162E-04
   30.070  -1.9743E-04
   30.080  -7.8788E-05
   30.090   2.8178E-04
   30.100   1.0092E-03
   30.110   1.7175E-03
   30.120   2.2884E-03
   30.130   2.5953E-03
   30.140   2.5672E-03
   30.150   2.1648E-03
   30.160   1.4215E-03
   30.170   4.5709E-04
   30.180  -5.9430E-04
   30.190  -1.6403E-03
   30.200  -2.6017E-03
   30.210  -3.3815E-03
   30.220  -3.9101E-03
   30.230  -4.1924E-03
   30.240  -4.2743E-03
   30.250  -4.1818E-03
   30.260  -3.9229E-03
   30.270  -3.5307E-03
   30.280  -3.0853E-03
   30.290  -2.6992E-03
   30.300  -2.4791E-03
   30.310  -2.4656E-03
   30.320  -2.6075E-03
   30.330  -2.8191E-03
   30.340  -3.0476E-03
   30.350  -3.2317E-03
   30.360  -3.2218E-03
   30.370  -2.8551E-03
   30.380  -2.1507E-03
   30.390  -1.3465E-03
   30.400  -6.8339E-04
   30.410  -2.1289E-04
   30.420   1.4278E-04
   30.430  -2.1462E-04
   30.440  -3.7176E-04
   30.450  -4.8351E-04
   30.460  -5.0322E-04
   30.470  -4.1167E-04
   30.480  -2.0713E-04
   30.490   1.0176E-04
   30.500   4.6150E-04
   30.510   7.5286E-04
   30.520   8.5503E-04
   30.530   7.4484E-04
   30.540   5.1213E-04
   30.550   2.7838E-04
   30.560   1.2339E-04
   30.570   8.4007E-05
   30.580   1.7950E-04
   30.590   4.0928E-04
   30.600   7.3370E-04
   30.610   1.0681E-03
   30.620   1.2988E-03
   30.630   7.3879E-04
   30.640   5.9741E-04
   30.650   3.4126E-04
   30.660   7.7133E-05
   30.670  -1.5012E-04
   30.680  -3.6578E-04
   30.690  -5.9188E-04
   30.700  -7.9782E-04
   30.710  -9.3557E-04
   30.720  -9.9679E-04
   30.730  -1.0088E-03
   30.740  -9.8481E-04
   30.750  -9.0407E-04
   30.760  -7.4748E-04
   30.770  -5.4391E-04
   30.780  -3.7587E-04
   30.790  -3.3503E-04
   30.800  -4.5990E-04
   30.810  -7.0210E-04
   30.820  -9.4872E-04
   30.830  -1.0846E-03
   30.840  -1.0521E-03
   30.850  -8.7641E-04
   30.860  -6.5059E-04
   30.870  -4.8572E-04
   30.880  -4.4965E-04
   30.890  -5.2870E-04
   30.900  -6.3555E-04
   30.910  -6.5366E-04
   30.920  -4.9590E-04
   30.930  -1.5628E-04
   30.940   2.7998E-04
   30.950   6.9731E-04
   30.960   1.0386E-03
   30.970   1.3217E-03
   30.980   1.5573E-03
   30.990   1.6824E-03
   31.000   1.6127E-03
   31.010   1.3528E-03
   31.020   1.0135E-03
   31.030   7.1097E-04
   31.040   4.7340E-04
   31.050   2.5662E-04
   31.060   2.8882E-05
   31.070  -1.7584E-04
   31.080  -2.8525E-04
   31.090  -2.6682E-04
   31.100  -1.7886E-04
   31.110  -1.2832E-04
   31.120  -1.6448E-04
   31.130  -2.3085E-04
   31.140  -2.4199E-04
   31.150  -1.8734E-04
   31.160  -1.2474E-04
   31.170  -8.5477E-05
   31.180  -3.2108E-05
   31.190   8.4744E-05
   31.200   2.6567E-04
   31.210   4.6750E-04
   31.220   6.3467E-04
   31.230   7.1686E-04
   31.240   6.9088E-04
   31.250   5.8397E-04
   31.260   4.5127E-04
   31.270   3.1896E-04
   31.280   1.7726E-04
   31.290   4.1386E-05
   31.300  -1.8001E-05
   31.310   6.4496E-05
   31.320   2.7302E-04
   31.330   5.1589E-04
   31.340   6.9303E-04
   31.350   7.4645E-04
   31.360   6.6927E-04
   31.370   4.9639E-04
   31.380   2.8392E-04
   31.390   8.1324E-05
   31.400  -8.0345E-05
   31.410  -1.7719E-04
   31.420  -1.8838E-04
   31.430  -1.1102E-04
   31.440   2.9825E-05
   31.450   1.8292E-04
   31.460   2.6469E-04
   31.470   1.6683E-04
   31.480  -1.7617E-04
   31.490  -6.9759E-04
   31.500  -1.2064E-03
   31.510  -1.5206E-03
   31.520  -1.5922E-03
   31.530  -1.4973E-03
   31.540  -1.3318E-03
   31.550  -1.1420E-03
   31.560  -9.3669E-04
   31.570  -7.2394E-04
   31.580  -5.2429E-04
   31.590  -3.5311E-04
   31.600  -1.9349E-04
   31.610   5.5148E-06
   31.620   2.8168E-04
   31.630   6.0361E-04
   31.640   8.7959E-04
   31.650   1.0333E-03
   31.660   1.0593E-03
   31.670   1.0107E-03
   31.680   9.6238E-04
   31.690   9.9189E-04
   31.700   6.2329E-04
   31.710   8.5392E-04
   31.720   1.0468E-03
   31.730   1.1342E-03
   31.740   1.1198E-03
   31.750   1.0360E-03
   31.760   8.9504E-04
   31.770   7.1029E-04
   31.780   5.3435E-04
   31.790   4.2932E-04
   31.800   4.0373E-04
   31.810   4.0827E-04
   31.820   3.8590E-04
   31.830   3.0388E-04
   31.840   1.5119E-04
   31.850  -6.0220E-05
   31.860  -2.9450E-04
   31.870  -5.1712E-04
   31.880  -7.2003E-04
   31.890  -9.0356E-04
   31.900  -1.0454E-03
   31.910  -1.1123E-03
   31.920  -1.0984E-03
   31.930  -1.0302E-03
   31.940  -9.4002E-04
   31.950  -8.5499E-04
   31.960  -8.0034E-04
   31.970  -7.8590E-04
   31.980  -7.9251E-04
   31.990  -7.9392E-04
   32.000  -7.9014E-04
   32.010  -7.9729E-04
   32.020  -8.0986E-04
   32.030  -7.9725E-04
   32.040  -7.4110E-04
   32.050  -6.5658E-04
   32.060  -5.7305E-04
   32.070  -5.0429E-04
   32.080  -4.3821E-04
   32.090  -3.4728E-04
   32.100  -2.1691E-04
   32.110  -7.2524E-05
   32.120   3.0661E-05
   32.130   5.7741E-05
   32.140   2.4485E-05
   32.150  -3.0122E-05
   32.160   0.0000E+00
   32.170   0.0000E+00
   32.180   0.0000E+00
   32.190   0.0000E+00
   32.200   0.0000E+00
   32.210   0.0000E+00
   32.220   0.0000E+00
   32.230   0.0000E+00
   32.240   0.0000E+00
   32.250   0.0000E+00
   32.260   0.0000E+00
   32.270   0.0000E+00
   32.280   0.0000E+00
   32.290   0.0000E+00
   32.300   0.0000E+00
   32.310   0.0000E+00
   32.320   0.0000E+00
   32.330   0.0000E+00
   32.340   0.0000E+00
   32.350   0.0000E+00
   32.360   0.0000E+00
   32.370   0.0000E+00
   32.380   0.0000E+00
   32.390   0.0000E+00
   32.400   0.0000E+00
   32.410   0.0000E+00
   32.420   0.0000E+00
   32.430   0.0000E+00
   32.440   0.0000E+00
   32.450   0.0000E+00
   32.460   0.0000E+00
   32.470   0.0000E+00
   32.480   0.0000E+00
   32.490   0.0000E+00
   32.500   0.0000E+00
   32.510   0.0000E+00
   32.520   0.0000E+00
   32.530   0.0000E+00
   32.540   0.0000E+00
   32.550   0.0000E+00
   32.560   0.0000E+00
   32.570   0.0000E+00
   32.580   0.0000E+00
   32.590   0.0000E+00
   32.600   0.0000E+00
   32.610   0.0000E+00
   32.620   0.0000E+00
   32.630   0.0000E+00
   32.640   0.0000E+00
   32.650   0.0000E+00
   32.660   0.0000E+00
   32.670   0.0000E+00
   32.680   0.0000E+00
   32.690   0.0000E+00
   32.700   0.0000E+00
   32.710   0.0000E+00
   32.720   0.0000E+00
   32.730   0.0000E+00
   32.740   0.0000E+00
   32.750   0.0000E+00
   32.760   0.0000E+00
   32.770   0.0000E+00
   32.780   0.0000E+00
   32.790   0.0000E+00
   32.800   0.0000E+00
   32.810   0.0000E+00
   32.820   0.0000E+00
   32.830   0.0000E+00
   32.840   0.0000E+00
   32.850   0.0000E+00
   32.860   0.0000E+00
   32.870   0.0000E+00
   32.880   0.0000E+00
   32.890   0.0000E+00
   32.900   0.0000E+00
   32.910   0.0000E+00
   32.920   0.0000E+00
   32.930   0.0000E+00
   32.940   0.0000E+00
   32.950   0.0000E+00
   32.960   0.0000E+00
   32.970   0.0000E+00
   32.980   0.0000E+00
   32.990   0.0000E+00
   33.000   0.0000E+00
   33.010   0.0000E+00
   33.020   0.0000E+00
   33.030   0.0000E+00
   33.040   0.0000E+00
   33.050   0.0000E+00
   33.060   0.0000E+00
   33.070   0.0000E+00
   33.080   0.0000E+00
   33.090   0.0000E+00
   33.100   0.0000E+00
   33.110   0.0000E+00
   33.120   0.0000E+00
   33.130   0.0000E+00
   33.140   0.0000E+00
   33.150   0.0000E+00
   33.160   0.0000E+00
   33.170   0.0000E+00
   33.180   0.0000E+00
   33.190   0.0000E+00
   33.200   0.0000E+00
   33.210   0.0000E+00
   33.220   0.0000E+00
   33.230   0.0000E+00
   33.240   0.0000E+00
   33.250   0.0000E+00
   33.260   0.0000E+00
   33.270   0.0000E+00
   33.280   0.0000E+00
   33.290   0.0000E+00
   33.300   0.0000E+00
   33.310   0.0000E+00
   33.320   0.0000E+00
   33.330   0.0000E+00
   33.340   0.0000E+00
   33.350   0.0000E+00
   33.360   0.0000E+00
   33.370   0.0000E+00
   33.380   0.0000E+00
   33.390   0.0000E+00
   33.400   0.0000E+00
   33.410   0.0000E+00
   33.420   0.0000E+00
   33.430   0.0000E+00
   33.440   0.0000E+00
   33.450   0.0000E+00
   33.460   0.0000E+00
   33.470   0.0000E+00
   33.480   0.0000E+00
   33.490   0.0000E+00
   33.500   0.0000E+00
   33.510   0.0000E+00
   33.520   0.0000E+00
   33.530   0.0000E+00
   33.540   0.0000E+00
   33.550   0.0000E+00
   33.560   0.0000E+00
   33.570   0.0000E+00
   33.580   0.0000E+00
   33.590   0.0000E+00
   33.600   0.0000E+00
   33.610   0.0000E+00
   33.620   0.0000E+00
   33.630   0.0000E+00
   33.640   0.0000E+00
   33.650   0.0000E+00
   33.660   0.0000E+00
   33.670   0.0000E+00
   33.680   0.0000E+00
   33.690   0.0000E+00
   33.700   0.0000E+00
   33.710   0.0000E+00
   33.720   0.0000E+00
   33.730   0.0000E+00
   33.740   0.0000E+00
   33.750   0.0000E+00
   33.760   0.0000E+00
   33.770   0.0000E+00
   33.780   0.0000E+00
   33.790   0.0000E+00
   33.800   0.0000E+00
   33.810   0.0000E+00
   33.820   0.0000E+00
   33.830   0.0000E+00
   33.840   0.0000E+00
   33.850   0.0000E+00
   33.860   0.0000E+00
   33.870   0.0000E+00
   33.880   0.0000E+00
   33.890   0.0000E+00
   33.900   0.0000E+00
   33.910   0.0000E+00
   33.920   0.0000E+00
   33.930   0.0000E+00
   33.940   0.0000E+00
   33.950   0.0000E+00
   33.960   0.0000E+00
   33.970   0.0000E+00
   33.980   0.0000E+00
   33.990   0.0000E+00
   34.000   0.0000E+00
   34.010   0.0000E+00
   34.020   0.0000E+00
   34.030   0.0000E+00
   34.040   0.0000E+00
   34.050   0.0000E+00
   34.060   0.0000E+00
   34.070   0.0000E+00
   34.080   0.0000E+00
   34.090   0.0000E+00
   34.100   0.0000E+00
   34.110   0.0000E+00
   34.120   0.0000E+00
   34.130   0.0000E+00
   34.140   0.0000E+00
   34.150   0.0000E+00
   34.160   0.0000E+00
   34.170   0.0000E+00
   34.180   0.0000E+00
   34.190   0.0000E+00
   34.200   0.0000E+00
   34.210   0.0000E+00
   34.220   0.0000E+00
   34.230   0.0000E+00
   34.240   0.0000E+00
   34.250   0.0000E+00
   34.260   0.0000E+00
   34.270   0.0000E+00
   34.280   0.0000E+00
   34.290   0.0000E+00
   34.300   0.0000E+00
   34.310   0.0000E+00
   34.320   0.0000E+00
   34.330   0.0000E+00
   34.340   0.0000E+00
   34.350   0.0000E+00
   34.360   0.0000E+00
   34.370   0.0000E+00
   34.380   0.0000E+00
   34.390   0.0000E+00
   34.400   0.0000E+00
   34.410   0.0000E+00
   34.420   0.0000E+00
   34.430   0.0000E+00
   34.440   0.0000E+00
   34.450   0.0000E+00
   34.460   0.0000E+00
   34.470   0.0000E+00
   34.480   0.0000E+00
   34.490   0.0000E+00
   34.500   0.0000E+00
   34.510   0.0000E+00
   34.520   0.0000E+00
   34.530   0.0000E+00
   34.540   0.0000E+00
   34.550   0.0000E+00
   34.560   0.0000E+00
   34.570   0.0000E+00
   34.580   0.0000E+00
   34.590   0.0000E+00
   34.600   0.0000E+00
   34.610   0.0000E+00
   34.620   0.0000E+00
   34.630   0.0000E+00
   34.640   0.0000E+00
   34.650   0.0000E+00
   34.660   0.0000E+00
   34.670   0.0000E+00
   34.680   0.0000E+00
   34.690   0.0000E+00
   34.700   0.0000E+00
   34.710   0.0000E+00
   34.720   0.0000E+00
   34.730   0.0000E+00
   34.740   0.0000E+00
   34.750   0.0000E+00
   34.760   0.0000E+00
   34.770   0.0000E+00
   34.780   0.0000E+00
   34.790   0.0000E+00
   34.800   0.0000E+00
   34.810   0.0000E+00
   34.820   0.0000E+00
   34.830   0.0000E+00
   34.840   0.0000E+00
   34.850   0.0000E+00
   34.860   0.0000E+00
   34.870   0.0000E+00
   34.880   0.0000E+00
   34.890   0.0000E+00
   34.900   0.0000E+00
   34.910   0.0000E+00
   34.920   0.0000E+00
   34.930   0.0000E+00
   34.940   0.0000E+00
   34.950   0.0000E+00
   34.960   0.0000E+00
   34.970   0.0000E+00
   34.980   0.0000E+00
   34.990   0.0000E+00
   35.000   0.0000E+00
   35.010   0.0000E+00
   35.020   0.0000E+00
   35.030   0.0000E+00
   35.040   0.0000E+00
   35.050   0.0000E+00
   35.060   0.0000E+00
   35.070   0.0000E+00
   35.080   0.0000E+00
   35.090   0.0000E+00
   35.100   0.0000E+00
   35.110   0.0000E+00
   35.120   0.0000E+00
   35.130   0.0000E+00
   35.140   0.0000E+00
   35.150   0.0000E+00
   35.160   0.0000E+00
   35.170   0.0000E+00
   35.180   0.0000E+00
   35.190   0.0000E+00
   35.200   0.0000E+00
   35.210   0.0000E+00
   35.220   0.0000E+00
   35.230   0.0000E+00
   35.240   0.0000E+00
   35.250   0.0000E+00
   35.260   0.0000E+00
   35.270   0.0000E+00
   35.280   0.0000E+00
   35.290   0.0000E+00
   35.300   0.0000E+00
   35.310   0.0000E+00
   35.320   0.0000E+00
   35.330   0.0000E+00
   35.340   0.0000E+00
   35.350   0.0000E+00
   35.360   0.0000E+00
   35.370   0.0000E+00
   35.380   0.0000E+00
   35.390   0.0000E+00
   35.400   0.0000E+00
   35.410   0.0000E+00
   35.420   0.0000E+00
   35.430   0.0000E+00
   35.440   0.0000E+00
   35.450   0.0000E+00
   35.460   0.0000E+00
   35.470   0.0000E+00
   35.480   0.0000E+00
   35.490   0.0000E+00
   35.500   0.0000E+00
   35.510   0.0000E+00
   35.520   0.0000E+00
   35.530   0.0000E+00
   35.540   0.0000E+00
   35.550   0.0000E+00
   35.560   0.0000E+00
   35.570   0.0000E+00
   35.580   0.0000E+00
   35.590   0.0000E+00
   35.600   0.0000E+00
   35.610   0.0000E+00
   35.620   0.0000E+00
   35.630   0.0000E+00
   35.640   0.0000E+00
   35.650   0.0000E+00
   35.660   0.0000E+00
   35.670   0.0000E+00
   35.680   0.0000E+00
   35.690   0.0000E+00
   35.700   0.0000E+00
   35.710   0.0000E+00
   35.720   0.0000E+00
   35.730   0.0000E+00
   35.740   0.0000E+00
   35.750   0.0000E+00
   35.760   0.0000E+00
   35.770   0.0000E+00
   35.780   0.0000E+00
   35.790   0.0000E+00
   35.800   0.0000E+00
   35.810   0.0000E+00
   35.820   0.0000E+00
   35.830   0.0000E+00
   35.840   0.0000E+00
   35.850   0.0000E+00
   35.860   0.0000E+00
   35.870   0.0000E+00
   35.880   0.0000E+00
   35.890   0.0000E+00
   35.900   0.0000E+00
   35.910   0.0000E+00
   35.920   0.0000E+00
   35.930   0.0000E+00
   35.940   0.0000E+00
   35.950   0.0000E+00
   35.960   0.0000E+00
   35.970   0.0000E+00
   35.980   0.0000E+00
   35.990   0.0000E+00
   36.000   0.0000E+00
   36.010   0.0000E+00
   36.020   0.0000E+00
   36.030   0.0000E+00
   36.040   0.0000E+00
   36.050   0.0000E+00
   36.060   0.0000E+00
   36.070   0.0000E+00
   36.080   0.0000E+00
   36.090   0.0000E+00
   36.100   0.0000E+00
   36.110   0.0000E+00
   36.120   0.0000E+00
   36.130   0.0000E+00
   36.140   0.0000E+00
   36.150   0.0000E+00
   36.160   0.0000E+00
   36.170   0.0000E+00
   36.180   0.0000E+00
   36.190   0.0000E+00
   36.200   0.0000E+00
   36.210   0.0000E+00
   36.220   0.0000E+00
   36.230   0.0000E+00
   36.240   0.0000E+00
   36.250   0.0000E+00
   36.260   0.0000E+00
   36.270   0.0000E+00
   36.280   0.0000E+00
   36.290   0.0000E+00
   36.300   0.0000E+00
   36.310   0.0000E+00
   36.320   0.0000E+00
   36.330   0.0000E+00
   36.340   0.0000E+00
   36.350   0.0000E+00
   36.360   0.0000E+00
   36.370   0.0000E+00
   36.380   0.0000E+00
   36.390   0.0000E+00
   36.400   0.0000E+00
   36.410   0.0000E+00
   36.420   0.0000E+00
   36.430   0.0000E+00
   36.440   0.0000E+00
   36.450   0.0000E+00
   36.460   0.0000E+00
   36.470   0.0000E+00
   36.480   0.0000E+00
   36.490   0.0000E+00
   36.500   0.0000E+00
   36.510   0.0000E+00
   36.520   0.0000E+00
   36.530   0.0000E+00
   36.540   0.0000E+00
   36.550   0.0000E+00
   36.560   0.0000E+00
   36.570   0.0000E+00
   36.580   0.0000E+00
   36.590   0.0000E+00
   36.600   0.0000E+00
   36.610   0.0000E+00
   36.620   0.0000E+00
   36.630   0.0000E+00
   36.640   0.0000E+00
   36.650   0.0000E+00
   36.660   0.0000E+00
   36.670   0.0000E+00
   36.680   0.0000E+00
   36.690   0.0000E+00
   36.700   0.0000E+00
   36.710   0.0000E+00
   36.720   0.0000E+00
   36.730   0.0000E+00
   36.740   0.0000E+00
   36.750   0.0000E+00
   36.760   0.0000E+00
   36.770   0.0000E+00
   36.780   0.0000E+00
   36.790   0.0000E+00
   36.800   0.0000E+00
   36.810   0.0000E+00
   36.820   0.0000E+00
   36.830   0.0000E+00
   36.840   0.0000E+00
   36.850   0.0000E+00
   36.860   0.0000E+00
   36.870   0.0000E+00
   36.880   0.0000E+00
   36.890   0.0000E+00
   36.900   0.0000E+00
   36.910   0.0000E+00
   36.920   0.0000E+00
   36.930   0.0000E+00
   36.940   0.0000E+00
   36.950   0.0000E+00
   36.960   0.0000E+00
   36.970   0.0000E+00
   36.980   0.0000E+00
   36.990   0.0000E+00
   37.000   0.0000E+00
   37.010   0.0000E+00
   37.020   0.0000E+00
   37.030   0.0000E+00
   37.040   0.0000E+00
   37.050   0.0000E+00
   37.060   0.0000E+00
   37.070   0.0000E+00
   37.080   0.0000E+00
   37.090   0.0000E+00
   37.100   0.0000E+00
   37.110   0.0000E+00
   37.120   0.0000E+00
   37.130   0.0000E+00
   37.140   0.0000E+00
   37.150   0.0000E+00
   37.160   0.0000E+00
   37.170   0.0000E+00
   37.180   0.0000E+00
   37.190   0.0000E+00
   37.200   0.0000E+00
   37.210   0.0000E+00
   37.220   0.0000E+00
   37.230   0.0000E+00
   37.240   0.0000E+00
   37.250   0.0000E+00
   37.260   0.0000E+00
   37.270   0.0000E+00
   37.280   0.0000E+00
   37.290   0.0000E+00
   37.300   0.0000E+00
   37.310   0.0000E+00
   37.320   0.0000E+00
   37.330   0.0000E+00
   37.340   0.0000E+00
   37.350   0.0000E+00
   37.360   0.0000E+00
   37.370   0.0000E+00
   37.380   0.0000E+00
   37.390   0.0000E+00
   37.400   0.0000E+00
   37.410   0.0000E+00
   37.420   0.0000E+00
   37.430   0.0000E+00
   37.440   0.0000E+00
   37.450   0.0000E+00
   37.460   0.0000E+00
   37.470   0.0000E+00
   37.480   0.0000E+00
   37.490   0.0000E+00
   37.500   0.0000E+00
   37.510   0.0000E+00
   37.520   0.0000E+00
   37.530   0.0000E+00
   37.540   0.0000E+00
   37.550   0.0000E+00
   37.560   0.0000E+00
   37.570   0.0000E+00
   37.580   0.0000E+00
   37.590   0.0000E+00
   37.600   0.0000E+00
   37.610   0.0000E+00
   37.620   0.0000E+00
   37.630   0.0000E+00
   37.640   0.0000E+00
   37.650   0.0000E+00
   37.660   0.0000E+00
   37.670   0.0000E+00
   37.680   0.0000E+00
   37.690   0.0000E+00
   37.700   0.0000E+00
   37.710   0.0000E+00
   37.720   0.0000E+00
   37.730   0.0000E+00
   37.740   0.0000E+00
   37.750   0.0000E+00
   37.760   0.0000E+00
   37.770   0.0000E+00
   37.780   0.0000E+00
   37.790   0.0000E+00
   37.800   0.0000E+00
   37.810   0.0000E+00
   37.820   0.0000E+00
   37.830   0.0000E+00
   37.840   0.0000E+00
   37.850   0.0000E+00
   37.860   0.0000E+00
   37.870   0.0000E+00
   37.880   0.0000E+00
   37.890   0.0000E+00
   37.900   0.0000E+00
   37.910   0.0000E+00
   37.920   0.0000E+00
   37.930   0.0000E+00
   37.940   0.0000E+00
   37.950   0.0000E+00
   37.960   0.0000E+00
   37.970   0.0000E+00
   37.980   0.0000E+00
   37.990   0.0000E+00
   38.000   0.0000E+00
   38.010   0.0000E+00
   38.020   0.0000E+00
   38.030   0.0000E+00
   38.040   0.0000E+00
   38.050   0.0000E+00
   38.060   0.0000E+00
   38.070   0.0000E+00
   38.080   0.0000E+00
   38.090   0.0000E+00
   38.100   0.0000E+00
   38.110   0.0000E+00
   38.120   0.0000E+00
   38.130   0.0000E+00
   38.140   0.0000E+00
   38.150   0.0000E+00
   38.160   0.0000E+00
   38.170   0.0000E+00
   38.180   0.0000E+00
   38.190   0.0000E+00
   38.200   0.0000E+00
   38.210   0.0000E+00
   38.220   0.0000E+00
   38.230   0.0000E+00
   38.240   0.0000E+00
   38.250   0.0000E+00
   38.260   0.0000E+00
   38.270   0.0000E+00
   38.280   0.0000E+00
   38.290   0.0000E+00
   38.300   0.0000E+00
   38.310   0.0000E+00
   38.320   0.0000E+00
   38.330   0.0000E+00
   38.340   0.0000E+00
   38.350   0.0000E+00
   38.360   0.0000E+00
   38.370   0.0000E+00
   38.380   0.0000E+00
   38.390   0.0000E+00
   38.400   0.0000E+00
   38.410   0.0000E+00
   38.420   0.0000E+00
   38.430   0.0000E+00
   38.440   0.0000E+00
   38.450   0.0000E+00
   38.460   0.0000E+00
   38.470   0.0000E+00
   38.480   0.0000E+00
   38.490   0.0000E+00
   38.500   0.0000E+00
   38.510   0.0000E+00
   38.520   0.0000E+00
   38.530   0.0000E+00
   38.540   0.0000E+00
   38.550   0.0000E+00
   38.560   0.0000E+00
   38.570   0.0000E+00
   38.580   0.0000E+00
   38.590   0.0000E+00
   38.600   0.0000E+00
   38.610   0.0000E+00
   38.620   0.0000E+00
   38.630   0.0000E+00
   38.640   0.0000E+00
   38.650   0.0000E+00
   38.660   0.0000E+00
   38.670   0.0000E+00
   38.680   0.0000E+00
   38.690   0.0000E+00
   38.700   0.0000E+00
   38.710   0.0000E+00
   38.720   0.0000E+00
   38.730   0.0000E+00
   38.740   0.0000E+00
   38.750   0.0000E+00
   38.760   0.0000E+00
   38.770   0.0000E+00
   38.780   0.0000E+00
   38.790   0.0000E+00
   38.800   0.0000E+00
   38.810   0.0000E+00
   38.820   0.0000E+00
   38.830   0.0000E+00
   38.840   0.0000E+00
   38.850   0.0000E+00
   38.860   0.0000E+00
   38.870   0.0000E+00
   38.880   0.0000E+00
   38.890   0.0000E+00
   38.900   0.0000E+00
   38.910   0.0000E+00
   38.920   0.0000E+00
   38.930   0.0000E+00
   38.940   0.0000E+00
   38.950   0.0000E+00
   38.960   0.0000E+00
   38.970   0.0000E+00
   38.980   0.0000E+00
   38.990   0.0000E+00
   39.000   0.0000E+00
   39.010   0.0000E+00
   39.020   0.0000E+00
   39.030   0.0000E+00
   39.040   0.0000E+00
   39.050   0.0000E+00
   39.060   0.0000E+00
   39.070   0.0000E+00
   39.080   0.0000E+00
   39.090   0.0000E+00
   39.100   0.0000E+00
   39.110   0.0000E+00
   39.120   0.0000E+00
   39.130   0.0000E+00
   39.140   0.0000E+00
   39.150   0.0000E+00
   39.160   0.0000E+00
   39.170   0.0000E+00
   39.180   0.0000E+00
   39.190   0.0000E+00
   39.200   0.0000E+00
   39.210   0.0000E+00
   39.220   0.0000E+00
   39.230   0.0000E+00
   39.240   0.0000E+00
   39.250   0.0000E+00
   39.260   0.0000E+00
   39.270   0.0000E+00
   39.280   0.0000E+00
   39.290   0.0000E+00
   39.300   0.0000E+00
   39.310   0.0000E+00
   39.320   0.0000E+00
   39.330   0.0000E+00
   39.340   0.0000E+00
   39.350   0.0000E+00
   39.360   0.0000E+00
   39.370   0.0000E+00
   39.380   0.0000E+00
   39.390   0.0000E+00
   39.400   0.0000E+00
   39.410   0.0000E+00
   39.420   0.0000E+00
   39.430   0.0000E+00
   39.440   0.0000E+00
   39.450   0.0000E+00
   39.460   0.0000E+00
   39.470   0.0000E+00
   39.480   0.0000E+00
   39.490   0.0000E+00
   39.500   0.0000E+00
   39.510   0.0000E+00
   39.520   0.0000E+00
   39.530   0.0000E+00
   39.540   0.0000E+00
   39.550   0.0000E+00
   39.560   0.0000E+00
   39.570   0.0000E+00
   39.580   0.0000E+00
   39.590   0.0000E+00
   39.600   0.0000E+00
   39.610   0.0000E+00
   39.620   0.0000E+00
   39.630   0.0000E+00
   39.640   0.0000E+00
   39.650   0.0000E+00
   39.660   0.0000E+00
   39.670   0.0000E+00
   39.680   0.0000E+00
   39.690   0.0000E+00
   39.700   0.0000E+00
   39.710   0.0000E+00
   39.720   0.0000E+00
   39.730   0.0000E+00
   39.740   0.0000E+00
   39.750   0.0000E+00
   39.760   0.0000E+00
   39.770   0.0000E+00
   39.780   0.0000E+00
   39.790   0.0000E+00
   39.800   0.0000E+00
   39.810   0.0000E+00
   39.820   0.0000E+00
   39.830   0.0000E+00
   39.840   0.0000E+00
   39.850   0.0000E+00
   39.860   0.0000E+00
   39.870   0.0000E+00
   39.880   0.0000E+00
   39.890   0.0000E+00
   39.900   0.0000E+00
   39.910   0.0000E+00
   39.920   0.0000E+00
   39.930   0.0000E+00
   39.940   0.0000E+00
   39.950   0.0000E+00
   39.960   0.0000E+00
   39.970   0.0000E+00
   39.980   0.0000E+00
   39.990   0.0000E+00
   40.000   0.0000E+00
   40.010   0.0000E+00
   40.020   0.0000E+00
   40.030   0.0000E+00
   40.040   0.0000E+00
   40.050   0.0000E+00
   40.060   0.0000E+00
   40.070   0.0000E+00
   40.080   0.0000E+00
   40.090   0.0000E+00
   40.100   0.0000E+00
   40.110   0.0000E+00
   40.120   0.0000E+00
   40.130   0.0000E+00
   40.140   0.0000E+00
   40.150   0.0000E+00
   40.160   0.0000E+00
   40.170   0.0000E+00
   40.180   0.0000E+00
   40.190   0.0000E+00
   40.200   0.0000E+00
   40.210   0.0000E+00
   40.220   0.0000E+00
   40.230   0.0000E+00
   40.240   0.0000E+00
   40.250   0.0000E+00
   40.260   0.0000E+00
   40.270   0.0000E+00
   40.280   0.0000E+00
   40.290   0.0000E+00
   40.300   0.0000E+00
   40.310   0.0000E+00
   40.320   0.0000E+00
   40.330   0.0000E+00
   40.340   0.0000E+00
   40.350   0.0000E+00
   40.360   0.0000E+00
   40.370   0.0000E+00
   40.380   0.0000E+00
   40.390   0.0000E+00
   40.400   0.0000E+00
   40.410   0.0000E+00
   40.420   0.0000E+00
   40.430   0.0000E+00
   40.440   0.0000E+00
   40.450   0.0000E+00
   40.460   0.0000E+00
   40.470   0.0000E+00
   40.480   0.0000E+00
   40.490   0.0000E+00
   40.500   0.0000E+00
   40.510   0.0000E+00
   40.520   0.0000E+00
   40.530   0.0000E+00
   40.540   0.0000E+00
   40.550   0.0000E+00
   40.560   0.0000E+00
   40.570   0.0000E+00
   40.580   0.0000E+00
   40.590   0.0000E+00
   40.600   0.0000E+00
   40.610   0.0000E+00
   40.620   0.0000E+00
   40.630   0.0000E+00
   40.640   0.0000E+00
   40.650   0.0000E+00
   40.660   0.0000E+00
   40.670   0.0000E+00
   40.680   0.0000E+00
   40.690   0.0000E+00
   40.700   0.0000E+00
   40.710   0.0000E+00
   40.720   0.0000E+00
   40.730   0.0000E+00
   40.740   0.0000E+00
   40.750   0.0000E+00
   40.760   0.0000E+00
   40.770   0.0000E+00
   40.780   0.0000E+00
   40.790   0.0000E+00
   40.800   0.0000E+00
   40.810   0.0000E+00
   40.820   0.0000E+00
   40.830   0.0000E+00
   40.840   0.0000E+00
   40.850   0.0000E+00
   40.860   0.0000E+00
   40.870   0.0000E+00
   40.880   0.0000E+00
   40.890   0.0000E+00
   40.900   0.0000E+00
   40.910   0.0000E+00
   40.920   0.0000E+00
   40.930   0.0000E+00
   40.940   0.0000E+00
   40.950   0.0000E+00
