**********************************************
*******  Acceleration Time Series ************
*** Site #   1
*** trial   19
Input Parameters file =  aqg_0604__parameters.out                                                                                                
  4096 samples
dt:  0.010 sec
data format: (1x,f8.3,1p,2x,e11.4)
maximum absolute acceleration: 157.74
fault Dis.(km)=    7.00
Hypo  Dis.(km)=   12.06
  time(s) acc(cm/s**2)
    0.000   0.0000E+00
    0.010   0.0000E+00
    0.020   0.0000E+00
    0.030   0.0000E+00
    0.040   0.0000E+00
    0.050   0.0000E+00
    0.060   0.0000E+00
    0.070   0.0000E+00
    0.080  -4.0581E-02
    0.090  -1.2582E-02
    0.100   2.4410E-02
    0.110   6.3792E-02
    0.120   9.9704E-02
    0.130   1.2995E-01
    0.140   1.5453E-01
    0.150   1.7280E-01
    0.160   1.8319E-01
    0.170   1.8456E-01
    0.180   1.7712E-01
    0.190   1.6231E-01
    0.200   1.4208E-01
    0.210   1.1817E-01
    0.220   9.1843E-02
    0.230   6.4824E-02
    0.240   3.9992E-02
    0.250   2.0084E-02
    0.260   5.5309E-03
    0.270  -5.2891E-03
    0.280  -1.3404E-02
    0.290  -1.7830E-02
    0.300  -1.7246E-02
    0.310  -1.2228E-02
    0.320  -5.5328E-03
    0.330  -7.7247E-04
    0.340  -7.7692E-04
    0.350  -5.8151E-03
    0.360  -1.2683E-02
    0.370  -1.6460E-02
    0.380  -1.4216E-02
    0.390  -7.0381E-03
    0.400   1.5745E-03
    0.410   8.6945E-03
    0.420   1.3452E-02
    0.430   1.6812E-02
    0.440   2.0542E-02
    0.450   2.5631E-02
    0.460   3.0891E-02
    0.470   3.3455E-02
    0.480  -4.5266E-02
    0.490  -6.0893E-02
    0.500  -7.2750E-02
    0.510  -8.1371E-02
    0.520  -8.7289E-02
    0.530  -8.9991E-02
    0.540  -8.8593E-02
    0.550  -8.2507E-02
    0.560  -7.1212E-02
    0.570  -5.4299E-02
    0.580  -3.2183E-02
    0.590  -6.3612E-03
    0.600   2.0894E-02
    0.610   4.6424E-02
    0.620   6.6405E-02
    0.630   7.8365E-02
    0.640   8.3574E-02
    0.650   9.7682E-02
    0.660   9.7472E-02
    0.670   1.0270E-01
    0.680   1.0970E-01
    0.690   1.1569E-01
    0.700   1.1986E-01
    0.710   2.3458E-01
    0.720   2.5984E-01
    0.730   2.8197E-01
    0.740   3.0143E-01
    0.750   3.1806E-01
    0.760   3.3004E-01
    0.770   3.3291E-01
    0.780   3.1952E-01
    0.790   2.8415E-01
    0.800   2.2905E-01
    0.810   1.8954E-01
    0.820   1.2197E-01
    0.830   5.7660E-02
    0.840  -4.0803E-03
    0.850  -6.3208E-02
    0.860  -1.1288E-01
    0.870  -1.4113E-01
    0.880  -1.3905E-01
    0.890  -1.0945E-01
    0.900  -4.6036E-03
    0.910   5.8642E-02
    0.920   1.4789E-01
    0.930   1.7720E-01
    0.940   1.7819E-01
    0.950   2.6579E-02
    0.960   1.4259E-02
    0.970  -1.0265E-02
    0.980  -1.0744E-02
    0.990  -2.8707E-02
    1.000  -6.4734E-02
    1.010  -1.0382E-01
    1.020  -1.2802E-01
    1.030  -1.2991E-01
    1.040  -1.1385E-01
    1.050  -2.2383E-01
    1.060  -1.5994E-01
    1.070  -1.5394E-01
    1.080  -1.3643E-01
    1.090  -1.1365E-01
    1.100  -7.2063E-02
    1.110  -1.4936E-02
    1.120   3.7693E-02
    1.130   6.3274E-02
    1.140   5.0055E-02
    1.150  -3.1097E-02
    1.160  -9.5416E-02
    1.170  -1.6911E-01
    1.180  -5.7146E-02
    1.190  -1.0091E-01
    1.200  -1.4066E-01
    1.210  -1.8007E-01
    1.220  -2.1793E-01
    1.230  -2.4970E-01
    1.240  -2.6930E-01
    1.250  -2.6871E-01
    1.260  -1.4211E-01
    1.270  -4.4206E-02
    1.280   6.0277E-02
    1.290   1.2426E-01
    1.300   1.3099E-01
    1.310   9.5325E-02
    1.320   3.9537E-02
    1.330   3.1789E-03
    1.340  -1.4399E-02
    1.350  -2.6739E-02
    1.360  -4.4158E-02
    1.370  -5.8993E-02
    1.380  -8.8555E-02
    1.390  -1.2393E-01
    1.400  -1.7561E-01
    1.410  -2.4065E-01
    1.420  -3.0025E-01
    1.430  -3.3287E-01
    1.440  -3.2942E-01
    1.450  -2.8884E-01
    1.460  -2.5196E-01
    1.470  -2.5580E-01
    1.480  -2.7722E-01
    1.490  -2.4677E-01
    1.500  -2.9422E-01
    1.510  -3.1892E-01
    1.520  -3.0356E-01
    1.530  -2.6472E-01
    1.540  -1.5582E-01
    1.550  -4.6384E-02
    1.560   3.6671E-02
    1.570   9.9548E-02
    1.580   1.6618E-01
    1.590   2.5332E-01
    1.600   3.6521E-01
    1.610   4.9812E-01
    1.620   6.3465E-01
    1.630   7.4150E-01
    1.640   8.5345E-01
    1.650   8.5458E-01
    1.660   8.2791E-01
    1.670   8.1693E-01
    1.680   8.0385E-01
    1.690   8.7783E-01
    1.700   9.4496E-01
    1.710   9.6848E-01
    1.720   9.2961E-01
    1.730   8.4250E-01
    1.740   7.4474E-01
    1.750   6.6954E-01
    1.760   6.2628E-01
    1.770   5.9349E-01
    1.780   5.6393E-01
    1.790   4.9388E-01
    1.800   3.5807E-01
    1.810   1.5489E-01
    1.820  -7.9351E-02
    1.830  -2.4716E-01
    1.840  -4.0325E-01
    1.850  -4.6963E-01
    1.860  -4.2106E-01
    1.870  -2.4978E-01
    1.880  -9.9717E-02
    1.890   2.9834E-02
    1.900   8.6221E-02
    1.910   1.0868E-01
    1.920   1.2404E-01
    1.930   1.6674E-01
    1.940   3.5541E-01
    1.950   4.4339E-01
    1.960   5.2385E-01
    1.970   5.2378E-01
    1.980   4.5359E-01
    1.990   3.4105E-01
    2.000   2.2263E-01
    2.010   1.3207E-01
    2.020   9.0070E-02
    2.030   9.1966E-02
    2.040   1.1037E-01
    2.050   1.1996E-01
    2.060   1.1644E-01
    2.070   1.0768E-01
    2.080   2.0845E-01
    2.090   1.8473E-01
    2.100   1.2502E-01
    2.110   4.6279E-02
    2.120  -1.2194E-02
    2.130  -1.3404E-02
    2.140   5.3774E-02
    2.150   1.7298E-01
    2.160   3.1661E-01
    2.170   4.6206E-01
    2.180   5.9690E-01
    2.190   7.2052E-01
    2.200   8.4311E-01
    2.210   9.7620E-01
    2.220   1.1198E+00
    2.230   1.2666E+00
    2.240   1.4172E+00
    2.250   1.5699E+00
    2.260   1.6842E+00
    2.270   1.6428E+00
    2.280   1.4405E+00
    2.290   1.0726E+00
    2.300   6.4873E-01
    2.310   2.7877E-01
    2.320   1.3793E-03
    2.330  -2.1313E-01
    2.340  -5.4076E-01
    2.350  -7.7886E-01
    2.360  -9.9690E-01
    2.370  -1.1610E+00
    2.380  -1.1994E+00
    2.390  -1.0929E+00
    2.400  -8.9121E-01
    2.410  -6.6495E-01
    2.420  -4.7484E-01
    2.430  -3.3624E-01
    2.440  -2.3608E-01
    2.450  -1.5764E-01
    2.460  -9.5945E-02
    2.470  -6.0665E-02
    2.480  -6.6524E-02
    2.490  -1.1540E-01
    2.500  -1.5263E-01
    2.510  -1.9983E-01
    2.520  -2.1881E-01
    2.530  -1.8036E-01
    2.540  -6.6642E-02
    2.550   1.1012E-01
    2.560   3.0061E-01
    2.570   4.4503E-01
    2.580   5.1448E-01
    2.590   5.2882E-01
    2.600   5.3710E-01
    2.610   6.2837E-01
    2.620   8.9809E-01
    2.630   1.0802E+00
    2.640   1.3092E+00
    2.650   1.5050E+00
    2.660   1.5744E+00
    2.670   1.4902E+00
    2.680   1.3357E+00
    2.690   1.2449E+00
    2.700   1.3163E+00
    2.710   1.2471E+00
    2.720   1.2977E+00
    2.730   1.1027E+00
    2.740   7.8779E-01
    2.750   3.8095E-01
    2.760   1.6645E-03
    2.770  -3.1909E-01
    2.780  -5.4500E-01
    2.790  -6.8318E-01
    2.800  -6.5387E-01
    2.810  -7.2440E-01
    2.820  -7.6664E-01
    2.830  -8.0325E-01
    2.840  -8.6474E-01
    2.850  -9.4923E-01
    2.860  -1.0111E+00
    2.870  -9.9017E-01
    2.880  -8.4618E-01
    2.890  -5.7395E-01
    2.900  -2.1393E-01
    2.910   1.5216E-01
    2.920   4.0748E-01
    2.930   5.7076E-01
    2.940   6.0315E-01
    2.950   5.8814E-01
    2.960   5.3136E-01
    2.970   5.0692E-01
    2.980   5.1035E-01
    2.990   4.4580E-01
    3.000   1.7496E-01
    3.010  -2.9327E-01
    3.020  -8.9746E-01
    3.030  -1.3635E+00
    3.040  -1.4912E+00
    3.050  -1.4745E+00
    3.060  -1.3213E+00
    3.070  -1.2119E+00
    3.080  -1.1163E+00
    3.090  -1.0098E+00
    3.100  -8.6152E-01
    3.110  -6.6124E-01
    3.120  -4.7791E-01
    3.130  -3.9971E-01
    3.140  -4.7865E-01
    3.150  -9.5858E-01
    3.160  -1.4195E+00
    3.170  -2.0219E+00
    3.180  -2.6027E+00
    3.190  -2.5881E+00
    3.200  -2.5419E+00
    3.210  -2.1937E+00
    3.220  -1.6630E+00
    3.230  -1.5049E+00
    3.240  -1.5540E+00
    3.250  -1.6842E+00
    3.260  -1.9722E+00
    3.270  -2.1131E+00
    3.280  -2.0176E+00
    3.290  -1.7346E+00
    3.300  -1.4080E+00
    3.310  -1.1072E+00
    3.320  -1.0106E+00
    3.330  -1.1858E+00
    3.340  -1.6309E+00
    3.350  -1.9722E+00
    3.360  -2.0849E+00
    3.370  -1.8492E+00
    3.380  -1.3453E+00
    3.390  -7.0278E-01
    3.400  -3.7436E-02
    3.410   5.2546E-01
    3.420   8.6772E-01
    3.430   9.2145E-01
    3.440   8.8817E-01
    3.450   9.2827E-01
    3.460   1.1632E+00
    3.470   1.4368E+00
    3.480   1.8042E+00
    3.490   2.4293E+00
    3.500   3.0387E+00
    3.510   3.4155E+00
    3.520   3.3729E+00
    3.530   2.9277E+00
    3.540   2.2844E+00
    3.550   1.6627E+00
    3.560   1.1800E+00
    3.570   8.6819E-01
    3.580   7.1159E-01
    3.590   6.3970E-01
    3.600   5.3316E-01
    3.610   2.8144E-01
    3.620  -1.2679E-01
    3.630  -7.0665E-01
    3.640  -1.3568E+00
    3.650  -1.9068E+00
    3.660  -2.0409E+00
    3.670  -1.8078E+00
    3.680  -1.3066E+00
    3.690  -4.3439E-01
    3.700   5.7533E-01
    3.710   1.5379E+00
    3.720   2.2591E+00
    3.730   2.7291E+00
    3.740   3.1936E+00
    3.750   3.9273E+00
    3.760   4.9080E+00
    3.770   5.7597E+00
    3.780   6.0275E+00
    3.790   5.4976E+00
    3.800   4.2961E+00
    3.810   2.7764E+00
    3.820   1.3004E+00
    3.830   1.5417E-01
    3.840  -5.9138E-01
    3.850  -1.0215E+00
    3.860  -1.2552E+00
    3.870  -1.3527E+00
    3.880  -1.3391E+00
    3.890  -1.2768E+00
    3.900  -1.2573E+00
    3.910  -1.3220E+00
    3.920  -1.3914E+00
    3.930  -1.2478E+00
    3.940  -1.0050E+00
    3.950  -8.3047E-01
    3.960  -8.0055E-01
    3.970  -7.8301E-01
    3.980  -5.5939E-01
    3.990  -1.6657E-01
    4.000   2.7105E-01
    4.010   6.3512E-01
    4.020   9.5153E-01
    4.030   1.3034E+00
    4.040   1.7323E+00
    4.050   2.2755E+00
    4.060   3.0308E+00
    4.070   4.0286E+00
    4.080   4.9239E+00
    4.090   5.6614E+00
    4.100   5.8489E+00
    4.110   5.5494E+00
    4.120   5.0983E+00
    4.130   4.9025E+00
    4.140   5.1236E+00
    4.150   5.5881E+00
    4.160   5.8775E+00
    4.170   5.5942E+00
    4.180   4.8242E+00
    4.190   3.7862E+00
    4.200   2.9008E+00
    4.210   2.5443E+00
    4.220   2.6785E+00
    4.230   3.0204E+00
    4.240   3.2244E+00
    4.250   3.1871E+00
    4.260   2.9319E+00
    4.270   2.5856E+00
    4.280   2.1645E+00
    4.290   1.7847E+00
    4.300   1.3805E+00
    4.310   1.3578E+00
    4.320   1.5175E+00
    4.330   1.7699E+00
    4.340   2.0605E+00
    4.350   2.2836E+00
    4.360   2.2128E+00
    4.370   1.6754E+00
    4.380   8.0478E-01
    4.390   1.6999E-02
    4.400  -3.0068E-01
    4.410  -7.2448E-02
    4.420   5.4674E-01
    4.430   1.0787E+00
    4.440   9.6835E-01
    4.450  -1.1775E-01
    4.460  -1.9494E+00
    4.470  -3.8134E+00
    4.480  -5.0958E+00
    4.490  -5.7699E+00
    4.500  -6.2478E+00
    4.510  -6.8154E+00
    4.520  -7.5028E+00
    4.530  -7.6199E+00
    4.540  -7.2337E+00
    4.550  -6.5990E+00
    4.560  -6.1326E+00
    4.570  -6.0253E+00
    4.580  -6.1295E+00
    4.590  -6.0500E+00
    4.600  -5.7274E+00
    4.610  -5.2550E+00
    4.620  -4.7687E+00
    4.630  -4.0761E+00
    4.640  -2.8352E+00
    4.650  -1.1116E+00
    4.660   4.5184E-01
    4.670   1.1326E+00
    4.680   6.6809E-01
    4.690  -5.4780E-01
    4.700  -1.7801E+00
    4.710  -2.7620E+00
    4.720  -3.4658E+00
    4.730  -3.9059E+00
    4.740  -3.9564E+00
    4.750  -3.6173E+00
    4.760  -3.2045E+00
    4.770  -3.1818E+00
    4.780  -3.6390E+00
    4.790  -4.0213E+00
    4.800  -3.6501E+00
    4.810  -2.4473E+00
    4.820  -9.4919E-01
    4.830   2.8019E-01
    4.840   1.2712E+00
    4.850   2.0967E+00
    4.860   2.5864E+00
    4.870   2.4881E+00
    4.880   1.9772E+00
    4.890   1.7835E+00
    4.900   2.0681E+00
    4.910   2.4421E+00
    4.920   2.5782E+00
    4.930   2.7719E+00
    4.940   3.4902E+00
    4.950   4.5557E+00
    4.960   5.1674E+00
    4.970   4.7287E+00
    4.980   3.5406E+00
    4.990   2.0880E+00
    5.000   6.8138E-01
    5.010  -6.1568E-01
    5.020  -1.7363E+00
    5.030  -2.6650E+00
    5.040  -3.6693E+00
    5.050  -5.1003E+00
    5.060  -7.0542E+00
    5.070  -9.4128E+00
    5.080  -1.2316E+01
    5.090  -1.6545E+01
    5.100  -2.2582E+01
    5.110  -2.7754E+01
    5.120  -2.8116E+01
    5.130  -2.3848E+01
    5.140  -1.8122E+01
    5.150  -1.4434E+01
    5.160  -1.3596E+01
    5.170  -1.3635E+01
    5.180  -1.1669E+01
    5.190  -6.8933E+00
    5.200  -4.8058E-01
    5.210   5.5143E+00
    5.220   8.5445E+00
    5.230   7.3431E+00
    5.240   3.4501E+00
    5.250  -2.8902E-01
    5.260  -1.8289E+00
    5.270  -1.6422E+00
    5.280  -9.6146E-01
    5.290  -4.0356E-02
    5.300   1.2337E+00
    5.310   2.2947E+00
    5.320   2.6163E+00
    5.330   2.6739E+00
    5.340   3.5498E+00
    5.350   4.1945E+00
    5.360   3.1807E+00
    5.370   4.0903E-01
    5.380  -3.7918E+00
    5.390  -8.3312E+00
    5.400  -1.1580E+01
    5.410  -1.2590E+01
    5.420  -1.1882E+01
    5.430  -1.0442E+01
    5.440  -9.1936E+00
    5.450  -8.2128E+00
    5.460  -8.5305E+00
    5.470  -1.1345E+01
    5.480  -1.6614E+01
    5.490  -2.2688E+01
    5.500  -2.6752E+01
    5.510  -2.6995E+01
    5.520  -2.5102E+01
    5.530  -2.4828E+01
    5.540  -2.7663E+01
    5.550  -3.1179E+01
    5.560  -3.2767E+01
    5.570  -3.0485E+01
    5.580  -2.5545E+01
    5.590  -2.1393E+01
    5.600  -1.9363E+01
    5.610  -1.8637E+01
    5.620  -1.7263E+01
    5.630  -1.3638E+01
    5.640  -9.1414E+00
    5.650  -5.7375E+00
    5.660  -3.4759E+00
    5.670  -1.5795E+00
    5.680   5.0235E-01
    5.690   3.8115E+00
    5.700   7.9064E+00
    5.710   1.0719E+01
    5.720   1.1311E+01
    5.730   9.3100E+00
    5.740   4.4493E+00
    5.750  -2.8915E+00
    5.760  -1.0551E+01
    5.770  -1.6276E+01
    5.780  -1.9440E+01
    5.790  -2.0668E+01
    5.800  -2.1219E+01
    5.810  -2.1965E+01
    5.820  -2.2816E+01
    5.830  -2.3262E+01
    5.840  -1.9088E+01
    5.850  -6.3370E+00
    5.860   1.1545E+01
    5.870   2.5547E+01
    5.880   3.0415E+01
    5.890   2.9791E+01
    5.900   2.9726E+01
    5.910   3.2861E+01
    5.920   3.6107E+01
    5.930   3.6304E+01
    5.940   3.2750E+01
    5.950   2.7959E+01
    5.960   2.4482E+01
    5.970   2.3097E+01
    5.980   2.2888E+01
    5.990   2.3600E+01
    6.000   2.5734E+01
    6.010   3.2825E+01
    6.020   4.5767E+01
    6.030   5.5081E+01
    6.040   5.1548E+01
    6.050   3.6585E+01
    6.060   2.0918E+01
    6.070   1.2991E+01
    6.080   1.2713E+01
    6.090   1.7275E+01
    6.100   2.3780E+01
    6.110   2.6999E+01
    6.120   2.6514E+01
    6.130   2.5316E+01
    6.140   2.2276E+01
    6.150   1.7850E+01
    6.160   1.7103E+01
    6.170   2.3549E+01
    6.180   3.6854E+01
    6.190   4.6962E+01
    6.200   4.5978E+01
    6.210   3.5535E+01
    6.220   2.2414E+01
    6.230   1.0121E+01
    6.240  -3.2471E+00
    6.250  -1.5024E+01
    6.260  -2.0689E+01
    6.270  -1.8294E+01
    6.280  -1.0106E+01
    6.290  -3.8008E+00
    6.300  -5.5721E+00
    6.310  -1.2483E+01
    6.320  -1.8219E+01
    6.330  -2.7909E+01
    6.340  -4.4615E+01
    6.350  -6.0894E+01
    6.360  -6.4345E+01
    6.370  -5.3505E+01
    6.380  -3.7942E+01
    6.390  -2.5404E+01
    6.400  -1.7745E+01
    6.410  -1.2374E+01
    6.420  -7.9150E+00
    6.430  -7.2972E+00
    6.440  -5.6236E+00
    6.450   1.1859E+00
    6.460   1.1803E+01
    6.470   2.4609E+01
    6.480   3.7823E+01
    6.490   5.1480E+01
    6.500   6.1976E+01
    6.510   6.5729E+01
    6.520   6.2979E+01
    6.530   5.4537E+01
    6.540   4.5854E+01
    6.550   4.1926E+01
    6.560   3.9081E+01
    6.570   2.9983E+01
    6.580   1.3794E+01
    6.590  -8.4034E+00
    6.600  -3.6114E+01
    6.610  -6.2614E+01
    6.620  -7.6598E+01
    6.630  -7.3607E+01
    6.640  -5.9643E+01
    6.650  -4.3470E+01
    6.660  -2.6648E+01
    6.670  -9.1444E+00
    6.680   5.1390E+00
    6.690   1.5564E+01
    6.700   2.4480E+01
    6.710   2.9105E+01
    6.720   2.7529E+01
    6.730   2.2230E+01
    6.740   1.7025E+01
    6.750   1.4574E+01
    6.760   1.3036E+01
    6.770   9.7877E+00
    6.780   9.2265E-01
    6.790  -6.2596E+00
    6.800  -2.2593E+00
    6.810   6.5674E+00
    6.820   1.3243E+01
    6.830   1.7967E+01
    6.840   2.0953E+01
    6.850   2.1964E+01
    6.860   2.1255E+01
    6.870   1.9164E+01
    6.880   1.6311E+01
    6.890   1.2841E+01
    6.900   5.8187E+00
    6.910  -8.5281E+00
    6.920  -2.5150E+01
    6.930  -3.2711E+01
    6.940  -2.3540E+01
    6.950  -5.4614E+00
    6.960   6.4153E+00
    6.970   1.0685E+01
    6.980   1.2187E+01
    6.990   7.6529E+00
    7.000  -8.7420E-01
    7.010  -7.7851E+00
    7.020  -6.3210E+00
    7.030   2.9208E+00
    7.040   1.4813E+01
    7.050   1.9889E+01
    7.060   1.1066E+01
    7.070  -5.3794E+00
    7.080  -2.1975E+01
    7.090  -3.1195E+01
    7.100  -3.0250E+01
    7.110  -2.6049E+01
    7.120  -2.0935E+01
    7.130  -1.6722E+01
    7.140  -1.7570E+01
    7.150  -2.3912E+01
    7.160  -3.1127E+01
    7.170  -3.4168E+01
    7.180  -3.2030E+01
    7.190  -2.6343E+01
    7.200  -1.7685E+01
    7.210   3.9354E-02
    7.220   2.8628E+01
    7.230   5.4230E+01
    7.240   6.2941E+01
    7.250   5.0189E+01
    7.260   2.5162E+01
    7.270   4.1066E+00
    7.280  -7.6428E+00
    7.290  -9.6810E+00
    7.300  -2.9852E+00
    7.310   3.3773E+00
    7.320   7.1592E+00
    7.330   1.2625E+01
    7.340   2.0017E+01
    7.350   2.8787E+01
    7.360   3.9118E+01
    7.370   4.5289E+01
    7.380   4.5148E+01
    7.390   4.3739E+01
    7.400   4.4828E+01
    7.410   4.6578E+01
    7.420   4.8390E+01
    7.430   4.8654E+01
    7.440   4.4369E+01
    7.450   3.3568E+01
    7.460   1.1204E+01
    7.470  -1.8635E+01
    7.480  -4.7553E+01
    7.490  -7.1011E+01
    7.500  -8.5449E+01
    7.510  -8.7070E+01
    7.520  -7.3055E+01
    7.530  -5.2474E+01
    7.540  -3.5655E+01
    7.550  -2.2738E+01
    7.560  -1.2579E+01
    7.570  -4.4833E+00
    7.580  -6.3835E-01
    7.590  -5.0657E+00
    7.600  -1.1638E+01
    7.610  -1.3005E+01
    7.620  -9.5662E+00
    7.630  -5.5253E+00
    7.640  -5.0856E+00
    7.650  -7.7095E+00
    7.660  -1.2067E+01
    7.670  -1.5513E+01
    7.680  -1.5764E+01
    7.690  -1.3348E+01
    7.700  -9.6263E+00
    7.710  -6.9642E+00
    7.720  -6.7384E+00
    7.730  -9.7136E+00
    7.740  -1.2015E+01
    7.750  -4.9601E+00
    7.760   1.4495E+01
    7.770   3.5977E+01
    7.780   5.2114E+01
    7.790   5.8475E+01
    7.800   5.3404E+01
    7.810   4.3642E+01
    7.820   3.6120E+01
    7.830   3.5473E+01
    7.840   4.2176E+01
    7.850   4.8188E+01
    7.860   4.9350E+01
    7.870   4.5221E+01
    7.880   3.7118E+01
    7.890   3.1366E+01
    7.900   3.1782E+01
    7.910   3.9490E+01
    7.920   4.8737E+01
    7.930   5.6931E+01
    7.940   6.5192E+01
    7.950   6.8215E+01
    7.960   6.4846E+01
    7.970   5.7382E+01
    7.980   4.5261E+01
    7.990   3.3580E+01
    8.000   2.8097E+01
    8.010   2.2858E+01
    8.020   1.6362E+01
    8.030   9.1650E+00
    8.040   1.8074E+00
    8.050  -1.5482E+00
    8.060  -6.8257E+00
    8.070  -1.9629E+01
    8.080  -3.1260E+01
    8.090  -3.2607E+01
    8.100  -2.7412E+01
    8.110  -2.1427E+01
    8.120  -1.9805E+01
    8.130  -2.7152E+01
    8.140  -4.2048E+01
    8.150  -5.9727E+01
    8.160  -7.6036E+01
    8.170  -8.8780E+01
    8.180  -9.3149E+01
    8.190  -8.7664E+01
    8.200  -7.8216E+01
    8.210  -6.5653E+01
    8.220  -5.3501E+01
    8.230  -4.7543E+01
    8.240  -5.0781E+01
    8.250  -5.3504E+01
    8.260  -5.0615E+01
    8.270  -5.1974E+01
    8.280  -5.5957E+01
    8.290  -5.2315E+01
    8.300  -3.8544E+01
    8.310  -1.2675E+01
    8.320   2.0598E+01
    8.330   4.9361E+01
    8.340   6.2660E+01
    8.350   6.3638E+01
    8.360   6.2531E+01
    8.370   5.4458E+01
    8.380   3.7421E+01
    8.390   1.5322E+01
    8.400  -1.7948E+00
    8.410  -2.9146E+00
    8.420   5.7435E+00
    8.430   1.0998E+01
    8.440   1.1227E+01
    8.450   1.0937E+01
    8.460   2.0160E+01
    8.470   3.5303E+01
    8.480   3.9258E+01
    8.490   2.7627E+01
    8.500   7.5366E+00
    8.510  -1.5229E+01
    8.520  -3.4946E+01
    8.530  -5.2342E+01
    8.540  -6.3028E+01
    8.550  -6.2457E+01
    8.560  -6.2254E+01
    8.570  -6.7348E+01
    8.580  -6.8687E+01
    8.590  -6.2032E+01
    8.600  -5.1975E+01
    8.610  -4.7453E+01
    8.620  -5.0698E+01
    8.630  -5.7260E+01
    8.640  -6.1417E+01
    8.650  -6.5235E+01
    8.660  -6.6223E+01
    8.670  -6.2169E+01
    8.680  -5.8629E+01
    8.690  -6.1580E+01
    8.700  -6.9372E+01
    8.710  -7.5862E+01
    8.720  -7.4254E+01
    8.730  -6.1453E+01
    8.740  -3.5975E+01
    8.750  -4.8118E+00
    8.760   1.6932E+01
    8.770   2.8613E+01
    8.780   3.7824E+01
    8.790   4.8080E+01
    8.800   5.6586E+01
    8.810   6.6982E+01
    8.820   7.7479E+01
    8.830   8.2549E+01
    8.840   8.0036E+01
    8.850   6.9243E+01
    8.860   5.8284E+01
    8.870   5.4182E+01
    8.880   5.6243E+01
    8.890   5.6385E+01
    8.900   5.0678E+01
    8.910   3.6546E+01
    8.920   9.1225E+00
    8.930  -2.2268E+01
    8.940  -4.8293E+01
    8.950  -6.7441E+01
    8.960  -8.0990E+01
    8.970  -9.0050E+01
    8.980  -9.2138E+01
    8.990  -8.9723E+01
    9.000  -9.0898E+01
    9.010  -9.2204E+01
    9.020  -8.8164E+01
    9.030  -7.6918E+01
    9.040  -5.9434E+01
    9.050  -3.3147E+01
    9.060   5.1563E+00
    9.070   4.9761E+01
    9.080   8.9327E+01
    9.090   1.1320E+02
    9.100   1.1595E+02
    9.110   9.8252E+01
    9.120   6.1792E+01
    9.130   2.2015E+01
    9.140  -1.2644E-01
    9.150  -2.4890E+00
    9.160   6.6823E+00
    9.170   1.8423E+01
    9.180   2.7277E+01
    9.190   2.8471E+01
    9.200   2.3417E+01
    9.210   8.0164E+00
    9.220  -1.5431E+01
    9.230  -3.5619E+01
    9.240  -3.9126E+01
    9.250  -2.4909E+01
    9.260  -2.6053E+00
    9.270   1.4628E+01
    9.280   1.7709E+01
    9.290   9.8782E+00
    9.300   4.6946E+00
    9.310   5.2922E+00
    9.320   6.5134E+00
    9.330   2.8528E+00
    9.340  -1.7155E+01
    9.350  -5.2351E+01
    9.360  -8.2803E+01
    9.370  -9.7601E+01
    9.380  -1.0111E+02
    9.390  -9.8682E+01
    9.400  -8.7179E+01
    9.410  -6.3864E+01
    9.420  -3.9204E+01
    9.430  -2.1660E+01
    9.440  -7.6815E+00
    9.450   8.8212E+00
    9.460   2.9626E+01
    9.470   4.1140E+01
    9.480   3.8844E+01
    9.490   3.3644E+01
    9.500   3.5442E+01
    9.510   4.4068E+01
    9.520   5.5423E+01
    9.530   6.7935E+01
    9.540   7.8970E+01
    9.550   8.3706E+01
    9.560   7.4617E+01
    9.570   5.4340E+01
    9.580   3.0349E+01
    9.590   4.5343E+00
    9.600  -1.9971E+01
    9.610  -2.9368E+01
    9.620  -1.5319E+01
    9.630   8.7872E+00
    9.640   2.7567E+01
    9.650   3.6838E+01
    9.660   4.2235E+01
    9.670   4.9751E+01
    9.680   5.5069E+01
    9.690   5.1937E+01
    9.700   4.4945E+01
    9.710   3.4278E+01
    9.720   1.5190E+01
    9.730  -1.0420E+00
    9.740   1.1757E-01
    9.750   1.5666E+01
    9.760   3.0018E+01
    9.770   3.0091E+01
    9.780   1.2165E+01
    9.790  -1.2410E+01
    9.800  -3.1670E+01
    9.810  -4.7518E+01
    9.820  -6.1235E+01
    9.830  -6.5046E+01
    9.840  -5.6403E+01
    9.850  -3.9337E+01
    9.860  -1.4894E+01
    9.870   4.3997E+00
    9.880   1.3285E+01
    9.890   2.3555E+01
    9.900   4.3747E+01
    9.910   6.9684E+01
    9.920   9.1572E+01
    9.930   1.0672E+02
    9.940   1.1676E+02
    9.950   1.2568E+02
    9.960   1.3468E+02
    9.970   1.4288E+02
    9.980   1.5128E+02
    9.990   1.5774E+02
   10.000   1.5552E+02
   10.010   1.4045E+02
   10.020   1.1694E+02
   10.030   9.1149E+01
   10.040   6.7606E+01
   10.050   4.9601E+01
   10.060   3.4531E+01
   10.070   1.9308E+01
   10.080   1.0138E+01
   10.090   6.0808E+00
   10.100   2.4635E+00
   10.110  -5.3398E+00
   10.120  -2.0549E+01
   10.130  -4.3569E+01
   10.140  -7.3679E+01
   10.150  -9.7094E+01
   10.160  -1.0105E+02
   10.170  -8.3742E+01
   10.180  -6.1346E+01
   10.190  -5.1048E+01
   10.200  -5.7992E+01
   10.210  -7.5728E+01
   10.220  -9.4624E+01
   10.230  -1.0721E+02
   10.240  -1.0888E+02
   10.250  -1.0206E+02
   10.260  -9.6280E+01
   10.270  -9.5152E+01
   10.280  -9.8958E+01
   10.290  -1.0472E+02
   10.300  -1.0281E+02
   10.310  -7.9371E+01
   10.320  -4.2390E+01
   10.330  -1.5351E+01
   10.340  -8.1531E+00
   10.350  -8.0467E+00
   10.360   4.3438E-01
   10.370   2.0430E+01
   10.380   3.9392E+01
   10.390   4.2831E+01
   10.400   2.6606E+01
   10.410  -1.1856E-01
   10.420  -1.9907E+01
   10.430  -2.5569E+01
   10.440  -2.4178E+01
   10.450  -1.9988E+01
   10.460  -1.1281E+01
   10.470  -5.4627E+00
   10.480  -1.2616E+01
   10.490  -3.1627E+01
   10.500  -5.0771E+01
   10.510  -5.8837E+01
   10.520  -4.9436E+01
   10.530  -2.7593E+01
   10.540  -8.3721E+00
   10.550   2.8503E+00
   10.560   6.0792E+00
   10.570   2.2853E-02
   10.580  -7.7503E+00
   10.590  -1.0459E+01
   10.600  -7.2283E+00
   10.610  -5.4915E+00
   10.620  -9.3529E+00
   10.630  -1.5102E+01
   10.640  -1.8661E+01
   10.650  -1.8191E+01
   10.660  -1.1228E+01
   10.670   2.5496E+00
   10.680   1.3933E+01
   10.690   2.1786E+01
   10.700   3.1156E+01
   10.710   4.1051E+01
   10.720   5.0381E+01
   10.730   5.3150E+01
   10.740   4.6974E+01
   10.750   3.3303E+01
   10.760   1.4631E+01
   10.770  -4.6445E+00
   10.780  -2.0059E+01
   10.790  -2.8975E+01
   10.800  -3.5384E+01
   10.810  -4.4325E+01
   10.820  -5.6743E+01
   10.830  -7.0375E+01
   10.840  -7.8658E+01
   10.850  -7.4906E+01
   10.860  -6.2465E+01
   10.870  -5.0272E+01
   10.880  -4.8742E+01
   10.890  -5.8638E+01
   10.900  -6.6605E+01
   10.910  -6.8917E+01
   10.920  -7.0101E+01
   10.930  -7.4667E+01
   10.940  -7.7630E+01
   10.950  -7.0950E+01
   10.960  -5.7001E+01
   10.970  -3.7037E+01
   10.980  -1.3519E+01
   10.990   1.3155E+01
   11.000   3.7913E+01
   11.010   4.9548E+01
   11.020   4.6310E+01
   11.030   3.2451E+01
   11.040   1.7945E+01
   11.050   1.1809E+01
   11.060   1.7165E+01
   11.070   3.0220E+01
   11.080   3.9578E+01
   11.090   4.0544E+01
   11.100   3.8285E+01
   11.110   3.5973E+01
   11.120   3.4554E+01
   11.130   3.4749E+01
   11.140   3.7807E+01
   11.150   4.1996E+01
   11.160   4.6402E+01
   11.170   4.6410E+01
   11.180   4.2761E+01
   11.190   3.9737E+01
   11.200   3.3194E+01
   11.210   2.0907E+01
   11.220   1.2542E+01
   11.230   9.4134E+00
   11.240   5.7228E+00
   11.250  -2.9812E-01
   11.260  -9.9360E+00
   11.270  -2.4826E+01
   11.280  -3.8718E+01
   11.290  -4.5921E+01
   11.300  -4.8401E+01
   11.310  -4.6937E+01
   11.320  -3.8074E+01
   11.330  -2.5823E+01
   11.340  -1.6489E+01
   11.350  -1.2357E+01
   11.360  -1.2166E+01
   11.370  -1.2353E+01
   11.380  -7.5457E+00
   11.390   4.0358E+00
   11.400   1.6297E+01
   11.410   2.8224E+01
   11.420   3.7072E+01
   11.430   3.8704E+01
   11.440   2.9324E+01
   11.450   1.3875E+01
   11.460  -2.4967E+00
   11.470  -2.0392E+01
   11.480  -3.8133E+01
   11.490  -5.0403E+01
   11.500  -4.8986E+01
   11.510  -3.1012E+01
   11.520  -1.8112E+00
   11.530   3.0159E+01
   11.540   5.4258E+01
   11.550   6.7100E+01
   11.560   7.0104E+01
   11.570   6.5880E+01
   11.580   6.2924E+01
   11.590   6.4891E+01
   11.600   6.7095E+01
   11.610   6.5895E+01
   11.620   5.9641E+01
   11.630   5.2196E+01
   11.640   4.8501E+01
   11.650   4.8359E+01
   11.660   5.4536E+01
   11.670   6.9486E+01
   11.680   8.5596E+01
   11.690   9.8893E+01
   11.700   1.0083E+02
   11.710   9.0381E+01
   11.720   7.7712E+01
   11.730   6.6090E+01
   11.740   5.2017E+01
   11.750   3.6245E+01
   11.760   2.1243E+01
   11.770   9.1218E+00
   11.780   6.4037E-01
   11.790  -2.3271E+00
   11.800   1.0509E+00
   11.810   1.0138E+01
   11.820   2.4550E+01
   11.830   3.8104E+01
   11.840   4.2106E+01
   11.850   3.7037E+01
   11.860   2.8465E+01
   11.870   1.6732E+01
   11.880   2.2621E+00
   11.890  -1.2054E+01
   11.900  -2.1349E+01
   11.910  -2.4974E+01
   11.920  -2.6231E+01
   11.930  -2.4883E+01
   11.940  -1.9832E+01
   11.950  -1.1873E+01
   11.960   6.9974E-02
   11.970   1.3070E+01
   11.980   2.4071E+01
   11.990   3.3012E+01
   12.000   3.9095E+01
   12.010   3.8256E+01
   12.020   2.9994E+01
   12.030   2.0860E+01
   12.040   1.4986E+01
   12.050   1.2175E+01
   12.060   1.2887E+01
   12.070   1.7863E+01
   12.080   2.6759E+01
   12.090   4.0248E+01
   12.100   5.2677E+01
   12.110   5.7263E+01
   12.120   5.6776E+01
   12.130   5.5012E+01
   12.140   5.3112E+01
   12.150   5.1177E+01
   12.160   4.7479E+01
   12.170   4.0210E+01
   12.180   2.8862E+01
   12.190   2.0167E+01
   12.200   1.4972E+01
   12.210   4.8305E+00
   12.220  -9.7021E+00
   12.230  -2.1436E+01
   12.240  -2.9600E+01
   12.250  -3.3377E+01
   12.260  -3.6371E+01
   12.270  -4.0192E+01
   12.280  -3.7845E+01
   12.290  -2.9918E+01
   12.300  -2.6860E+01
   12.310  -2.8606E+01
   12.320  -2.9494E+01
   12.330  -2.6432E+01
   12.340  -1.8334E+01
   12.350  -9.8589E+00
   12.360  -7.7016E+00
   12.370  -1.0360E+01
   12.380  -1.3976E+01
   12.390  -1.8300E+01
   12.400  -2.4461E+01
   12.410  -3.1213E+01
   12.420  -3.5390E+01
   12.430  -3.7783E+01
   12.440  -3.8379E+01
   12.450  -3.6685E+01
   12.460  -3.5566E+01
   12.470  -3.4807E+01
   12.480  -3.4692E+01
   12.490  -3.6005E+01
   12.500  -3.8510E+01
   12.510  -4.4578E+01
   12.520  -5.4431E+01
   12.530  -6.3796E+01
   12.540  -6.8597E+01
   12.550  -6.8602E+01
   12.560  -6.7874E+01
   12.570  -6.6988E+01
   12.580  -6.4646E+01
   12.590  -6.0145E+01
   12.600  -5.4709E+01
   12.610  -4.9929E+01
   12.620  -4.5489E+01
   12.630  -3.6642E+01
   12.640  -2.0237E+01
   12.650  -1.8658E+00
   12.660   1.2539E+01
   12.670   2.0638E+01
   12.680   2.2803E+01
   12.690   2.3735E+01
   12.700   2.9762E+01
   12.710   3.8511E+01
   12.720   4.3344E+01
   12.730   4.0405E+01
   12.740   3.3232E+01
   12.750   2.6658E+01
   12.760   2.2596E+01
   12.770   1.9360E+01
   12.780   1.2189E+01
   12.790   1.9396E+00
   12.800  -3.8388E+00
   12.810  -2.8539E+00
   12.820   3.6749E-02
   12.830   1.3524E+00
   12.840   2.2474E+00
   12.850   4.6466E+00
   12.860   5.5456E+00
   12.870   4.1281E+00
   12.880   3.4827E+00
   12.890   5.3526E+00
   12.900   9.2892E+00
   12.910   1.3505E+01
   12.920   1.5179E+01
   12.930   1.3057E+01
   12.940   6.4907E+00
   12.950  -2.8611E+00
   12.960  -9.6939E+00
   12.970  -1.1190E+01
   12.980  -8.8303E+00
   12.990  -5.2558E+00
   13.000  -2.2808E+00
   13.010  -1.7759E-02
   13.020   2.3972E+00
   13.030   5.6717E+00
   13.040   1.0384E+01
   13.050   1.4323E+01
   13.060   1.4259E+01
   13.070   9.4823E+00
   13.080   1.0388E+00
   13.090  -6.9886E+00
   13.100  -1.1849E+01
   13.110  -1.7729E+01
   13.120  -2.9528E+01
   13.130  -4.1181E+01
   13.140  -4.4958E+01
   13.150  -3.9401E+01
   13.160  -3.1045E+01
   13.170  -2.9298E+01
   13.180  -3.6778E+01
   13.190  -4.7939E+01
   13.200  -5.6527E+01
   13.210  -5.8928E+01
   13.220  -5.4976E+01
   13.230  -4.5171E+01
   13.240  -3.0026E+01
   13.250  -1.3838E+01
   13.260  -4.1773E+00
   13.270  -2.0936E+00
   13.280  -1.0315E+00
   13.290   4.4085E+00
   13.300   1.3877E+01
   13.310   2.3373E+01
   13.320   3.1747E+01
   13.330   3.9348E+01
   13.340   4.3085E+01
   13.350   4.1707E+01
   13.360   3.6861E+01
   13.370   3.0600E+01
   13.380   2.3560E+01
   13.390   1.2224E+01
   13.400  -1.5078E+00
   13.410  -1.3021E+01
   13.420  -2.1130E+01
   13.430  -2.5596E+01
   13.440  -2.9822E+01
   13.450  -3.4830E+01
   13.460  -3.7210E+01
   13.470  -3.8092E+01
   13.480  -3.8938E+01
   13.490  -3.9466E+01
   13.500  -3.8561E+01
   13.510  -3.3591E+01
   13.520  -2.3375E+01
   13.530  -1.4545E+01
   13.540  -1.5264E+01
   13.550  -2.3930E+01
   13.560  -3.3884E+01
   13.570  -3.8548E+01
   13.580  -3.5906E+01
   13.590  -2.9206E+01
   13.600  -2.1758E+01
   13.610  -1.5178E+01
   13.620  -8.3919E+00
   13.630  -2.6342E+00
   13.640   5.0197E-01
   13.650   3.4375E+00
   13.660   9.0188E+00
   13.670   1.6471E+01
   13.680   2.2520E+01
   13.690   2.6380E+01
   13.700   2.9400E+01
   13.710   3.1751E+01
   13.720   3.2611E+01
   13.730   3.3864E+01
   13.740   3.5968E+01
   13.750   3.7394E+01
   13.760   3.6547E+01
   13.770   3.2529E+01
   13.780   2.6427E+01
   13.790   2.1032E+01
   13.800   1.8316E+01
   13.810   1.7123E+01
   13.820   1.6690E+01
   13.830   1.7132E+01
   13.840   1.6252E+01
   13.850   1.3117E+01
   13.860   8.3030E+00
   13.870   3.6987E+00
   13.880   6.7089E-01
   13.890   2.3258E+00
   13.900   1.0720E+01
   13.910   2.1845E+01
   13.920   3.0447E+01
   13.930   3.3774E+01
   13.940   3.2211E+01
   13.950   2.8592E+01
   13.960   2.6261E+01
   13.970   2.5884E+01
   13.980   2.5675E+01
   13.990   2.1131E+01
   14.000   1.2433E+01
   14.010   2.9864E+00
   14.020  -3.6761E+00
   14.030  -5.8337E+00
   14.040  -6.3637E+00
   14.050  -5.2774E+00
   14.060   2.4504E+00
   14.070   1.7230E+01
   14.080   3.1968E+01
   14.090   3.9755E+01
   14.100   3.7391E+01
   14.110   2.7838E+01
   14.120   1.9529E+01
   14.130   1.6239E+01
   14.140   1.4816E+01
   14.150   1.1771E+01
   14.160   7.0358E+00
   14.170   5.6490E+00
   14.180   9.5303E+00
   14.190   1.4694E+01
   14.200   1.6359E+01
   14.210   1.1329E+01
   14.220   3.0486E+00
   14.230  -1.2756E+00
   14.240  -7.3480E-02
   14.250   2.2468E+00
   14.260   1.0689E+00
   14.270  -1.7221E+00
   14.280  -1.5610E+00
   14.290  -1.0304E+00
   14.300  -3.1960E+00
   14.310  -6.4979E+00
   14.320  -1.0791E+01
   14.330  -1.6390E+01
   14.340  -2.2887E+01
   14.350  -2.8375E+01
   14.360  -3.0445E+01
   14.370  -2.7829E+01
   14.380  -2.3037E+01
   14.390  -1.9927E+01
   14.400  -2.0627E+01
   14.410  -2.4238E+01
   14.420  -2.8189E+01
   14.430  -3.1868E+01
   14.440  -3.4882E+01
   14.450  -3.6087E+01
   14.460  -3.3982E+01
   14.470  -2.8773E+01
   14.480  -2.2649E+01
   14.490  -1.7712E+01
   14.500  -1.4950E+01
   14.510  -1.4311E+01
   14.520  -1.4694E+01
   14.530  -1.5508E+01
   14.540  -1.6721E+01
   14.550  -1.8822E+01
   14.560  -1.9318E+01
   14.570  -1.6844E+01
   14.580  -1.3661E+01
   14.590  -1.1049E+01
   14.600  -8.2587E+00
   14.610  -6.1217E+00
   14.620  -5.9115E+00
   14.630  -7.1562E+00
   14.640  -8.2792E+00
   14.650  -5.5750E+00
   14.660  -5.1083E-01
   14.670   2.7048E+00
   14.680   3.5729E+00
   14.690   2.1205E+00
   14.700  -9.9386E-01
   14.710  -5.0203E+00
   14.720  -8.9701E+00
   14.730  -9.9485E+00
   14.740  -8.0110E+00
   14.750  -5.6899E+00
   14.760  -3.8449E+00
   14.770  -1.9748E+00
   14.780  -1.9960E+00
   14.790  -2.9396E+00
   14.800  -1.8117E+00
   14.810  -5.5724E-01
   14.820  -1.6427E+00
   14.830  -3.5811E+00
   14.840  -5.9750E+00
   14.850  -9.0999E+00
   14.860  -9.7597E+00
   14.870  -7.1700E+00
   14.880  -2.4048E+00
   14.890   8.1005E-01
   14.900   8.5930E-01
   14.910  -6.5939E-01
   14.920  -1.9931E+00
   14.930  -1.8051E+00
   14.940  -2.0969E-01
   14.950   1.6973E+00
   14.960   3.9981E+00
   14.970   6.7245E+00
   14.980   1.0463E+01
   14.990   1.3943E+01
   15.000   1.3358E+01
   15.010   8.4184E+00
   15.020   5.5688E-01
   15.030  -7.4169E+00
   15.040  -1.1452E+01
   15.050  -9.7458E+00
   15.060  -4.5336E+00
   15.070   3.0319E+00
   15.080   1.1265E+01
   15.090   1.7524E+01
   15.100   1.9852E+01
   15.110   1.7679E+01
   15.120   1.2054E+01
   15.130   5.2591E+00
   15.140   5.2016E-01
   15.150  -1.3929E+00
   15.160  -7.3392E-02
   15.170   4.3500E+00
   15.180   8.1844E+00
   15.190   8.5888E+00
   15.200   7.9043E+00
   15.210   9.2255E+00
   15.220   1.3065E+01
   15.230   1.7847E+01
   15.240   2.2120E+01
   15.250   2.5653E+01
   15.260   2.8750E+01
   15.270   3.0585E+01
   15.280   3.0621E+01
   15.290   2.9643E+01
   15.300   2.8605E+01
   15.310   2.8404E+01
   15.320   2.7679E+01
   15.330   2.5218E+01
   15.340   2.2009E+01
   15.350   1.7877E+01
   15.360   1.2822E+01
   15.370   7.1115E+00
   15.380   1.7541E+00
   15.390  -1.5047E+00
   15.400  -4.2345E-01
   15.410   4.0459E+00
   15.420   8.5241E+00
   15.430   1.1382E+01
   15.440   1.2745E+01
   15.450   1.2179E+01
   15.460   8.3054E+00
   15.470   1.7193E+00
   15.480  -5.2001E+00
   15.490  -9.8289E+00
   15.500  -1.2313E+01
   15.510  -1.5224E+01
   15.520  -1.8704E+01
   15.530  -2.1898E+01
   15.540  -2.3805E+01
   15.550  -2.4671E+01
   15.560  -2.5515E+01
   15.570  -2.6068E+01
   15.580  -2.5650E+01
   15.590  -2.4431E+01
   15.600  -2.3240E+01
   15.610  -2.1909E+01
   15.620  -2.1100E+01
   15.630  -2.1145E+01
   15.640  -2.1090E+01
   15.650  -2.0081E+01
   15.660  -1.7648E+01
   15.670  -1.4537E+01
   15.680  -1.1578E+01
   15.690  -8.9298E+00
   15.700  -5.1815E+00
   15.710  -3.8082E-01
   15.720   3.9411E+00
   15.730   7.6690E+00
   15.740   1.1543E+01
   15.750   1.5266E+01
   15.760   1.7678E+01
   15.770   1.7150E+01
   15.780   1.4803E+01
   15.790   1.3709E+01
   15.800   1.4603E+01
   15.810   1.4849E+01
   15.820   1.3459E+01
   15.830   1.0882E+01
   15.840   6.4425E+00
   15.850   9.0045E-01
   15.860  -3.7138E+00
   15.870  -5.3762E+00
   15.880  -4.2461E+00
   15.890  -2.3375E+00
   15.900  -7.3229E-01
   15.910   1.7852E-01
   15.920   4.1223E-01
   15.930   3.1672E-01
   15.940   1.4876E+00
   15.950   4.2406E+00
   15.960   6.8305E+00
   15.970   7.2806E+00
   15.980   5.0205E+00
   15.990   9.6610E-01
   16.000  -3.3508E+00
   16.010  -6.5392E+00
   16.020  -7.6717E+00
   16.030  -6.8215E+00
   16.040  -6.2245E+00
   16.050  -6.3926E+00
   16.060  -5.9023E+00
   16.070  -4.9287E+00
   16.080  -5.1014E+00
   16.090  -6.9963E+00
   16.100  -9.9778E+00
   16.110  -1.3259E+01
   16.120  -1.5670E+01
   16.130  -1.6006E+01
   16.140  -1.4564E+01
   16.150  -1.2897E+01
   16.160  -1.1572E+01
   16.170  -1.1155E+01
   16.180  -1.2345E+01
   16.190  -1.3989E+01
   16.200  -1.3445E+01
   16.210  -9.9101E+00
   16.220  -4.9764E+00
   16.230  -5.1906E-01
   16.240   1.5002E+00
   16.250   6.5888E-01
   16.260  -7.7238E-01
   16.270  -2.0027E+00
   16.280  -3.8748E+00
   16.290  -5.8309E+00
   16.300  -6.9688E+00
   16.310  -6.7322E+00
   16.320  -5.2016E+00
   16.330  -3.9993E+00
   16.340  -3.5988E+00
   16.350  -3.9670E+00
   16.360  -5.4685E+00
   16.370  -7.0911E+00
   16.380  -7.8851E+00
   16.390  -7.6348E+00
   16.400  -6.2998E+00
   16.410  -3.6385E+00
   16.420   7.4771E-02
   16.430   2.8721E+00
   16.440   3.7420E+00
   16.450   3.2156E+00
   16.460   2.7032E+00
   16.470   3.2106E+00
   16.480   4.2790E+00
   16.490   4.9198E+00
   16.500   4.5576E+00
   16.510   4.2535E+00
   16.520   5.8652E+00
   16.530   9.3905E+00
   16.540   1.2073E+01
   16.550   1.2595E+01
   16.560   1.1562E+01
   16.570   9.8258E+00
   16.580   7.8410E+00
   16.590   5.8329E+00
   16.600   3.3396E+00
   16.610  -1.6327E-01
   16.620  -4.4363E+00
   16.630  -8.0363E+00
   16.640  -9.5617E+00
   16.650  -9.1622E+00
   16.660  -7.6884E+00
   16.670  -6.1689E+00
   16.680  -5.3754E+00
   16.690  -4.9731E+00
   16.700  -4.6210E+00
   16.710  -3.3810E+00
   16.720  -7.8661E-01
   16.730   2.8004E+00
   16.740   6.1372E+00
   16.750   8.1085E+00
   16.760   8.3578E+00
   16.770   7.2043E+00
   16.780   5.2524E+00
   16.790   3.6091E+00
   16.800   2.9382E+00
   16.810   3.0190E+00
   16.820   3.8927E+00
   16.830   5.3136E+00
   16.840   6.6142E+00
   16.850   8.8831E+00
   16.860   1.1825E+01
   16.870   1.2925E+01
   16.880   1.1128E+01
   16.890   7.8883E+00
   16.900   5.2651E+00
   16.910   3.5817E+00
   16.920   1.9617E+00
   16.930   4.6363E-01
   16.940  -2.4086E-01
   16.950  -5.2623E-02
   16.960   8.6591E-01
   16.970   2.7655E+00
   16.980   5.8954E+00
   16.990   9.0933E+00
   17.000   1.1376E+01
   17.010   1.2044E+01
   17.020   1.0732E+01
   17.030   8.2650E+00
   17.040   5.3135E+00
   17.050   2.3054E+00
   17.060  -3.3881E-01
   17.070  -2.8855E+00
   17.080  -5.6316E+00
   17.090  -7.6644E+00
   17.100  -8.4745E+00
   17.110  -8.6104E+00
   17.120  -8.4533E+00
   17.130  -7.9800E+00
   17.140  -7.5582E+00
   17.150  -7.3808E+00
   17.160  -7.0480E+00
   17.170  -6.2660E+00
   17.180  -5.2192E+00
   17.190  -4.3560E+00
   17.200  -4.1079E+00
   17.210  -4.3191E+00
   17.220  -4.0423E+00
   17.230  -2.8888E+00
   17.240  -1.1623E+00
   17.250   7.3447E-01
   17.260   2.5395E+00
   17.270   3.7812E+00
   17.280   4.5397E+00
   17.290   5.4201E+00
   17.300   6.2013E+00
   17.310   6.3291E+00
   17.320   5.8248E+00
   17.330   5.3020E+00
   17.340   4.7639E+00
   17.350   3.9962E+00
   17.360   4.0969E+00
   17.370   5.4504E+00
   17.380   7.1996E+00
   17.390   8.8078E+00
   17.400   1.0133E+01
   17.410   1.1185E+01
   17.420   1.1207E+01
   17.430   1.0006E+01
   17.440   7.8382E+00
   17.450   5.1191E+00
   17.460   2.7472E+00
   17.470   1.2522E+00
   17.480   4.1962E-01
   17.490  -1.8151E-01
   17.500  -2.9948E-01
   17.510  -4.7243E-03
   17.520   3.8433E-01
   17.530   8.7415E-01
   17.540   1.5421E+00
   17.550   2.4828E+00
   17.560   3.5085E+00
   17.570   4.4531E+00
   17.580   5.0031E+00
   17.590   4.9505E+00
   17.600   4.3488E+00
   17.610   3.3715E+00
   17.620   2.4027E+00
   17.630   1.8757E+00
   17.640   2.0567E+00
   17.650   2.6632E+00
   17.660   2.8524E+00
   17.670   2.5690E+00
   17.680   2.1884E+00
   17.690   2.0733E+00
   17.700   2.2337E+00
   17.710   2.3635E+00
   17.720   2.3216E+00
   17.730   2.1182E+00
   17.740   2.0518E+00
   17.750   2.2112E+00
   17.760   2.1859E+00
   17.770   1.8345E+00
   17.780   1.3129E+00
   17.790   6.5497E-01
   17.800   1.8890E-02
   17.810  -4.5499E-01
   17.820  -8.0292E-01
   17.830  -1.4131E+00
   17.840  -2.0400E+00
   17.850  -2.2520E+00
   17.860  -1.9721E+00
   17.870  -1.4363E+00
   17.880  -9.9864E-01
   17.890  -1.0537E+00
   17.900  -1.6297E+00
   17.910  -2.3238E+00
   17.920  -3.0368E+00
   17.930  -3.8887E+00
   17.940  -4.3523E+00
   17.950  -3.8811E+00
   17.960  -2.9173E+00
   17.970  -2.2072E+00
   17.980  -2.0029E+00
   17.990  -2.0523E+00
   18.000  -1.8312E+00
   18.010  -1.2507E+00
   18.020  -6.4375E-01
   18.030  -1.2585E-01
   18.040   2.3561E-01
   18.050   5.0214E-01
   18.060   7.7663E-01
   18.070   8.9524E-01
   18.080   6.6651E-01
   18.090   1.1886E-01
   18.100  -6.4028E-01
   18.110  -1.3048E+00
   18.120  -1.6024E+00
   18.130  -1.6119E+00
   18.140  -1.4961E+00
   18.150  -1.4563E+00
   18.160  -1.5492E+00
   18.170  -1.8064E+00
   18.180  -2.1237E+00
   18.190  -2.3497E+00
   18.200  -2.4116E+00
   18.210  -2.4107E+00
   18.220  -2.3703E+00
   18.230  -2.2041E+00
   18.240  -1.9227E+00
   18.250  -1.6978E+00
   18.260  -1.5046E+00
   18.270  -1.3150E+00
   18.280  -1.2197E+00
   18.290  -1.2283E+00
   18.300  -1.2620E+00
   18.310  -1.1507E+00
   18.320  -8.0706E-01
   18.330  -4.5339E-01
   18.340  -2.2500E-01
   18.350  -1.3067E-01
   18.360  -1.5826E-01
   18.370  -1.8674E-01
   18.380  -1.7425E-01
   18.390  -6.1577E-02
   18.400   1.9569E-01
   18.410   5.5625E-01
   18.420   8.5354E-01
   18.430   9.7487E-01
   18.440   1.0274E+00
   18.450   1.1448E+00
   18.460   1.3856E+00
   18.470   1.7341E+00
   18.480   2.0466E+00
   18.490   2.1558E+00
   18.500   2.0518E+00
   18.510   1.7628E+00
   18.520   1.3467E+00
   18.530   8.8718E-01
   18.540   4.4822E-01
   18.550   6.4013E-02
   18.560  -2.5598E-01
   18.570  -5.4595E-01
   18.580  -8.0589E-01
   18.590  -1.0009E+00
   18.600  -1.0495E+00
   18.610  -9.2095E-01
   18.620  -6.8060E-01
   18.630  -4.7074E-01
   18.640  -4.2966E-01
   18.650  -5.4030E-01
   18.660  -7.4482E-01
   18.670  -9.8833E-01
   18.680  -1.2031E+00
   18.690  -1.3794E+00
   18.700  -1.5415E+00
   18.710  -1.6554E+00
   18.720  -1.6876E+00
   18.730  -1.6628E+00
   18.740  -1.5853E+00
   18.750  -1.5246E+00
   18.760  -1.5997E+00
   18.770  -1.8420E+00
   18.780  -2.1579E+00
   18.790  -2.4356E+00
   18.800  -2.6342E+00
   18.810  -2.7233E+00
   18.820  -2.6725E+00
   18.830  -2.4594E+00
   18.840  -2.1395E+00
   18.850  -1.7956E+00
   18.860  -1.4455E+00
   18.870  -1.0474E+00
   18.880  -5.8215E-01
   18.890  -1.3278E-01
   18.900   1.9560E-01
   18.910   3.9754E-01
   18.920   5.6021E-01
   18.930   7.1101E-01
   18.940   8.2194E-01
   18.950   8.6424E-01
   18.960   8.3556E-01
   18.970   7.1122E-01
   18.980   5.1853E-01
   18.990   3.6992E-01
   19.000   3.4173E-01
   19.010   4.1275E-01
   19.020   4.9395E-01
   19.030   5.1851E-01
   19.040   4.6052E-01
   19.050   3.3651E-01
   19.060   1.9006E-01
   19.070   6.7158E-02
   19.080   7.4438E-03
   19.090   1.7275E-03
   19.100   2.5425E-02
   19.110   8.1788E-02
   19.120   1.7000E-01
   19.130   2.6352E-01
   19.140   3.0377E-01
   19.150   2.5189E-01
   19.160   1.4237E-01
   19.170   5.5112E-02
   19.180   3.3725E-02
   19.190   6.8628E-02
   19.200   1.2756E-01
   19.210   1.8369E-01
   19.220   2.1813E-01
   19.230   1.8921E-01
   19.240   5.1534E-02
   19.250  -1.9684E-01
   19.260  -4.8781E-01
   19.270  -7.1853E-01
   19.280  -8.2182E-01
   19.290  -8.1755E-01
   19.300  -8.0116E-01
   19.310  -8.2865E-01
   19.320  -8.5844E-01
   19.330  -8.2163E-01
   19.340  -7.3728E-01
   19.350  -6.4104E-01
   19.360  -4.9503E-01
   19.370  -2.5889E-01
   19.380   3.7817E-02
   19.390   3.0241E-01
   19.400   4.7694E-01
   19.410   5.8891E-01
   19.420   7.1111E-01
   19.430   8.7210E-01
   19.440   1.0262E+00
   19.450   1.1304E+00
   19.460   1.2026E+00
   19.470   1.2703E+00
   19.480   1.3017E+00
   19.490   1.2407E+00
   19.500   1.0795E+00
   19.510   8.7425E-01
   19.520   7.1247E-01
   19.530   6.2489E-01
   19.540   5.8719E-01
   19.550   5.7036E-01
   19.560   5.5142E-01
   19.570   5.2074E-01
   19.580   4.6841E-01
   19.590   3.9472E-01
   19.600   3.1891E-01
   19.610   2.5728E-01
   19.620   2.1050E-01
   19.630   1.6822E-01
   19.640   1.3797E-01
   19.650   1.3586E-01
   19.660   1.6509E-01
   19.670   2.0100E-01
   19.680   1.8701E-01
   19.690   8.1950E-02
   19.700  -9.2651E-02
   19.710  -2.8077E-01
   19.720  -4.2827E-01
   19.730  -5.1258E-01
   19.740  -5.4915E-01
   19.750  -5.5734E-01
   19.760  -5.5719E-01
   19.770  -5.7663E-01
   19.780  -6.5033E-01
   19.790  -8.0567E-01
   19.800  -1.0336E+00
   19.810  -1.2772E+00
   19.820  -1.4661E+00
   19.830  -1.5477E+00
   19.840  -1.5213E+00
   19.850  -1.4460E+00
   19.860  -1.3802E+00
   19.870  -1.3380E+00
   19.880  -1.2784E+00
   19.890  -1.1288E+00
   19.900  -8.3872E-01
   19.910  -4.2415E-01
   19.920   4.0939E-02
   19.930   4.6987E-01
   19.940   7.9253E-01
   19.950   9.8314E-01
   19.960   1.0470E+00
   19.970   1.0015E+00
   19.980   8.7374E-01
   19.990   7.1427E-01
   20.000   5.7631E-01
   20.010   4.9301E-01
   20.020   4.6779E-01
   20.030   4.8190E-01
   20.040   5.2004E-01
   20.050   5.4683E-01
   20.060   5.1343E-01
   20.070   4.1384E-01
   20.080   2.9217E-01
   20.090   2.0456E-01
   20.100   1.5900E-01
   20.110   1.1637E-01
   20.120   2.5767E-02
   20.130  -1.2044E-01
   20.140  -2.7545E-01
   20.150  -3.8628E-01
   20.160  -4.4064E-01
   20.170  -4.8195E-01
   20.180  -5.6553E-01
   20.190  -7.0620E-01
   20.200  -8.6263E-01
   20.210  -9.7660E-01
   20.220  -1.0248E+00
   20.230  -1.0060E+00
   20.240  -9.4604E-01
   20.250  -8.9256E-01
   20.260  -8.7608E-01
   20.270  -8.9047E-01
   20.280  -8.9556E-01
   20.290  -8.4544E-01
   20.300  -7.1937E-01
   20.310  -5.2796E-01
   20.320  -3.1034E-01
   20.330  -1.1463E-01
   20.340   1.7551E-02
   20.350   6.6960E-02
   20.360   5.5880E-02
   20.370   2.6733E-02
   20.380   3.0151E-03
   20.390  -9.2509E-03
   20.400  -1.0422E-02
   20.410  -4.0910E-03
   20.420   1.0544E-02
   20.430   3.2182E-02
   20.440   5.2163E-02
   20.450   5.3546E-02
   20.460   1.6819E-02
   20.470  -4.3653E-02
   20.480  -8.8362E-02
   20.490  -9.0800E-02
   20.500  -5.7046E-02
   20.510  -2.0149E-02
   20.520  -2.2435E-02
   20.530  -8.9878E-02
   20.540  -2.1483E-01
   20.550  -3.3061E-01
   20.560  -2.9669E-01
   20.570  -1.9123E-01
   20.580  -2.9598E-02
   20.590   8.6821E-02
   20.600   1.0948E-01
   20.610   6.5465E-02
   20.620   7.2013E-03
   20.630  -3.4080E-02
   20.640  -5.6045E-02
   20.650  -7.9880E-02
   20.660  -1.3752E-01
   20.670  -2.4907E-01
   20.680  -3.9203E-01
   20.690  -5.1455E-01
   20.700  -5.7137E-01
   20.710  -5.4927E-01
   20.720  -4.6360E-01
   20.730  -3.4411E-01
   20.740  -2.3066E-01
   20.750  -1.5587E-01
   20.760  -1.1275E-01
   20.770  -4.8809E-02
   20.780   9.0929E-02
   20.790   3.1784E-01
   20.800   5.9874E-01
   20.810   8.8440E-01
   20.820   1.1216E+00
   20.830   1.2525E+00
   20.840   1.2362E+00
   20.850   1.0866E+00
   20.860   8.7396E-01
   20.870   6.7305E-01
   20.880   5.1614E-01
   20.890   4.0114E-01
   20.900   3.2658E-01
   20.910   2.9407E-01
   20.920   2.7988E-01
   20.930   2.3511E-01
   20.940   1.3199E-01
   20.950  -6.5773E-04
   20.960  -2.4652E-02
   20.970  -3.9996E-02
   20.980   2.0479E-02
   20.990   1.3819E-01
   21.000   2.7448E-01
   21.010   3.7585E-01
   21.020   4.0298E-01
   21.030   3.6169E-01
   21.040   2.8609E-01
   21.050   1.8834E-01
   21.060   4.7362E-02
   21.070  -1.4230E-01
   21.080  -3.3361E-01
   21.090  -4.5800E-01
   21.100  -4.8449E-01
   21.110  -4.3628E-01
   21.120  -3.6428E-01
   21.130  -3.3031E-01
   21.140  -3.3930E-01
   21.150  -4.0308E-01
   21.160  -4.6946E-01
   21.170  -4.7953E-01
   21.180  -4.1231E-01
   21.190  -3.9761E-01
   21.200  -2.5987E-01
   21.210  -1.0842E-01
   21.220   1.5247E-02
   21.230   5.9731E-02
   21.240   1.2588E-02
   21.250  -7.3728E-02
   21.260  -1.2708E-01
   21.270  -1.2588E-01
   21.280  -1.1530E-01
   21.290  -1.8272E-01
   21.300  -3.0252E-01
   21.310  -4.9025E-01
   21.320  -7.1474E-01
   21.330  -9.3614E-01
   21.340  -1.1123E+00
   21.350  -1.2130E+00
   21.360  -1.2345E+00
   21.370  -1.1940E+00
   21.380  -1.1733E+00
   21.390  -1.0883E+00
   21.400  -1.0379E+00
   21.410  -9.6248E-01
   21.420  -8.9625E-01
   21.430  -6.8094E-01
   21.440  -5.5581E-01
   21.450  -3.3325E-01
   21.460  -5.0525E-02
   21.470   2.9922E-01
   21.480   6.6039E-01
   21.490   9.5791E-01
   21.500   1.1358E+00
   21.510   1.1885E+00
   21.520   1.1496E+00
   21.530   1.1895E+00
   21.540   1.0222E+00
   21.550   8.9751E-01
   21.560   7.7672E-01
   21.570   6.9838E-01
   21.580   6.6806E-01
   21.590   6.8422E-01
   21.600   7.2166E-01
   21.610   7.1701E-01
   21.620   6.0694E-01
   21.630   4.3187E-01
   21.640   2.1365E-01
   21.650   9.6529E-02
   21.660  -7.1595E-02
   21.670   2.0164E-02
   21.680   1.6660E-01
   21.690   3.3818E-01
   21.700   4.9439E-01
   21.710   5.8195E-01
   21.720   5.7055E-01
   21.730   4.7771E-01
   21.740   2.4920E-01
   21.750   6.6767E-02
   21.760  -1.3010E-01
   21.770  -3.4738E-01
   21.780  -5.9146E-01
   21.790  -8.3306E-01
   21.800  -1.0108E+00
   21.810  -1.1085E+00
   21.820  -1.1300E+00
   21.830  -1.0956E+00
   21.840  -1.0181E+00
   21.850  -9.1889E-01
   21.860  -8.0137E-01
   21.870  -6.9375E-01
   21.880  -5.8903E-01
   21.890  -4.8982E-01
   21.900  -4.2299E-01
   21.910  -4.0116E-01
   21.920  -3.8085E-01
   21.930  -2.9791E-01
   21.940  -9.9489E-02
   21.950   1.9190E-01
   21.960   4.6783E-01
   21.970   5.9935E-01
   21.980   7.0148E-01
   21.990   7.0666E-01
   22.000   6.6731E-01
   22.010   6.6258E-01
   22.020   6.4849E-01
   22.030   6.3949E-01
   22.040   6.1050E-01
   22.050   5.5351E-01
   22.060   4.7845E-01
   22.070   3.9904E-01
   22.080   3.2156E-01
   22.090   2.4180E-01
   22.100   1.5048E-01
   22.110   4.6060E-02
   22.120  -1.1838E-01
   22.130  -1.9379E-01
   22.140  -2.0194E-01
   22.150  -1.4088E-01
   22.160   8.0837E-04
   22.170   7.1749E-02
   22.180   7.9967E-02
   22.190   9.8384E-03
   22.200  -9.8268E-02
   22.210  -1.8063E-01
   22.220  -2.0360E-01
   22.230  -1.7787E-01
   22.240  -1.2538E-01
   22.250  -3.8457E-02
   22.260   7.8645E-02
   22.270   2.4047E-01
   22.280   4.2401E-01
   22.290   5.9740E-01
   22.300   7.4080E-01
   22.310   8.1936E-01
   22.320   9.4787E-01
   22.330   1.0562E+00
   22.340   1.0708E+00
   22.350   9.1930E-01
   22.360   6.9949E-01
   22.370   3.8487E-01
   22.380   2.4056E-02
   22.390  -3.7629E-01
   22.400  -7.3241E-01
   22.410  -9.5174E-01
   22.420  -1.0945E+00
   22.430  -9.6292E-01
   22.440  -7.7085E-01
   22.450  -5.7079E-01
   22.460  -4.5083E-01
   22.470  -4.3850E-01
   22.480  -4.9702E-01
   22.490  -5.6265E-01
   22.500  -5.9486E-01
   22.510  -5.7820E-01
   22.520  -4.9530E-01
   22.530  -3.3357E-01
   22.540  -1.2225E-01
   22.550   6.4421E-02
   22.560   3.7475E-02
   22.570  -8.3920E-03
   22.580  -1.3883E-01
   22.590  -2.8328E-01
   22.600  -3.6253E-01
   22.610  -3.3161E-01
   22.620  -2.0735E-01
   22.630  -3.9801E-02
   22.640   1.4742E-01
   22.650   3.6969E-01
   22.660   6.3079E-01
   22.670   8.8724E-01
   22.680   1.0826E+00
   22.690   1.2007E+00
   22.700   1.2614E+00
   22.710   1.2735E+00
   22.720   1.2202E+00
   22.730   1.0977E+00
   22.740   9.4512E-01
   22.750   8.4668E-01
   22.760   7.5247E-01
   22.770   6.5805E-01
   22.780   5.3601E-01
   22.790   4.0488E-01
   22.800   3.0015E-01
   22.810   2.1732E-01
   22.820   2.3288E-01
   22.830   7.7185E-02
   22.840  -1.5263E-01
   22.850  -3.8748E-01
   22.860  -5.9216E-01
   22.870  -7.3179E-01
   22.880  -7.7072E-01
   22.890  -7.0423E-01
   22.900  -5.6248E-01
   22.910  -4.1464E-01
   22.920  -3.2837E-01
   22.930  -3.3733E-01
   22.940  -4.2771E-01
   22.950  -5.3939E-01
   22.960  -5.9695E-01
   22.970  -5.6758E-01
   22.980  -5.2281E-01
   22.990  -4.6620E-01
   23.000  -4.1450E-01
   23.010  -3.3148E-01
   23.020  -1.8886E-01
   23.030   7.3049E-04
   23.040   1.9561E-01
   23.050   3.4380E-01
   23.060   3.9778E-01
   23.070   3.4645E-01
   23.080   2.3933E-01
   23.090   1.1307E-01
   23.100  -5.4220E-02
   23.110   6.8882E-03
   23.120   1.2261E-01
   23.130   2.9494E-01
   23.140   4.9282E-01
   23.150   6.3864E-01
   23.160   6.7118E-01
   23.170   6.0513E-01
   23.180   4.6255E-01
   23.190   5.0535E-01
   23.200   3.2056E-01
   23.210   1.7335E-01
   23.220  -2.5480E-02
   23.230  -1.8380E-01
   23.240  -3.1117E-01
   23.250  -3.8762E-01
   23.260  -4.6229E-01
   23.270  -5.7930E-01
   23.280  -8.6239E-01
   23.290  -1.0473E+00
   23.300  -1.2359E+00
   23.310  -1.3799E+00
   23.320  -1.4314E+00
   23.330  -1.3744E+00
   23.340  -1.2415E+00
   23.350  -1.0922E+00
   23.360  -9.6883E-01
   23.370  -8.8055E-01
   23.380  -8.2094E-01
   23.390  -7.8563E-01
   23.400  -7.3899E-01
   23.410  -7.3222E-01
   23.420  -7.0402E-01
   23.430  -6.8052E-01
   23.440  -5.8615E-01
   23.450  -4.2438E-01
   23.460  -2.1803E-01
   23.470  -4.0387E-02
   23.480   4.7142E-02
   23.490   3.4788E-03
   23.500  -2.9026E-02
   23.510  -3.3845E-02
   23.520  -5.2546E-02
   23.530   5.1281E-02
   23.540   1.0326E-01
   23.550   1.3646E-01
   23.560   1.0725E-01
   23.570   8.6566E-02
   23.580   1.3352E-01
   23.590   2.2849E-01
   23.600   3.4035E-01
   23.610   4.4402E-01
   23.620   5.1064E-01
   23.630   7.3160E-01
   23.640   6.7761E-01
   23.650   5.9910E-01
   23.660   5.3367E-01
   23.670   1.2456E-01
   23.680   3.2621E-02
   23.690  -9.4269E-02
   23.700  -3.3958E-01
   23.710  -3.4788E-01
   23.720  -3.7160E-01
   23.730  -4.7110E-01
   23.740  -4.0622E-01
   23.750  -3.2616E-01
   23.760  -2.5528E-01
   23.770  -1.7982E-01
   23.780  -6.1804E-02
   23.790   2.1429E-02
   23.800   9.7583E-02
   23.810   1.5423E-01
   23.820   2.5653E-01
   23.830   2.3722E-01
   23.840   1.9526E-01
   23.850   1.1566E-01
   23.860   3.3962E-02
   23.870  -3.9297E-02
   23.880  -1.1720E-01
   23.890  -2.1154E-01
   23.900  -3.3068E-01
   23.910  -4.2588E-01
   23.920  -5.4523E-01
   23.930  -6.1907E-01
   23.940  -6.4138E-01
   23.950  -4.7898E-01
   23.960  -2.5261E-01
   23.970  -1.7191E-01
   23.980  -7.5863E-02
   23.990   1.9896E-02
   24.000   8.6577E-02
   24.010   1.0105E-01
   24.020   6.4862E-02
   24.030   4.4178E-03
   24.040  -4.2758E-02
   24.050  -4.4404E-02
   24.060   1.3062E-02
   24.070   1.1850E-01
   24.080   2.4337E-01
   24.090   3.5694E-01
   24.100   4.0144E-01
   24.110   4.2120E-01
   24.120   4.5170E-01
   24.130   5.3827E-01
   24.140   5.4771E-01
   24.150   5.6713E-01
   24.160   6.1258E-01
   24.170   4.9416E-01
   24.180   3.7511E-01
   24.190   3.0552E-01
   24.200   3.0366E-01
   24.210   3.5439E-01
   24.220   4.3293E-01
   24.230   5.1586E-01
   24.240   5.8105E-01
   24.250   6.1343E-01
   24.260   6.1450E-01
   24.270   5.9740E-01
   24.280   5.6838E-01
   24.290   5.1198E-01
   24.300   4.3618E-01
   24.310   3.2409E-01
   24.320   2.0280E-01
   24.330   1.0329E-01
   24.340   3.4880E-02
   24.350  -2.0004E-02
   24.360  -8.6273E-02
   24.370  -1.7256E-01
   24.380  -2.6358E-01
   24.390  -3.0866E-01
   24.400  -2.6437E-01
   24.410  -2.3828E-01
   24.420  -1.7464E-01
   24.430  -9.3358E-02
   24.440  -1.3970E-02
   24.450   5.2197E-02
   24.460   7.1248E-02
   24.470   9.7563E-02
   24.480   1.0135E-01
   24.490   7.8669E-02
   24.500   2.7072E-02
   24.510  -5.2902E-02
   24.520  -1.4957E-01
   24.530  -2.3166E-01
   24.540  -2.8106E-01
   24.550  -2.9113E-01
   24.560  -1.0768E-01
   24.570  -2.9249E-02
   24.580   7.5854E-02
   24.590   1.8181E-01
   24.600   2.6453E-01
   24.610   2.8918E-01
   24.620   2.6917E-01
   24.630   2.1959E-01
   24.640   1.6467E-01
   24.650   1.6304E-01
   24.660   1.0219E-01
   24.670   7.4452E-02
   24.680   9.8585E-02
   24.690   9.5640E-02
   24.700   9.2485E-02
   24.710   8.9723E-02
   24.720   9.8488E-02
   24.730   6.5972E-02
   24.740   2.3018E-02
   24.750  -4.0224E-02
   24.760  -6.6214E-02
   24.770  -9.2932E-02
   24.780   6.3404E-02
   24.790   6.5958E-02
   24.800   5.7985E-02
   24.810   2.7281E-02
   24.820  -3.6495E-02
   24.830  -1.2740E-01
   24.840  -2.2443E-01
   24.850  -3.0300E-01
   24.860  -3.4406E-01
   24.870  -3.4043E-01
   24.880  -3.0178E-01
   24.890  -2.2609E-01
   24.900  -2.0163E-01
   24.910  -2.2427E-01
   24.920  -2.8989E-01
   24.930  -3.6762E-01
   24.940  -4.1675E-01
   24.950  -4.1577E-01
   24.960  -3.7767E-01
   24.970  -3.3456E-01
   24.980  -3.0932E-01
   24.990  -3.0609E-01
   25.000  -1.5517E-01
   25.010  -2.1838E-01
   25.020  -3.1098E-01
   25.030  -4.0062E-01
   25.040  -4.3225E-01
   25.050  -3.9349E-01
   25.060  -2.7440E-01
   25.070  -1.5553E-01
   25.080   2.0794E-02
   25.090   1.6665E-01
   25.100   2.5762E-01
   25.110   2.8721E-01
   25.120   2.5962E-01
   25.130   2.0680E-01
   25.140   1.5391E-01
   25.150   8.6287E-02
   25.160   4.3573E-02
   25.170   5.4756E-02
   25.180   1.0068E-02
   25.190  -3.2695E-03
   25.200   1.4299E-02
   25.210   5.6870E-02
   25.220   8.9932E-02
   25.230   1.2521E-01
   25.240   1.5675E-01
   25.250   1.6926E-01
   25.260   1.6732E-01
   25.270   1.5305E-01
   25.280   1.2803E-01
   25.290   8.7092E-02
   25.300   6.7372E-03
   25.310  -4.6141E-02
   25.320  -1.0841E-01
   25.330  -1.2506E-01
   25.340  -1.1805E-01
   25.350  -8.9305E-02
   25.360   1.5089E-02
   25.370   4.9450E-02
   25.380   5.6067E-02
   25.390   2.7948E-02
   25.400  -2.9516E-02
   25.410  -9.3762E-02
   25.420  -1.3667E-01
   25.430  -1.4380E-01
   25.440  -1.2452E-01
   25.450  -6.3110E-02
   25.460  -8.1485E-02
   25.470  -1.1283E-01
   25.480  -1.4940E-01
   25.490  -1.8710E-01
   25.500  -2.2321E-01
   25.510  -2.5129E-01
   25.520  -2.5995E-01
   25.530  -2.5073E-01
   25.540  -2.1683E-01
   25.550  -1.5630E-01
   25.560  -1.1124E-01
   25.570  -9.6867E-02
   25.580  -1.0857E-01
   25.590  -1.3192E-01
   25.600  -1.5698E-01
   25.610  -1.8752E-01
   25.620  -2.0013E-01
   25.630  -2.0575E-01
   25.640  -3.0275E-01
   25.650  -3.1212E-01
   25.660  -3.1964E-01
   25.670  -3.2187E-01
   25.680  -3.1410E-01
   25.690  -2.8822E-01
   25.700  -2.3378E-01
   25.710  -1.4712E-01
   25.720  -3.8015E-02
   25.730   7.5844E-02
   25.740   1.7611E-01
   25.750   2.5609E-01
   25.760   3.0008E-01
   25.770   2.9801E-01
   25.780   2.6231E-01
   25.790   1.1721E-01
   25.800   8.8234E-02
   25.810   9.0178E-02
   25.820   1.2211E-01
   25.830   1.0162E-01
   25.840   1.4301E-01
   25.850   1.7436E-01
   25.860   1.9677E-01
   25.870   2.1940E-01
   25.880   1.8222E-01
   25.890   2.2428E-01
   25.900   2.7851E-01
   25.910   3.3413E-01
   25.920   3.8768E-01
   25.930   4.2390E-01
   25.940   4.1863E-01
   25.950   3.5653E-01
   25.960   2.4899E-01
   25.970   1.3128E-01
   25.980   4.0322E-02
   25.990  -5.9434E-03
   26.000  -1.1625E-02
   26.010   8.0256E-03
   26.020   3.7813E-02
   26.030   6.5529E-02
   26.040   7.9925E-02
   26.050   7.1041E-02
   26.060   3.5463E-02
   26.070  -2.1098E-02
   26.080  -7.2849E-02
   26.090  -1.1692E-01
   26.100  -1.4063E-01
   26.110  -1.4982E-01
   26.120  -1.5207E-01
   26.130  -1.4635E-01
   26.140  -1.3772E-01
   26.150  -1.1641E-01
   26.160  -8.1907E-02
   26.170  -2.4987E-02
   26.180   5.8098E-02
   26.190   1.5375E-01
   26.200   2.3425E-01
   26.210   2.8813E-01
   26.220   2.9405E-01
   26.230   2.7800E-01
   26.240   2.5484E-01
   26.250   2.3316E-01
   26.260   2.2029E-01
   26.270   2.2332E-01
   26.280   2.4359E-01
   26.290   2.7596E-01
   26.300   3.0976E-01
   26.310   3.5436E-01
   26.320   3.7640E-01
   26.330   3.8001E-01
   26.340   3.5058E-01
   26.350   3.3167E-01
   26.360   2.9813E-01
   26.370   2.7324E-01
   26.380   2.6076E-01
   26.390   1.5888E-01
   26.400   1.7294E-01
   26.410   1.8441E-01
   26.420   2.4590E-01
   26.430   2.2969E-01
   26.440   2.7401E-01
   26.450   2.2752E-01
   26.460   1.5983E-01
   26.470   8.5642E-02
   26.480   2.6857E-02
   26.490   1.2539E-02
   26.500  -4.3449E-02
   26.510  -2.6472E-02
   26.520  -1.5936E-05
   26.530   2.3712E-02
   26.540   3.6777E-02
   26.550   4.5042E-02
   26.560   1.4621E-01
   26.570   1.4461E-01
   26.580   1.3885E-01
   26.590   1.2889E-01
   26.600   1.2155E-01
   26.610   1.0382E-01
   26.620   7.1290E-02
   26.630   2.7601E-02
   26.640  -3.9036E-02
   26.650  -8.6627E-02
   26.660  -9.7723E-02
   26.670  -1.8011E-01
   26.680  -2.1884E-01
   26.690  -2.3741E-01
   26.700  -2.2585E-01
   26.710  -1.8209E-01
   26.720  -1.1577E-01
   26.730  -4.5293E-02
   26.740   1.1850E-02
   26.750   4.8623E-02
   26.760   7.0482E-02
   26.770   8.9160E-02
   26.780   1.1348E-01
   26.790   1.4374E-01
   26.800   1.7317E-01
   26.810   1.9405E-01
   26.820   2.0209E-01
   26.830   1.9640E-01
   26.840   1.7893E-01
   26.850   1.5671E-01
   26.860   1.4208E-01
   26.870   1.4620E-01
   26.880   1.7027E-01
   26.890   2.0432E-01
   26.900   2.3478E-01
   26.910   2.5195E-01
   26.920   1.9301E-01
   26.930   1.6607E-01
   26.940   1.3604E-01
   26.950   8.4739E-02
   26.960   6.3081E-02
   26.970   4.9634E-02
   26.980   4.3463E-02
   26.990   4.1385E-02
   27.000   3.7908E-02
   27.010   2.7760E-02
   27.020   1.0944E-02
   27.030  -6.0003E-03
   27.040  -1.5330E-02
   27.050  -1.4333E-02
   27.060  -6.6485E-03
   27.070   4.5453E-04
   27.080  -2.2641E-04
   27.090  -1.2445E-02
   27.100  -3.0783E-02
   27.110  -5.6513E-02
   27.120  -1.0039E-01
   27.130  -1.3122E-01
   27.140  -1.6174E-01
   27.150  -1.8404E-01
   27.160  -1.8988E-01
   27.170  -1.7639E-01
   27.180  -1.4701E-01
   27.190  -1.0905E-01
   27.200  -7.1491E-02
   27.210  -4.2994E-02
   27.220  -2.8958E-02
   27.230  -2.8915E-02
   27.240  -3.2827E-02
   27.250  -5.4838E-02
   27.260  -5.6128E-02
   27.270  -5.3380E-02
   27.280  -4.3716E-02
   27.290  -2.2069E-02
   27.300   1.4093E-02
   27.310   5.8798E-02
   27.320   9.4819E-02
   27.330   1.3101E-01
   27.340   1.6018E-01
   27.350   1.8504E-01
   27.360   2.0202E-01
   27.370   1.7789E-01
   27.380   1.6432E-01
   27.390   1.0135E-01
   27.400   6.8815E-02
   27.410   3.4477E-02
   27.420  -5.1681E-02
   27.430  -6.8875E-02
   27.440  -8.5001E-02
   27.450  -1.0428E-01
   27.460  -1.2173E-01
   27.470  -1.2636E-01
   27.480  -1.1335E-01
   27.490  -8.9256E-02
   27.500  -6.4272E-02
   27.510  -4.3360E-02
   27.520  -4.0957E-02
   27.530  -2.5514E-02
   27.540  -1.1168E-02
   27.550   3.4834E-03
   27.560   1.8879E-02
   27.570   3.8140E-02
   27.580   4.4329E-02
   27.590   3.8497E-02
   27.600   1.5854E-02
   27.610  -2.3468E-02
   27.620  -6.9114E-02
   27.630  -1.0288E-01
   27.640  -1.1056E-01
   27.650  -9.2052E-02
   27.660  -5.9053E-02
   27.670  -7.8331E-02
   27.680  -6.0340E-02
   27.690  -4.4328E-02
   27.700  -3.1596E-02
   27.710  -2.4091E-02
   27.720  -7.8715E-03
   27.730   1.0762E-02
   27.740   3.3854E-02
   27.750   5.3006E-02
   27.760   7.0794E-02
   27.770   8.9473E-02
   27.780   1.0667E-01
   27.790   1.1743E-01
   27.800   1.1705E-01
   27.810   1.0532E-01
   27.820   8.8359E-02
   27.830   7.4846E-02
   27.840   6.9842E-02
   27.850   7.0057E-02
   27.860   6.8868E-02
   27.870   6.4416E-02
   27.880   5.7806E-02
   27.890   4.0977E-02
   27.900   2.0562E-02
   27.910  -2.2643E-03
   27.920  -2.5735E-02
   27.930  -4.5943E-02
   27.940  -5.6510E-02
   27.950  -6.4317E-02
   27.960  -6.7024E-02
   27.970  -6.1644E-02
   27.980  -5.6997E-02
   27.990  -5.4056E-02
   28.000  -5.0464E-02
   28.010  -4.7092E-02
   28.020  -4.0809E-02
   28.030  -3.2749E-02
   28.040  -2.6531E-02
   28.050  -5.6513E-02
   28.060  -4.8914E-02
   28.070  -3.8792E-02
   28.080  -3.8228E-02
   28.090  -4.0142E-02
   28.100  -4.0013E-02
   28.110  -2.8837E-02
   28.120  -1.0168E-02
   28.130   4.7948E-03
   28.140   1.2433E-02
   28.150   1.5193E-02
   28.160   1.6345E-02
   28.170   1.4956E-02
   28.180   8.3860E-03
   28.190  -1.4838E-03
   28.200  -7.3825E-03
   28.210  -2.3103E-02
   28.220  -9.8791E-03
   28.230   2.9167E-03
   28.240   6.5727E-03
   28.250   5.5939E-04
   28.260  -7.4857E-03
   28.270  -9.4137E-03
   28.280  -3.8543E-03
   28.290   3.8464E-03
   28.300   7.3681E-03
   28.310   6.7267E-03
   28.320   7.6194E-04
   28.330   3.4944E-03
   28.340   1.4374E-02
   28.350   5.7558E-02
   28.360   7.4191E-02
   28.370   7.7974E-02
   28.380   6.4079E-02
   28.390   6.8534E-03
   28.400  -2.1251E-03
   28.410  -3.1031E-03
   28.420   4.3122E-03
   28.430   1.4850E-02
   28.440   2.0852E-02
   28.450   1.7322E-02
   28.460   5.7458E-03
   28.470  -1.5744E-02
   28.480  -3.1389E-02
   28.490  -3.9167E-02
   28.500  -3.8390E-02
   28.510  -3.0280E-02
   28.520  -1.8262E-02
   28.530  -5.7273E-03
   28.540  -2.6415E-04
   28.550   7.9577E-03
   28.560   1.8935E-02
   28.570   3.4827E-02
   28.580   5.5202E-02
   28.590   7.7702E-02
   28.600   9.8475E-02
   28.610   1.1293E-01
   28.620   1.1787E-01
   28.630   1.1317E-01
   28.640   1.0100E-01
   28.650   8.4106E-02
   28.660   6.5577E-02
   28.670   4.9517E-02
   28.680   3.9813E-02
   28.690   3.7171E-02
   28.700   3.7605E-02
   28.710   3.4490E-02
   28.720   2.3011E-02
   28.730   2.4787E-02
   28.740   1.5968E-02
   28.750   2.2671E-03
   28.760  -8.3618E-03
   28.770  -1.5152E-02
   28.780  -1.7133E-02
   28.790  -1.2931E-02
   28.800  -2.4004E-03
   28.810   1.1077E-02
   28.820   2.2377E-02
   28.830   3.1795E-02
   28.840   3.8573E-02
   28.850   4.0741E-02
   28.860   3.7637E-02
   28.870   3.0648E-02
   28.880   2.2087E-02
   28.890   1.3690E-02
   28.900   6.2996E-03
   28.910   5.2600E-04
   28.920  -3.7153E-03
   28.930  -7.6015E-03
   28.940  -1.2212E-02
   28.950  -1.6766E-02
   28.960  -1.7837E-02
   28.970  -1.6315E-02
   28.980  -1.1513E-02
   28.990  -4.9710E-03
   29.000   2.0755E-03
   29.010   8.5540E-03
   29.020   1.9270E-02
   29.030   1.4742E-02
   29.040  -1.0406E-02
   29.050  -1.0428E-02
   29.060  -8.2268E-03
   29.070  -1.4051E-03
   29.080   4.1680E-03
   29.090   8.8888E-03
   29.100   1.2858E-02
   29.110   1.6252E-02
   29.120   1.9010E-02
   29.130   2.1031E-02
   29.140   2.2192E-02
   29.150   2.2256E-02
   29.160   2.1178E-02
   29.170   1.9533E-02
   29.180   1.8128E-02
   29.190   1.7068E-02
   29.200   1.5660E-02
   29.210   1.3486E-02
   29.220   1.1106E-02
   29.230   9.7706E-03
   29.240   8.6780E-03
   29.250   7.6149E-03
   29.260   6.2152E-03
   29.270   4.8888E-03
   29.280   4.4040E-03
   29.290   5.3096E-03
   29.300   7.7019E-03
   29.310   1.1207E-02
   29.320   1.5050E-02
   29.330   1.8340E-02
   29.340   2.0493E-02
   29.350   2.1481E-02
   29.360   2.1738E-02
   29.370   2.1740E-02
   29.380   2.3437E-02
   29.390   2.2121E-02
   29.400   1.9180E-02
   29.410   1.4995E-02
   29.420   1.3172E-03
   29.430   2.7459E-05
   29.440  -8.9666E-04
   29.450  -1.2412E-03
   29.460  -9.6628E-04
   29.470  -2.2294E-04
   29.480   5.5824E-04
   29.490   3.4827E-03
   29.500   2.1481E-03
   29.510   1.1451E-04
   29.520  -2.4881E-03
   29.530  -4.7028E-04
   29.540  -1.9244E-03
   29.550  -3.1324E-03
   29.560  -3.2806E-03
   29.570  -2.4023E-03
   29.580  -9.3737E-04
   29.590   4.0719E-04
   29.600   9.9552E-04
   29.610   6.6999E-04
   29.620  -1.5824E-04
   29.630  -8.9961E-04
   29.640  -1.2545E-03
   29.650  -1.2480E-03
   29.660  -9.6191E-04
   29.670  -4.5774E-04
   29.680  -2.1422E-03
   29.690  -1.5711E-03
   29.700  -1.1764E-03
   29.710  -7.8887E-04
   29.720  -1.9665E-04
   29.730  -2.9276E-03
   29.740  -2.7239E-03
   29.750  -2.4981E-03
   29.760  -2.2698E-03
   29.770  -2.0774E-03
   29.780  -1.9220E-03
   29.790  -1.7700E-03
   29.800  -1.6108E-03
   29.810  -1.4806E-03
   29.820  -1.4360E-03
   29.830  -1.5316E-03
   29.840  -1.7953E-03
   29.850  -2.1762E-03
   29.860  -2.5292E-03
   29.870  -2.6991E-03
   29.880  -2.6110E-03
   29.890  -2.2423E-03
   29.900  -1.5413E-03
   29.910  -4.5708E-04
   29.920   9.3628E-04
   29.930   2.4111E-03
   29.940   3.7064E-03
   29.950   4.6406E-03
   29.960   5.1105E-03
   29.970   5.0607E-03
   29.980   4.5105E-03
   29.990   2.2721E-03
   30.000   1.9130E-03
   30.010   1.4784E-03
   30.020   1.6485E-03
   30.030   1.2692E-03
   30.040   1.0268E-03
   30.050   7.8604E-04
   30.060   5.0090E-04
   30.070   1.5389E-04
   30.080  -2.2646E-04
   30.090  -5.8777E-04
   30.100  -8.8652E-04
   30.110  -1.0983E-03
   30.120  -1.2084E-03
   30.130  -1.2086E-03
   30.140  -1.1081E-03
   30.150  -9.4293E-04
   30.160  -7.6224E-04
   30.170  -5.9575E-04
   30.180  -4.3521E-04
   30.190  -2.5976E-04
   30.200  -7.8628E-05
   30.210   2.7743E-04
   30.220   3.2781E-04
   30.230   3.6962E-04
   30.240   4.6146E-04
   30.250   5.4963E-04
   30.260   4.8202E-04
   30.270   1.5241E-04
   30.280  -3.8497E-04
   30.290  -9.5035E-04
   30.300  -1.3602E-03
   30.310  -1.5049E-03
   30.320  -1.3525E-03
   30.330  -9.3498E-04
   30.340  -3.4323E-04
   30.350   2.9391E-04
   30.360   8.5343E-04
   30.370   1.2576E-03
   30.380   1.4942E-03
   30.390   1.1356E-03
   30.400   1.3884E-03
   30.410   1.6957E-03
   30.420   1.9536E-03
   30.430   2.0368E-03
   30.440   1.9121E-03
   30.450   1.6663E-03
   30.460   1.4352E-03
   30.470   1.3171E-03
   30.480   1.3303E-03
   30.490   1.4090E-03
   30.500   1.4237E-03
   30.510   1.2474E-03
   30.520   8.5082E-04
   30.530   3.4939E-04
   30.540  -6.2305E-05
   30.550  -2.4928E-04
   30.560   5.9361E-05
   30.570   2.0961E-05
   30.580   2.4757E-05
   30.590   3.7593E-05
   30.600   2.2903E-05
   30.610  -2.3387E-05
   30.620  -5.3881E-05
   30.630  -1.1421E-05
   30.640   9.9270E-05
   30.650   1.9256E-04
   30.660   1.6643E-04
   30.670  -1.3087E-05
   30.680  -2.8806E-04
   30.690  -5.5646E-04
   30.700  -7.3708E-04
   30.710  -8.0239E-04
   30.720  -7.7141E-04
   30.730  -6.8263E-04
   30.740  -5.6740E-04
   30.750  -4.3888E-04
   30.760  -2.9974E-04
   30.770  -1.5685E-04
   30.780  -2.5834E-05
   30.790   7.7251E-05
   30.800   1.4626E-04
   30.810   1.8682E-04
   30.820   2.1118E-04
   30.830   2.2962E-04
   30.840   2.4361E-04
   30.850   2.4882E-04
   30.860   2.5151E-04
   30.870   2.7998E-04
   30.880   3.6807E-04
   30.890   5.2032E-04
   30.900   7.0343E-04
   30.910   8.8168E-04
   30.920   1.0530E-03
   30.930   1.2350E-03
   30.940   1.4199E-03
   30.950   1.5625E-03
   30.960   1.6198E-03
   30.970   1.5880E-03
   30.980   1.4904E-03
   30.990   1.3423E-03
   31.000   1.1454E-03
   31.010   9.1174E-04
   31.020   6.7753E-04
   31.030   4.8762E-04
   31.040   3.7396E-04
   31.050   3.4587E-04
   31.060   3.8459E-04
   31.070   4.3892E-04
   31.080   4.4221E-04
   31.090   3.5799E-04
   31.100   2.1778E-04
   31.110   1.0132E-04
   31.120   6.4404E-05
   31.130   8.2583E-05
   31.140   7.4243E-05
   31.150  -1.5372E-05
   31.160  -1.5534E-04
   31.170  -2.5560E-04
   31.180  -2.4532E-04
   31.190  -1.2106E-04
   31.200   7.0538E-05
   31.210   8.7482E-05
   31.220   3.0278E-04
   31.230   4.7550E-04
   31.240   5.6847E-04
   31.250   5.7681E-04
   31.260   5.1934E-04
   31.270   4.1648E-04
   31.280   2.8491E-04
   31.290   1.4182E-04
   31.300  -3.8191E-07
   31.310  -1.4122E-04
   31.320  -2.8419E-04
   31.330  -4.2309E-04
   31.340  -5.4133E-04
   31.350  -6.2214E-04
   31.360  -6.5475E-04
   31.370  -6.3598E-04
   31.380  -5.7383E-04
   31.390  -4.9059E-04
   31.400  -4.1752E-04
   31.410  -3.8231E-04
   31.420  -3.9597E-04
   31.430  -4.4789E-04
   31.440  -5.1764E-04
   31.450  -5.9892E-04
   31.460  -7.0883E-04
   31.470  -8.6427E-04
   31.480  -1.0502E-03
   31.490  -1.2216E-03
   31.500  -1.3377E-03
   31.510  -1.3850E-03
   31.520  -1.3689E-03
   31.530  -1.3011E-03
   31.540  -1.2019E-03
   31.550  -1.1026E-03
   31.560   0.0000E+00
   31.570   0.0000E+00
   31.580   0.0000E+00
   31.590   0.0000E+00
   31.600   0.0000E+00
   31.610   0.0000E+00
   31.620   0.0000E+00
   31.630   0.0000E+00
   31.640   0.0000E+00
   31.650   0.0000E+00
   31.660   0.0000E+00
   31.670   0.0000E+00
   31.680   0.0000E+00
   31.690   0.0000E+00
   31.700   0.0000E+00
   31.710   0.0000E+00
   31.720   0.0000E+00
   31.730   0.0000E+00
   31.740   0.0000E+00
   31.750   0.0000E+00
   31.760   0.0000E+00
   31.770   0.0000E+00
   31.780   0.0000E+00
   31.790   0.0000E+00
   31.800   0.0000E+00
   31.810   0.0000E+00
   31.820   0.0000E+00
   31.830   0.0000E+00
   31.840   0.0000E+00
   31.850   0.0000E+00
   31.860   0.0000E+00
   31.870   0.0000E+00
   31.880   0.0000E+00
   31.890   0.0000E+00
   31.900   0.0000E+00
   31.910   0.0000E+00
   31.920   0.0000E+00
   31.930   0.0000E+00
   31.940   0.0000E+00
   31.950   0.0000E+00
   31.960   0.0000E+00
   31.970   0.0000E+00
   31.980   0.0000E+00
   31.990   0.0000E+00
   32.000   0.0000E+00
   32.010   0.0000E+00
   32.020   0.0000E+00
   32.030   0.0000E+00
   32.040   0.0000E+00
   32.050   0.0000E+00
   32.060   0.0000E+00
   32.070   0.0000E+00
   32.080   0.0000E+00
   32.090   0.0000E+00
   32.100   0.0000E+00
   32.110   0.0000E+00
   32.120   0.0000E+00
   32.130   0.0000E+00
   32.140   0.0000E+00
   32.150   0.0000E+00
   32.160   0.0000E+00
   32.170   0.0000E+00
   32.180   0.0000E+00
   32.190   0.0000E+00
   32.200   0.0000E+00
   32.210   0.0000E+00
   32.220   0.0000E+00
   32.230   0.0000E+00
   32.240   0.0000E+00
   32.250   0.0000E+00
   32.260   0.0000E+00
   32.270   0.0000E+00
   32.280   0.0000E+00
   32.290   0.0000E+00
   32.300   0.0000E+00
   32.310   0.0000E+00
   32.320   0.0000E+00
   32.330   0.0000E+00
   32.340   0.0000E+00
   32.350   0.0000E+00
   32.360   0.0000E+00
   32.370   0.0000E+00
   32.380   0.0000E+00
   32.390   0.0000E+00
   32.400   0.0000E+00
   32.410   0.0000E+00
   32.420   0.0000E+00
   32.430   0.0000E+00
   32.440   0.0000E+00
   32.450   0.0000E+00
   32.460   0.0000E+00
   32.470   0.0000E+00
   32.480   0.0000E+00
   32.490   0.0000E+00
   32.500   0.0000E+00
   32.510   0.0000E+00
   32.520   0.0000E+00
   32.530   0.0000E+00
   32.540   0.0000E+00
   32.550   0.0000E+00
   32.560   0.0000E+00
   32.570   0.0000E+00
   32.580   0.0000E+00
   32.590   0.0000E+00
   32.600   0.0000E+00
   32.610   0.0000E+00
   32.620   0.0000E+00
   32.630   0.0000E+00
   32.640   0.0000E+00
   32.650   0.0000E+00
   32.660   0.0000E+00
   32.670   0.0000E+00
   32.680   0.0000E+00
   32.690   0.0000E+00
   32.700   0.0000E+00
   32.710   0.0000E+00
   32.720   0.0000E+00
   32.730   0.0000E+00
   32.740   0.0000E+00
   32.750   0.0000E+00
   32.760   0.0000E+00
   32.770   0.0000E+00
   32.780   0.0000E+00
   32.790   0.0000E+00
   32.800   0.0000E+00
   32.810   0.0000E+00
   32.820   0.0000E+00
   32.830   0.0000E+00
   32.840   0.0000E+00
   32.850   0.0000E+00
   32.860   0.0000E+00
   32.870   0.0000E+00
   32.880   0.0000E+00
   32.890   0.0000E+00
   32.900   0.0000E+00
   32.910   0.0000E+00
   32.920   0.0000E+00
   32.930   0.0000E+00
   32.940   0.0000E+00
   32.950   0.0000E+00
   32.960   0.0000E+00
   32.970   0.0000E+00
   32.980   0.0000E+00
   32.990   0.0000E+00
   33.000   0.0000E+00
   33.010   0.0000E+00
   33.020   0.0000E+00
   33.030   0.0000E+00
   33.040   0.0000E+00
   33.050   0.0000E+00
   33.060   0.0000E+00
   33.070   0.0000E+00
   33.080   0.0000E+00
   33.090   0.0000E+00
   33.100   0.0000E+00
   33.110   0.0000E+00
   33.120   0.0000E+00
   33.130   0.0000E+00
   33.140   0.0000E+00
   33.150   0.0000E+00
   33.160   0.0000E+00
   33.170   0.0000E+00
   33.180   0.0000E+00
   33.190   0.0000E+00
   33.200   0.0000E+00
   33.210   0.0000E+00
   33.220   0.0000E+00
   33.230   0.0000E+00
   33.240   0.0000E+00
   33.250   0.0000E+00
   33.260   0.0000E+00
   33.270   0.0000E+00
   33.280   0.0000E+00
   33.290   0.0000E+00
   33.300   0.0000E+00
   33.310   0.0000E+00
   33.320   0.0000E+00
   33.330   0.0000E+00
   33.340   0.0000E+00
   33.350   0.0000E+00
   33.360   0.0000E+00
   33.370   0.0000E+00
   33.380   0.0000E+00
   33.390   0.0000E+00
   33.400   0.0000E+00
   33.410   0.0000E+00
   33.420   0.0000E+00
   33.430   0.0000E+00
   33.440   0.0000E+00
   33.450   0.0000E+00
   33.460   0.0000E+00
   33.470   0.0000E+00
   33.480   0.0000E+00
   33.490   0.0000E+00
   33.500   0.0000E+00
   33.510   0.0000E+00
   33.520   0.0000E+00
   33.530   0.0000E+00
   33.540   0.0000E+00
   33.550   0.0000E+00
   33.560   0.0000E+00
   33.570   0.0000E+00
   33.580   0.0000E+00
   33.590   0.0000E+00
   33.600   0.0000E+00
   33.610   0.0000E+00
   33.620   0.0000E+00
   33.630   0.0000E+00
   33.640   0.0000E+00
   33.650   0.0000E+00
   33.660   0.0000E+00
   33.670   0.0000E+00
   33.680   0.0000E+00
   33.690   0.0000E+00
   33.700   0.0000E+00
   33.710   0.0000E+00
   33.720   0.0000E+00
   33.730   0.0000E+00
   33.740   0.0000E+00
   33.750   0.0000E+00
   33.760   0.0000E+00
   33.770   0.0000E+00
   33.780   0.0000E+00
   33.790   0.0000E+00
   33.800   0.0000E+00
   33.810   0.0000E+00
   33.820   0.0000E+00
   33.830   0.0000E+00
   33.840   0.0000E+00
   33.850   0.0000E+00
   33.860   0.0000E+00
   33.870   0.0000E+00
   33.880   0.0000E+00
   33.890   0.0000E+00
   33.900   0.0000E+00
   33.910   0.0000E+00
   33.920   0.0000E+00
   33.930   0.0000E+00
   33.940   0.0000E+00
   33.950   0.0000E+00
   33.960   0.0000E+00
   33.970   0.0000E+00
   33.980   0.0000E+00
   33.990   0.0000E+00
   34.000   0.0000E+00
   34.010   0.0000E+00
   34.020   0.0000E+00
   34.030   0.0000E+00
   34.040   0.0000E+00
   34.050   0.0000E+00
   34.060   0.0000E+00
   34.070   0.0000E+00
   34.080   0.0000E+00
   34.090   0.0000E+00
   34.100   0.0000E+00
   34.110   0.0000E+00
   34.120   0.0000E+00
   34.130   0.0000E+00
   34.140   0.0000E+00
   34.150   0.0000E+00
   34.160   0.0000E+00
   34.170   0.0000E+00
   34.180   0.0000E+00
   34.190   0.0000E+00
   34.200   0.0000E+00
   34.210   0.0000E+00
   34.220   0.0000E+00
   34.230   0.0000E+00
   34.240   0.0000E+00
   34.250   0.0000E+00
   34.260   0.0000E+00
   34.270   0.0000E+00
   34.280   0.0000E+00
   34.290   0.0000E+00
   34.300   0.0000E+00
   34.310   0.0000E+00
   34.320   0.0000E+00
   34.330   0.0000E+00
   34.340   0.0000E+00
   34.350   0.0000E+00
   34.360   0.0000E+00
   34.370   0.0000E+00
   34.380   0.0000E+00
   34.390   0.0000E+00
   34.400   0.0000E+00
   34.410   0.0000E+00
   34.420   0.0000E+00
   34.430   0.0000E+00
   34.440   0.0000E+00
   34.450   0.0000E+00
   34.460   0.0000E+00
   34.470   0.0000E+00
   34.480   0.0000E+00
   34.490   0.0000E+00
   34.500   0.0000E+00
   34.510   0.0000E+00
   34.520   0.0000E+00
   34.530   0.0000E+00
   34.540   0.0000E+00
   34.550   0.0000E+00
   34.560   0.0000E+00
   34.570   0.0000E+00
   34.580   0.0000E+00
   34.590   0.0000E+00
   34.600   0.0000E+00
   34.610   0.0000E+00
   34.620   0.0000E+00
   34.630   0.0000E+00
   34.640   0.0000E+00
   34.650   0.0000E+00
   34.660   0.0000E+00
   34.670   0.0000E+00
   34.680   0.0000E+00
   34.690   0.0000E+00
   34.700   0.0000E+00
   34.710   0.0000E+00
   34.720   0.0000E+00
   34.730   0.0000E+00
   34.740   0.0000E+00
   34.750   0.0000E+00
   34.760   0.0000E+00
   34.770   0.0000E+00
   34.780   0.0000E+00
   34.790   0.0000E+00
   34.800   0.0000E+00
   34.810   0.0000E+00
   34.820   0.0000E+00
   34.830   0.0000E+00
   34.840   0.0000E+00
   34.850   0.0000E+00
   34.860   0.0000E+00
   34.870   0.0000E+00
   34.880   0.0000E+00
   34.890   0.0000E+00
   34.900   0.0000E+00
   34.910   0.0000E+00
   34.920   0.0000E+00
   34.930   0.0000E+00
   34.940   0.0000E+00
   34.950   0.0000E+00
   34.960   0.0000E+00
   34.970   0.0000E+00
   34.980   0.0000E+00
   34.990   0.0000E+00
   35.000   0.0000E+00
   35.010   0.0000E+00
   35.020   0.0000E+00
   35.030   0.0000E+00
   35.040   0.0000E+00
   35.050   0.0000E+00
   35.060   0.0000E+00
   35.070   0.0000E+00
   35.080   0.0000E+00
   35.090   0.0000E+00
   35.100   0.0000E+00
   35.110   0.0000E+00
   35.120   0.0000E+00
   35.130   0.0000E+00
   35.140   0.0000E+00
   35.150   0.0000E+00
   35.160   0.0000E+00
   35.170   0.0000E+00
   35.180   0.0000E+00
   35.190   0.0000E+00
   35.200   0.0000E+00
   35.210   0.0000E+00
   35.220   0.0000E+00
   35.230   0.0000E+00
   35.240   0.0000E+00
   35.250   0.0000E+00
   35.260   0.0000E+00
   35.270   0.0000E+00
   35.280   0.0000E+00
   35.290   0.0000E+00
   35.300   0.0000E+00
   35.310   0.0000E+00
   35.320   0.0000E+00
   35.330   0.0000E+00
   35.340   0.0000E+00
   35.350   0.0000E+00
   35.360   0.0000E+00
   35.370   0.0000E+00
   35.380   0.0000E+00
   35.390   0.0000E+00
   35.400   0.0000E+00
   35.410   0.0000E+00
   35.420   0.0000E+00
   35.430   0.0000E+00
   35.440   0.0000E+00
   35.450   0.0000E+00
   35.460   0.0000E+00
   35.470   0.0000E+00
   35.480   0.0000E+00
   35.490   0.0000E+00
   35.500   0.0000E+00
   35.510   0.0000E+00
   35.520   0.0000E+00
   35.530   0.0000E+00
   35.540   0.0000E+00
   35.550   0.0000E+00
   35.560   0.0000E+00
   35.570   0.0000E+00
   35.580   0.0000E+00
   35.590   0.0000E+00
   35.600   0.0000E+00
   35.610   0.0000E+00
   35.620   0.0000E+00
   35.630   0.0000E+00
   35.640   0.0000E+00
   35.650   0.0000E+00
   35.660   0.0000E+00
   35.670   0.0000E+00
   35.680   0.0000E+00
   35.690   0.0000E+00
   35.700   0.0000E+00
   35.710   0.0000E+00
   35.720   0.0000E+00
   35.730   0.0000E+00
   35.740   0.0000E+00
   35.750   0.0000E+00
   35.760   0.0000E+00
   35.770   0.0000E+00
   35.780   0.0000E+00
   35.790   0.0000E+00
   35.800   0.0000E+00
   35.810   0.0000E+00
   35.820   0.0000E+00
   35.830   0.0000E+00
   35.840   0.0000E+00
   35.850   0.0000E+00
   35.860   0.0000E+00
   35.870   0.0000E+00
   35.880   0.0000E+00
   35.890   0.0000E+00
   35.900   0.0000E+00
   35.910   0.0000E+00
   35.920   0.0000E+00
   35.930   0.0000E+00
   35.940   0.0000E+00
   35.950   0.0000E+00
   35.960   0.0000E+00
   35.970   0.0000E+00
   35.980   0.0000E+00
   35.990   0.0000E+00
   36.000   0.0000E+00
   36.010   0.0000E+00
   36.020   0.0000E+00
   36.030   0.0000E+00
   36.040   0.0000E+00
   36.050   0.0000E+00
   36.060   0.0000E+00
   36.070   0.0000E+00
   36.080   0.0000E+00
   36.090   0.0000E+00
   36.100   0.0000E+00
   36.110   0.0000E+00
   36.120   0.0000E+00
   36.130   0.0000E+00
   36.140   0.0000E+00
   36.150   0.0000E+00
   36.160   0.0000E+00
   36.170   0.0000E+00
   36.180   0.0000E+00
   36.190   0.0000E+00
   36.200   0.0000E+00
   36.210   0.0000E+00
   36.220   0.0000E+00
   36.230   0.0000E+00
   36.240   0.0000E+00
   36.250   0.0000E+00
   36.260   0.0000E+00
   36.270   0.0000E+00
   36.280   0.0000E+00
   36.290   0.0000E+00
   36.300   0.0000E+00
   36.310   0.0000E+00
   36.320   0.0000E+00
   36.330   0.0000E+00
   36.340   0.0000E+00
   36.350   0.0000E+00
   36.360   0.0000E+00
   36.370   0.0000E+00
   36.380   0.0000E+00
   36.390   0.0000E+00
   36.400   0.0000E+00
   36.410   0.0000E+00
   36.420   0.0000E+00
   36.430   0.0000E+00
   36.440   0.0000E+00
   36.450   0.0000E+00
   36.460   0.0000E+00
   36.470   0.0000E+00
   36.480   0.0000E+00
   36.490   0.0000E+00
   36.500   0.0000E+00
   36.510   0.0000E+00
   36.520   0.0000E+00
   36.530   0.0000E+00
   36.540   0.0000E+00
   36.550   0.0000E+00
   36.560   0.0000E+00
   36.570   0.0000E+00
   36.580   0.0000E+00
   36.590   0.0000E+00
   36.600   0.0000E+00
   36.610   0.0000E+00
   36.620   0.0000E+00
   36.630   0.0000E+00
   36.640   0.0000E+00
   36.650   0.0000E+00
   36.660   0.0000E+00
   36.670   0.0000E+00
   36.680   0.0000E+00
   36.690   0.0000E+00
   36.700   0.0000E+00
   36.710   0.0000E+00
   36.720   0.0000E+00
   36.730   0.0000E+00
   36.740   0.0000E+00
   36.750   0.0000E+00
   36.760   0.0000E+00
   36.770   0.0000E+00
   36.780   0.0000E+00
   36.790   0.0000E+00
   36.800   0.0000E+00
   36.810   0.0000E+00
   36.820   0.0000E+00
   36.830   0.0000E+00
   36.840   0.0000E+00
   36.850   0.0000E+00
   36.860   0.0000E+00
   36.870   0.0000E+00
   36.880   0.0000E+00
   36.890   0.0000E+00
   36.900   0.0000E+00
   36.910   0.0000E+00
   36.920   0.0000E+00
   36.930   0.0000E+00
   36.940   0.0000E+00
   36.950   0.0000E+00
   36.960   0.0000E+00
   36.970   0.0000E+00
   36.980   0.0000E+00
   36.990   0.0000E+00
   37.000   0.0000E+00
   37.010   0.0000E+00
   37.020   0.0000E+00
   37.030   0.0000E+00
   37.040   0.0000E+00
   37.050   0.0000E+00
   37.060   0.0000E+00
   37.070   0.0000E+00
   37.080   0.0000E+00
   37.090   0.0000E+00
   37.100   0.0000E+00
   37.110   0.0000E+00
   37.120   0.0000E+00
   37.130   0.0000E+00
   37.140   0.0000E+00
   37.150   0.0000E+00
   37.160   0.0000E+00
   37.170   0.0000E+00
   37.180   0.0000E+00
   37.190   0.0000E+00
   37.200   0.0000E+00
   37.210   0.0000E+00
   37.220   0.0000E+00
   37.230   0.0000E+00
   37.240   0.0000E+00
   37.250   0.0000E+00
   37.260   0.0000E+00
   37.270   0.0000E+00
   37.280   0.0000E+00
   37.290   0.0000E+00
   37.300   0.0000E+00
   37.310   0.0000E+00
   37.320   0.0000E+00
   37.330   0.0000E+00
   37.340   0.0000E+00
   37.350   0.0000E+00
   37.360   0.0000E+00
   37.370   0.0000E+00
   37.380   0.0000E+00
   37.390   0.0000E+00
   37.400   0.0000E+00
   37.410   0.0000E+00
   37.420   0.0000E+00
   37.430   0.0000E+00
   37.440   0.0000E+00
   37.450   0.0000E+00
   37.460   0.0000E+00
   37.470   0.0000E+00
   37.480   0.0000E+00
   37.490   0.0000E+00
   37.500   0.0000E+00
   37.510   0.0000E+00
   37.520   0.0000E+00
   37.530   0.0000E+00
   37.540   0.0000E+00
   37.550   0.0000E+00
   37.560   0.0000E+00
   37.570   0.0000E+00
   37.580   0.0000E+00
   37.590   0.0000E+00
   37.600   0.0000E+00
   37.610   0.0000E+00
   37.620   0.0000E+00
   37.630   0.0000E+00
   37.640   0.0000E+00
   37.650   0.0000E+00
   37.660   0.0000E+00
   37.670   0.0000E+00
   37.680   0.0000E+00
   37.690   0.0000E+00
   37.700   0.0000E+00
   37.710   0.0000E+00
   37.720   0.0000E+00
   37.730   0.0000E+00
   37.740   0.0000E+00
   37.750   0.0000E+00
   37.760   0.0000E+00
   37.770   0.0000E+00
   37.780   0.0000E+00
   37.790   0.0000E+00
   37.800   0.0000E+00
   37.810   0.0000E+00
   37.820   0.0000E+00
   37.830   0.0000E+00
   37.840   0.0000E+00
   37.850   0.0000E+00
   37.860   0.0000E+00
   37.870   0.0000E+00
   37.880   0.0000E+00
   37.890   0.0000E+00
   37.900   0.0000E+00
   37.910   0.0000E+00
   37.920   0.0000E+00
   37.930   0.0000E+00
   37.940   0.0000E+00
   37.950   0.0000E+00
   37.960   0.0000E+00
   37.970   0.0000E+00
   37.980   0.0000E+00
   37.990   0.0000E+00
   38.000   0.0000E+00
   38.010   0.0000E+00
   38.020   0.0000E+00
   38.030   0.0000E+00
   38.040   0.0000E+00
   38.050   0.0000E+00
   38.060   0.0000E+00
   38.070   0.0000E+00
   38.080   0.0000E+00
   38.090   0.0000E+00
   38.100   0.0000E+00
   38.110   0.0000E+00
   38.120   0.0000E+00
   38.130   0.0000E+00
   38.140   0.0000E+00
   38.150   0.0000E+00
   38.160   0.0000E+00
   38.170   0.0000E+00
   38.180   0.0000E+00
   38.190   0.0000E+00
   38.200   0.0000E+00
   38.210   0.0000E+00
   38.220   0.0000E+00
   38.230   0.0000E+00
   38.240   0.0000E+00
   38.250   0.0000E+00
   38.260   0.0000E+00
   38.270   0.0000E+00
   38.280   0.0000E+00
   38.290   0.0000E+00
   38.300   0.0000E+00
   38.310   0.0000E+00
   38.320   0.0000E+00
   38.330   0.0000E+00
   38.340   0.0000E+00
   38.350   0.0000E+00
   38.360   0.0000E+00
   38.370   0.0000E+00
   38.380   0.0000E+00
   38.390   0.0000E+00
   38.400   0.0000E+00
   38.410   0.0000E+00
   38.420   0.0000E+00
   38.430   0.0000E+00
   38.440   0.0000E+00
   38.450   0.0000E+00
   38.460   0.0000E+00
   38.470   0.0000E+00
   38.480   0.0000E+00
   38.490   0.0000E+00
   38.500   0.0000E+00
   38.510   0.0000E+00
   38.520   0.0000E+00
   38.530   0.0000E+00
   38.540   0.0000E+00
   38.550   0.0000E+00
   38.560   0.0000E+00
   38.570   0.0000E+00
   38.580   0.0000E+00
   38.590   0.0000E+00
   38.600   0.0000E+00
   38.610   0.0000E+00
   38.620   0.0000E+00
   38.630   0.0000E+00
   38.640   0.0000E+00
   38.650   0.0000E+00
   38.660   0.0000E+00
   38.670   0.0000E+00
   38.680   0.0000E+00
   38.690   0.0000E+00
   38.700   0.0000E+00
   38.710   0.0000E+00
   38.720   0.0000E+00
   38.730   0.0000E+00
   38.740   0.0000E+00
   38.750   0.0000E+00
   38.760   0.0000E+00
   38.770   0.0000E+00
   38.780   0.0000E+00
   38.790   0.0000E+00
   38.800   0.0000E+00
   38.810   0.0000E+00
   38.820   0.0000E+00
   38.830   0.0000E+00
   38.840   0.0000E+00
   38.850   0.0000E+00
   38.860   0.0000E+00
   38.870   0.0000E+00
   38.880   0.0000E+00
   38.890   0.0000E+00
   38.900   0.0000E+00
   38.910   0.0000E+00
   38.920   0.0000E+00
   38.930   0.0000E+00
   38.940   0.0000E+00
   38.950   0.0000E+00
   38.960   0.0000E+00
   38.970   0.0000E+00
   38.980   0.0000E+00
   38.990   0.0000E+00
   39.000   0.0000E+00
   39.010   0.0000E+00
   39.020   0.0000E+00
   39.030   0.0000E+00
   39.040   0.0000E+00
   39.050   0.0000E+00
   39.060   0.0000E+00
   39.070   0.0000E+00
   39.080   0.0000E+00
   39.090   0.0000E+00
   39.100   0.0000E+00
   39.110   0.0000E+00
   39.120   0.0000E+00
   39.130   0.0000E+00
   39.140   0.0000E+00
   39.150   0.0000E+00
   39.160   0.0000E+00
   39.170   0.0000E+00
   39.180   0.0000E+00
   39.190   0.0000E+00
   39.200   0.0000E+00
   39.210   0.0000E+00
   39.220   0.0000E+00
   39.230   0.0000E+00
   39.240   0.0000E+00
   39.250   0.0000E+00
   39.260   0.0000E+00
   39.270   0.0000E+00
   39.280   0.0000E+00
   39.290   0.0000E+00
   39.300   0.0000E+00
   39.310   0.0000E+00
   39.320   0.0000E+00
   39.330   0.0000E+00
   39.340   0.0000E+00
   39.350   0.0000E+00
   39.360   0.0000E+00
   39.370   0.0000E+00
   39.380   0.0000E+00
   39.390   0.0000E+00
   39.400   0.0000E+00
   39.410   0.0000E+00
   39.420   0.0000E+00
   39.430   0.0000E+00
   39.440   0.0000E+00
   39.450   0.0000E+00
   39.460   0.0000E+00
   39.470   0.0000E+00
   39.480   0.0000E+00
   39.490   0.0000E+00
   39.500   0.0000E+00
   39.510   0.0000E+00
   39.520   0.0000E+00
   39.530   0.0000E+00
   39.540   0.0000E+00
   39.550   0.0000E+00
   39.560   0.0000E+00
   39.570   0.0000E+00
   39.580   0.0000E+00
   39.590   0.0000E+00
   39.600   0.0000E+00
   39.610   0.0000E+00
   39.620   0.0000E+00
   39.630   0.0000E+00
   39.640   0.0000E+00
   39.650   0.0000E+00
   39.660   0.0000E+00
   39.670   0.0000E+00
   39.680   0.0000E+00
   39.690   0.0000E+00
   39.700   0.0000E+00
   39.710   0.0000E+00
   39.720   0.0000E+00
   39.730   0.0000E+00
   39.740   0.0000E+00
   39.750   0.0000E+00
   39.760   0.0000E+00
   39.770   0.0000E+00
   39.780   0.0000E+00
   39.790   0.0000E+00
   39.800   0.0000E+00
   39.810   0.0000E+00
   39.820   0.0000E+00
   39.830   0.0000E+00
   39.840   0.0000E+00
   39.850   0.0000E+00
   39.860   0.0000E+00
   39.870   0.0000E+00
   39.880   0.0000E+00
   39.890   0.0000E+00
   39.900   0.0000E+00
   39.910   0.0000E+00
   39.920   0.0000E+00
   39.930   0.0000E+00
   39.940   0.0000E+00
   39.950   0.0000E+00
   39.960   0.0000E+00
   39.970   0.0000E+00
   39.980   0.0000E+00
   39.990   0.0000E+00
   40.000   0.0000E+00
   40.010   0.0000E+00
   40.020   0.0000E+00
   40.030   0.0000E+00
   40.040   0.0000E+00
   40.050   0.0000E+00
   40.060   0.0000E+00
   40.070   0.0000E+00
   40.080   0.0000E+00
   40.090   0.0000E+00
   40.100   0.0000E+00
   40.110   0.0000E+00
   40.120   0.0000E+00
   40.130   0.0000E+00
   40.140   0.0000E+00
   40.150   0.0000E+00
   40.160   0.0000E+00
   40.170   0.0000E+00
   40.180   0.0000E+00
   40.190   0.0000E+00
   40.200   0.0000E+00
   40.210   0.0000E+00
   40.220   0.0000E+00
   40.230   0.0000E+00
   40.240   0.0000E+00
   40.250   0.0000E+00
   40.260   0.0000E+00
   40.270   0.0000E+00
   40.280   0.0000E+00
   40.290   0.0000E+00
   40.300   0.0000E+00
   40.310   0.0000E+00
   40.320   0.0000E+00
   40.330   0.0000E+00
   40.340   0.0000E+00
   40.350   0.0000E+00
   40.360   0.0000E+00
   40.370   0.0000E+00
   40.380   0.0000E+00
   40.390   0.0000E+00
   40.400   0.0000E+00
   40.410   0.0000E+00
   40.420   0.0000E+00
   40.430   0.0000E+00
   40.440   0.0000E+00
   40.450   0.0000E+00
   40.460   0.0000E+00
   40.470   0.0000E+00
   40.480   0.0000E+00
   40.490   0.0000E+00
   40.500   0.0000E+00
   40.510   0.0000E+00
   40.520   0.0000E+00
   40.530   0.0000E+00
   40.540   0.0000E+00
   40.550   0.0000E+00
   40.560   0.0000E+00
   40.570   0.0000E+00
   40.580   0.0000E+00
   40.590   0.0000E+00
   40.600   0.0000E+00
   40.610   0.0000E+00
   40.620   0.0000E+00
   40.630   0.0000E+00
   40.640   0.0000E+00
   40.650   0.0000E+00
   40.660   0.0000E+00
   40.670   0.0000E+00
   40.680   0.0000E+00
   40.690   0.0000E+00
   40.700   0.0000E+00
   40.710   0.0000E+00
   40.720   0.0000E+00
   40.730   0.0000E+00
   40.740   0.0000E+00
   40.750   0.0000E+00
   40.760   0.0000E+00
   40.770   0.0000E+00
   40.780   0.0000E+00
   40.790   0.0000E+00
   40.800   0.0000E+00
   40.810   0.0000E+00
   40.820   0.0000E+00
   40.830   0.0000E+00
   40.840   0.0000E+00
   40.850   0.0000E+00
   40.860   0.0000E+00
   40.870   0.0000E+00
   40.880   0.0000E+00
   40.890   0.0000E+00
   40.900   0.0000E+00
   40.910   0.0000E+00
   40.920   0.0000E+00
   40.930   0.0000E+00
   40.940   0.0000E+00
   40.950   0.0000E+00
