**********************************************
*******  Acceleration Time Series ************
*** Site #   1
*** trial   33
Input Parameters file =  aqg_0604__parameters.out                                                                                                
  4096 samples
dt:  0.010 sec
data format: (1x,f8.3,1p,2x,e11.4)
maximum absolute acceleration: 165.27
fault Dis.(km)=    7.00
Hypo  Dis.(km)=   12.06
  time(s) acc(cm/s**2)
    0.000   0.0000E+00
    0.010   0.0000E+00
    0.020   0.0000E+00
    0.030   0.0000E+00
    0.040   0.0000E+00
    0.050   0.0000E+00
    0.060   0.0000E+00
    0.070   0.0000E+00
    0.080   0.0000E+00
    0.090   0.0000E+00
    0.100   0.0000E+00
    0.110   0.0000E+00
    0.120   0.0000E+00
    0.130   0.0000E+00
    0.140   0.0000E+00
    0.150   0.0000E+00
    0.160   0.0000E+00
    0.170   0.0000E+00
    0.180   0.0000E+00
    0.190   0.0000E+00
    0.200   0.0000E+00
    0.210   0.0000E+00
    0.220   0.0000E+00
    0.230   0.0000E+00
    0.240   0.0000E+00
    0.250   0.0000E+00
    0.260   0.0000E+00
    0.270   0.0000E+00
    0.280   0.0000E+00
    0.290   0.0000E+00
    0.300   0.0000E+00
    0.310   0.0000E+00
    0.320   0.0000E+00
    0.330   0.0000E+00
    0.340   0.0000E+00
    0.350   0.0000E+00
    0.360   0.0000E+00
    0.370   0.0000E+00
    0.380   0.0000E+00
    0.390   0.0000E+00
    0.400   2.9855E-02
    0.410   4.9089E-02
    0.420   7.1806E-02
    0.430   1.0107E-01
    0.440   1.3322E-01
    0.450   1.6153E-01
    0.460   1.8080E-01
    0.470   1.8823E-01
    0.480   1.8286E-01
    0.490   1.6626E-01
    0.500   1.4299E-01
    0.510   1.1852E-01
    0.520   9.6251E-02
    0.530   7.6678E-02
    0.540   5.8570E-02
    0.550   4.0230E-02
    0.560   2.0683E-02
    0.570   8.4367E-04
    0.580  -1.6746E-02
    0.590  -3.0264E-02
    0.600  -4.0233E-02
    0.610  -4.8281E-02
    0.620  -5.4917E-02
    0.630  -5.9536E-02
    0.640  -6.1908E-02
    0.650   6.0610E-02
    0.660   6.3932E-02
    0.670   1.5586E-01
    0.680   1.5993E-01
    0.690   1.6743E-01
    0.700   1.7527E-01
    0.710   1.7976E-01
    0.720   1.7915E-01
    0.730   1.7242E-01
    0.740   1.5676E-01
    0.750   1.2902E-01
    0.760   9.0567E-02
    0.770   4.8206E-02
    0.780   9.4732E-03
    0.790   4.9953E-02
    0.800   3.2404E-02
    0.810   2.0501E-02
    0.820  -9.5360E-03
    0.830   1.2429E-02
    0.840   4.1111E-02
    0.850   7.4981E-02
    0.860   1.1362E-01
    0.870   1.5642E-01
    0.880   2.0010E-01
    0.890   2.3731E-01
    0.900   2.5861E-01
    0.910   2.5757E-01
    0.920   2.3478E-01
    0.930   1.9712E-01
    0.940   1.5353E-01
    0.950   1.1147E-01
    0.960   7.6149E-02
    0.970   3.3881E-02
    0.980   1.8223E-02
    0.990   1.2337E-02
    1.000   1.1593E-02
    1.010   7.8027E-03
    1.020  -2.9421E-02
    1.030  -6.3816E-02
    1.040  -1.0475E-01
    1.050  -1.4709E-01
    1.060  -1.8632E-01
    1.070  -1.9011E-01
    1.080  -2.0594E-01
    1.090  -2.0996E-01
    1.100  -2.0040E-01
    1.110  -1.7961E-01
    1.120  -1.5478E-01
    1.130  -2.6844E-01
    1.140  -2.6062E-01
    1.150  -2.4541E-01
    1.160  -2.1391E-01
    1.170  -5.7100E-02
    1.180   1.5237E-02
    1.190   9.8752E-02
    1.200   1.8087E-01
    1.210   2.5026E-01
    1.220   3.0036E-01
    1.230   3.3046E-01
    1.240   3.4420E-01
    1.250   3.4601E-01
    1.260   3.3853E-01
    1.270   3.2343E-01
    1.280   3.0337E-01
    1.290   2.7972E-01
    1.300   2.4692E-01
    1.310   1.9306E-01
    1.320   1.1135E-01
    1.330   1.1840E-02
    1.340  -8.1344E-02
    1.350  -1.4595E-01
    1.360  -1.4775E-01
    1.370  -1.4034E-01
    1.380  -1.0269E-01
    1.390  -5.4840E-02
    1.400  -2.0072E-02
    1.410  -1.0399E-02
    1.420  -3.0432E-02
    1.430  -7.2612E-02
    1.440  -1.2448E-01
    1.450   1.1339E-02
    1.460   9.8486E-02
    1.470   4.6224E-02
    1.480   3.5620E-02
    1.490   6.2416E-02
    1.500   1.0917E-01
    1.510   1.5296E-01
    1.520   1.7472E-01
    1.530   1.4837E-01
    1.540   1.2777E-01
    1.550   1.6039E-01
    1.560   2.2974E-01
    1.570   2.7141E-01
    1.580   1.6901E-03
    1.590  -7.2142E-03
    1.600  -3.9213E-02
    1.610  -7.3573E-02
    1.620  -9.1652E-02
    1.630  -8.5365E-02
    1.640  -5.1038E-02
    1.650   1.6171E-02
    1.660   7.3794E-02
    1.670   2.0864E-01
    1.680   3.4322E-01
    1.690   4.3254E-01
    1.700   4.4432E-01
    1.710   3.6909E-01
    1.720   2.5826E-01
    1.730  -1.0658E-01
    1.740  -2.8543E-01
    1.750  -4.3896E-01
    1.760  -5.8981E-01
    1.770  -7.6198E-01
    1.780  -9.5121E-01
    1.790  -1.1274E+00
    1.800  -1.2579E+00
    1.810  -1.3217E+00
    1.820  -1.3075E+00
    1.830  -1.2076E+00
    1.840  -1.0456E+00
    1.850  -8.2932E-01
    1.860  -5.6182E-01
    1.870  -2.6014E-01
    1.880   2.6415E-02
    1.890   2.6482E-01
    1.900   4.2069E-01
    1.910   4.2875E-01
    1.920   4.0465E-01
    1.930   2.9709E-01
    1.940   1.8695E-01
    1.950   1.3227E-01
    1.960   4.4312E-02
    1.970   4.6898E-02
    1.980   1.1071E-01
    1.990   2.4851E-01
    2.000   3.1106E-01
    2.010   3.2748E-01
    2.020   2.8439E-01
    2.030   2.4598E-01
    2.040   2.1903E-01
    2.050   2.3242E-01
    2.060   3.0722E-01
    2.070   4.6327E-01
    2.080   5.8235E-01
    2.090   6.8991E-01
    2.100   7.4692E-01
    2.110   7.5023E-01
    2.120   7.4420E-01
    2.130   7.4493E-01
    2.140   7.9684E-01
    2.150   9.0481E-01
    2.160   1.0410E+00
    2.170   1.1581E+00
    2.180   1.2129E+00
    2.190   1.1823E+00
    2.200   1.0663E+00
    2.210   8.3511E-01
    2.220   6.3512E-01
    2.230   4.3526E-01
    2.240   2.3999E-01
    2.250   1.3046E-01
    2.260  -1.3762E-01
    2.270  -4.6350E-01
    2.280  -6.0236E-01
    2.290  -6.9766E-01
    2.300  -6.8468E-01
    2.310  -5.8088E-01
    2.320  -4.4189E-01
    2.330  -2.9337E-01
    2.340  -1.4063E-01
    2.350   2.4267E-02
    2.360   1.9647E-01
    2.370   3.6939E-01
    2.380   4.6476E-01
    2.390   4.6853E-01
    2.400   3.7692E-01
    2.410   2.2151E-01
    2.420   6.2052E-02
    2.430  -3.8733E-02
    2.440  -4.9164E-02
    2.450   1.4440E-02
    2.460   1.0607E-01
    2.470   1.8489E-01
    2.480   2.3718E-01
    2.490   2.7154E-01
    2.500   2.9868E-01
    2.510   3.1597E-01
    2.520   3.1269E-01
    2.530   2.9223E-01
    2.540   2.8708E-01
    2.550   3.4205E-01
    2.560   4.7361E-01
    2.570   6.4389E-01
    2.580   7.7907E-01
    2.590   8.1771E-01
    2.600   7.4633E-01
    2.610   5.9336E-01
    2.620   3.9394E-01
    2.630   1.6174E-01
    2.640  -1.0974E-01
    2.650  -4.0470E-01
    2.660  -6.8133E-01
    2.670  -9.5957E-01
    2.680  -1.1120E+00
    2.690  -1.1905E+00
    2.700  -1.2015E+00
    2.710  -8.7086E-01
    2.720  -7.1985E-01
    2.730  -5.1808E-01
    2.740  -3.4767E-01
    2.750  -4.4587E-01
    2.760  -4.7409E-01
    2.770  -6.3333E-01
    2.780  -7.5288E-01
    2.790  -7.8368E-01
    2.800  -6.8051E-01
    2.810  -3.8168E-01
    2.820  -5.8937E-02
    2.830   2.8123E-01
    2.840   5.7082E-01
    2.850   7.6729E-01
    2.860   8.4686E-01
    2.870   8.8522E-01
    2.880   8.8000E-01
    2.890   8.8626E-01
    2.900   8.0865E-01
    2.910   6.9956E-01
    2.920   5.9183E-01
    2.930   4.6320E-01
    2.940   2.3579E-01
    2.950  -1.2021E-01
    2.960  -5.8191E-01
    2.970  -1.0227E+00
    2.980  -1.3267E+00
    2.990  -1.4643E+00
    3.000  -1.4666E+00
    3.010  -1.3538E+00
    3.020  -1.1130E+00
    3.030  -7.4413E-01
    3.040  -3.3779E-01
    3.050  -4.6078E-02
    3.060   2.2023E-02
    3.070  -1.9285E-01
    3.080  -7.9788E-01
    3.090  -1.2166E+00
    3.100  -1.4446E+00
    3.110  -1.3993E+00
    3.120  -9.9049E-01
    3.130  -7.6889E-01
    3.140  -7.0306E-01
    3.150  -7.4894E-01
    3.160  -6.7941E-01
    3.170  -3.6107E-01
    3.180   2.6229E-01
    3.190   1.0542E+00
    3.200   1.8446E+00
    3.210   2.4607E+00
    3.220   2.8041E+00
    3.230   2.7140E+00
    3.240   2.3790E+00
    3.250   1.7324E+00
    3.260   9.0760E-01
    3.270  -1.1541E-02
    3.280  -9.3763E-01
    3.290  -1.7874E+00
    3.300  -2.4642E+00
    3.310  -2.8529E+00
    3.320  -2.8722E+00
    3.330  -2.5310E+00
    3.340  -1.9701E+00
    3.350  -1.4140E+00
    3.360  -1.0406E+00
    3.370  -8.7191E-01
    3.380  -7.9243E-01
    3.390  -6.7509E-01
    3.400  -4.9636E-01
    3.410  -3.7005E-01
    3.420  -3.8966E-01
    3.430  -6.1330E-01
    3.440  -1.0492E+00
    3.450  -1.5901E+00
    3.460  -2.1406E+00
    3.470  -2.7180E+00
    3.480  -2.9893E+00
    3.490  -2.9224E+00
    3.500  -2.5176E+00
    3.510  -1.9526E+00
    3.520  -1.4318E+00
    3.530  -1.2597E+00
    3.540  -1.3065E+00
    3.550  -1.4563E+00
    3.560  -1.6965E+00
    3.570  -1.7987E+00
    3.580  -1.6499E+00
    3.590  -1.2567E+00
    3.600  -7.4291E-01
    3.610  -2.8642E-01
    3.620  -3.2934E-02
    3.630  -1.4529E-02
    3.640  -1.0763E-01
    3.650  -5.8633E-02
    3.660   2.9728E-01
    3.670   1.1822E+00
    3.680   1.9260E+00
    3.690   2.4941E+00
    3.700   2.8464E+00
    3.710   2.9686E+00
    3.720   2.9384E+00
    3.730   2.8384E+00
    3.740   2.5865E+00
    3.750   1.9359E+00
    3.760   9.4653E-01
    3.770  -1.5469E-01
    3.780  -1.0188E+00
    3.790  -1.4080E+00
    3.800  -1.3258E+00
    3.810  -9.6245E-01
    3.820  -5.6594E-01
    3.830  -3.4249E-01
    3.840  -3.8141E-01
    3.850  -6.1089E-01
    3.860  -8.8493E-01
    3.870  -1.0160E+00
    3.880  -1.0140E+00
    3.890  -1.1509E+00
    3.900  -9.7894E-01
    3.910  -9.1616E-01
    3.920  -7.0239E-01
    3.930  -3.2318E-01
    3.940   5.6662E-02
    3.950   3.8534E-01
    3.960   4.5382E-01
    3.970   3.5757E-01
    3.980   8.1208E-02
    3.990  -2.0910E-02
    4.000   1.0674E-01
    4.010   5.7195E-01
    4.020   1.0441E+00
    4.030   1.3122E+00
    4.040   1.3317E+00
    4.050   1.1456E+00
    4.060   7.8149E-01
    4.070   1.9934E-01
    4.080  -6.1423E-01
    4.090  -1.5244E+00
    4.100  -2.2061E+00
    4.110  -2.4847E+00
    4.120  -2.3841E+00
    4.130  -2.0515E+00
    4.140  -1.5667E+00
    4.150  -8.6542E-01
    4.160   6.5777E-02
    4.170   1.2192E+00
    4.180   1.9121E+00
    4.190   2.0164E+00
    4.200   1.6825E+00
    4.210   9.3249E-01
    4.220   2.3371E-01
    4.230  -1.8094E-01
    4.240  -2.1813E-01
    4.250   1.5044E-01
    4.260   8.8934E-01
    4.270   1.8101E+00
    4.280   2.5846E+00
    4.290   2.9719E+00
    4.300   3.0419E+00
    4.310   3.0840E+00
    4.320   3.2607E+00
    4.330   3.4308E+00
    4.340   3.3714E+00
    4.350   3.0948E+00
    4.360   2.8265E+00
    4.370   2.6815E+00
    4.380   2.5240E+00
    4.390   2.2300E+00
    4.400   1.9275E+00
    4.410   1.6791E+00
    4.420   1.5268E+00
    4.430   1.3804E+00
    4.440   1.1826E+00
    4.450   1.1207E+00
    4.460   1.0521E+00
    4.470   1.1225E+00
    4.480   1.2259E+00
    4.490   1.1738E+00
    4.500   8.2835E-01
    4.510   1.1449E-01
    4.520  -9.2666E-01
    4.530  -2.0658E+00
    4.540  -2.9662E+00
    4.550  -3.2764E+00
    4.560  -2.9664E+00
    4.570  -2.3702E+00
    4.580  -1.9122E+00
    4.590  -1.7000E+00
    4.600  -1.3348E+00
    4.610  -2.2801E-01
    4.620   1.8848E+00
    4.630   4.7580E+00
    4.640   7.7858E+00
    4.650   1.0392E+01
    4.660   1.2195E+01
    4.670   1.2908E+01
    4.680   1.2462E+01
    4.690   1.0917E+01
    4.700   8.7248E+00
    4.710   6.2300E+00
    4.720   3.7366E+00
    4.730   1.3720E+00
    4.740  -7.8913E-01
    4.750  -2.6945E+00
    4.760  -4.0598E+00
    4.770  -4.7157E+00
    4.780  -4.7497E+00
    4.790  -4.4644E+00
    4.800  -4.0987E+00
    4.810  -3.7275E+00
    4.820  -3.1924E+00
    4.830  -2.2526E+00
    4.840  -9.5038E-01
    4.850   4.0445E-01
    4.860   1.3065E+00
    4.870   1.0303E+00
    4.880  -1.6573E-02
    4.890  -1.6685E+00
    4.900  -3.4514E+00
    4.910  -4.9944E+00
    4.920  -6.1030E+00
    4.930  -6.4802E+00
    4.940  -6.0334E+00
    4.950  -5.0407E+00
    4.960  -4.0596E+00
    4.970  -3.6270E+00
    4.980  -3.9139E+00
    4.990  -4.7293E+00
    5.000  -5.7981E+00
    5.010  -6.6749E+00
    5.020  -6.9846E+00
    5.030  -6.7418E+00
    5.040  -6.1634E+00
    5.050  -5.5001E+00
    5.060  -4.8957E+00
    5.070  -4.5160E+00
    5.080  -4.4297E+00
    5.090  -4.2320E+00
    5.100  -3.5804E+00
    5.110  -2.1392E+00
    5.120  -1.2527E-01
    5.130   1.9218E+00
    5.140   3.5572E+00
    5.150   4.6003E+00
    5.160   5.1079E+00
    5.170   5.2227E+00
    5.180   4.8353E+00
    5.190   3.7706E+00
    5.200   1.8516E+00
    5.210  -6.7399E-01
    5.220  -3.1132E+00
    5.230  -4.6506E+00
    5.240  -5.0734E+00
    5.250  -4.5651E+00
    5.260  -3.5316E+00
    5.270  -2.4744E+00
    5.280  -1.9029E+00
    5.290  -1.7582E+00
    5.300  -1.8827E+00
    5.310  -1.7080E+00
    5.320  -1.2145E+00
    5.330  -9.5723E-01
    5.340  -1.4081E+00
    5.350  -2.5110E+00
    5.360  -3.7055E+00
    5.370  -4.5691E+00
    5.380  -5.3231E+00
    5.390  -6.5842E+00
    5.400  -8.6101E+00
    5.410  -1.0714E+01
    5.420  -1.1278E+01
    5.430  -9.2599E+00
    5.440  -6.0488E+00
    5.450  -3.9339E+00
    5.460  -2.5934E+00
    5.470  -3.0769E-01
    5.480   2.9357E+00
    5.490   6.3518E+00
    5.500   9.9893E+00
    5.510   1.3832E+01
    5.520   1.5895E+01
    5.530   1.6750E+01
    5.540   1.8217E+01
    5.550   1.8941E+01
    5.560   1.7275E+01
    5.570   1.3422E+01
    5.580   9.2439E+00
    5.590   7.6363E+00
    5.600   9.5057E+00
    5.610   1.3148E+01
    5.620   1.6637E+01
    5.630   1.9278E+01
    5.640   2.0244E+01
    5.650   1.7634E+01
    5.660   1.1262E+01
    5.670   3.0659E+00
    5.680  -4.5675E+00
    5.690  -1.0616E+01
    5.700  -1.4337E+01
    5.710  -1.5642E+01
    5.720  -1.6310E+01
    5.730  -1.6202E+01
    5.740  -1.3862E+01
    5.750  -1.1207E+01
    5.760  -1.1409E+01
    5.770  -1.3150E+01
    5.780  -1.2814E+01
    5.790  -8.8829E+00
    5.800  -2.5874E+00
    5.810   2.7791E+00
    5.820   4.1334E+00
    5.830   3.4572E+00
    5.840   3.0733E+00
    5.850   2.7702E+00
    5.860   4.9018E-01
    5.870  -4.9198E+00
    5.880  -1.3874E+01
    5.890  -2.2911E+01
    5.900  -2.7007E+01
    5.910  -2.3373E+01
    5.920  -1.2163E+01
    5.930   3.7401E+00
    5.940   1.7822E+01
    5.950   2.4228E+01
    5.960   2.3520E+01
    5.970   2.0954E+01
    5.980   2.2517E+01
    5.990   2.7769E+01
    6.000   3.1383E+01
    6.010   2.6339E+01
    6.020   9.6711E+00
    6.030  -1.1166E+01
    6.040  -3.0219E+01
    6.050  -4.6125E+01
    6.060  -5.6834E+01
    6.070  -6.2598E+01
    6.080  -6.3995E+01
    6.090  -6.0498E+01
    6.100  -5.3371E+01
    6.110  -4.3252E+01
    6.120  -2.8654E+01
    6.130  -9.9867E+00
    6.140   1.0166E+01
    6.150   2.9164E+01
    6.160   4.1969E+01
    6.170   4.5943E+01
    6.180   4.1877E+01
    6.190   3.4823E+01
    6.200   3.1940E+01
    6.210   3.2166E+01
    6.220   3.1188E+01
    6.230   2.7496E+01
    6.240   2.0264E+01
    6.250   1.2396E+01
    6.260   8.7871E+00
    6.270   1.0303E+01
    6.280   1.4434E+01
    6.290   1.8504E+01
    6.300   2.4064E+01
    6.310   3.1220E+01
    6.320   3.6693E+01
    6.330   3.7038E+01
    6.340   3.2556E+01
    6.350   2.4882E+01
    6.360   1.8177E+01
    6.370   1.6554E+01
    6.380   1.9002E+01
    6.390   2.4057E+01
    6.400   2.9906E+01
    6.410   3.3487E+01
    6.420   3.2320E+01
    6.430   2.6757E+01
    6.440   1.9193E+01
    6.450   1.1284E+01
    6.460   6.0893E+00
    6.470   6.3784E+00
    6.480   1.1193E+01
    6.490   1.4018E+01
    6.500   7.6374E+00
    6.510  -5.9471E+00
    6.520  -2.2954E+01
    6.530  -3.7573E+01
    6.540  -4.4118E+01
    6.550  -4.5431E+01
    6.560  -4.8084E+01
    6.570  -5.3075E+01
    6.580  -5.4638E+01
    6.590  -4.7147E+01
    6.600  -2.8338E+01
    6.610  -1.9560E+00
    6.620   2.1383E+01
    6.630   3.2623E+01
    6.640   3.0651E+01
    6.650   2.4468E+01
    6.660   1.8147E+01
    6.670   1.3903E+01
    6.680   1.5850E+01
    6.690   1.9878E+01
    6.700   2.2217E+01
    6.710   1.8151E+01
    6.720   9.3255E+00
    6.730   8.0018E+00
    6.740   1.7583E+01
    6.750   2.8142E+01
    6.760   3.3184E+01
    6.770   2.9990E+01
    6.780   2.0439E+01
    6.790   1.2891E+01
    6.800   1.4072E+01
    6.810   2.3293E+01
    6.820   3.3691E+01
    6.830   3.8772E+01
    6.840   3.7806E+01
    6.850   3.3203E+01
    6.860   2.5662E+01
    6.870   1.6112E+01
    6.880   8.8432E+00
    6.890   5.2814E+00
    6.900   5.4955E+00
    6.910   8.8322E+00
    6.920   1.8889E+01
    6.930   3.1655E+01
    6.940   3.7117E+01
    6.950   3.1175E+01
    6.960   2.0284E+01
    6.970   1.1688E+01
    6.980   1.7924E+00
    6.990  -1.3210E+01
    7.000  -3.2979E+01
    7.010  -5.1389E+01
    7.020  -5.8844E+01
    7.030  -5.3231E+01
    7.040  -3.8875E+01
    7.050  -2.2242E+01
    7.060  -1.0565E+01
    7.070  -7.7157E+00
    7.080  -8.4568E+00
    7.090  -1.2845E+01
    7.100  -1.9079E+01
    7.110  -2.4801E+01
    7.120  -2.6488E+01
    7.130  -2.1175E+01
    7.140  -1.0645E+01
    7.150  -1.3511E+00
    7.160   5.8673E-01
    7.170  -1.0073E+00
    7.180   1.5554E+00
    7.190   6.3722E+00
    7.200   9.6284E+00
    7.210   1.2205E+01
    7.220   1.3208E+01
    7.230   1.1785E+01
    7.240   6.3431E+00
    7.250  -2.7096E+00
    7.260  -1.1109E+01
    7.270  -1.1697E+01
    7.280  -7.0952E+00
    7.290  -5.3885E+00
    7.300  -9.6046E+00
    7.310  -1.0527E+01
    7.320  -3.5070E+00
    7.330   8.3577E+00
    7.340   2.1131E+01
    7.350   3.5400E+01
    7.360   4.8102E+01
    7.370   4.7107E+01
    7.380   3.4786E+01
    7.390   1.9692E+01
    7.400   4.8424E+00
    7.410  -5.6779E+00
    7.420  -1.1337E+01
    7.430  -1.4607E+01
    7.440  -2.0320E+01
    7.450  -2.6462E+01
    7.460  -3.0783E+01
    7.470  -3.9211E+01
    7.480  -5.3026E+01
    7.490  -6.9033E+01
    7.500  -8.1083E+01
    7.510  -8.4911E+01
    7.520  -7.8933E+01
    7.530  -6.2324E+01
    7.540  -4.0132E+01
    7.550  -2.0525E+01
    7.560  -4.1285E+00
    7.570   2.1202E+00
    7.580   1.2719E+00
    7.590   1.2746E+00
    7.600   2.0817E-01
    7.610  -4.3992E+00
    7.620  -3.4357E+00
    7.630   1.0218E+01
    7.640   2.3094E+01
    7.650   2.5612E+01
    7.660   1.9216E+01
    7.670   7.6114E+00
    7.680  -7.1610E+00
    7.690  -2.4409E+01
    7.700  -4.4693E+01
    7.710  -5.2874E+01
    7.720  -4.1073E+01
    7.730  -1.8234E+01
    7.740   8.6833E+00
    7.750   3.1719E+01
    7.760   4.3797E+01
    7.770   4.5077E+01
    7.780   3.7004E+01
    7.790   2.1022E+01
    7.800   6.2447E-01
    7.810  -1.5280E+01
    7.820  -1.5024E+01
    7.830  -3.0434E-01
    7.840   2.0158E+01
    7.850   3.6141E+01
    7.860   4.2663E+01
    7.870   4.2676E+01
    7.880   4.3486E+01
    7.890   4.6697E+01
    7.900   5.3222E+01
    7.910   6.1541E+01
    7.920   6.6396E+01
    7.930   7.1390E+01
    7.940   7.5835E+01
    7.950   7.9019E+01
    7.960   7.9546E+01
    7.970   7.4000E+01
    7.980   6.1154E+01
    7.990   4.1136E+01
    8.000   2.0226E+01
    8.010   5.5477E+00
    8.020   2.0608E+00
    8.030   6.3543E+00
    8.040   1.1444E+01
    8.050   1.7514E+01
    8.060   2.6612E+01
    8.070   3.7059E+01
    8.080   4.3441E+01
    8.090   4.4013E+01
    8.100   3.7433E+01
    8.110   2.6771E+01
    8.120   1.6200E+01
    8.130   7.2377E+00
    8.140   1.7480E+00
    8.150   1.8246E-01
    8.160  -1.5348E+00
    8.170  -7.4343E+00
    8.180  -1.2037E+01
    8.190  -1.0557E+01
    8.200  -1.0437E+01
    8.210  -1.4710E+01
    8.220  -1.5840E+01
    8.230  -1.1699E+01
    8.240  -8.9268E+00
    8.250  -1.7017E+01
    8.260  -3.2768E+01
    8.270  -4.5384E+01
    8.280  -4.9309E+01
    8.290  -4.6694E+01
    8.300  -3.9742E+01
    8.310  -3.3409E+01
    8.320  -2.9157E+01
    8.330  -2.2636E+01
    8.340  -1.3594E+01
    8.350  -5.4163E+00
    8.360  -3.9380E+00
    8.370  -9.0132E+00
    8.380  -1.9966E+01
    8.390  -3.7856E+01
    8.400  -5.8906E+01
    8.410  -7.5814E+01
    8.420  -8.1294E+01
    8.430  -7.4257E+01
    8.440  -6.0386E+01
    8.450  -4.7375E+01
    8.460  -4.2067E+01
    8.470  -3.8665E+01
    8.480  -3.1106E+01
    8.490  -1.5059E+01
    8.500   6.7555E+00
    8.510   2.5202E+01
    8.520   3.6870E+01
    8.530   3.2943E+01
    8.540   1.4926E+01
    8.550  -4.9991E+00
    8.560  -2.3966E+01
    8.570  -4.0862E+01
    8.580  -5.2390E+01
    8.590  -6.1094E+01
    8.600  -6.8436E+01
    8.610  -7.1209E+01
    8.620  -6.4542E+01
    8.630  -4.9350E+01
    8.640  -2.8666E+01
    8.650  -6.0570E+00
    8.660   7.3331E+00
    8.670   1.0919E+01
    8.680   7.0597E+00
    8.690  -7.7656E+00
    8.700  -3.0085E+01
    8.710  -5.3652E+01
    8.720  -7.6412E+01
    8.730  -9.4542E+01
    8.740  -1.0740E+02
    8.750  -1.1697E+02
    8.760  -1.2883E+02
    8.770  -1.4544E+02
    8.780  -1.5933E+02
    8.790  -1.6527E+02
    8.800  -1.5852E+02
    8.810  -1.3594E+02
    8.820  -1.1469E+02
    8.830  -1.0126E+02
    8.840  -8.5484E+01
    8.850  -5.8374E+01
    8.860  -2.0774E+01
    8.870   1.4071E+01
    8.880   3.1898E+01
    8.890   3.2324E+01
    8.900   2.5192E+01
    8.910   1.8382E+01
    8.920   2.1420E+01
    8.930   3.5544E+01
    8.940   5.0336E+01
    8.950   5.9473E+01
    8.960   5.7653E+01
    8.970   3.9410E+01
    8.980   1.3002E+01
    8.990  -8.9966E+00
    9.000  -3.0785E+01
    9.010  -6.2570E+01
    9.020  -9.9191E+01
    9.030  -1.2742E+02
    9.040  -1.3636E+02
    9.050  -1.2082E+02
    9.060  -8.6880E+01
    9.070  -5.4266E+01
    9.080  -3.6709E+01
    9.090  -2.8060E+01
    9.100  -1.9656E+01
    9.110  -1.2973E+01
    9.120  -9.5927E+00
    9.130  -9.0000E+00
    9.140  -1.0456E+01
    9.150  -1.6243E+01
    9.160  -2.7876E+01
    9.170  -3.7811E+01
    9.180  -4.0683E+01
    9.190  -3.8899E+01
    9.200  -3.3310E+01
    9.210  -2.2264E+01
    9.220  -1.2848E+01
    9.230  -1.4229E+01
    9.240  -2.7627E+01
    9.250  -4.6579E+01
    9.260  -6.0531E+01
    9.270  -6.3842E+01
    9.280  -5.7191E+01
    9.290  -4.5055E+01
    9.300  -2.8440E+01
    9.310  -6.8027E+00
    9.320   1.2761E+01
    9.330   2.6223E+01
    9.340   3.5908E+01
    9.350   4.3978E+01
    9.360   5.5861E+01
    9.370   7.3742E+01
    9.380   8.9373E+01
    9.390   9.7118E+01
    9.400   9.6382E+01
    9.410   9.9050E+01
    9.420   1.0745E+02
    9.430   1.1063E+02
    9.440   9.9000E+01
    9.450   7.0761E+01
    9.460   3.3842E+01
    9.470   5.4065E+00
    9.480  -7.0710E+00
    9.490  -9.1174E+00
    9.500  -4.1177E+00
    9.510   4.6723E+00
    9.520   1.1801E+01
    9.530   1.4727E+01
    9.540   1.9513E+01
    9.550   2.6015E+01
    9.560   2.9242E+01
    9.570   2.7785E+01
    9.580   2.2255E+01
    9.590   1.8841E+01
    9.600   1.7730E+01
    9.610   1.0676E+01
    9.620  -8.6143E+00
    9.630  -3.1892E+01
    9.640  -4.7480E+01
    9.650  -4.9876E+01
    9.660  -3.5504E+01
    9.670  -7.3589E+00
    9.680   2.1238E+01
    9.690   4.1140E+01
    9.700   5.1588E+01
    9.710   5.5538E+01
    9.720   5.7972E+01
    9.730   5.8709E+01
    9.740   5.7364E+01
    9.750   5.8149E+01
    9.760   6.7156E+01
    9.770   8.2196E+01
    9.780   1.0115E+02
    9.790   1.1585E+02
    9.800   1.1581E+02
    9.810   1.0590E+02
    9.820   9.6727E+01
    9.830   8.5733E+01
    9.840   6.5648E+01
    9.850   4.0317E+01
    9.860   2.3619E+01
    9.870   1.6868E+01
    9.880   1.0406E+01
    9.890   1.6208E+00
    9.900  -2.2618E+00
    9.910   5.6626E-01
    9.920   5.8938E+00
    9.930   1.3577E+01
    9.940   2.6488E+01
    9.950   4.0720E+01
    9.960   5.0889E+01
    9.970   5.8581E+01
    9.980   6.5276E+01
    9.990   7.1189E+01
   10.000   7.4495E+01
   10.010   7.3691E+01
   10.020   7.3290E+01
   10.030   7.8696E+01
   10.040   9.1094E+01
   10.050   1.0507E+02
   10.060   1.1566E+02
   10.070   1.2407E+02
   10.080   1.3250E+02
   10.090   1.3762E+02
   10.100   1.3849E+02
   10.110   1.3367E+02
   10.120   1.2193E+02
   10.130   1.1337E+02
   10.140   1.1004E+02
   10.150   9.8314E+01
   10.160   7.4833E+01
   10.170   4.3924E+01
   10.180   1.1425E+01
   10.190  -1.7254E+01
   10.200  -3.6192E+01
   10.210  -4.0341E+01
   10.220  -3.1776E+01
   10.230  -1.9020E+01
   10.240  -1.0039E+01
   10.250  -1.3493E+01
   10.260  -2.7682E+01
   10.270  -3.7577E+01
   10.280  -3.1043E+01
   10.290  -1.2272E+01
   10.300   5.7704E-01
   10.310   2.4463E-01
   10.320  -7.2529E+00
   10.330  -1.2949E+01
   10.340  -1.4794E+01
   10.350  -1.7333E+01
   10.360  -2.2000E+01
   10.370  -2.6249E+01
   10.380  -2.6807E+01
   10.390  -2.2836E+01
   10.400  -2.0599E+01
   10.410  -2.0783E+01
   10.420  -2.3579E+01
   10.430  -2.6262E+01
   10.440  -2.1890E+01
   10.450  -1.1245E+01
   10.460   3.6297E+00
   10.470   1.2927E+01
   10.480   6.2968E+00
   10.490  -1.2241E+01
   10.500  -3.1819E+01
   10.510  -4.4493E+01
   10.520  -4.6949E+01
   10.530  -4.1763E+01
   10.540  -3.0165E+01
   10.550  -1.4959E+01
   10.560  -1.4462E+00
   10.570   6.2149E+00
   10.580   5.6754E+00
   10.590   2.9304E-01
   10.600   9.5886E-02
   10.610   1.1338E+01
   10.620   2.7525E+01
   10.630   3.7134E+01
   10.640   3.2631E+01
   10.650   1.7030E+01
   10.660   3.1467E+00
   10.670  -1.9595E+00
   10.680  -2.3994E+00
   10.690  -3.6313E+00
   10.700  -6.0963E+00
   10.710  -9.2386E+00
   10.720  -1.2003E+01
   10.730  -1.0247E+01
   10.740  -2.2518E-01
   10.750   7.7294E+00
   10.760   7.7203E+00
   10.770  -1.2954E+00
   10.780  -1.8488E+01
   10.790  -3.4828E+01
   10.800  -4.6088E+01
   10.810  -5.1373E+01
   10.820  -4.6138E+01
   10.830  -3.0648E+01
   10.840  -1.5506E+01
   10.850  -8.9558E+00
   10.860  -8.0664E+00
   10.870  -1.2383E+01
   10.880  -2.0470E+01
   10.890  -2.8471E+01
   10.900  -3.2215E+01
   10.910  -2.9617E+01
   10.920  -2.1207E+01
   10.930  -1.6491E+01
   10.940  -1.8511E+01
   10.950  -1.8133E+01
   10.960  -5.5646E+00
   10.970   2.1795E+01
   10.980   5.1074E+01
   10.990   7.4499E+01
   11.000   9.8456E+01
   11.010   1.2090E+02
   11.020   1.3929E+02
   11.030   1.5053E+02
   11.040   1.4778E+02
   11.050   1.2447E+02
   11.060   8.3990E+01
   11.070   3.4806E+01
   11.080  -9.8732E+00
   11.090  -3.9977E+01
   11.100  -5.7101E+01
   11.110  -6.2708E+01
   11.120  -5.8914E+01
   11.130  -5.3825E+01
   11.140  -5.0052E+01
   11.150  -5.0104E+01
   11.160  -5.5680E+01
   11.170  -6.7042E+01
   11.180  -8.0539E+01
   11.190  -8.7073E+01
   11.200  -8.2415E+01
   11.210  -7.1612E+01
   11.220  -5.6975E+01
   11.230  -4.1115E+01
   11.240  -3.1930E+01
   11.250  -3.3059E+01
   11.260  -3.9493E+01
   11.270  -4.3308E+01
   11.280  -3.9591E+01
   11.290  -3.0234E+01
   11.300  -2.0141E+01
   11.310  -1.1486E+01
   11.320  -1.0858E+01
   11.330  -1.8172E+01
   11.340  -2.7593E+01
   11.350  -3.3526E+01
   11.360  -3.6475E+01
   11.370  -3.9808E+01
   11.380  -3.9434E+01
   11.390  -3.4685E+01
   11.400  -2.9262E+01
   11.410  -2.8078E+01
   11.420  -3.4480E+01
   11.430  -4.4953E+01
   11.440  -5.7315E+01
   11.450  -7.4161E+01
   11.460  -9.2354E+01
   11.470  -1.0394E+02
   11.480  -1.0959E+02
   11.490  -1.1166E+02
   11.500  -1.1098E+02
   11.510  -1.0782E+02
   11.520  -9.8830E+01
   11.530  -8.3191E+01
   11.540  -6.5950E+01
   11.550  -5.3299E+01
   11.560  -4.8179E+01
   11.570  -4.9390E+01
   11.580  -5.2389E+01
   11.590  -5.1926E+01
   11.600  -3.9720E+01
   11.610  -1.9870E+01
   11.620  -8.4364E-01
   11.630   1.5734E+01
   11.640   3.1289E+01
   11.650   4.4965E+01
   11.660   5.0837E+01
   11.670   4.8104E+01
   11.680   3.9740E+01
   11.690   2.7222E+01
   11.700   1.7262E+01
   11.710   1.0930E+01
   11.720   5.7756E+00
   11.730   5.2031E+00
   11.740   7.4666E+00
   11.750   8.4512E+00
   11.760   8.6177E+00
   11.770   5.0448E+00
   11.780  -2.9583E+00
   11.790  -1.1399E+01
   11.800  -1.7759E+01
   11.810  -2.3991E+01
   11.820  -2.9233E+01
   11.830  -2.3651E+01
   11.840  -4.2765E+00
   11.850   1.5510E+01
   11.860   2.2848E+01
   11.870   1.8866E+01
   11.880   7.8697E+00
   11.890  -2.2545E+00
   11.900   2.4025E-01
   11.910   2.0225E+01
   11.920   4.3858E+01
   11.930   6.2657E+01
   11.940   7.5666E+01
   11.950   7.9856E+01
   11.960   7.3019E+01
   11.970   6.2697E+01
   11.980   5.4579E+01
   11.990   5.0804E+01
   12.000   5.0867E+01
   12.010   5.1641E+01
   12.020   5.3118E+01
   12.030   5.4506E+01
   12.040   5.3131E+01
   12.050   4.7126E+01
   12.060   4.1974E+01
   12.070   4.1522E+01
   12.080   4.6122E+01
   12.090   5.8497E+01
   12.100   7.5297E+01
   12.110   8.7398E+01
   12.120   8.7589E+01
   12.130   7.2474E+01
   12.140   4.8275E+01
   12.150   2.2761E+01
   12.160   2.5311E+00
   12.170  -7.2336E+00
   12.180  -6.9245E+00
   12.190  -3.9955E+00
   12.200  -3.5030E+00
   12.210  -9.8112E+00
   12.220  -2.3378E+01
   12.230  -3.8058E+01
   12.240  -5.1631E+01
   12.250  -5.9956E+01
   12.260  -5.7794E+01
   12.270  -4.6578E+01
   12.280  -3.1469E+01
   12.290  -1.5679E+01
   12.300  -6.9691E-02
   12.310   1.0362E+01
   12.320   1.0408E+01
   12.330   2.0976E+00
   12.340  -1.0756E+01
   12.350  -2.4461E+01
   12.360  -3.5449E+01
   12.370  -4.0114E+01
   12.380  -3.5129E+01
   12.390  -2.3164E+01
   12.400  -1.2273E+01
   12.410  -6.1974E+00
   12.420  -3.0581E+00
   12.430  -4.4972E+00
   12.440  -1.2631E+01
   12.450  -2.1769E+01
   12.460  -2.7409E+01
   12.470  -2.8356E+01
   12.480  -2.2467E+01
   12.490  -1.0145E+01
   12.500   4.8349E+00
   12.510   2.0827E+01
   12.520   3.4203E+01
   12.530   4.0951E+01
   12.540   3.8403E+01
   12.550   2.7634E+01
   12.560   1.2969E+01
   12.570   2.1054E+00
   12.580  -1.8168E-01
   12.590   1.4350E+00
   12.600  -1.1587E+00
   12.610  -8.8682E+00
   12.620  -1.8591E+01
   12.630  -2.4575E+01
   12.640  -2.1423E+01
   12.650  -8.7641E+00
   12.660   1.0874E+01
   12.670   3.0859E+01
   12.680   4.5560E+01
   12.690   4.9020E+01
   12.700   4.4448E+01
   12.710   4.2426E+01
   12.720   4.4744E+01
   12.730   4.8445E+01
   12.740   5.1019E+01
   12.750   5.0279E+01
   12.760   4.6600E+01
   12.770   4.2321E+01
   12.780   3.9962E+01
   12.790   3.6650E+01
   12.800   3.0060E+01
   12.810   2.2197E+01
   12.820   1.2240E+01
   12.830   2.6771E-01
   12.840  -1.1041E+01
   12.850  -1.7262E+01
   12.860  -1.9124E+01
   12.870  -2.1997E+01
   12.880  -2.3934E+01
   12.890  -2.1750E+01
   12.900  -1.6512E+01
   12.910  -1.2733E+01
   12.920  -1.2058E+01
   12.930  -1.2751E+01
   12.940  -1.4366E+01
   12.950  -1.7060E+01
   12.960  -2.0442E+01
   12.970  -2.0842E+01
   12.980  -1.6685E+01
   12.990  -1.3544E+01
   13.000  -1.4808E+01
   13.010  -1.9309E+01
   13.020  -2.2634E+01
   13.030  -2.0908E+01
   13.040  -1.6822E+01
   13.050  -1.5208E+01
   13.060  -1.7726E+01
   13.070  -2.2059E+01
   13.080  -2.4187E+01
   13.090  -2.0358E+01
   13.100  -1.1383E+01
   13.110  -3.7186E+00
   13.120  -2.0085E+00
   13.130  -3.9299E+00
   13.140  -3.7728E+00
   13.150   1.1657E+00
   13.160   8.1332E+00
   13.170   1.3072E+01
   13.180   1.5686E+01
   13.190   1.8027E+01
   13.200   2.2058E+01
   13.210   2.5285E+01
   13.220   2.0974E+01
   13.230   8.0173E+00
   13.240  -7.8792E+00
   13.250  -1.9248E+01
   13.260  -2.1162E+01
   13.270  -1.5498E+01
   13.280  -5.8461E+00
   13.290   5.2596E+00
   13.300   1.2683E+01
   13.310   1.1471E+01
   13.320   3.8087E-01
   13.330  -1.5942E+01
   13.340  -3.0289E+01
   13.350  -4.0820E+01
   13.360  -4.7656E+01
   13.370  -4.9016E+01
   13.380  -4.6685E+01
   13.390  -4.5150E+01
   13.400  -4.7158E+01
   13.410  -5.2387E+01
   13.420  -6.0172E+01
   13.430  -6.4476E+01
   13.440  -6.1164E+01
   13.450  -5.4881E+01
   13.460  -4.8249E+01
   13.470  -3.8999E+01
   13.480  -3.0690E+01
   13.490  -2.6038E+01
   13.500  -2.2391E+01
   13.510  -1.8443E+01
   13.520  -1.4469E+01
   13.530  -1.0602E+01
   13.540  -7.4212E+00
   13.550  -6.1200E+00
   13.560  -8.0805E+00
   13.570  -1.4136E+01
   13.580  -2.0285E+01
   13.590  -2.3302E+01
   13.600  -2.0751E+01
   13.610  -1.2451E+01
   13.620  -3.3508E+00
   13.630   2.4614E+00
   13.640   4.6397E+00
   13.650   6.6445E+00
   13.660   1.0016E+01
   13.670   9.9834E+00
   13.680   5.1293E+00
   13.690  -1.0711E+00
   13.700  -3.8485E+00
   13.710  -1.4012E+00
   13.720   2.5403E+00
   13.730   4.3118E+00
   13.740   5.2064E+00
   13.750   6.6722E+00
   13.760   9.9339E+00
   13.770   1.3132E+01
   13.780   1.3753E+01
   13.790   1.0419E+01
   13.800   5.0069E+00
   13.810  -6.1286E-01
   13.820  -6.3160E+00
   13.830  -1.0232E+01
   13.840  -9.6840E+00
   13.850  -5.9230E+00
   13.860  -2.0571E+00
   13.870   4.3772E-01
   13.880  -5.0040E-01
   13.890  -6.3405E+00
   13.900  -1.2869E+01
   13.910  -1.6553E+01
   13.920  -1.7114E+01
   13.930  -1.4688E+01
   13.940  -1.0450E+01
   13.950  -6.2675E+00
   13.960  -3.5198E+00
   13.970  -4.8979E-01
   13.980   3.2764E+00
   13.990   6.9238E+00
   14.000   1.1412E+01
   14.010   1.5568E+01
   14.020   1.7344E+01
   14.030   1.6133E+01
   14.040   1.4006E+01
   14.050   1.1069E+01
   14.060   8.0006E+00
   14.070   7.3796E+00
   14.080   7.3825E+00
   14.090   5.7633E+00
   14.100  -9.8492E-02
   14.110  -9.4013E+00
   14.120  -1.6335E+01
   14.130  -1.6247E+01
   14.140  -9.9890E+00
   14.150  -1.0690E+00
   14.160   6.7998E+00
   14.170   1.3339E+01
   14.180   2.0732E+01
   14.190   2.7552E+01
   14.200   2.9005E+01
   14.210   2.2965E+01
   14.220   1.1400E+01
   14.230   1.7978E+00
   14.240   2.4369E-01
   14.250   4.2014E+00
   14.260   8.6645E+00
   14.270   1.0294E+01
   14.280   7.4942E+00
   14.290   9.8675E-01
   14.300  -5.6589E+00
   14.310  -9.9891E+00
   14.320  -1.1551E+01
   14.330  -1.0872E+01
   14.340  -8.3835E+00
   14.350  -4.0122E+00
   14.360   1.2937E+00
   14.370   6.5376E+00
   14.380   1.1648E+01
   14.390   1.6638E+01
   14.400   1.7462E+01
   14.410   1.4631E+01
   14.420   1.2323E+01
   14.430   1.2146E+01
   14.440   1.2747E+01
   14.450   1.3013E+01
   14.460   1.4238E+01
   14.470   1.5547E+01
   14.480   1.5883E+01
   14.490   1.5224E+01
   14.500   1.2135E+01
   14.510   7.5675E+00
   14.520   3.3330E+00
   14.530   1.1798E+00
   14.540   8.3956E-01
   14.550  -1.7350E-01
   14.560  -2.6295E-01
   14.570   3.7116E+00
   14.580   1.0538E+01
   14.590   1.6588E+01
   14.600   1.9884E+01
   14.610   1.9108E+01
   14.620   1.5931E+01
   14.630   1.3076E+01
   14.640   1.2055E+01
   14.650   1.1924E+01
   14.660   1.2581E+01
   14.670   1.4221E+01
   14.680   1.5080E+01
   14.690   1.3836E+01
   14.700   1.3246E+01
   14.710   1.4862E+01
   14.720   1.7491E+01
   14.730   1.9521E+01
   14.740   1.8939E+01
   14.750   1.5115E+01
   14.760   9.4167E+00
   14.770   3.6329E+00
   14.780  -1.0249E+00
   14.790  -5.0078E+00
   14.800  -8.8210E+00
   14.810  -9.7773E+00
   14.820  -6.1054E+00
   14.830   2.6743E-01
   14.840   5.9619E+00
   14.850   9.7434E+00
   14.860   1.1171E+01
   14.870   1.0833E+01
   14.880   1.1155E+01
   14.890   1.3951E+01
   14.900   1.8638E+01
   14.910   2.2281E+01
   14.920   2.4049E+01
   14.930   2.4249E+01
   14.940   2.2922E+01
   14.950   1.9319E+01
   14.960   1.2839E+01
   14.970   5.4441E+00
   14.980  -1.1662E+00
   14.990  -5.1551E+00
   15.000  -6.9639E+00
   15.010  -7.2594E+00
   15.020  -5.2149E+00
   15.030  -6.7934E-02
   15.040   7.4190E+00
   15.050   1.5540E+01
   15.060   2.1717E+01
   15.070   2.3316E+01
   15.080   2.0388E+01
   15.090   1.5288E+01
   15.100   1.0432E+01
   15.110   6.9143E+00
   15.120   5.7139E+00
   15.130   6.8306E+00
   15.140   9.0474E+00
   15.150   1.0015E+01
   15.160   9.3338E+00
   15.170   8.8170E+00
   15.180   9.6574E+00
   15.190   1.2040E+01
   15.200   1.5486E+01
   15.210   1.8589E+01
   15.220   1.8981E+01
   15.230   1.5569E+01
   15.240   1.0486E+01
   15.250   6.5420E+00
   15.260   3.9924E+00
   15.270   2.6996E+00
   15.280   2.6465E+00
   15.290   4.3868E+00
   15.300   6.7686E+00
   15.310   7.7245E+00
   15.320   6.1107E+00
   15.330   1.7475E+00
   15.340  -2.9542E+00
   15.350  -5.8762E+00
   15.360  -6.9828E+00
   15.370  -6.2657E+00
   15.380  -4.9384E+00
   15.390  -5.0896E+00
   15.400  -6.3800E+00
   15.410  -8.1178E+00
   15.420  -1.0897E+01
   15.430  -1.4162E+01
   15.440  -1.7616E+01
   15.450  -2.0504E+01
   15.460  -2.1454E+01
   15.470  -2.1796E+01
   15.480  -2.2680E+01
   15.490  -2.3877E+01
   15.500  -2.4779E+01
   15.510  -2.5088E+01
   15.520  -2.4023E+01
   15.530  -2.0943E+01
   15.540  -1.6365E+01
   15.550  -1.1731E+01
   15.560  -8.7189E+00
   15.570  -7.5025E+00
   15.580  -6.2506E+00
   15.590  -4.3623E+00
   15.600  -2.9441E+00
   15.610  -2.0377E+00
   15.620  -1.1854E+00
   15.630  -1.2738E+00
   15.640  -3.1996E+00
   15.650  -5.5333E+00
   15.660  -5.1316E+00
   15.670  -1.8745E+00
   15.680   1.6410E+00
   15.690   3.6426E+00
   15.700   3.7041E+00
   15.710   3.5210E+00
   15.720   4.4683E+00
   15.730   5.4598E+00
   15.740   5.3718E+00
   15.750   4.0165E+00
   15.760   3.1712E+00
   15.770   3.8216E+00
   15.780   5.6303E+00
   15.790   6.8282E+00
   15.800   5.7735E+00
   15.810   2.6090E+00
   15.820  -1.1556E+00
   15.830  -3.9796E+00
   15.840  -4.6004E+00
   15.850  -2.5806E+00
   15.860   1.2821E+00
   15.870   5.2024E+00
   15.880   7.4149E+00
   15.890   8.3279E+00
   15.900   9.0012E+00
   15.910   9.5603E+00
   15.920   9.7031E+00
   15.930   9.5404E+00
   15.940   9.8506E+00
   15.950   1.1134E+01
   15.960   1.1220E+01
   15.970   8.9968E+00
   15.980   6.8140E+00
   15.990   5.9242E+00
   16.000   5.5053E+00
   16.010   4.2098E+00
   16.020   1.3181E+00
   16.030  -2.2553E+00
   16.040  -5.3263E+00
   16.050  -7.9545E+00
   16.060  -1.0186E+01
   16.070  -1.1184E+01
   16.080  -9.8696E+00
   16.090  -6.6368E+00
   16.100  -3.1224E+00
   16.110  -1.0014E+00
   16.120  -1.2936E+00
   16.130  -3.3547E+00
   16.140  -5.2138E+00
   16.150  -5.5358E+00
   16.160  -4.2316E+00
   16.170  -2.2546E+00
   16.180  -3.9372E-01
   16.190   1.0212E+00
   16.200   1.5481E+00
   16.210   7.1422E-01
   16.220  -9.1064E-01
   16.230  -1.7547E+00
   16.240  -1.0095E+00
   16.250   7.7822E-01
   16.260   2.6527E+00
   16.270   3.6634E+00
   16.280   3.1296E+00
   16.290   1.1715E+00
   16.300  -1.1008E+00
   16.310  -2.5993E+00
   16.320  -2.9434E+00
   16.330  -2.4072E+00
   16.340  -1.4000E+00
   16.350  -5.1640E-01
   16.360  -3.1521E-01
   16.370  -9.2715E-01
   16.380  -2.1656E+00
   16.390  -3.6375E+00
   16.400  -4.7220E+00
   16.410  -4.7552E+00
   16.420  -4.1129E+00
   16.430  -3.5556E+00
   16.440  -3.8263E+00
   16.450  -4.6544E+00
   16.460  -5.1886E+00
   16.470  -5.0270E+00
   16.480  -3.9850E+00
   16.490  -2.1824E+00
   16.500  -1.5497E-01
   16.510   1.4689E+00
   16.520   2.7375E+00
   16.530   3.6896E+00
   16.540   4.0209E+00
   16.550   3.4471E+00
   16.560   1.8344E+00
   16.570  -4.9484E-01
   16.580  -2.6848E+00
   16.590  -3.9379E+00
   16.600  -4.4335E+00
   16.610  -4.9149E+00
   16.620  -5.6534E+00
   16.630  -6.1833E+00
   16.640  -6.0825E+00
   16.650  -5.3441E+00
   16.660  -4.6222E+00
   16.670  -4.7186E+00
   16.680  -5.5616E+00
   16.690  -6.7156E+00
   16.700  -7.4376E+00
   16.710  -6.8644E+00
   16.720  -4.6734E+00
   16.730  -1.9332E+00
   16.740  -1.3548E-02
   16.750   7.6181E-01
   16.760   1.0720E+00
   16.770   1.2810E+00
   16.780   1.0595E+00
   16.790   3.7601E-01
   16.800  -4.1139E-01
   16.810  -1.0518E+00
   16.820  -1.3701E+00
   16.830  -1.1312E+00
   16.840  -4.5532E-01
   16.850   2.4524E-01
   16.860   1.1585E+00
   16.870   2.5000E+00
   16.880   3.7446E+00
   16.890   4.3737E+00
   16.900   4.5306E+00
   16.910   4.4472E+00
   16.920   4.3087E+00
   16.930   4.3133E+00
   16.940   4.3499E+00
   16.950   4.5313E+00
   16.960   4.7270E+00
   16.970   4.5267E+00
   16.980   3.7294E+00
   16.990   2.7728E+00
   17.000   2.1140E+00
   17.010   1.7135E+00
   17.020   1.0930E+00
   17.030   4.1616E-01
   17.040  -1.8333E-01
   17.050  -1.0824E+00
   17.060  -2.3138E+00
   17.070  -3.6319E+00
   17.080  -4.5445E+00
   17.090  -4.7417E+00
   17.100  -4.4922E+00
   17.110  -4.1730E+00
   17.120  -3.5218E+00
   17.130  -2.2520E+00
   17.140  -8.7662E-01
   17.150  -1.2766E-02
   17.160   2.6158E-01
   17.170   2.3936E-01
   17.180   6.6333E-03
   17.190  -3.2160E-01
   17.200  -5.7077E-01
   17.210  -4.1682E-01
   17.220   1.7462E-01
   17.230   5.5255E-01
   17.240   2.9907E-01
   17.250  -2.5156E-01
   17.260  -4.9260E-01
   17.270  -4.3502E-01
   17.280  -5.2760E-01
   17.290  -8.0750E-01
   17.300  -1.0814E+00
   17.310  -1.0703E+00
   17.320  -8.1475E-01
   17.330  -4.8286E-01
   17.340  -2.2614E-02
   17.350   4.6420E-01
   17.360   8.5469E-01
   17.370   1.0181E+00
   17.380   6.3854E-01
   17.390  -1.9925E-01
   17.400  -9.5685E-01
   17.410  -1.4504E+00
   17.420  -1.8315E+00
   17.430  -1.8443E+00
   17.440  -1.3922E+00
   17.450  -7.5711E-01
   17.460  -3.2865E-01
   17.470  -4.2899E-01
   17.480  -9.2257E-01
   17.490  -1.4740E+00
   17.500  -1.7918E+00
   17.510  -1.8145E+00
   17.520  -1.4230E+00
   17.530  -5.7364E-01
   17.540   2.9327E-01
   17.550   9.4743E-01
   17.560   1.5146E+00
   17.570   1.8179E+00
   17.580   1.8410E+00
   17.590   1.6564E+00
   17.600   1.1329E+00
   17.610   3.1462E-01
   17.620  -3.3770E-01
   17.630  -4.7768E-01
   17.640  -2.6571E-01
   17.650   6.3062E-02
   17.660   3.9411E-01
   17.670   7.1563E-01
   17.680   8.5523E-01
   17.690   7.1684E-01
   17.700   2.1048E-01
   17.710  -4.3158E-01
   17.720  -9.6401E-01
   17.730  -1.4007E+00
   17.740  -1.5494E+00
   17.750  -1.2354E+00
   17.760  -8.1416E-01
   17.770  -5.3675E-01
   17.780  -2.6101E-01
   17.790   2.6111E-01
   17.800   9.6844E-01
   17.810   1.4956E+00
   17.820   1.5908E+00
   17.830   1.2941E+00
   17.840   8.3062E-01
   17.850   2.7087E-01
   17.860  -1.2412E-01
   17.870  -2.8208E-01
   17.880  -5.6908E-01
   17.890  -1.0248E+00
   17.900  -1.4279E+00
   17.910  -1.6622E+00
   17.920  -1.7731E+00
   17.930  -1.6763E+00
   17.940  -1.3582E+00
   17.950  -8.6843E-01
   17.960  -3.8415E-01
   17.970  -1.9527E-01
   17.980  -2.9010E-01
   17.990  -4.1012E-01
   18.000  -4.3537E-01
   18.010  -3.8241E-01
   18.020  -3.2481E-01
   18.030  -3.0760E-01
   18.040  -3.1050E-01
   18.050  -2.6733E-01
   18.060  -2.0770E-01
   18.070  -2.1998E-01
   18.080  -3.7045E-01
   18.090  -6.8249E-01
   18.100  -1.0357E+00
   18.110  -1.3180E+00
   18.120  -1.5043E+00
   18.130  -1.6449E+00
   18.140  -1.7226E+00
   18.150  -1.7543E+00
   18.160  -1.8247E+00
   18.170  -1.8495E+00
   18.180  -1.6578E+00
   18.190  -1.3198E+00
   18.200  -1.0142E+00
   18.210  -7.5349E-01
   18.220  -4.5668E-01
   18.230  -7.4939E-02
   18.240   3.1432E-01
   18.250   6.2345E-01
   18.260   8.2772E-01
   18.270   9.6833E-01
   18.280   1.0948E+00
   18.290   1.1715E+00
   18.300   1.1855E+00
   18.310   1.1585E+00
   18.320   1.1070E+00
   18.330   1.0861E+00
   18.340   1.1042E+00
   18.350   1.1140E+00
   18.360   1.0844E+00
   18.370   9.9329E-01
   18.380   8.5626E-01
   18.390   7.5943E-01
   18.400   7.8107E-01
   18.410   8.8570E-01
   18.420   9.7607E-01
   18.430   1.0195E+00
   18.440   1.0235E+00
   18.450   9.7287E-01
   18.460   8.6766E-01
   18.470   7.7226E-01
   18.480   7.0283E-01
   18.490   6.2585E-01
   18.500   4.7314E-01
   18.510   1.9751E-01
   18.520  -1.4105E-01
   18.530  -4.3386E-01
   18.540  -6.3768E-01
   18.550  -7.9833E-01
   18.560  -8.9786E-01
   18.570  -8.6085E-01
   18.580  -7.2383E-01
   18.590  -5.9374E-01
   18.600  -5.4823E-01
   18.610  -6.4618E-01
   18.620  -8.7225E-01
   18.630  -1.0927E+00
   18.640  -1.1494E+00
   18.650  -1.0162E+00
   18.660  -8.3457E-01
   18.670  -7.6129E-01
   18.680  -8.3584E-01
   18.690  -9.4944E-01
   18.700  -9.7600E-01
   18.710  -9.0138E-01
   18.720  -7.6570E-01
   18.730  -6.2340E-01
   18.740  -5.1987E-01
   18.750  -4.8713E-01
   18.760  -5.1178E-01
   18.770  -5.7224E-01
   18.780  -6.4575E-01
   18.790  -7.1920E-01
   18.800  -7.7399E-01
   18.810  -8.1055E-01
   18.820  -8.5437E-01
   18.830  -9.0963E-01
   18.840  -9.3302E-01
   18.850  -8.3002E-01
   18.860  -5.3166E-01
   18.870  -8.1132E-02
   18.880   4.2905E-01
   18.890   8.8904E-01
   18.900   1.2058E+00
   18.910   1.3462E+00
   18.920   1.2990E+00
   18.930   1.0929E+00
   18.940   8.3831E-01
   18.950   6.4056E-01
   18.960   5.2796E-01
   18.970   4.9036E-01
   18.980   4.7528E-01
   18.990   4.0639E-01
   19.000   2.5325E-01
   19.010   7.1245E-02
   19.020  -5.6550E-02
   19.030  -8.1575E-02
   19.040  -2.9372E-02
   19.050   2.4266E-02
   19.060  -1.4007E-02
   19.070  -1.8951E-01
   19.080  -4.7640E-01
   19.090  -7.7556E-01
   19.100  -1.0063E+00
   19.110  -1.1508E+00
   19.120  -1.1795E+00
   19.130  -1.0965E+00
   19.140  -9.9468E-01
   19.150  -9.5363E-01
   19.160  -9.6515E-01
   19.170  -9.6891E-01
   19.180  -9.0474E-01
   19.190  -7.5956E-01
   19.200  -5.4393E-01
   19.210  -2.7371E-01
   19.220  -1.2255E-02
   19.230   1.4224E-01
   19.240   1.5669E-01
   19.250   7.0635E-02
   19.260  -7.8952E-02
   19.270  -2.2172E-01
   19.280  -2.6883E-01
   19.290  -2.1960E-01
   19.300  -1.4598E-01
   19.310  -1.1457E-01
   19.320  -1.2034E-01
   19.330  -1.3360E-01
   19.340  -1.4114E-01
   19.350  -9.1866E-02
   19.360   5.9086E-02
   19.370   2.6983E-01
   19.380   4.9839E-01
   19.390   7.2918E-01
   19.400   9.1511E-01
   19.410   1.0296E+00
   19.420   1.0626E+00
   19.430   1.0142E+00
   19.440   8.8352E-01
   19.450   6.9338E-01
   19.460   4.8509E-01
   19.470   3.1173E-01
   19.480   2.4016E-01
   19.490   2.9329E-01
   19.500   4.2855E-01
   19.510   5.7529E-01
   19.520   6.6970E-01
   19.530   6.6958E-01
   19.540   5.5605E-01
   19.550   3.4744E-01
   19.560   8.9529E-02
   19.570  -1.5280E-01
   19.580  -3.2158E-01
   19.590  -4.0109E-01
   19.600  -4.1211E-01
   19.610  -3.8463E-01
   19.620  -3.5114E-01
   19.630  -3.3597E-01
   19.640  -3.4714E-01
   19.650  -3.7304E-01
   19.660  -3.8181E-01
   19.670  -3.5944E-01
   19.680  -3.1425E-01
   19.690  -2.5920E-01
   19.700  -2.2132E-01
   19.710  -2.2794E-01
   19.720  -2.7749E-01
   19.730  -3.4759E-01
   19.740  -4.1022E-01
   19.750  -4.3964E-01
   19.760  -4.3311E-01
   19.770  -4.0384E-01
   19.780  -3.8094E-01
   19.790  -4.0847E-01
   19.800  -5.0947E-01
   19.810  -6.5152E-01
   19.820  -7.6650E-01
   19.830  -7.8944E-01
   19.840  -6.8093E-01
   19.850  -4.6160E-01
   19.860  -2.1222E-01
   19.870  -7.3422E-03
   19.880   1.2598E-01
   19.890   2.0892E-01
   19.900   2.6191E-01
   19.910   2.8882E-01
   19.920   2.9043E-01
   19.930   2.7687E-01
   19.940   2.6966E-01
   19.950   2.7933E-01
   19.960   2.8891E-01
   19.970   2.9359E-01
   19.980   3.0890E-01
   19.990   3.3643E-01
   20.000   3.6334E-01
   20.010   3.8071E-01
   20.020   3.8558E-01
   20.030   3.6049E-01
   20.040   2.7992E-01
   20.050   1.3801E-01
   20.060  -2.3391E-02
   20.070  -1.2817E-01
   20.080  -1.2211E-01
   20.090  -6.8062E-03
   20.100   1.6452E-01
   20.110   3.1713E-01
   20.120   4.1317E-01
   20.130   4.6434E-01
   20.140   4.9650E-01
   20.150   5.2778E-01
   20.160   5.7230E-01
   20.170   6.3562E-01
   20.180   6.9895E-01
   20.190   7.2077E-01
   20.200   6.8412E-01
   20.210   6.2045E-01
   20.220   5.8647E-01
   20.230   5.9493E-01
   20.240   5.8967E-01
   20.250   5.2095E-01
   20.260   4.1064E-01
   20.270   3.0152E-01
   20.280   2.1751E-01
   20.290   1.6757E-01
   20.300   1.5408E-01
   20.310   2.0418E-01
   20.320   3.3877E-01
   20.330   5.2274E-01
   20.340   6.8034E-01
   20.350   7.4123E-01
   20.360   6.8505E-01
   20.370   5.5123E-01
   20.380   4.0497E-01
   20.390   3.0648E-01
   20.400   2.9272E-01
   20.410   3.5843E-01
   20.420   4.6651E-01
   20.430   5.5981E-01
   20.440   5.9042E-01
   20.450   5.5668E-01
   20.460   5.0647E-01
   20.470   4.9630E-01
   20.480   5.4319E-01
   20.490   6.0276E-01
   20.500   6.1422E-01
   20.510   5.5366E-01
   20.520   4.4443E-01
   20.530   3.3309E-01
   20.540   2.5365E-01
   20.550   2.2088E-01
   20.560   2.3722E-01
   20.570   2.9956E-01
   20.580   3.7359E-01
   20.590   4.1104E-01
   20.600   3.9863E-01
   20.610   3.6561E-01
   20.620   3.5730E-01
   20.630   4.0074E-01
   20.640   4.8587E-01
   20.650   5.8387E-01
   20.660   6.5111E-01
   20.670   6.5237E-01
   20.680   5.8852E-01
   20.690   5.1015E-01
   20.700   4.7466E-01
   20.710   4.8852E-01
   20.720   5.0724E-01
   20.730   4.8144E-01
   20.740   4.0420E-01
   20.750   2.9362E-01
   20.760   1.5718E-01
   20.770   6.9083E-03
   20.780  -1.1977E-01
   20.790  -1.8817E-01
   20.800  -1.9467E-01
   20.810  -1.5868E-01
   20.820  -9.3772E-02
   20.830   2.2083E-03
   20.840   1.2193E-01
   20.850   2.3964E-01
   20.860   3.2293E-01
   20.870   3.7250E-01
   20.880   3.9485E-01
   20.890   4.5643E-01
   20.900   5.3604E-01
   20.910   5.8906E-01
   20.920   5.8154E-01
   20.930   5.1519E-01
   20.940   4.2072E-01
   20.950   3.3403E-01
   20.960   2.6977E-01
   20.970   2.2655E-01
   20.980   1.9516E-01
   20.990   1.6794E-01
   21.000   1.5797E-01
   21.010   1.9236E-01
   21.020   2.8290E-01
   21.030   4.0156E-01
   21.040   4.9587E-01
   21.050   5.2972E-01
   21.060   4.9094E-01
   21.070   3.9070E-01
   21.080   2.6759E-01
   21.090   1.7546E-01
   21.100   1.5839E-01
   21.110   2.2324E-01
   21.120   3.2848E-01
   21.130   2.8058E-01
   21.140   2.6360E-01
   21.150   5.4368E-02
   21.160  -1.3704E-01
   21.170  -3.4376E-01
   21.180  -5.1403E-01
   21.190  -6.2548E-01
   21.200  -6.8760E-01
   21.210  -7.2749E-01
   21.220  -7.7275E-01
   21.230  -8.4151E-01
   21.240  -9.3954E-01
   21.250  -1.0600E+00
   21.260  -1.1875E+00
   21.270  -1.3802E+00
   21.280  -1.4932E+00
   21.290  -1.5798E+00
   21.300  -1.5884E+00
   21.310  -1.5545E+00
   21.320  -1.4277E+00
   21.330  -1.2492E+00
   21.340  -1.0784E+00
   21.350  -9.4035E-01
   21.360  -8.1447E-01
   21.370  -6.7519E-01
   21.380  -5.3101E-01
   21.390  -4.1264E-01
   21.400  -3.3358E-01
   21.410  -2.7629E-01
   21.420  -2.1400E-01
   21.430  -1.3428E-01
   21.440  -4.4277E-02
   21.450   5.0633E-02
   21.460   8.8023E-02
   21.470   6.3710E-02
   21.480  -1.0198E-02
   21.490  -8.9555E-02
   21.500  -1.0429E-01
   21.510  -7.0913E-02
   21.520   1.6196E-02
   21.530   1.3426E-01
   21.540   2.5844E-01
   21.550   3.4515E-01
   21.560   4.4475E-01
   21.570   5.3778E-01
   21.580   6.0990E-01
   21.590   6.3815E-01
   21.600   6.1782E-01
   21.610   7.0364E-01
   21.620   6.4992E-01
   21.630   5.6674E-01
   21.640   4.3584E-01
   21.650   1.5845E-01
   21.660  -2.9988E-02
   21.670  -2.1053E-01
   21.680  -3.7506E-01
   21.690  -5.1443E-01
   21.700  -6.0677E-01
   21.710  -6.3457E-01
   21.720  -6.0974E-01
   21.730  -5.7130E-01
   21.740  -5.5464E-01
   21.750  -5.6491E-01
   21.760  -5.8161E-01
   21.770  -5.8608E-01
   21.780  -5.8091E-01
   21.790  -5.8257E-01
   21.800  -6.0084E-01
   21.810  -6.2788E-01
   21.820  -6.4146E-01
   21.830  -6.1188E-01
   21.840  -5.3877E-01
   21.850  -3.7045E-01
   21.860  -1.7515E-01
   21.870  -6.6922E-03
   21.880   1.0088E-01
   21.890   1.5061E-01
   21.900   1.7713E-01
   21.910   2.0801E-01
   21.920   2.4870E-01
   21.930   1.0003E-01
   21.940  -1.9701E-02
   21.950  -4.4626E-02
   21.960  -1.6467E-01
   21.970  -3.5027E-01
   21.980  -5.3766E-01
   21.990  -6.6903E-01
   22.000  -7.1348E-01
   22.010  -6.3883E-01
   22.020  -4.8935E-01
   22.030  -3.1843E-01
   22.040  -1.4807E-01
   22.050   3.4326E-02
   22.060   4.8573E-01
   22.070   6.4639E-01
   22.080   8.2616E-01
   22.090   1.0084E+00
   22.100   1.1483E+00
   22.110   1.2077E+00
   22.120   1.1836E+00
   22.130   1.1065E+00
   22.140   1.0518E+00
   22.150   9.2522E-01
   22.160   7.6072E-01
   22.170   5.6461E-01
   22.180   3.6382E-01
   22.190   1.8745E-01
   22.200   1.0782E-02
   22.210   8.4986E-02
   22.220   6.4964E-03
   22.230  -4.8262E-02
   22.240  -8.2496E-02
   22.250  -1.1693E-01
   22.260  -1.6681E-01
   22.270  -2.1563E-01
   22.280  -2.2531E-01
   22.290  -1.7478E-01
   22.300  -7.9461E-02
   22.310   3.0228E-02
   22.320   1.6922E-01
   22.330   3.4831E-01
   22.340   5.4751E-01
   22.350   7.0627E-01
   22.360   7.6849E-01
   22.370   7.0269E-01
   22.380   5.6034E-01
   22.390   4.7314E-01
   22.400   3.7569E-01
   22.410   3.3120E-01
   22.420   2.6747E-01
   22.430   1.6574E-01
   22.440   1.7144E-01
   22.450   1.9542E-01
   22.460   2.5864E-01
   22.470   3.0475E-01
   22.480   4.2338E-01
   22.490   5.3049E-01
   22.500   6.0878E-01
   22.510   5.9799E-01
   22.520   5.2571E-01
   22.530   4.1716E-01
   22.540   3.1215E-01
   22.550   2.3554E-01
   22.560   3.0371E-01
   22.570   4.3344E-01
   22.580   5.8105E-01
   22.590   6.9163E-01
   22.600   7.1363E-01
   22.610   6.6574E-01
   22.620   5.5481E-01
   22.630   4.1981E-01
   22.640   3.0556E-01
   22.650   2.3925E-01
   22.660   2.1183E-01
   22.670   1.8355E-01
   22.680   1.1121E-01
   22.690   2.8936E-02
   22.700  -1.5181E-01
   22.710  -3.2502E-01
   22.720  -4.6150E-01
   22.730  -6.6482E-01
   22.740  -7.1192E-01
   22.750  -6.5956E-01
   22.760  -6.6134E-01
   22.770  -5.2188E-01
   22.780  -3.4360E-01
   22.790  -1.9514E-01
   22.800  -8.5741E-02
   22.810  -1.4961E-02
   22.820   1.2981E-02
   22.830  -1.3435E-02
   22.840  -7.7927E-02
   22.850  -1.5706E-01
   22.860  -1.7930E-01
   22.870  -1.6525E-01
   22.880  -1.4076E-01
   22.890  -1.3110E-01
   22.900  -1.5528E-01
   22.910  -2.1846E-01
   22.920  -2.9035E-01
   22.930  -3.0477E-01
   22.940  -2.0910E-01
   22.950  -1.8228E-02
   22.960   1.8796E-01
   22.970   3.2315E-01
   22.980   3.4847E-01
   22.990   2.7944E-01
   23.000   1.5749E-01
   23.010   2.2031E-02
   23.020  -1.0164E-01
   23.030  -2.0320E-01
   23.040  -2.8498E-01
   23.050  -3.5623E-01
   23.060  -4.2615E-01
   23.070  -4.9968E-01
   23.080  -5.7785E-01
   23.090  -6.5595E-01
   23.100  -7.1882E-01
   23.110  -7.4250E-01
   23.120  -7.0420E-01
   23.130  -6.0903E-01
   23.140  -4.7498E-01
   23.150  -2.5408E-01
   23.160  -7.4702E-02
   23.170   7.5926E-02
   23.180   1.6900E-01
   23.190  -5.7865E-02
   23.200  -5.1050E-02
   23.210  -6.2231E-02
   23.220  -1.0580E-01
   23.230  -4.3785E-02
   23.240  -2.3041E-01
   23.250  -3.8730E-01
   23.260  -5.7131E-01
   23.270  -7.3298E-01
   23.280  -8.5812E-01
   23.290  -1.0049E+00
   23.300  -1.0579E+00
   23.310  -1.0932E+00
   23.320  -1.0996E+00
   23.330  -1.0485E+00
   23.340  -9.1553E-01
   23.350  -7.8862E-01
   23.360  -6.8633E-01
   23.370  -6.7593E-01
   23.380  -6.5637E-01
   23.390  -6.5749E-01
   23.400  -6.8738E-01
   23.410  -7.2479E-01
   23.420  -7.2835E-01
   23.430  -6.9892E-01
   23.440  -6.2683E-01
   23.450  -5.4573E-01
   23.460  -4.8792E-01
   23.470  -4.5999E-01
   23.480  -4.4049E-01
   23.490  -3.9965E-01
   23.500  -3.2683E-01
   23.510  -2.4581E-01
   23.520  -1.7315E-01
   23.530  -1.1249E-01
   23.540  -8.0160E-02
   23.550  -3.9681E-02
   23.560   2.2140E-01
   23.570   3.1758E-01
   23.580   4.1715E-01
   23.590   4.8413E-01
   23.600   3.2142E-01
   23.610   3.0591E-01
   23.620   3.0803E-01
   23.630   3.4701E-01
   23.640   3.7583E-01
   23.650   4.1788E-01
   23.660   4.3167E-01
   23.670   4.2078E-01
   23.680   3.6297E-01
   23.690   2.6924E-01
   23.700   1.3905E-01
   23.710   9.4287E-02
   23.720  -3.7178E-02
   23.730  -1.2426E-01
   23.740  -2.1360E-01
   23.750  -3.0866E-01
   23.760  -4.2532E-01
   23.770  -5.6231E-01
   23.780  -6.9986E-01
   23.790  -8.1598E-01
   23.800  -8.8815E-01
   23.810  -9.1213E-01
   23.820  -8.9882E-01
   23.830  -8.6311E-01
   23.840  -8.1731E-01
   23.850  -7.7578E-01
   23.860  -7.5400E-01
   23.870  -7.5688E-01
   23.880  -7.6551E-01
   23.890  -7.1906E-01
   23.900  -6.1873E-01
   23.910  -4.8057E-01
   23.920  -3.1971E-01
   23.930  -2.1432E-01
   23.940  -1.8081E-01
   23.950  -7.3451E-02
   23.960  -7.2818E-02
   23.970  -1.0313E-01
   23.980  -1.7232E-01
   23.990  -2.3090E-01
   24.000  -2.4733E-01
   24.010  -4.7793E-02
   24.020   1.8591E-01
   24.030   3.6080E-01
   24.040   5.5023E-01
   24.050   6.5059E-01
   24.060   6.5754E-01
   24.070   6.0970E-01
   24.080   5.6531E-01
   24.090   5.6883E-01
   24.100   6.2870E-01
   24.110   7.1619E-01
   24.120   7.7971E-01
   24.130   7.4253E-01
   24.140   5.9982E-01
   24.150   1.5002E-01
   24.160  -6.5808E-02
   24.170  -1.8306E-01
   24.180  -2.4814E-01
   24.190  -2.1364E-01
   24.200  -8.1633E-02
   24.210   5.9001E-02
   24.220   1.5012E-01
   24.230   2.6999E-01
   24.240   3.5926E-01
   24.250   4.4673E-01
   24.260   5.4676E-01
   24.270   6.4061E-01
   24.280   6.9070E-01
   24.290   6.7304E-01
   24.300   5.9593E-01
   24.310   4.8917E-01
   24.320   3.7806E-01
   24.330   2.7252E-01
   24.340   2.0838E-01
   24.350   1.3893E-01
   24.360   6.9423E-02
   24.370   1.7936E-01
   24.380  -1.1576E-02
   24.390  -3.2667E-03
   24.400   4.6924E-02
   24.410   1.2534E-01
   24.420   2.6157E-01
   24.430   2.9913E-01
   24.440   2.7828E-01
   24.450   9.1062E-02
   24.460  -5.4554E-02
   24.470  -2.1111E-01
   24.480  -2.3136E-01
   24.490  -2.6978E-01
   24.500  -2.3885E-01
   24.510  -1.6591E-01
   24.520  -9.4342E-02
   24.530  -4.2389E-02
   24.540  -2.7184E-02
   24.550  -4.5477E-02
   24.560  -5.7777E-02
   24.570  -1.1051E-02
   24.580   4.5765E-02
   24.590   1.0494E-01
   24.600   1.4434E-01
   24.610   1.6287E-01
   24.620   1.7944E-01
   24.630   1.9064E-01
   24.640   2.0250E-01
   24.650   3.9640E-02
   24.660   4.5335E-02
   24.670   8.4313E-02
   24.680   1.9640E-02
   24.690   1.0519E-01
   24.700   2.1426E-01
   24.710   3.3665E-01
   24.720   4.6336E-01
   24.730   5.8785E-01
   24.740   7.0398E-01
   24.750   8.0421E-01
   24.760   8.8208E-01
   24.770   9.3904E-01
   24.780   9.8619E-01
   24.790   1.0342E+00
   24.800   1.0798E+00
   24.810   1.1047E+00
   24.820   1.0904E+00
   24.830   1.0299E+00
   24.840   9.2825E-01
   24.850   8.1619E-01
   24.860   7.4409E-01
   24.870   7.1227E-01
   24.880   6.4242E-01
   24.890   6.1872E-01
   24.900   6.2834E-01
   24.910   6.4515E-01
   24.920   6.3853E-01
   24.930   4.7089E-01
   24.940   3.8467E-01
   24.950   2.5062E-01
   24.960   8.5011E-02
   24.970  -5.6427E-02
   24.980  -1.5803E-01
   24.990  -2.1959E-01
   25.000  -2.4858E-01
   25.010  -2.7095E-01
   25.020  -2.7932E-01
   25.030  -3.1590E-01
   25.040  -3.7089E-01
   25.050  -4.1481E-01
   25.060  -4.2261E-01
   25.070  -3.6836E-01
   25.080  -2.5174E-01
   25.090  -9.5421E-02
   25.100   6.2656E-02
   25.110   1.5459E-01
   25.120   1.7050E-01
   25.130   1.1958E-01
   25.140   1.3282E-02
   25.150  -7.2781E-02
   25.160  -1.2615E-01
   25.170  -6.6608E-02
   25.180  -1.5285E-02
   25.190   6.3346E-02
   25.200   1.2830E-01
   25.210   1.3770E-01
   25.220   4.0299E-02
   25.230  -8.0848E-02
   25.240  -2.3876E-01
   25.250  -3.8836E-01
   25.260  -4.8792E-01
   25.270  -5.0648E-01
   25.280  -4.6033E-01
   25.290  -3.3056E-01
   25.300  -1.6049E-01
   25.310  -6.7517E-02
   25.320  -4.7305E-02
   25.330  -9.5711E-02
   25.340  -2.1491E-01
   25.350  -9.4536E-02
   25.360  -1.5500E-01
   25.370  -1.8302E-01
   25.380  -1.9314E-01
   25.390  -2.3740E-01
   25.400  -2.6318E-01
   25.410  -3.1130E-01
   25.420  -3.7010E-01
   25.430  -4.1269E-01
   25.440  -4.0415E-01
   25.450  -2.9749E-01
   25.460  -1.5567E-01
   25.470  -1.0033E-01
   25.480  -6.7484E-02
   25.490  -2.9334E-02
   25.500  -1.8475E-02
   25.510  -1.7690E-03
   25.520   2.2257E-02
   25.530   7.4574E-02
   25.540   1.1926E-01
   25.550   1.5628E-01
   25.560   2.2352E-01
   25.570   1.9921E-01
   25.580   2.2005E-01
   25.590   2.1111E-01
   25.600   1.7722E-01
   25.610   1.4557E-01
   25.620   1.1264E-01
   25.630   8.1440E-02
   25.640   6.9259E-02
   25.650   7.5198E-02
   25.660   1.8052E-01
   25.670   2.9127E-01
   25.680   3.7106E-01
   25.690   4.2073E-01
   25.700   4.6603E-01
   25.710   4.0398E-01
   25.720   2.9863E-01
   25.730   1.7042E-01
   25.740   4.3885E-02
   25.750  -5.5430E-02
   25.760  -5.1655E-02
   25.770  -1.1948E-01
   25.780  -7.5824E-02
   25.790  -4.6426E-02
   25.800  -4.8000E-02
   25.810  -5.1750E-02
   25.820  -8.9349E-02
   25.830  -1.4416E-01
   25.840  -1.9762E-01
   25.850  -2.4601E-01
   25.860  -2.7781E-01
   25.870  -2.9347E-01
   25.880  -2.9524E-01
   25.890  -2.9032E-01
   25.900  -2.8703E-01
   25.910  -2.8746E-01
   25.920  -2.8676E-01
   25.930  -2.8586E-01
   25.940  -2.7209E-01
   25.950  -2.5310E-01
   25.960  -2.3440E-01
   25.970  -1.9725E-01
   25.980  -1.9862E-01
   25.990  -2.0540E-01
   26.000  -2.1692E-01
   26.010  -2.2622E-01
   26.020  -2.2845E-01
   26.030  -2.1614E-01
   26.040  -2.0162E-01
   26.050  -1.9828E-01
   26.060  -2.0925E-01
   26.070  -2.2385E-01
   26.080  -2.7070E-01
   26.090  -2.2879E-01
   26.100  -2.0566E-01
   26.110  -1.8600E-01
   26.120  -1.6645E-01
   26.130  -1.4098E-01
   26.140  -1.0490E-01
   26.150  -6.1969E-02
   26.160  -2.0333E-03
   26.170   4.2845E-02
   26.180   6.8846E-02
   26.190   7.9445E-02
   26.200   7.5499E-02
   26.210   5.3628E-02
   26.220   6.6687E-03
   26.230  -2.0808E-02
   26.240  -4.2457E-02
   26.250  -2.9503E-02
   26.260   1.2618E-02
   26.270   6.9506E-02
   26.280   1.2520E-01
   26.290   1.6994E-01
   26.300   2.0455E-01
   26.310   2.3621E-01
   26.320   2.6827E-01
   26.330   2.9607E-01
   26.340   3.1348E-01
   26.350   3.2108E-01
   26.360   3.2594E-01
   26.370   3.3528E-01
   26.380   3.5185E-01
   26.390   3.5618E-01
   26.400   3.7685E-01
   26.410   3.9324E-01
   26.420   4.0272E-01
   26.430   4.0286E-01
   26.440   3.9200E-01
   26.450   3.6977E-01
   26.460   3.3906E-01
   26.470   3.0717E-01
   26.480   2.7245E-01
   26.490   2.2953E-01
   26.500   1.7106E-01
   26.510   9.5207E-02
   26.520   7.9643E-03
   26.530  -6.8144E-02
   26.540  -1.1669E-01
   26.550  -1.3692E-01
   26.560  -1.3232E-01
   26.570  -1.3990E-01
   26.580  -1.6681E-01
   26.590  -2.5574E-01
   26.600  -2.7955E-01
   26.610  -2.9427E-01
   26.620  -2.8900E-01
   26.630  -2.6382E-01
   26.640  -2.0982E-01
   26.650  -1.2259E-01
   26.660   2.9311E-02
   26.670   1.0636E-01
   26.680   1.6703E-01
   26.690   2.0111E-01
   26.700   2.1020E-01
   26.710   2.0757E-01
   26.720   2.0858E-01
   26.730   2.2007E-01
   26.740   2.3708E-01
   26.750   2.4755E-01
   26.760   2.6308E-01
   26.770   2.3251E-01
   26.780   1.9369E-01
   26.790   1.6209E-01
   26.800   1.4954E-01
   26.810   1.5219E-01
   26.820   1.7534E-01
   26.830   2.1072E-01
   26.840   2.3960E-01
   26.850   2.6134E-01
   26.860   2.5542E-01
   26.870   2.4518E-01
   26.880   2.3022E-01
   26.890   1.3488E-01
   26.900   1.2303E-01
   26.910   1.0908E-01
   26.920   7.1627E-02
   26.930   4.3730E-02
   26.940   1.7170E-02
   26.950  -3.5127E-03
   26.960  -1.8472E-02
   26.970  -2.4344E-02
   26.980  -2.9940E-02
   26.990  -2.2881E-02
   27.000  -3.6124E-02
   27.010  -4.2850E-02
   27.020  -4.3996E-02
   27.030  -4.2237E-02
   27.040  -3.9949E-02
   27.050  -4.4385E-02
   27.060  -5.7177E-02
   27.070  -8.0661E-02
   27.080  -1.0874E-01
   27.090  -1.2940E-01
   27.100  -1.3313E-01
   27.110  -9.0192E-02
   27.120  -4.4523E-02
   27.130   7.6481E-03
   27.140   5.3896E-02
   27.150   8.3353E-02
   27.160   9.2026E-02
   27.170   9.2820E-02
   27.180   8.2241E-02
   27.190   7.6679E-02
   27.200   8.2394E-02
   27.210   1.0007E-01
   27.220   1.2456E-01
   27.230   1.4607E-01
   27.240   1.5463E-01
   27.250   1.4624E-01
   27.260   1.2573E-01
   27.270   1.0458E-01
   27.280   8.9993E-02
   27.290   9.1546E-02
   27.300   1.0880E-01
   27.310   1.3432E-01
   27.320   1.5706E-01
   27.330   1.6984E-01
   27.340   1.7173E-01
   27.350   1.6446E-01
   27.360   1.6655E-01
   27.370   1.7540E-01
   27.380   2.0046E-01
   27.390   8.6761E-02
   27.400   9.1013E-02
   27.410   1.0095E-01
   27.420   1.1458E-01
   27.430   1.3290E-01
   27.440   1.4306E-01
   27.450   1.4432E-01
   27.460   1.3960E-01
   27.470   1.2536E-01
   27.480   1.0165E-01
   27.490   7.3738E-02
   27.500   2.7643E-02
   27.510   1.0884E-02
   27.520   2.4662E-04
   27.530  -5.2908E-03
   27.540  -1.0028E-02
   27.550  -2.0054E-02
   27.560  -5.1836E-02
   27.570  -6.6915E-02
   27.580  -7.8871E-02
   27.590  -6.8544E-02
   27.600  -6.2829E-02
   27.610  -4.7348E-02
   27.620  -2.7687E-02
   27.630  -1.2612E-02
   27.640  -8.8833E-03
   27.650  -1.6883E-02
   27.660  -1.7243E-02
   27.670  -2.5237E-02
   27.680  -3.0522E-02
   27.690  -3.4095E-02
   27.700  -3.6855E-02
   27.710  -1.9994E-02
   27.720  -1.8032E-02
   27.730  -1.7200E-02
   27.740  -1.5686E-02
   27.750  -1.1435E-02
   27.760  -4.3997E-03
   27.770   4.4334E-03
   27.780   1.1111E-02
   27.790   1.3107E-02
   27.800   1.2247E-02
   27.810   1.1409E-02
   27.820   1.2273E-02
   27.830   1.4394E-02
   27.840   2.9587E-02
   27.850   2.7082E-02
   27.860   2.1202E-02
   27.870   2.9062E-02
   27.880   2.2170E-02
   27.890   1.7031E-02
   27.900   1.3685E-02
   27.910   1.1280E-02
   27.920   8.6781E-03
   27.930   4.8448E-03
   27.940  -1.0431E-03
   27.950  -9.4723E-03
   27.960  -2.0300E-02
   27.970  -3.2328E-02
   27.980  -4.3067E-02
   27.990  -4.9460E-02
   28.000  -4.9814E-02
   28.010  -4.5490E-02
   28.020  -4.0218E-02
   28.030  -3.7153E-02
   28.040  -3.6556E-02
   28.050  -3.6383E-02
   28.060  -3.4658E-02
   28.070  -3.0936E-02
   28.080  -2.0091E-02
   28.090  -1.4925E-02
   28.100  -1.0382E-02
   28.110  -7.5492E-03
   28.120  -6.6284E-03
   28.130  -6.9816E-03
   28.140  -7.8656E-03
   28.150  -8.6910E-03
   28.160  -8.6826E-03
   28.170  -7.0125E-03
   28.180  -3.7109E-03
   28.190   2.6954E-03
   28.200   4.0779E-03
   28.210   3.8165E-03
   28.220   3.0391E-03
   28.230   3.3661E-03
   28.240   5.9476E-03
   28.250   1.0985E-02
   28.260   1.7774E-02
   28.270   2.5286E-02
   28.280   3.2837E-02
   28.290   4.0726E-02
   28.300   4.5965E-02
   28.310   4.7472E-02
   28.320   4.4352E-02
   28.330   3.6564E-02
   28.340   2.5422E-02
   28.350   1.3062E-02
   28.360   1.3684E-03
   28.370  -1.4824E-02
   28.380  -2.1358E-02
   28.390  -2.4101E-02
   28.400  -9.3951E-03
   28.410  -8.2608E-03
   28.420  -7.5011E-03
   28.430  -7.2172E-03
   28.440  -7.1216E-03
   28.450  -7.7008E-03
   28.460  -1.0142E-02
   28.470  -1.4532E-02
   28.480  -1.8771E-02
   28.490  -2.0189E-02
   28.500  -1.8197E-02
   28.510  -1.4789E-02
   28.520  -1.1564E-02
   28.530  -1.1187E-02
   28.540  -1.2439E-02
   28.550  -1.4424E-02
   28.560  -1.5108E-02
   28.570  -1.6082E-02
   28.580  -1.5614E-02
   28.590  -1.3398E-02
   28.600  -1.0005E-02
   28.610  -6.7611E-03
   28.620  -2.7041E-03
   28.630  -3.1345E-03
   28.640  -4.4103E-03
   28.650  -4.8555E-03
   28.660  -3.1161E-03
   28.670   8.4371E-04
   28.680   5.7806E-03
   28.690   9.0079E-03
   28.700   9.6732E-03
   28.710   8.4384E-03
   28.720   7.0384E-03
   28.730   6.7415E-03
   28.740   7.7158E-03
   28.750   9.6950E-03
   28.760  -3.3276E-03
   28.770   1.8603E-03
   28.780   6.5819E-03
   28.790   9.4118E-03
   28.800   9.9037E-03
   28.810   8.7323E-03
   28.820   7.2133E-03
   28.830   6.8630E-03
   28.840   9.0171E-03
   28.850   1.4246E-02
   28.860   2.1829E-02
   28.870   2.9785E-02
   28.880   1.8413E-02
   28.890   2.0893E-02
   28.900   2.1770E-02
   28.910   2.1169E-02
   28.920   1.9858E-02
   28.930   1.8789E-02
   28.940   1.8275E-02
   28.950   1.8029E-02
   28.960   1.7954E-02
   28.970   1.8452E-02
   28.980   1.9767E-02
   28.990   2.1392E-02
   29.000   2.2365E-02
   29.010   2.2105E-02
   29.020   1.7623E-02
   29.030   1.4395E-02
   29.040   1.2277E-02
   29.050   1.1301E-02
   29.060   1.1172E-02
   29.070   1.0819E-02
   29.080   9.8403E-03
   29.090   8.1972E-03
   29.100   6.5484E-03
   29.110   5.7066E-03
   29.120   5.7206E-03
   29.130   2.7199E-03
   29.140   1.8847E-03
   29.150  -2.9163E-04
   29.160  -2.9449E-03
   29.170  -5.1871E-03
   29.180  -6.7496E-03
   29.190  -7.6285E-03
   29.200  -7.6619E-03
   29.210  -6.7410E-03
   29.220  -5.1909E-03
   29.230  -3.6544E-03
   29.240  -2.6894E-03
   29.250  -2.5440E-03
   29.260   5.5907E-03
   29.270   4.6864E-03
   29.280   3.2241E-03
   29.290   1.5606E-03
   29.300  -1.8521E-04
   29.310  -8.3442E-04
   29.320  -6.6188E-04
   29.330   1.2877E-04
   29.340   1.1514E-03
   29.350   2.0406E-03
   29.360   2.5533E-03
   29.370   2.5727E-03
   29.380   2.1266E-03
   29.390   1.4066E-03
   29.400   6.7540E-04
   29.410   7.6793E-05
   29.420  -4.4509E-04
   29.430  -1.0083E-03
   29.440  -1.5985E-03
   29.450  -2.0531E-03
   29.460  -2.2294E-03
   29.470  -2.1662E-03
   29.480  -1.4127E-03
   29.490  -1.8612E-03
   29.500  -2.6990E-03
   29.510  -3.8531E-03
   29.520  -5.1691E-03
   29.530  -6.5471E-03
   29.540  -7.9315E-03
   29.550  -9.1734E-03
   29.560  -9.9860E-03
   29.570  -1.0119E-02
   29.580  -9.5748E-03
   29.590  -8.6221E-03
   29.600  -7.5962E-03
   29.610  -6.7145E-03
   29.620  -6.0214E-03
   29.630  -5.4144E-03
   29.640  -4.7142E-03
   29.650  -3.7996E-03
   29.660  -2.7316E-03
   29.670  -1.7144E-03
   29.680  -8.9834E-04
   29.690  -2.3623E-04
   29.700   4.6243E-04
   29.710   1.3610E-03
   29.720   2.4622E-03
   29.730   3.5713E-03
   29.740   4.3712E-03
   29.750   4.6037E-03
   29.760   4.2521E-03
   29.770   3.5586E-03
   29.780   2.8647E-03
   29.790   2.4356E-03
   29.800   2.3672E-03
   29.810   2.5418E-03
   29.820   2.6630E-03
   29.830   2.4590E-03
   29.840   1.9343E-03
   29.850   1.3663E-03
   29.860   1.0214E-03
   29.870   9.5349E-04
   29.880   1.1064E-03
   29.890   1.4593E-03
   29.900   1.9488E-03
   29.910   2.3648E-03
   29.920   2.5069E-03
   29.930   2.6540E-03
   29.940   2.4678E-03
   29.950   2.2573E-03
   29.960   2.0687E-03
   29.970   1.9664E-03
   29.980   2.0253E-03
   29.990   2.1632E-03
   30.000   2.1183E-03
   30.010   5.9952E-04
   30.020   4.6802E-04
   30.030   3.4406E-04
   30.040   2.3021E-04
   30.050   1.3707E-04
   30.060   1.2146E-04
   30.070   2.3427E-04
   30.080   4.4870E-04
   30.090   6.6062E-04
   30.100   7.2965E-04
   30.110   5.0946E-04
   30.120  -9.3489E-05
   30.130  -1.0138E-03
   30.140  -1.9714E-03
   30.150  -2.5699E-03
   30.160  -2.5113E-03
   30.170  -1.7743E-03
   30.180  -6.2471E-04
   30.190   6.5555E-04
   30.200   1.3766E-03
   30.210   1.7012E-03
   30.220   1.7738E-03
   30.230   1.8230E-03
   30.240   1.5929E-03
   30.250   1.2147E-03
   30.260   8.7869E-04
   30.270   7.1521E-04
   30.280   7.3945E-04
   30.290   8.9792E-04
   30.300   1.1000E-03
   30.310   1.1974E-03
   30.320   1.0381E-03
   30.330   6.1635E-04
   30.340  -2.2724E-03
   30.350  -2.1790E-03
   30.360  -1.9547E-03
   30.370  -1.6548E-03
   30.380  -1.3436E-03
   30.390  -1.0321E-03
   30.400  -6.6984E-04
   30.410  -2.0842E-04
   30.420   3.3287E-04
   30.430   8.6320E-04
   30.440   1.2703E-03
   30.450   1.4771E-03
   30.460   1.4770E-03
   30.470   1.3367E-03
   30.480   1.1573E-03
   30.490   1.0057E-03
   30.500   8.7166E-04
   30.510   6.9615E-04
   30.520   4.4587E-04
   30.530   1.5232E-04
   30.540  -1.2082E-04
   30.550  -3.3261E-04
   30.560  -4.7396E-04
   30.570  -5.3566E-04
   30.580  -4.9526E-04
   30.590  -3.5157E-04
   30.600  -1.6263E-04
   30.610  -3.3294E-05
   30.620  -5.1886E-05
   30.630  -2.2683E-04
   30.640  -4.7119E-04
   30.650  -6.5116E-04
   30.660  -6.7182E-04
   30.670  -5.4185E-04
   30.680  -3.5963E-04
   30.690  -2.2702E-04
   30.700  -1.6619E-04
   30.710  -1.1427E-04
   30.720   8.1114E-06
   30.730   2.1905E-04
   30.740   4.4777E-04
   30.750   5.7427E-04
   30.760   5.1776E-04
   30.770   3.1074E-04
   30.780   8.1542E-05
   30.790  -6.1342E-05
   30.800  -1.2748E-04
   30.810  -2.0838E-04
   30.820  -3.4537E-04
   30.830  -4.6533E-04
   30.840  -4.5941E-04
   30.850  -2.9716E-04
   30.860  -3.8969E-05
   30.870   2.4183E-04
   30.880   5.1643E-04
   30.890   7.8589E-04
   30.900   1.0446E-03
   30.910   1.2695E-03
   30.920   1.4300E-03
   30.930   1.4972E-03
   30.940   1.4539E-03
   30.950   1.3065E-03
   30.960   1.0845E-03
   30.970   8.2277E-04
   30.980   5.4630E-04
   30.990   2.6917E-04
   31.000   2.1472E-06
   31.010  -2.4682E-04
   31.020  -4.7743E-04
   31.030  -8.3867E-04
   31.040  -1.0182E-03
   31.050  -1.2218E-03
   31.060  -1.3789E-03
   31.070  -1.4379E-03
   31.080  -1.4071E-03
   31.090  -1.3345E-03
   31.100  -1.2598E-03
   31.110  -1.2022E-03
   31.120  -1.1782E-03
   31.130  -1.1955E-03
   31.140  -1.2188E-03
   31.150  -1.1645E-03
   31.160  -9.4982E-04
   31.170   1.5193E-04
   31.180  -6.1672E-05
   31.190   3.9698E-05
   31.200   1.0730E-04
   31.210   1.2409E-04
   31.220   9.7049E-05
   31.230   2.7870E-04
   31.240   2.3648E-04
   31.250   1.3809E-04
   31.260   3.2944E-05
   31.270  -3.1054E-06
   31.280   6.8048E-05
   31.290   2.1653E-04
   31.300   3.8773E-04
   31.310   5.5116E-04
   31.320   6.9231E-04
   31.330   7.8552E-04
   31.340   8.0921E-04
   31.350   7.7506E-04
   31.360   7.1009E-04
   31.370   6.1211E-04
   31.380   4.5205E-04
   31.390   2.2409E-04
   31.400  -2.9476E-05
   31.410  -2.5215E-04
   31.420  -4.1578E-04
   31.430  -5.2208E-04
   31.440  -5.7457E-04
   31.450  -5.5947E-04
   31.460  -4.4947E-04
   31.470  -2.2582E-04
   31.480   9.3001E-05
   31.490   4.3749E-04
   31.500   7.1316E-04
   31.510   8.5726E-04
   31.520   8.7928E-04
   31.530   8.4392E-04
   31.540   8.0851E-04
   31.550   7.7160E-04
   31.560   6.8126E-04
   31.570   4.9101E-04
   31.580   2.0544E-04
   31.590  -1.2667E-04
   31.600  -4.4925E-04
   31.610  -7.2036E-04
   31.620  -9.1036E-04
   31.630  -1.0041E-03
   31.640  -1.0083E-03
   31.650  -9.3962E-04
   31.660  -7.9851E-04
   31.670  -5.7066E-04
   31.680  -2.6364E-04
   31.690   7.0611E-05
   31.700   3.6260E-04
   31.710   5.6984E-04
   31.720   6.9411E-04
   31.730   7.6889E-04
   31.740   8.3867E-04
   31.750   9.3402E-04
   31.760   1.0490E-03
   31.770   1.1453E-03
   31.780   1.1868E-03
   31.790   1.1672E-03
   31.800   1.1025E-03
   31.810   1.0125E-03
   31.820   9.1933E-04
   31.830   8.4389E-04
   31.840   7.8573E-04
   31.850   7.1456E-04
   31.860   6.0389E-04
   31.870   4.7055E-04
   31.880   0.0000E+00
   31.890   0.0000E+00
   31.900   0.0000E+00
   31.910   0.0000E+00
   31.920   0.0000E+00
   31.930   0.0000E+00
   31.940   0.0000E+00
   31.950   0.0000E+00
   31.960   0.0000E+00
   31.970   0.0000E+00
   31.980   0.0000E+00
   31.990   0.0000E+00
   32.000   0.0000E+00
   32.010   0.0000E+00
   32.020   0.0000E+00
   32.030   0.0000E+00
   32.040   0.0000E+00
   32.050   0.0000E+00
   32.060   0.0000E+00
   32.070   0.0000E+00
   32.080   0.0000E+00
   32.090   0.0000E+00
   32.100   0.0000E+00
   32.110   0.0000E+00
   32.120   0.0000E+00
   32.130   0.0000E+00
   32.140   0.0000E+00
   32.150   0.0000E+00
   32.160   0.0000E+00
   32.170   0.0000E+00
   32.180   0.0000E+00
   32.190   0.0000E+00
   32.200   0.0000E+00
   32.210   0.0000E+00
   32.220   0.0000E+00
   32.230   0.0000E+00
   32.240   0.0000E+00
   32.250   0.0000E+00
   32.260   0.0000E+00
   32.270   0.0000E+00
   32.280   0.0000E+00
   32.290   0.0000E+00
   32.300   0.0000E+00
   32.310   0.0000E+00
   32.320   0.0000E+00
   32.330   0.0000E+00
   32.340   0.0000E+00
   32.350   0.0000E+00
   32.360   0.0000E+00
   32.370   0.0000E+00
   32.380   0.0000E+00
   32.390   0.0000E+00
   32.400   0.0000E+00
   32.410   0.0000E+00
   32.420   0.0000E+00
   32.430   0.0000E+00
   32.440   0.0000E+00
   32.450   0.0000E+00
   32.460   0.0000E+00
   32.470   0.0000E+00
   32.480   0.0000E+00
   32.490   0.0000E+00
   32.500   0.0000E+00
   32.510   0.0000E+00
   32.520   0.0000E+00
   32.530   0.0000E+00
   32.540   0.0000E+00
   32.550   0.0000E+00
   32.560   0.0000E+00
   32.570   0.0000E+00
   32.580   0.0000E+00
   32.590   0.0000E+00
   32.600   0.0000E+00
   32.610   0.0000E+00
   32.620   0.0000E+00
   32.630   0.0000E+00
   32.640   0.0000E+00
   32.650   0.0000E+00
   32.660   0.0000E+00
   32.670   0.0000E+00
   32.680   0.0000E+00
   32.690   0.0000E+00
   32.700   0.0000E+00
   32.710   0.0000E+00
   32.720   0.0000E+00
   32.730   0.0000E+00
   32.740   0.0000E+00
   32.750   0.0000E+00
   32.760   0.0000E+00
   32.770   0.0000E+00
   32.780   0.0000E+00
   32.790   0.0000E+00
   32.800   0.0000E+00
   32.810   0.0000E+00
   32.820   0.0000E+00
   32.830   0.0000E+00
   32.840   0.0000E+00
   32.850   0.0000E+00
   32.860   0.0000E+00
   32.870   0.0000E+00
   32.880   0.0000E+00
   32.890   0.0000E+00
   32.900   0.0000E+00
   32.910   0.0000E+00
   32.920   0.0000E+00
   32.930   0.0000E+00
   32.940   0.0000E+00
   32.950   0.0000E+00
   32.960   0.0000E+00
   32.970   0.0000E+00
   32.980   0.0000E+00
   32.990   0.0000E+00
   33.000   0.0000E+00
   33.010   0.0000E+00
   33.020   0.0000E+00
   33.030   0.0000E+00
   33.040   0.0000E+00
   33.050   0.0000E+00
   33.060   0.0000E+00
   33.070   0.0000E+00
   33.080   0.0000E+00
   33.090   0.0000E+00
   33.100   0.0000E+00
   33.110   0.0000E+00
   33.120   0.0000E+00
   33.130   0.0000E+00
   33.140   0.0000E+00
   33.150   0.0000E+00
   33.160   0.0000E+00
   33.170   0.0000E+00
   33.180   0.0000E+00
   33.190   0.0000E+00
   33.200   0.0000E+00
   33.210   0.0000E+00
   33.220   0.0000E+00
   33.230   0.0000E+00
   33.240   0.0000E+00
   33.250   0.0000E+00
   33.260   0.0000E+00
   33.270   0.0000E+00
   33.280   0.0000E+00
   33.290   0.0000E+00
   33.300   0.0000E+00
   33.310   0.0000E+00
   33.320   0.0000E+00
   33.330   0.0000E+00
   33.340   0.0000E+00
   33.350   0.0000E+00
   33.360   0.0000E+00
   33.370   0.0000E+00
   33.380   0.0000E+00
   33.390   0.0000E+00
   33.400   0.0000E+00
   33.410   0.0000E+00
   33.420   0.0000E+00
   33.430   0.0000E+00
   33.440   0.0000E+00
   33.450   0.0000E+00
   33.460   0.0000E+00
   33.470   0.0000E+00
   33.480   0.0000E+00
   33.490   0.0000E+00
   33.500   0.0000E+00
   33.510   0.0000E+00
   33.520   0.0000E+00
   33.530   0.0000E+00
   33.540   0.0000E+00
   33.550   0.0000E+00
   33.560   0.0000E+00
   33.570   0.0000E+00
   33.580   0.0000E+00
   33.590   0.0000E+00
   33.600   0.0000E+00
   33.610   0.0000E+00
   33.620   0.0000E+00
   33.630   0.0000E+00
   33.640   0.0000E+00
   33.650   0.0000E+00
   33.660   0.0000E+00
   33.670   0.0000E+00
   33.680   0.0000E+00
   33.690   0.0000E+00
   33.700   0.0000E+00
   33.710   0.0000E+00
   33.720   0.0000E+00
   33.730   0.0000E+00
   33.740   0.0000E+00
   33.750   0.0000E+00
   33.760   0.0000E+00
   33.770   0.0000E+00
   33.780   0.0000E+00
   33.790   0.0000E+00
   33.800   0.0000E+00
   33.810   0.0000E+00
   33.820   0.0000E+00
   33.830   0.0000E+00
   33.840   0.0000E+00
   33.850   0.0000E+00
   33.860   0.0000E+00
   33.870   0.0000E+00
   33.880   0.0000E+00
   33.890   0.0000E+00
   33.900   0.0000E+00
   33.910   0.0000E+00
   33.920   0.0000E+00
   33.930   0.0000E+00
   33.940   0.0000E+00
   33.950   0.0000E+00
   33.960   0.0000E+00
   33.970   0.0000E+00
   33.980   0.0000E+00
   33.990   0.0000E+00
   34.000   0.0000E+00
   34.010   0.0000E+00
   34.020   0.0000E+00
   34.030   0.0000E+00
   34.040   0.0000E+00
   34.050   0.0000E+00
   34.060   0.0000E+00
   34.070   0.0000E+00
   34.080   0.0000E+00
   34.090   0.0000E+00
   34.100   0.0000E+00
   34.110   0.0000E+00
   34.120   0.0000E+00
   34.130   0.0000E+00
   34.140   0.0000E+00
   34.150   0.0000E+00
   34.160   0.0000E+00
   34.170   0.0000E+00
   34.180   0.0000E+00
   34.190   0.0000E+00
   34.200   0.0000E+00
   34.210   0.0000E+00
   34.220   0.0000E+00
   34.230   0.0000E+00
   34.240   0.0000E+00
   34.250   0.0000E+00
   34.260   0.0000E+00
   34.270   0.0000E+00
   34.280   0.0000E+00
   34.290   0.0000E+00
   34.300   0.0000E+00
   34.310   0.0000E+00
   34.320   0.0000E+00
   34.330   0.0000E+00
   34.340   0.0000E+00
   34.350   0.0000E+00
   34.360   0.0000E+00
   34.370   0.0000E+00
   34.380   0.0000E+00
   34.390   0.0000E+00
   34.400   0.0000E+00
   34.410   0.0000E+00
   34.420   0.0000E+00
   34.430   0.0000E+00
   34.440   0.0000E+00
   34.450   0.0000E+00
   34.460   0.0000E+00
   34.470   0.0000E+00
   34.480   0.0000E+00
   34.490   0.0000E+00
   34.500   0.0000E+00
   34.510   0.0000E+00
   34.520   0.0000E+00
   34.530   0.0000E+00
   34.540   0.0000E+00
   34.550   0.0000E+00
   34.560   0.0000E+00
   34.570   0.0000E+00
   34.580   0.0000E+00
   34.590   0.0000E+00
   34.600   0.0000E+00
   34.610   0.0000E+00
   34.620   0.0000E+00
   34.630   0.0000E+00
   34.640   0.0000E+00
   34.650   0.0000E+00
   34.660   0.0000E+00
   34.670   0.0000E+00
   34.680   0.0000E+00
   34.690   0.0000E+00
   34.700   0.0000E+00
   34.710   0.0000E+00
   34.720   0.0000E+00
   34.730   0.0000E+00
   34.740   0.0000E+00
   34.750   0.0000E+00
   34.760   0.0000E+00
   34.770   0.0000E+00
   34.780   0.0000E+00
   34.790   0.0000E+00
   34.800   0.0000E+00
   34.810   0.0000E+00
   34.820   0.0000E+00
   34.830   0.0000E+00
   34.840   0.0000E+00
   34.850   0.0000E+00
   34.860   0.0000E+00
   34.870   0.0000E+00
   34.880   0.0000E+00
   34.890   0.0000E+00
   34.900   0.0000E+00
   34.910   0.0000E+00
   34.920   0.0000E+00
   34.930   0.0000E+00
   34.940   0.0000E+00
   34.950   0.0000E+00
   34.960   0.0000E+00
   34.970   0.0000E+00
   34.980   0.0000E+00
   34.990   0.0000E+00
   35.000   0.0000E+00
   35.010   0.0000E+00
   35.020   0.0000E+00
   35.030   0.0000E+00
   35.040   0.0000E+00
   35.050   0.0000E+00
   35.060   0.0000E+00
   35.070   0.0000E+00
   35.080   0.0000E+00
   35.090   0.0000E+00
   35.100   0.0000E+00
   35.110   0.0000E+00
   35.120   0.0000E+00
   35.130   0.0000E+00
   35.140   0.0000E+00
   35.150   0.0000E+00
   35.160   0.0000E+00
   35.170   0.0000E+00
   35.180   0.0000E+00
   35.190   0.0000E+00
   35.200   0.0000E+00
   35.210   0.0000E+00
   35.220   0.0000E+00
   35.230   0.0000E+00
   35.240   0.0000E+00
   35.250   0.0000E+00
   35.260   0.0000E+00
   35.270   0.0000E+00
   35.280   0.0000E+00
   35.290   0.0000E+00
   35.300   0.0000E+00
   35.310   0.0000E+00
   35.320   0.0000E+00
   35.330   0.0000E+00
   35.340   0.0000E+00
   35.350   0.0000E+00
   35.360   0.0000E+00
   35.370   0.0000E+00
   35.380   0.0000E+00
   35.390   0.0000E+00
   35.400   0.0000E+00
   35.410   0.0000E+00
   35.420   0.0000E+00
   35.430   0.0000E+00
   35.440   0.0000E+00
   35.450   0.0000E+00
   35.460   0.0000E+00
   35.470   0.0000E+00
   35.480   0.0000E+00
   35.490   0.0000E+00
   35.500   0.0000E+00
   35.510   0.0000E+00
   35.520   0.0000E+00
   35.530   0.0000E+00
   35.540   0.0000E+00
   35.550   0.0000E+00
   35.560   0.0000E+00
   35.570   0.0000E+00
   35.580   0.0000E+00
   35.590   0.0000E+00
   35.600   0.0000E+00
   35.610   0.0000E+00
   35.620   0.0000E+00
   35.630   0.0000E+00
   35.640   0.0000E+00
   35.650   0.0000E+00
   35.660   0.0000E+00
   35.670   0.0000E+00
   35.680   0.0000E+00
   35.690   0.0000E+00
   35.700   0.0000E+00
   35.710   0.0000E+00
   35.720   0.0000E+00
   35.730   0.0000E+00
   35.740   0.0000E+00
   35.750   0.0000E+00
   35.760   0.0000E+00
   35.770   0.0000E+00
   35.780   0.0000E+00
   35.790   0.0000E+00
   35.800   0.0000E+00
   35.810   0.0000E+00
   35.820   0.0000E+00
   35.830   0.0000E+00
   35.840   0.0000E+00
   35.850   0.0000E+00
   35.860   0.0000E+00
   35.870   0.0000E+00
   35.880   0.0000E+00
   35.890   0.0000E+00
   35.900   0.0000E+00
   35.910   0.0000E+00
   35.920   0.0000E+00
   35.930   0.0000E+00
   35.940   0.0000E+00
   35.950   0.0000E+00
   35.960   0.0000E+00
   35.970   0.0000E+00
   35.980   0.0000E+00
   35.990   0.0000E+00
   36.000   0.0000E+00
   36.010   0.0000E+00
   36.020   0.0000E+00
   36.030   0.0000E+00
   36.040   0.0000E+00
   36.050   0.0000E+00
   36.060   0.0000E+00
   36.070   0.0000E+00
   36.080   0.0000E+00
   36.090   0.0000E+00
   36.100   0.0000E+00
   36.110   0.0000E+00
   36.120   0.0000E+00
   36.130   0.0000E+00
   36.140   0.0000E+00
   36.150   0.0000E+00
   36.160   0.0000E+00
   36.170   0.0000E+00
   36.180   0.0000E+00
   36.190   0.0000E+00
   36.200   0.0000E+00
   36.210   0.0000E+00
   36.220   0.0000E+00
   36.230   0.0000E+00
   36.240   0.0000E+00
   36.250   0.0000E+00
   36.260   0.0000E+00
   36.270   0.0000E+00
   36.280   0.0000E+00
   36.290   0.0000E+00
   36.300   0.0000E+00
   36.310   0.0000E+00
   36.320   0.0000E+00
   36.330   0.0000E+00
   36.340   0.0000E+00
   36.350   0.0000E+00
   36.360   0.0000E+00
   36.370   0.0000E+00
   36.380   0.0000E+00
   36.390   0.0000E+00
   36.400   0.0000E+00
   36.410   0.0000E+00
   36.420   0.0000E+00
   36.430   0.0000E+00
   36.440   0.0000E+00
   36.450   0.0000E+00
   36.460   0.0000E+00
   36.470   0.0000E+00
   36.480   0.0000E+00
   36.490   0.0000E+00
   36.500   0.0000E+00
   36.510   0.0000E+00
   36.520   0.0000E+00
   36.530   0.0000E+00
   36.540   0.0000E+00
   36.550   0.0000E+00
   36.560   0.0000E+00
   36.570   0.0000E+00
   36.580   0.0000E+00
   36.590   0.0000E+00
   36.600   0.0000E+00
   36.610   0.0000E+00
   36.620   0.0000E+00
   36.630   0.0000E+00
   36.640   0.0000E+00
   36.650   0.0000E+00
   36.660   0.0000E+00
   36.670   0.0000E+00
   36.680   0.0000E+00
   36.690   0.0000E+00
   36.700   0.0000E+00
   36.710   0.0000E+00
   36.720   0.0000E+00
   36.730   0.0000E+00
   36.740   0.0000E+00
   36.750   0.0000E+00
   36.760   0.0000E+00
   36.770   0.0000E+00
   36.780   0.0000E+00
   36.790   0.0000E+00
   36.800   0.0000E+00
   36.810   0.0000E+00
   36.820   0.0000E+00
   36.830   0.0000E+00
   36.840   0.0000E+00
   36.850   0.0000E+00
   36.860   0.0000E+00
   36.870   0.0000E+00
   36.880   0.0000E+00
   36.890   0.0000E+00
   36.900   0.0000E+00
   36.910   0.0000E+00
   36.920   0.0000E+00
   36.930   0.0000E+00
   36.940   0.0000E+00
   36.950   0.0000E+00
   36.960   0.0000E+00
   36.970   0.0000E+00
   36.980   0.0000E+00
   36.990   0.0000E+00
   37.000   0.0000E+00
   37.010   0.0000E+00
   37.020   0.0000E+00
   37.030   0.0000E+00
   37.040   0.0000E+00
   37.050   0.0000E+00
   37.060   0.0000E+00
   37.070   0.0000E+00
   37.080   0.0000E+00
   37.090   0.0000E+00
   37.100   0.0000E+00
   37.110   0.0000E+00
   37.120   0.0000E+00
   37.130   0.0000E+00
   37.140   0.0000E+00
   37.150   0.0000E+00
   37.160   0.0000E+00
   37.170   0.0000E+00
   37.180   0.0000E+00
   37.190   0.0000E+00
   37.200   0.0000E+00
   37.210   0.0000E+00
   37.220   0.0000E+00
   37.230   0.0000E+00
   37.240   0.0000E+00
   37.250   0.0000E+00
   37.260   0.0000E+00
   37.270   0.0000E+00
   37.280   0.0000E+00
   37.290   0.0000E+00
   37.300   0.0000E+00
   37.310   0.0000E+00
   37.320   0.0000E+00
   37.330   0.0000E+00
   37.340   0.0000E+00
   37.350   0.0000E+00
   37.360   0.0000E+00
   37.370   0.0000E+00
   37.380   0.0000E+00
   37.390   0.0000E+00
   37.400   0.0000E+00
   37.410   0.0000E+00
   37.420   0.0000E+00
   37.430   0.0000E+00
   37.440   0.0000E+00
   37.450   0.0000E+00
   37.460   0.0000E+00
   37.470   0.0000E+00
   37.480   0.0000E+00
   37.490   0.0000E+00
   37.500   0.0000E+00
   37.510   0.0000E+00
   37.520   0.0000E+00
   37.530   0.0000E+00
   37.540   0.0000E+00
   37.550   0.0000E+00
   37.560   0.0000E+00
   37.570   0.0000E+00
   37.580   0.0000E+00
   37.590   0.0000E+00
   37.600   0.0000E+00
   37.610   0.0000E+00
   37.620   0.0000E+00
   37.630   0.0000E+00
   37.640   0.0000E+00
   37.650   0.0000E+00
   37.660   0.0000E+00
   37.670   0.0000E+00
   37.680   0.0000E+00
   37.690   0.0000E+00
   37.700   0.0000E+00
   37.710   0.0000E+00
   37.720   0.0000E+00
   37.730   0.0000E+00
   37.740   0.0000E+00
   37.750   0.0000E+00
   37.760   0.0000E+00
   37.770   0.0000E+00
   37.780   0.0000E+00
   37.790   0.0000E+00
   37.800   0.0000E+00
   37.810   0.0000E+00
   37.820   0.0000E+00
   37.830   0.0000E+00
   37.840   0.0000E+00
   37.850   0.0000E+00
   37.860   0.0000E+00
   37.870   0.0000E+00
   37.880   0.0000E+00
   37.890   0.0000E+00
   37.900   0.0000E+00
   37.910   0.0000E+00
   37.920   0.0000E+00
   37.930   0.0000E+00
   37.940   0.0000E+00
   37.950   0.0000E+00
   37.960   0.0000E+00
   37.970   0.0000E+00
   37.980   0.0000E+00
   37.990   0.0000E+00
   38.000   0.0000E+00
   38.010   0.0000E+00
   38.020   0.0000E+00
   38.030   0.0000E+00
   38.040   0.0000E+00
   38.050   0.0000E+00
   38.060   0.0000E+00
   38.070   0.0000E+00
   38.080   0.0000E+00
   38.090   0.0000E+00
   38.100   0.0000E+00
   38.110   0.0000E+00
   38.120   0.0000E+00
   38.130   0.0000E+00
   38.140   0.0000E+00
   38.150   0.0000E+00
   38.160   0.0000E+00
   38.170   0.0000E+00
   38.180   0.0000E+00
   38.190   0.0000E+00
   38.200   0.0000E+00
   38.210   0.0000E+00
   38.220   0.0000E+00
   38.230   0.0000E+00
   38.240   0.0000E+00
   38.250   0.0000E+00
   38.260   0.0000E+00
   38.270   0.0000E+00
   38.280   0.0000E+00
   38.290   0.0000E+00
   38.300   0.0000E+00
   38.310   0.0000E+00
   38.320   0.0000E+00
   38.330   0.0000E+00
   38.340   0.0000E+00
   38.350   0.0000E+00
   38.360   0.0000E+00
   38.370   0.0000E+00
   38.380   0.0000E+00
   38.390   0.0000E+00
   38.400   0.0000E+00
   38.410   0.0000E+00
   38.420   0.0000E+00
   38.430   0.0000E+00
   38.440   0.0000E+00
   38.450   0.0000E+00
   38.460   0.0000E+00
   38.470   0.0000E+00
   38.480   0.0000E+00
   38.490   0.0000E+00
   38.500   0.0000E+00
   38.510   0.0000E+00
   38.520   0.0000E+00
   38.530   0.0000E+00
   38.540   0.0000E+00
   38.550   0.0000E+00
   38.560   0.0000E+00
   38.570   0.0000E+00
   38.580   0.0000E+00
   38.590   0.0000E+00
   38.600   0.0000E+00
   38.610   0.0000E+00
   38.620   0.0000E+00
   38.630   0.0000E+00
   38.640   0.0000E+00
   38.650   0.0000E+00
   38.660   0.0000E+00
   38.670   0.0000E+00
   38.680   0.0000E+00
   38.690   0.0000E+00
   38.700   0.0000E+00
   38.710   0.0000E+00
   38.720   0.0000E+00
   38.730   0.0000E+00
   38.740   0.0000E+00
   38.750   0.0000E+00
   38.760   0.0000E+00
   38.770   0.0000E+00
   38.780   0.0000E+00
   38.790   0.0000E+00
   38.800   0.0000E+00
   38.810   0.0000E+00
   38.820   0.0000E+00
   38.830   0.0000E+00
   38.840   0.0000E+00
   38.850   0.0000E+00
   38.860   0.0000E+00
   38.870   0.0000E+00
   38.880   0.0000E+00
   38.890   0.0000E+00
   38.900   0.0000E+00
   38.910   0.0000E+00
   38.920   0.0000E+00
   38.930   0.0000E+00
   38.940   0.0000E+00
   38.950   0.0000E+00
   38.960   0.0000E+00
   38.970   0.0000E+00
   38.980   0.0000E+00
   38.990   0.0000E+00
   39.000   0.0000E+00
   39.010   0.0000E+00
   39.020   0.0000E+00
   39.030   0.0000E+00
   39.040   0.0000E+00
   39.050   0.0000E+00
   39.060   0.0000E+00
   39.070   0.0000E+00
   39.080   0.0000E+00
   39.090   0.0000E+00
   39.100   0.0000E+00
   39.110   0.0000E+00
   39.120   0.0000E+00
   39.130   0.0000E+00
   39.140   0.0000E+00
   39.150   0.0000E+00
   39.160   0.0000E+00
   39.170   0.0000E+00
   39.180   0.0000E+00
   39.190   0.0000E+00
   39.200   0.0000E+00
   39.210   0.0000E+00
   39.220   0.0000E+00
   39.230   0.0000E+00
   39.240   0.0000E+00
   39.250   0.0000E+00
   39.260   0.0000E+00
   39.270   0.0000E+00
   39.280   0.0000E+00
   39.290   0.0000E+00
   39.300   0.0000E+00
   39.310   0.0000E+00
   39.320   0.0000E+00
   39.330   0.0000E+00
   39.340   0.0000E+00
   39.350   0.0000E+00
   39.360   0.0000E+00
   39.370   0.0000E+00
   39.380   0.0000E+00
   39.390   0.0000E+00
   39.400   0.0000E+00
   39.410   0.0000E+00
   39.420   0.0000E+00
   39.430   0.0000E+00
   39.440   0.0000E+00
   39.450   0.0000E+00
   39.460   0.0000E+00
   39.470   0.0000E+00
   39.480   0.0000E+00
   39.490   0.0000E+00
   39.500   0.0000E+00
   39.510   0.0000E+00
   39.520   0.0000E+00
   39.530   0.0000E+00
   39.540   0.0000E+00
   39.550   0.0000E+00
   39.560   0.0000E+00
   39.570   0.0000E+00
   39.580   0.0000E+00
   39.590   0.0000E+00
   39.600   0.0000E+00
   39.610   0.0000E+00
   39.620   0.0000E+00
   39.630   0.0000E+00
   39.640   0.0000E+00
   39.650   0.0000E+00
   39.660   0.0000E+00
   39.670   0.0000E+00
   39.680   0.0000E+00
   39.690   0.0000E+00
   39.700   0.0000E+00
   39.710   0.0000E+00
   39.720   0.0000E+00
   39.730   0.0000E+00
   39.740   0.0000E+00
   39.750   0.0000E+00
   39.760   0.0000E+00
   39.770   0.0000E+00
   39.780   0.0000E+00
   39.790   0.0000E+00
   39.800   0.0000E+00
   39.810   0.0000E+00
   39.820   0.0000E+00
   39.830   0.0000E+00
   39.840   0.0000E+00
   39.850   0.0000E+00
   39.860   0.0000E+00
   39.870   0.0000E+00
   39.880   0.0000E+00
   39.890   0.0000E+00
   39.900   0.0000E+00
   39.910   0.0000E+00
   39.920   0.0000E+00
   39.930   0.0000E+00
   39.940   0.0000E+00
   39.950   0.0000E+00
   39.960   0.0000E+00
   39.970   0.0000E+00
   39.980   0.0000E+00
   39.990   0.0000E+00
   40.000   0.0000E+00
   40.010   0.0000E+00
   40.020   0.0000E+00
   40.030   0.0000E+00
   40.040   0.0000E+00
   40.050   0.0000E+00
   40.060   0.0000E+00
   40.070   0.0000E+00
   40.080   0.0000E+00
   40.090   0.0000E+00
   40.100   0.0000E+00
   40.110   0.0000E+00
   40.120   0.0000E+00
   40.130   0.0000E+00
   40.140   0.0000E+00
   40.150   0.0000E+00
   40.160   0.0000E+00
   40.170   0.0000E+00
   40.180   0.0000E+00
   40.190   0.0000E+00
   40.200   0.0000E+00
   40.210   0.0000E+00
   40.220   0.0000E+00
   40.230   0.0000E+00
   40.240   0.0000E+00
   40.250   0.0000E+00
   40.260   0.0000E+00
   40.270   0.0000E+00
   40.280   0.0000E+00
   40.290   0.0000E+00
   40.300   0.0000E+00
   40.310   0.0000E+00
   40.320   0.0000E+00
   40.330   0.0000E+00
   40.340   0.0000E+00
   40.350   0.0000E+00
   40.360   0.0000E+00
   40.370   0.0000E+00
   40.380   0.0000E+00
   40.390   0.0000E+00
   40.400   0.0000E+00
   40.410   0.0000E+00
   40.420   0.0000E+00
   40.430   0.0000E+00
   40.440   0.0000E+00
   40.450   0.0000E+00
   40.460   0.0000E+00
   40.470   0.0000E+00
   40.480   0.0000E+00
   40.490   0.0000E+00
   40.500   0.0000E+00
   40.510   0.0000E+00
   40.520   0.0000E+00
   40.530   0.0000E+00
   40.540   0.0000E+00
   40.550   0.0000E+00
   40.560   0.0000E+00
   40.570   0.0000E+00
   40.580   0.0000E+00
   40.590   0.0000E+00
   40.600   0.0000E+00
   40.610   0.0000E+00
   40.620   0.0000E+00
   40.630   0.0000E+00
   40.640   0.0000E+00
   40.650   0.0000E+00
   40.660   0.0000E+00
   40.670   0.0000E+00
   40.680   0.0000E+00
   40.690   0.0000E+00
   40.700   0.0000E+00
   40.710   0.0000E+00
   40.720   0.0000E+00
   40.730   0.0000E+00
   40.740   0.0000E+00
   40.750   0.0000E+00
   40.760   0.0000E+00
   40.770   0.0000E+00
   40.780   0.0000E+00
   40.790   0.0000E+00
   40.800   0.0000E+00
   40.810   0.0000E+00
   40.820   0.0000E+00
   40.830   0.0000E+00
   40.840   0.0000E+00
   40.850   0.0000E+00
   40.860   0.0000E+00
   40.870   0.0000E+00
   40.880   0.0000E+00
   40.890   0.0000E+00
   40.900   0.0000E+00
   40.910   0.0000E+00
   40.920   0.0000E+00
   40.930   0.0000E+00
   40.940   0.0000E+00
   40.950   0.0000E+00
