**********************************************
*******  Acceleration Time Series ************
*** Site #   1
*** trial   29
Input Parameters file =  aqg_0604__parameters.out                                                                                                
  4096 samples
dt:  0.010 sec
data format: (1x,f8.3,1p,2x,e11.4)
maximum absolute acceleration: 130.65
fault Dis.(km)=    7.00
Hypo  Dis.(km)=   12.06
  time(s) acc(cm/s**2)
    0.000   0.0000E+00
    0.010   0.0000E+00
    0.020   0.0000E+00
    0.030   0.0000E+00
    0.040   0.0000E+00
    0.050   0.0000E+00
    0.060   0.0000E+00
    0.070   0.0000E+00
    0.080   0.0000E+00
    0.090   0.0000E+00
    0.100   0.0000E+00
    0.110   0.0000E+00
    0.120   0.0000E+00
    0.130   0.0000E+00
    0.140   0.0000E+00
    0.150   0.0000E+00
    0.160   0.0000E+00
    0.170   0.0000E+00
    0.180   0.0000E+00
    0.190   0.0000E+00
    0.200   0.0000E+00
    0.210   0.0000E+00
    0.220   0.0000E+00
    0.230   0.0000E+00
    0.240   0.0000E+00
    0.250   0.0000E+00
    0.260   0.0000E+00
    0.270   0.0000E+00
    0.280   0.0000E+00
    0.290   0.0000E+00
    0.300   7.2019E-03
    0.310   1.4310E-01
    0.320   1.5376E-01
    0.330   1.5322E-01
    0.340   1.4243E-01
    0.350   1.2383E-01
    0.360   9.9169E-02
    0.370   7.0927E-02
    0.380   4.4021E-02
    0.390   2.3590E-02
    0.400   1.0717E-02
    0.410   2.0418E-03
    0.420  -6.0776E-03
    0.430  -1.4036E-02
    0.440  -1.9624E-02
    0.450  -2.0615E-02
    0.460  -1.6219E-02
    0.470  -7.0587E-03
    0.480   5.3567E-03
    0.490   1.9457E-02
    0.500   3.3782E-02
    0.510   4.5740E-02
    0.520   5.0639E-02
    0.530   4.3810E-02
    0.540   2.4516E-02
    0.550  -2.7762E-03
    0.560  -3.1271E-02
    0.570  -1.9710E-01
    0.580  -2.0231E-01
    0.590  -1.8860E-01
    0.600  -1.6308E-01
    0.610  -1.3686E-01
    0.620  -1.1888E-01
    0.630  -1.1274E-01
    0.640  -1.1713E-01
    0.650  -1.2720E-01
    0.660  -1.3566E-01
    0.670  -1.3431E-01
    0.680  -1.1667E-01
    0.690  -8.0518E-02
    0.700  -2.9123E-02
    0.710   2.9787E-02
    0.720   8.7150E-02
    0.730   1.3601E-01
    0.740   1.7344E-01
    0.750   2.0071E-01
    0.760   2.2229E-01
    0.770   2.4303E-01
    0.780   2.6400E-01
    0.790   2.8035E-01
    0.800   2.8416E-01
    0.810   2.6981E-01
    0.820   2.3636E-01
    0.830   1.8655E-01
    0.840   1.2590E-01
    0.850   6.3095E-02
    0.860   1.1413E-01
    0.870   8.5833E-02
    0.880   6.5968E-02
    0.890   4.9929E-02
    0.900   3.5268E-02
    0.910   2.1725E-02
    0.920   8.5217E-03
    0.930  -7.1709E-03
    0.940  -3.0188E-02
    0.950  -6.6359E-02
    0.960  -1.1927E-01
    0.970  -1.8573E-01
    0.980  -2.5587E-01
    0.990  -3.2034E-01
    1.000  -3.7715E-01
    1.010  -4.3007E-01
    1.020  -4.8187E-01
    1.030  -5.3168E-01
    1.040  -5.7815E-01
    1.050  -7.2288E-01
    1.060  -7.8184E-01
    1.070  -8.2840E-01
    1.080  -8.5263E-01
    1.090  -8.6850E-01
    1.100  -8.3853E-01
    1.110  -7.8519E-01
    1.120  -7.1962E-01
    1.130  -6.5482E-01
    1.140  -5.9590E-01
    1.150  -5.3475E-01
    1.160  -4.5444E-01
    1.170  -3.3869E-01
    1.180  -1.8108E-01
    1.190   9.0421E-03
    1.200   2.0774E-01
    1.210   3.8676E-01
    1.220   5.1877E-01
    1.230   6.0594E-01
    1.240   6.5401E-01
    1.250   6.8059E-01
    1.260   7.1460E-01
    1.270   7.3115E-01
    1.280   7.3661E-01
    1.290   7.2453E-01
    1.300   6.8850E-01
    1.310   6.2903E-01
    1.320   6.4443E-01
    1.330   5.6771E-01
    1.340   5.1929E-01
    1.350   4.3821E-01
    1.360   4.6789E-01
    1.370   4.3686E-01
    1.380   4.1876E-01
    1.390   3.6829E-01
    1.400   3.2982E-01
    1.410   2.8392E-01
    1.420   2.3269E-01
    1.430   1.7450E-01
    1.440   4.9336E-02
    1.450  -3.3550E-02
    1.460  -5.1289E-02
    1.470  -1.9307E-01
    1.480  -2.4084E-01
    1.490  -4.1079E-01
    1.500  -5.8456E-01
    1.510  -7.4725E-01
    1.520  -8.6818E-01
    1.530  -9.0837E-01
    1.540  -8.5611E-01
    1.550  -7.4584E-01
    1.560  -6.3023E-01
    1.570  -4.8612E-01
    1.580  -4.3131E-01
    1.590  -3.5493E-01
    1.600  -2.4313E-01
    1.610  -8.2796E-02
    1.620   9.2033E-02
    1.630   2.7552E-01
    1.640   4.1973E-01
    1.650   5.0449E-01
    1.660   5.3175E-01
    1.670   5.1754E-01
    1.680   4.7897E-01
    1.690   4.6125E-01
    1.700   4.7310E-01
    1.710   5.2072E-01
    1.720   5.9633E-01
    1.730   6.8475E-01
    1.740   7.6653E-01
    1.750   8.7319E-01
    1.760   8.8792E-01
    1.770   8.7326E-01
    1.780   8.4768E-01
    1.790   8.2004E-01
    1.800   7.9116E-01
    1.810   7.6067E-01
    1.820   7.2435E-01
    1.830   6.4081E-01
    1.840   5.7467E-01
    1.850   4.9392E-01
    1.860   4.1723E-01
    1.870   3.7161E-01
    1.880   2.7850E-01
    1.890   2.9272E-01
    1.900   3.1650E-01
    1.910   3.3202E-01
    1.920   3.2180E-01
    1.930   2.7831E-01
    1.940   2.0916E-01
    1.950   1.3136E-01
    1.960   5.7079E-02
    1.970  -1.8896E-02
    1.980  -1.1776E-01
    1.990  -2.5599E-01
    2.000  -4.2091E-01
    2.010  -5.0758E-01
    2.020  -6.0777E-01
    2.030  -6.1233E-01
    2.040  -5.5114E-01
    2.050  -3.7877E-01
    2.060  -2.2049E-01
    2.070  -1.1386E-01
    2.080  -1.2096E-01
    2.090  -7.4714E-02
    2.100  -1.9827E-01
    2.110  -3.2457E-01
    2.120  -4.2217E-01
    2.130  -4.7245E-01
    2.140  -4.7918E-01
    2.150  -3.6076E-01
    2.160  -3.6920E-01
    2.170  -4.5441E-01
    2.180  -5.9651E-01
    2.190  -7.9428E-01
    2.200  -8.9570E-01
    2.210  -8.7996E-01
    2.220  -7.3715E-01
    2.230  -5.0655E-01
    2.240  -2.5633E-01
    2.250  -4.4004E-02
    2.260   1.0834E-01
    2.270   2.0984E-01
    2.280   3.3751E-01
    2.290   4.0843E-01
    2.300   4.6787E-01
    2.310   5.0821E-01
    2.320   5.2931E-01
    2.330   5.4726E-01
    2.340   5.7852E-01
    2.350   6.1757E-01
    2.360   6.4063E-01
    2.370   6.3498E-01
    2.380   6.1594E-01
    2.390   5.8266E-01
    2.400   5.9424E-01
    2.410   6.2855E-01
    2.420   6.4243E-01
    2.430   6.3229E-01
    2.440   6.0388E-01
    2.450   4.2307E-01
    2.460   4.2318E-01
    2.470   4.2654E-01
    2.480   3.3860E-01
    2.490   2.4270E-01
    2.500   7.8894E-02
    2.510  -1.5298E-01
    2.520  -4.3380E-01
    2.530  -7.3143E-01
    2.540  -9.3266E-01
    2.550  -1.0075E+00
    2.560  -9.7836E-01
    2.570  -1.0001E+00
    2.580  -9.2933E-01
    2.590  -1.0957E+00
    2.600  -1.3892E+00
    2.610  -1.6934E+00
    2.620  -1.9200E+00
    2.630  -1.9942E+00
    2.640  -1.8863E+00
    2.650  -1.5855E+00
    2.660  -1.2161E+00
    2.670  -9.7308E-01
    2.680  -7.1378E-01
    2.690  -4.8105E-01
    2.700  -2.2560E-01
    2.710   1.1948E-01
    2.720   5.4790E-01
    2.730   7.6268E-01
    2.740   1.0377E+00
    2.750   1.2174E+00
    2.760   1.3648E+00
    2.770   1.4354E+00
    2.780   1.5729E+00
    2.790   1.8009E+00
    2.800   2.0474E+00
    2.810   2.2764E+00
    2.820   2.4675E+00
    2.830   2.6176E+00
    2.840   2.7548E+00
    2.850   2.8913E+00
    2.860   3.0195E+00
    2.870   3.1769E+00
    2.880   3.1593E+00
    2.890   3.0115E+00
    2.900   2.7432E+00
    2.910   2.3824E+00
    2.920   1.9409E+00
    2.930   1.4133E+00
    2.940   7.4749E-01
    2.950   4.1455E-02
    2.960  -5.3346E-01
    2.970  -1.0654E+00
    2.980  -1.6072E+00
    2.990  -1.9012E+00
    3.000  -2.2256E+00
    3.010  -2.5981E+00
    3.020  -2.9447E+00
    3.030  -3.1547E+00
    3.040  -3.0550E+00
    3.050  -2.8650E+00
    3.060  -2.5800E+00
    3.070  -2.3025E+00
    3.080  -2.0877E+00
    3.090  -1.9457E+00
    3.100  -1.8756E+00
    3.110  -1.8526E+00
    3.120  -1.9004E+00
    3.130  -1.9390E+00
    3.140  -1.9057E+00
    3.150  -1.7628E+00
    3.160  -1.6224E+00
    3.170  -1.3492E+00
    3.180  -1.0436E+00
    3.190  -7.8196E-01
    3.200  -6.7005E-01
    3.210  -7.7267E-01
    3.220  -1.0383E+00
    3.230  -1.2593E+00
    3.240  -1.2687E+00
    3.250  -9.4727E-01
    3.260  -3.7342E-01
    3.270   2.7442E-01
    3.280   7.9667E-01
    3.290   1.0493E+00
    3.300   1.2424E+00
    3.310   1.5752E+00
    3.320   1.5107E+00
    3.330   1.5153E+00
    3.340   1.6217E+00
    3.350   1.7746E+00
    3.360   1.9970E+00
    3.370   2.3307E+00
    3.380   2.7360E+00
    3.390   3.1072E+00
    3.400   3.2946E+00
    3.410   3.2246E+00
    3.420   2.9325E+00
    3.430   2.5119E+00
    3.440   2.0200E+00
    3.450   1.5206E+00
    3.460   1.0718E+00
    3.470   8.3018E-01
    3.480   7.0722E-01
    3.490   6.6740E-01
    3.500   6.2455E-01
    3.510   5.0645E-01
    3.520   3.1824E-01
    3.530   4.7879E-02
    3.540  -1.5185E-01
    3.550  -7.7640E-02
    3.560   5.9161E-01
    3.570   1.5098E+00
    3.580   2.8584E+00
    3.590   3.9736E+00
    3.600   4.6349E+00
    3.610   4.6667E+00
    3.620   4.1654E+00
    3.630   3.4504E+00
    3.640   2.8575E+00
    3.650   2.5412E+00
    3.660   2.4309E+00
    3.670   2.3379E+00
    3.680   2.0961E+00
    3.690   1.6481E+00
    3.700   1.0607E+00
    3.710   4.8408E-01
    3.720   6.2853E-02
    3.730  -2.4823E-01
    3.740  -2.5656E-01
    3.750  -7.9711E-02
    3.760   3.5517E-01
    3.770   8.8885E-01
    3.780   1.4225E+00
    3.790   1.8013E+00
    3.800   1.9718E+00
    3.810   2.0230E+00
    3.820   2.0695E+00
    3.830   2.1652E+00
    3.840   2.3377E+00
    3.850   2.5214E+00
    3.860   2.7961E+00
    3.870   3.0266E+00
    3.880   3.0700E+00
    3.890   2.8195E+00
    3.900   2.2091E+00
    3.910   1.9118E+00
    3.920   1.7961E+00
    3.930   1.7252E+00
    3.940   1.6648E+00
    3.950   1.4952E+00
    3.960   1.2502E+00
    3.970   9.0063E-01
    3.980   7.5761E-01
    3.990   6.7261E-01
    4.000   5.4276E-01
    4.010   2.8444E-01
    4.020  -2.9112E-01
    4.030  -1.0995E+00
    4.040  -2.0009E+00
    4.050  -2.8446E+00
    4.060  -3.5482E+00
    4.070  -4.1069E+00
    4.080  -4.4778E+00
    4.090  -4.9317E+00
    4.100  -5.4668E+00
    4.110  -6.1025E+00
    4.120  -6.6124E+00
    4.130  -6.9192E+00
    4.140  -6.7861E+00
    4.150  -6.3105E+00
    4.160  -5.7486E+00
    4.170  -5.2714E+00
    4.180  -4.8524E+00
    4.190  -4.7022E+00
    4.200  -4.5811E+00
    4.210  -4.5594E+00
    4.220  -4.5306E+00
    4.230  -4.4006E+00
    4.240  -4.1968E+00
    4.250  -4.0239E+00
    4.260  -3.9265E+00
    4.270  -3.8437E+00
    4.280  -3.6852E+00
    4.290  -3.3853E+00
    4.300  -3.1093E+00
    4.310  -2.4282E+00
    4.320  -1.6160E+00
    4.330  -8.0444E-01
    4.340  -6.7409E-02
    4.350   6.6505E-01
    4.360   1.4314E+00
    4.370   2.1125E+00
    4.380   2.5442E+00
    4.390   2.6297E+00
    4.400   2.5374E+00
    4.410   2.5233E+00
    4.420   2.6834E+00
    4.430   2.8261E+00
    4.440   2.4820E+00
    4.450   1.4559E+00
    4.460  -2.9445E-01
    4.470  -2.2178E+00
    4.480  -3.6901E+00
    4.490  -4.3646E+00
    4.500  -4.2968E+00
    4.510  -3.7947E+00
    4.520  -3.1560E+00
    4.530  -2.6105E+00
    4.540  -2.3977E+00
    4.550  -2.6866E+00
    4.560  -3.5059E+00
    4.570  -4.6342E+00
    4.580  -5.7441E+00
    4.590  -6.5645E+00
    4.600  -7.1572E+00
    4.610  -7.6475E+00
    4.620  -7.6822E+00
    4.630  -7.3797E+00
    4.640  -6.8651E+00
    4.650  -6.4159E+00
    4.660  -6.1720E+00
    4.670  -5.8576E+00
    4.680  -5.0050E+00
    4.690  -3.4573E+00
    4.700  -1.5708E+00
    4.710   1.2468E-01
    4.720   1.3245E+00
    4.730   1.9894E+00
    4.740   2.0472E+00
    4.750   1.4974E+00
    4.760   4.7259E-01
    4.770  -6.5462E-01
    4.780  -1.5655E+00
    4.790  -2.2884E+00
    4.800  -2.7914E+00
    4.810  -2.9582E+00
    4.820  -2.6643E+00
    4.830  -1.9778E+00
    4.840  -1.1214E+00
    4.850  -3.1089E-01
    4.860   4.1212E-01
    4.870   9.3939E-01
    4.880   1.1151E+00
    4.890   9.2937E-01
    4.900   6.1049E-01
    4.910   3.8216E-01
    4.920   5.3759E-01
    4.930   8.6435E-01
    4.940   1.1594E+00
    4.950   1.1590E+00
    4.960   6.3547E-01
    4.970  -3.3915E-01
    4.980  -1.5111E+00
    4.990  -2.1285E+00
    5.000  -1.8482E+00
    5.010  -6.0061E-01
    5.020   1.2923E+00
    5.030   3.2521E+00
    5.040   4.6028E+00
    5.050   4.7799E+00
    5.060   3.6984E+00
    5.070   1.8195E+00
    5.080  -1.2857E-01
    5.090  -1.3860E+00
    5.100  -1.9224E+00
    5.110  -2.0425E+00
    5.120  -2.1039E+00
    5.130  -2.3776E+00
    5.140  -3.0144E+00
    5.150  -3.9313E+00
    5.160  -4.8116E+00
    5.170  -5.3443E+00
    5.180  -5.4631E+00
    5.190  -5.2949E+00
    5.200  -4.9134E+00
    5.210  -4.2919E+00
    5.220  -3.5257E+00
    5.230  -2.9116E+00
    5.240  -2.7202E+00
    5.250  -2.9782E+00
    5.260  -3.4834E+00
    5.270  -4.4864E+00
    5.280  -5.8806E+00
    5.290  -7.8506E+00
    5.300  -1.0508E+01
    5.310  -1.3890E+01
    5.320  -1.7509E+01
    5.330  -2.0014E+01
    5.340  -2.0069E+01
    5.350  -1.7657E+01
    5.360  -1.4417E+01
    5.370  -1.1660E+01
    5.380  -9.6544E+00
    5.390  -9.6708E+00
    5.400  -1.0774E+01
    5.410  -1.0380E+01
    5.420  -8.0619E+00
    5.430  -4.7094E+00
    5.440   6.5950E-01
    5.450   7.6216E+00
    5.460   1.4276E+01
    5.470   2.0353E+01
    5.480   2.5088E+01
    5.490   2.7190E+01
    5.500   2.6724E+01
    5.510   2.5821E+01
    5.520   2.6016E+01
    5.530   2.5706E+01
    5.540   2.3469E+01
    5.550   1.8609E+01
    5.560   1.1099E+01
    5.570   2.6691E+00
    5.580  -4.6937E+00
    5.590  -9.4761E+00
    5.600  -1.0919E+01
    5.610  -1.0471E+01
    5.620  -1.1833E+01
    5.630  -1.5452E+01
    5.640  -1.8613E+01
    5.650  -2.0772E+01
    5.660  -2.1173E+01
    5.670  -2.0813E+01
    5.680  -2.1208E+01
    5.690  -2.2875E+01
    5.700  -2.5804E+01
    5.710  -2.9613E+01
    5.720  -3.2177E+01
    5.730  -3.2180E+01
    5.740  -2.9251E+01
    5.750  -2.4592E+01
    5.760  -2.0466E+01
    5.770  -1.5299E+01
    5.780  -7.6671E+00
    5.790  -4.9175E-04
    5.800   4.5842E+00
    5.810   5.8409E+00
    5.820   5.5729E+00
    5.830   7.7429E+00
    5.840   1.4808E+01
    5.850   2.4945E+01
    5.860   3.4317E+01
    5.870   3.9996E+01
    5.880   4.0417E+01
    5.890   3.6781E+01
    5.900   3.3664E+01
    5.910   3.3278E+01
    5.920   3.4274E+01
    5.930   3.4575E+01
    5.940   3.3988E+01
    5.950   3.4022E+01
    5.960   3.6034E+01
    5.970   3.9271E+01
    5.980   4.1084E+01
    5.990   4.0110E+01
    6.000   3.8698E+01
    6.010   3.7192E+01
    6.020   3.3971E+01
    6.030   3.1444E+01
    6.040   3.1757E+01
    6.050   3.4511E+01
    6.060   4.0192E+01
    6.070   4.5957E+01
    6.080   4.4750E+01
    6.090   3.3084E+01
    6.100   1.6163E+01
    6.110  -4.0426E-01
    6.120  -1.2028E+01
    6.130  -1.9664E+01
    6.140  -2.4119E+01
    6.150  -2.1603E+01
    6.160  -1.5654E+01
    6.170  -1.1958E+01
    6.180  -1.0240E+01
    6.190  -8.1459E+00
    6.200  -6.7788E+00
    6.210  -9.5043E+00
    6.220  -1.6256E+01
    6.230  -2.6452E+01
    6.240  -3.6321E+01
    6.250  -3.9465E+01
    6.260  -3.5887E+01
    6.270  -2.9835E+01
    6.280  -2.3692E+01
    6.290  -1.8583E+01
    6.300  -1.5743E+01
    6.310  -1.4804E+01
    6.320  -1.6826E+01
    6.330  -1.8144E+01
    6.340  -1.4991E+01
    6.350  -1.0286E+01
    6.360  -4.0822E+00
    6.370   3.5691E+00
    6.380   1.0157E+01
    6.390   1.2069E+01
    6.400   5.2403E+00
    6.410  -1.1835E+01
    6.420  -3.5526E+01
    6.430  -6.0319E+01
    6.440  -7.7982E+01
    6.450  -8.1286E+01
    6.460  -7.1712E+01
    6.470  -5.7138E+01
    6.480  -4.6128E+01
    6.490  -4.3349E+01
    6.500  -4.4318E+01
    6.510  -4.4728E+01
    6.520  -4.2747E+01
    6.530  -3.5928E+01
    6.540  -2.5844E+01
    6.550  -1.6164E+01
    6.560  -8.8917E+00
    6.570  -5.1228E+00
    6.580  -3.3865E+00
    6.590  -2.5889E+00
    6.600  -3.3496E+00
    6.610  -1.0391E+01
    6.620  -2.1325E+01
    6.630  -2.6938E+01
    6.640  -2.6195E+01
    6.650  -2.4915E+01
    6.660  -2.4644E+01
    6.670  -2.4823E+01
    6.680  -2.5346E+01
    6.690  -2.5650E+01
    6.700  -2.7381E+01
    6.710  -3.0333E+01
    6.720  -2.9555E+01
    6.730  -2.4845E+01
    6.740  -1.5539E+01
    6.750  -5.5377E+00
    6.760   1.6226E-01
    6.770   2.2523E+00
    6.780   3.5673E+00
    6.790   5.6436E+00
    6.800   6.7167E+00
    6.810   5.8173E+00
    6.820   2.2976E+00
    6.830  -3.2084E+00
    6.840  -8.0856E+00
    6.850  -1.1019E+01
    6.860  -1.1138E+01
    6.870  -7.7639E+00
    6.880  -4.0143E+00
    6.890  -2.0233E+00
    6.900  -1.7810E+00
    6.910  -5.5661E+00
    6.920  -1.1800E+01
    6.930  -1.2908E+01
    6.940  -3.2177E+00
    6.950   1.5689E+01
    6.960   3.7532E+01
    6.970   5.4467E+01
    6.980   5.9806E+01
    6.990   5.7417E+01
    7.000   5.6399E+01
    7.010   6.2908E+01
    7.020   7.2537E+01
    7.030   7.7956E+01
    7.040   7.7503E+01
    7.050   7.5028E+01
    7.060   7.5727E+01
    7.070   7.9261E+01
    7.080   8.2225E+01
    7.090   8.3251E+01
    7.100   8.3446E+01
    7.110   8.3876E+01
    7.120   8.6536E+01
    7.130   9.0365E+01
    7.140   9.1932E+01
    7.150   9.2183E+01
    7.160   9.0796E+01
    7.170   8.2955E+01
    7.180   6.8284E+01
    7.190   4.8646E+01
    7.200   2.4292E+01
    7.210  -2.5189E+00
    7.220  -2.8733E+01
    7.230  -5.1002E+01
    7.240  -6.6947E+01
    7.250  -7.8567E+01
    7.260  -9.1305E+01
    7.270  -1.0916E+02
    7.280  -1.2556E+02
    7.290  -1.2583E+02
    7.300  -1.0597E+02
    7.310  -7.4588E+01
    7.320  -4.2454E+01
    7.330  -2.2634E+01
    7.340  -2.2733E+01
    7.350  -3.6098E+01
    7.360  -5.4465E+01
    7.370  -6.9660E+01
    7.380  -7.4976E+01
    7.390  -6.6852E+01
    7.400  -5.1068E+01
    7.410  -3.2291E+01
    7.420  -1.5473E+01
    7.430  -1.2312E+00
    7.440   1.2983E+01
    7.450   2.2744E+01
    7.460   2.7412E+01
    7.470   2.7225E+01
    7.480   2.0164E+01
    7.490   1.2640E+01
    7.500   6.9565E+00
    7.510  -1.2429E+00
    7.520  -1.3291E+01
    7.530  -2.9476E+01
    7.540  -3.9109E+01
    7.550  -3.5273E+01
    7.560  -2.8261E+01
    7.570  -2.1979E+01
    7.580  -1.1846E+01
    7.590  -1.0822E+00
    7.600   8.6280E+00
    7.610   1.8955E+01
    7.620   3.2616E+01
    7.630   4.6827E+01
    7.640   5.6190E+01
    7.650   6.1058E+01
    7.660   6.2250E+01
    7.670   6.3509E+01
    7.680   6.3312E+01
    7.690   5.2687E+01
    7.700   2.6806E+01
    7.710  -4.1548E+00
    7.720  -2.0585E+01
    7.730  -1.9938E+01
    7.740  -1.5130E+01
    7.750  -1.0864E+01
    7.760  -1.2626E+01
    7.770  -2.6227E+01
    7.780  -5.0170E+01
    7.790  -6.8764E+01
    7.800  -7.0134E+01
    7.810  -5.6143E+01
    7.820  -2.9629E+01
    7.830  -2.7233E+00
    7.840   1.2592E+01
    7.850   1.6561E+01
    7.860   1.3778E+01
    7.870   1.4916E+01
    7.880   2.1554E+01
    7.890   2.6797E+01
    7.900   3.3327E+01
    7.910   4.7284E+01
    7.920   6.1337E+01
    7.930   6.8183E+01
    7.940   6.9159E+01
    7.950   6.4671E+01
    7.960   5.5720E+01
    7.970   4.8471E+01
    7.980   4.6942E+01
    7.990   4.8093E+01
    8.000   5.5615E+01
    8.010   6.5776E+01
    8.020   6.6964E+01
    8.030   6.0852E+01
    8.040   5.6489E+01
    8.050   5.8587E+01
    8.060   6.5052E+01
    8.070   6.7060E+01
    8.080   5.9686E+01
    8.090   4.8409E+01
    8.100   4.5043E+01
    8.110   5.0127E+01
    8.120   5.1028E+01
    8.130   4.4672E+01
    8.140   4.0676E+01
    8.150   4.4931E+01
    8.160   5.1857E+01
    8.170   5.2869E+01
    8.180   4.1585E+01
    8.190   1.7785E+01
    8.200  -1.7146E+00
    8.210  -6.7321E+00
    8.220  -7.7168E+00
    8.230  -2.0124E+01
    8.240  -4.3953E+01
    8.250  -6.6210E+01
    8.260  -7.2659E+01
    8.270  -6.9664E+01
    8.280  -7.1994E+01
    8.290  -7.7205E+01
    8.300  -7.7041E+01
    8.310  -7.2505E+01
    8.320  -6.3339E+01
    8.330  -5.1100E+01
    8.340  -4.3833E+01
    8.350  -4.4501E+01
    8.360  -4.8937E+01
    8.370  -4.9942E+01
    8.380  -4.0992E+01
    8.390  -2.4149E+01
    8.400  -7.9395E+00
    8.410  -5.7474E-01
    8.420   7.8146E-01
    8.430   6.3662E-01
    8.440  -2.3831E+00
    8.450  -5.5974E+00
    8.460  -3.5761E+00
    8.470  -2.1090E+00
    8.480  -8.6180E+00
    8.490  -2.0459E+01
    8.500  -3.1289E+01
    8.510  -3.8033E+01
    8.520  -3.8833E+01
    8.530  -3.5091E+01
    8.540  -2.7917E+01
    8.550  -1.6429E+01
    8.560   6.1708E-01
    8.570   1.6984E+01
    8.580   2.7417E+01
    8.590   3.2511E+01
    8.600   3.5541E+01
    8.610   4.2616E+01
    8.620   6.0381E+01
    8.630   8.3779E+01
    8.640   1.0012E+02
    8.650   9.8406E+01
    8.660   7.6795E+01
    8.670   4.2105E+01
    8.680   1.0975E+01
    8.690  -2.3750E+00
    8.700   1.1046E+00
    8.710   1.0134E+01
    8.720   1.4458E+01
    8.730   1.2183E+01
    8.740   9.7359E+00
    8.750   1.3026E+01
    8.760   1.7630E+01
    8.770   1.6762E+01
    8.780   7.2205E+00
    8.790  -1.3236E+01
    8.800  -4.1152E+01
    8.810  -6.4154E+01
    8.820  -7.1654E+01
    8.830  -6.5389E+01
    8.840  -5.8196E+01
    8.850  -5.4770E+01
    8.860  -5.3441E+01
    8.870  -5.7223E+01
    8.880  -6.6422E+01
    8.890  -7.5139E+01
    8.900  -7.9704E+01
    8.910  -8.0489E+01
    8.920  -7.7555E+01
    8.930  -6.6714E+01
    8.940  -4.0003E+01
    8.950  -1.4282E+00
    8.960   3.4940E+01
    8.970   5.3606E+01
    8.980   5.0805E+01
    8.990   4.0063E+01
    9.000   3.7205E+01
    9.010   5.5459E+01
    9.020   8.5861E+01
    9.030   1.0898E+02
    9.040   1.1996E+02
    9.050   1.2371E+02
    9.060   1.1697E+02
    9.070   1.0140E+02
    9.080   8.7963E+01
    9.090   7.5906E+01
    9.100   6.5908E+01
    9.110   5.8549E+01
    9.120   5.2933E+01
    9.130   5.5526E+01
    9.140   5.9328E+01
    9.150   4.9869E+01
    9.160   3.3076E+01
    9.170   2.1752E+01
    9.180   1.5781E+01
    9.190   1.6326E+01
    9.200   2.3119E+01
    9.210   2.6327E+01
    9.220   2.3097E+01
    9.230   1.7287E+01
    9.240   9.2682E+00
    9.250   6.5875E+00
    9.260   1.6725E+01
    9.270   3.3197E+01
    9.280   4.6521E+01
    9.290   4.9867E+01
    9.300   3.8763E+01
    9.310   1.5129E+01
    9.320  -1.0792E+01
    9.330  -2.3973E+01
    9.340  -2.7975E+01
    9.350  -2.4564E+01
    9.360  -1.4091E+01
    9.370  -8.0561E-01
    9.380   6.8818E+00
    9.390   3.0754E+00
    9.400  -4.9051E+00
    9.410  -6.7175E+00
    9.420   2.9441E+00
    9.430   1.6415E+01
    9.440   2.5571E+01
    9.450   2.4184E+01
    9.460   1.8143E+01
    9.470   1.2355E+01
    9.480   4.9565E+00
    9.490  -3.6007E+00
    9.500  -1.5957E+01
    9.510  -3.1320E+01
    9.520  -4.7606E+01
    9.530  -6.0687E+01
    9.540  -6.9206E+01
    9.550  -7.6584E+01
    9.560  -7.9887E+01
    9.570  -8.1091E+01
    9.580  -8.1360E+01
    9.590  -7.7990E+01
    9.600  -7.2060E+01
    9.610  -7.0908E+01
    9.620  -7.5442E+01
    9.630  -7.7187E+01
    9.640  -7.5150E+01
    9.650  -7.6033E+01
    9.660  -8.4024E+01
    9.670  -9.4620E+01
    9.680  -9.6065E+01
    9.690  -8.5385E+01
    9.700  -6.3673E+01
    9.710  -2.8840E+01
    9.720   1.2428E+01
    9.730   4.9167E+01
    9.740   7.1979E+01
    9.750   8.4636E+01
    9.760   9.6445E+01
    9.770   1.0662E+02
    9.780   1.0975E+02
    9.790   1.0205E+02
    9.800   8.1029E+01
    9.810   5.5921E+01
    9.820   3.6444E+01
    9.830   2.6929E+01
    9.840   2.5011E+01
    9.850   3.0563E+01
    9.860   4.0625E+01
    9.870   4.5892E+01
    9.880   4.6550E+01
    9.890   4.4611E+01
    9.900   3.6577E+01
    9.910   1.8333E+01
    9.920  -7.1193E+00
    9.930  -3.6025E+01
    9.940  -6.4818E+01
    9.950  -8.9046E+01
    9.960  -1.0668E+02
    9.970  -1.1694E+02
    9.980  -1.1610E+02
    9.990  -1.0571E+02
   10.000  -9.0609E+01
   10.010  -7.5201E+01
   10.020  -6.1731E+01
   10.030  -4.9306E+01
   10.040  -3.6201E+01
   10.050  -2.8610E+01
   10.060  -2.6555E+01
   10.070  -2.2260E+01
   10.080  -1.6726E+01
   10.090  -1.3080E+01
   10.100  -7.5079E+00
   10.110   1.7130E+00
   10.120   9.5981E+00
   10.130   9.1249E+00
   10.140  -1.3194E+00
   10.150  -2.3596E+01
   10.160  -4.9653E+01
   10.170  -6.5751E+01
   10.180  -6.9393E+01
   10.190  -6.6388E+01
   10.200  -5.7711E+01
   10.210  -4.9172E+01
   10.220  -4.3617E+01
   10.230  -3.1589E+01
   10.240  -8.5560E+00
   10.250   2.1764E+01
   10.260   5.2196E+01
   10.270   6.8008E+01
   10.280   6.0098E+01
   10.290   3.4971E+01
   10.300   9.2377E+00
   10.310  -8.8888E+00
   10.320  -2.3359E+01
   10.330  -3.9652E+01
   10.340  -5.6441E+01
   10.350  -7.0933E+01
   10.360  -8.6580E+01
   10.370  -1.0211E+02
   10.380  -1.1386E+02
   10.390  -1.2273E+02
   10.400  -1.2840E+02
   10.410  -1.2503E+02
   10.420  -1.1123E+02
   10.430  -9.7794E+01
   10.440  -9.1989E+01
   10.450  -8.4760E+01
   10.460  -6.4574E+01
   10.470  -2.9867E+01
   10.480   8.0444E+00
   10.490   3.3969E+01
   10.500   4.4378E+01
   10.510   4.6026E+01
   10.520   4.2697E+01
   10.530   3.5691E+01
   10.540   3.1056E+01
   10.550   3.4069E+01
   10.560   4.3704E+01
   10.570   5.0379E+01
   10.580   5.0746E+01
   10.590   5.0535E+01
   10.600   5.1315E+01
   10.610   5.0817E+01
   10.620   4.4133E+01
   10.630   3.2174E+01
   10.640   1.8541E+01
   10.650   8.7072E+00
   10.660   7.2393E+00
   10.670   1.2900E+01
   10.680   1.9795E+01
   10.690   2.5134E+01
   10.700   2.9280E+01
   10.710   2.7502E+01
   10.720   1.8767E+01
   10.730   8.2486E+00
   10.740  -7.3049E-01
   10.750  -6.6929E+00
   10.760  -1.0391E+01
   10.770  -1.3871E+01
   10.780  -1.5281E+01
   10.790  -1.5281E+01
   10.800  -1.4865E+01
   10.810  -1.2138E+01
   10.820  -6.4330E+00
   10.830   1.5343E+00
   10.840   6.0981E+00
   10.850   7.9856E+00
   10.860   8.9867E+00
   10.870   9.5215E+00
   10.880   1.1129E+01
   10.890   1.4180E+01
   10.900   1.9953E+01
   10.910   2.7221E+01
   10.920   3.3434E+01
   10.930   3.3229E+01
   10.940   2.6325E+01
   10.950   2.0256E+01
   10.960   1.7931E+01
   10.970   1.9066E+01
   10.980   2.3902E+01
   10.990   2.6593E+01
   11.000   2.5901E+01
   11.010   2.4292E+01
   11.020   1.8526E+01
   11.030   1.4933E+01
   11.040   2.8822E+01
   11.050   5.9377E+01
   11.060   9.3914E+01
   11.070   1.1726E+02
   11.080   1.2824E+02
   11.090   1.3065E+02
   11.100   1.2981E+02
   11.110   1.2320E+02
   11.120   1.0681E+02
   11.130   8.6078E+01
   11.140   6.4308E+01
   11.150   4.3369E+01
   11.160   2.6089E+01
   11.170   1.4358E+01
   11.180   3.5758E+00
   11.190  -1.2313E+01
   11.200  -3.4697E+01
   11.210  -5.8475E+01
   11.220  -8.0422E+01
   11.230  -1.0119E+02
   11.240  -1.1810E+02
   11.250  -1.2316E+02
   11.260  -1.1249E+02
   11.270  -9.1665E+01
   11.280  -7.6365E+01
   11.290  -7.7812E+01
   11.300  -9.4167E+01
   11.310  -1.1207E+02
   11.320  -1.1995E+02
   11.330  -1.1464E+02
   11.340  -9.8770E+01
   11.350  -8.0359E+01
   11.360  -6.1809E+01
   11.370  -4.1863E+01
   11.380  -1.9293E+01
   11.390   6.6445E+00
   11.400   3.4175E+01
   11.410   5.5547E+01
   11.420   6.7832E+01
   11.430   7.3513E+01
   11.440   6.9999E+01
   11.450   5.8487E+01
   11.460   4.5328E+01
   11.470   3.1988E+01
   11.480   2.2453E+01
   11.490   1.8072E+01
   11.500   1.7116E+01
   11.510   2.0049E+01
   11.520   2.6096E+01
   11.530   3.7291E+01
   11.540   5.0885E+01
   11.550   5.7980E+01
   11.560   5.5091E+01
   11.570   4.6147E+01
   11.580   2.9479E+01
   11.590   8.9615E+00
   11.600  -9.3493E+00
   11.610  -2.0338E+01
   11.620  -2.2163E+01
   11.630  -1.3450E+01
   11.640   5.7224E+00
   11.650   2.7418E+01
   11.660   4.2003E+01
   11.670   5.0448E+01
   11.680   5.5605E+01
   11.690   5.4129E+01
   11.700   4.6439E+01
   11.710   3.7016E+01
   11.720   2.4660E+01
   11.730   1.0019E+01
   11.740  -1.8256E+00
   11.750  -5.0249E+00
   11.760   3.7510E+00
   11.770   1.7890E+01
   11.780   3.1488E+01
   11.790   4.1976E+01
   11.800   4.7547E+01
   11.810   4.4732E+01
   11.820   3.4756E+01
   11.830   2.0833E+01
   11.840   3.1248E+00
   11.850  -1.9345E+01
   11.860  -3.8905E+01
   11.870  -4.9489E+01
   11.880  -5.2573E+01
   11.890  -5.2588E+01
   11.900  -4.8480E+01
   11.910  -3.8404E+01
   11.920  -2.8100E+01
   11.930  -2.4569E+01
   11.940  -2.8652E+01
   11.950  -3.4670E+01
   11.960  -3.4381E+01
   11.970  -2.1986E+01
   11.980  -1.0002E+00
   11.990   1.9434E+01
   12.000   3.1296E+01
   12.010   3.3459E+01
   12.020   2.9987E+01
   12.030   2.3766E+01
   12.040   1.7514E+01
   12.050   1.6000E+01
   12.060   1.9941E+01
   12.070   2.5294E+01
   12.080   3.3095E+01
   12.090   4.2358E+01
   12.100   4.9559E+01
   12.110   5.3730E+01
   12.120   5.4504E+01
   12.130   5.2805E+01
   12.140   4.8304E+01
   12.150   3.7907E+01
   12.160   2.0771E+01
   12.170   3.1791E+00
   12.180  -2.1767E+00
   12.190   4.3943E+00
   12.200   1.3311E+01
   12.210   2.0761E+01
   12.220   2.7182E+01
   12.230   2.8920E+01
   12.240   2.3050E+01
   12.250   1.1996E+01
   12.260  -2.6027E+00
   12.270  -1.8660E+01
   12.280  -3.3262E+01
   12.290  -4.6048E+01
   12.300  -6.1270E+01
   12.310  -7.8937E+01
   12.320  -9.5418E+01
   12.330  -1.0836E+02
   12.340  -1.1515E+02
   12.350  -1.1099E+02
   12.360  -9.7721E+01
   12.370  -8.2514E+01
   12.380  -6.9362E+01
   12.390  -6.1131E+01
   12.400  -5.7341E+01
   12.410  -5.3331E+01
   12.420  -4.5412E+01
   12.430  -3.3963E+01
   12.440  -2.1959E+01
   12.450  -1.3735E+01
   12.460  -8.7231E+00
   12.470  -5.2968E+00
   12.480  -2.5156E+00
   12.490   4.4017E-01
   12.500   2.1579E+00
   12.510   2.4271E+00
   12.520  -3.1230E-01
   12.530  -6.7583E+00
   12.540  -1.4355E+01
   12.550  -1.9550E+01
   12.560  -2.1338E+01
   12.570  -2.1070E+01
   12.580  -1.9458E+01
   12.590  -1.5780E+01
   12.600  -1.0530E+01
   12.610  -3.7496E+00
   12.620   3.6339E+00
   12.630   1.2591E+01
   12.640   2.4214E+01
   12.650   3.3640E+01
   12.660   3.6166E+01
   12.670   3.4240E+01
   12.680   3.6440E+01
   12.690   4.2806E+01
   12.700   4.8808E+01
   12.710   5.4804E+01
   12.720   5.7199E+01
   12.730   5.2954E+01
   12.740   3.9800E+01
   12.750   2.1865E+01
   12.760   1.0310E+01
   12.770   8.2592E+00
   12.780   1.1707E+01
   12.790   1.7834E+01
   12.800   2.1430E+01
   12.810   2.0728E+01
   12.820   1.7939E+01
   12.830   1.5617E+01
   12.840   1.5101E+01
   12.850   1.8165E+01
   12.860   2.3091E+01
   12.870   2.3912E+01
   12.880   1.8898E+01
   12.890   1.0048E+01
   12.900   8.4809E-01
   12.910  -5.1421E+00
   12.920  -8.6572E+00
   12.930  -8.9684E+00
   12.940  -6.0473E+00
   12.950  -6.7922E+00
   12.960  -1.1713E+01
   12.970  -1.8008E+01
   12.980  -2.1659E+01
   12.990  -1.8691E+01
   13.000  -1.0662E+01
   13.010  -4.0471E+00
   13.020  -5.5440E+00
   13.030  -1.1970E+01
   13.040  -1.7113E+01
   13.050  -1.8817E+01
   13.060  -1.6812E+01
   13.070  -1.4356E+01
   13.080  -1.3092E+01
   13.090  -1.2773E+01
   13.100  -1.3093E+01
   13.110  -1.5372E+01
   13.120  -1.9341E+01
   13.130  -2.3166E+01
   13.140  -2.7489E+01
   13.150  -3.2233E+01
   13.160  -3.5226E+01
   13.170  -3.5255E+01
   13.180  -2.9040E+01
   13.190  -2.1112E+01
   13.200  -1.7901E+01
   13.210  -1.9351E+01
   13.220  -2.1639E+01
   13.230  -1.7627E+01
   13.240  -5.5015E+00
   13.250   9.2348E+00
   13.260   2.1830E+01
   13.270   2.9062E+01
   13.280   3.2712E+01
   13.290   3.6623E+01
   13.300   4.0296E+01
   13.310   4.1162E+01
   13.320   4.0018E+01
   13.330   3.7473E+01
   13.340   3.1264E+01
   13.350   1.7696E+01
   13.360  -7.3397E-01
   13.370  -1.8689E+01
   13.380  -3.1824E+01
   13.390  -3.8679E+01
   13.400  -4.0464E+01
   13.410  -3.7014E+01
   13.420  -3.0045E+01
   13.430  -2.0896E+01
   13.440  -9.0614E+00
   13.450   4.5126E+00
   13.460   1.6978E+01
   13.470   2.2318E+01
   13.480   1.8608E+01
   13.490   1.3351E+01
   13.500   1.2806E+01
   13.510   1.5566E+01
   13.520   1.6772E+01
   13.530   1.6229E+01
   13.540   1.8195E+01
   13.550   2.3867E+01
   13.560   2.9857E+01
   13.570   3.0656E+01
   13.580   2.7148E+01
   13.590   2.4118E+01
   13.600   2.2396E+01
   13.610   1.9498E+01
   13.620   1.6530E+01
   13.630   1.2157E+01
   13.640   5.9249E+00
   13.650   1.5361E+00
   13.660  -4.7568E-01
   13.670  -3.1967E+00
   13.680  -7.7543E+00
   13.690  -1.4537E+01
   13.700  -2.2195E+01
   13.710  -2.8797E+01
   13.720  -3.2267E+01
   13.730  -2.9931E+01
   13.740  -2.4736E+01
   13.750  -1.8755E+01
   13.760  -1.3364E+01
   13.770  -1.0043E+01
   13.780  -7.8660E+00
   13.790  -6.5540E+00
   13.800  -7.2024E+00
   13.810  -7.8797E+00
   13.820  -8.2208E+00
   13.830  -8.7717E+00
   13.840  -8.5503E+00
   13.850  -6.5041E+00
   13.860  -6.1782E+00
   13.870  -9.6834E+00
   13.880  -1.2795E+01
   13.890  -1.4894E+01
   13.900  -1.6822E+01
   13.910  -1.7855E+01
   13.920  -1.7246E+01
   13.930  -1.6143E+01
   13.940  -1.5568E+01
   13.950  -1.4681E+01
   13.960  -1.3302E+01
   13.970  -1.3272E+01
   13.980  -1.5199E+01
   13.990  -1.7718E+01
   14.000  -1.8021E+01
   14.010  -1.4597E+01
   14.020  -7.5858E+00
   14.030  -1.6194E+00
   14.040  -1.1286E+00
   14.050  -4.9448E+00
   14.060  -8.5210E+00
   14.070  -9.2750E+00
   14.080  -7.5909E+00
   14.090  -6.3771E+00
   14.100  -4.8662E+00
   14.110   1.2279E+00
   14.120   1.3273E+01
   14.130   2.8514E+01
   14.140   4.0830E+01
   14.150   4.5622E+01
   14.160   4.1925E+01
   14.170   3.3050E+01
   14.180   2.3898E+01
   14.190   1.7530E+01
   14.200   1.4567E+01
   14.210   1.4683E+01
   14.220   1.4716E+01
   14.230   1.1548E+01
   14.240   6.3943E+00
   14.250   3.1006E+00
   14.260   3.3046E+00
   14.270   7.9564E+00
   14.280   1.3907E+01
   14.290   1.7642E+01
   14.300   2.0293E+01
   14.310   2.2964E+01
   14.320   2.3849E+01
   14.330   2.1182E+01
   14.340   1.8766E+01
   14.350   1.9901E+01
   14.360   2.3056E+01
   14.370   2.5165E+01
   14.380   2.4013E+01
   14.390   2.0888E+01
   14.400   1.9517E+01
   14.410   2.2153E+01
   14.420   2.4825E+01
   14.430   2.3216E+01
   14.440   1.9967E+01
   14.450   1.8076E+01
   14.460   1.7830E+01
   14.470   1.8602E+01
   14.480   1.8531E+01
   14.490   1.7392E+01
   14.500   1.7997E+01
   14.510   2.0901E+01
   14.520   2.3707E+01
   14.530   2.3896E+01
   14.540   2.2495E+01
   14.550   2.1047E+01
   14.560   1.9648E+01
   14.570   2.0038E+01
   14.580   2.2360E+01
   14.590   2.3733E+01
   14.600   2.2174E+01
   14.610   1.7231E+01
   14.620   1.1811E+01
   14.630   7.7343E+00
   14.640   2.7419E+00
   14.650  -3.5313E+00
   14.660  -8.8896E+00
   14.670  -1.1657E+01
   14.680  -1.1570E+01
   14.690  -9.7274E+00
   14.700  -7.7557E+00
   14.710  -5.9930E+00
   14.720  -5.6171E+00
   14.730  -6.6233E+00
   14.740  -5.8374E+00
   14.750   6.2901E-02
   14.760   1.0169E+01
   14.770   1.9339E+01
   14.780   2.4399E+01
   14.790   2.4969E+01
   14.800   2.0860E+01
   14.810   1.3907E+01
   14.820   6.4437E+00
   14.830  -5.4568E-01
   14.840  -5.9228E+00
   14.850  -7.8163E+00
   14.860  -7.4184E+00
   14.870  -6.3140E+00
   14.880  -4.4153E+00
   14.890  -3.9150E+00
   14.900  -6.3828E+00
   14.910  -1.0407E+01
   14.920  -1.4466E+01
   14.930  -1.5965E+01
   14.940  -1.4107E+01
   14.950  -1.1601E+01
   14.960  -1.2654E+01
   14.970  -1.6698E+01
   14.980  -1.8322E+01
   14.990  -1.5407E+01
   15.000  -9.2490E+00
   15.010  -3.1727E+00
   15.020   4.3906E-01
   15.030   1.6630E+00
   15.040   7.5483E-01
   15.050  -1.6297E+00
   15.060  -5.6273E+00
   15.070  -9.7852E+00
   15.080  -1.3649E+01
   15.090  -1.8399E+01
   15.100  -2.1967E+01
   15.110  -2.2020E+01
   15.120  -1.7450E+01
   15.130  -9.8506E+00
   15.140  -2.9817E+00
   15.150   1.4937E+00
   15.160   2.4678E+00
   15.170  -7.8095E-01
   15.180  -5.7819E+00
   15.190  -8.7518E+00
   15.200  -7.6989E+00
   15.210  -3.1360E+00
   15.220   1.6973E+00
   15.230   5.3655E+00
   15.240   7.7127E+00
   15.250   8.5119E+00
   15.260   9.3113E+00
   15.270   1.0496E+01
   15.280   1.1905E+01
   15.290   1.2279E+01
   15.300   1.1345E+01
   15.310   9.5217E+00
   15.320   7.6148E+00
   15.330   5.1240E+00
   15.340   1.9293E+00
   15.350  -1.3284E+00
   15.360  -3.2035E+00
   15.370  -3.4037E+00
   15.380  -3.4075E+00
   15.390  -3.4506E+00
   15.400  -2.0681E+00
   15.410  -7.2729E-02
   15.420   1.6090E+00
   15.430   3.1281E+00
   15.440   2.9675E+00
   15.450   3.8512E-01
   15.460  -5.5224E+00
   15.470  -1.2323E+01
   15.480  -1.6597E+01
   15.490  -1.7621E+01
   15.500  -1.7408E+01
   15.510  -1.7886E+01
   15.520  -2.0369E+01
   15.530  -2.3020E+01
   15.540  -2.2407E+01
   15.550  -1.9316E+01
   15.560  -1.5983E+01
   15.570  -1.3225E+01
   15.580  -9.9625E+00
   15.590  -5.6044E+00
   15.600  -8.3424E-01
   15.610   3.0024E+00
   15.620   4.5760E+00
   15.630   3.6693E+00
   15.640   1.5246E+00
   15.650  -1.3043E+00
   15.660  -5.3061E+00
   15.670  -9.7427E+00
   15.680  -1.3169E+01
   15.690  -1.5818E+01
   15.700  -1.7333E+01
   15.710  -1.6809E+01
   15.720  -1.4303E+01
   15.730  -1.1373E+01
   15.740  -1.0241E+01
   15.750  -1.1503E+01
   15.760  -1.4111E+01
   15.770  -1.6220E+01
   15.780  -1.7334E+01
   15.790  -1.6953E+01
   15.800  -1.5270E+01
   15.810  -1.3739E+01
   15.820  -1.3193E+01
   15.830  -1.2220E+01
   15.840  -9.8353E+00
   15.850  -7.3579E+00
   15.860  -5.8221E+00
   15.870  -5.0726E+00
   15.880  -4.3383E+00
   15.890  -2.8342E+00
   15.900  -8.3307E-01
   15.910   2.5816E-01
   15.920  -8.1933E-01
   15.930  -4.0545E+00
   15.940  -7.0763E+00
   15.950  -8.1286E+00
   15.960  -7.5845E+00
   15.970  -6.9444E+00
   15.980  -6.8361E+00
   15.990  -5.9013E+00
   16.000  -3.4662E+00
   16.010  -3.6827E-01
   16.020   1.9244E+00
   16.030   2.7980E+00
   16.040   2.2879E+00
   16.050   2.1227E+00
   16.060   4.1508E+00
   16.070   7.8219E+00
   16.080   1.1248E+01
   16.090   1.2698E+01
   16.100   1.1687E+01
   16.110   9.6780E+00
   16.120   7.8085E+00
   16.130   7.2121E+00
   16.140   7.8127E+00
   16.150   8.3390E+00
   16.160   7.1555E+00
   16.170   4.3994E+00
   16.180   1.9478E+00
   16.190   7.2771E-01
   16.200   1.7431E-01
   16.210   2.4020E-01
   16.220   1.3019E+00
   16.230   3.1842E+00
   16.240   5.8831E+00
   16.250   9.5989E+00
   16.260   1.3736E+01
   16.270   1.5514E+01
   16.280   1.4465E+01
   16.290   1.1852E+01
   16.300   9.2079E+00
   16.310   6.8620E+00
   16.320   4.4953E+00
   16.330   2.5503E+00
   16.340   1.0630E+00
   16.350   7.6699E-01
   16.360   3.2852E+00
   16.370   7.5885E+00
   16.380   1.0696E+01
   16.390   1.1021E+01
   16.400   8.1338E+00
   16.410   2.7436E+00
   16.420  -3.3863E+00
   16.430  -9.1259E+00
   16.440  -1.3736E+01
   16.450  -1.6699E+01
   16.460  -1.6951E+01
   16.470  -1.4022E+01
   16.480  -9.0460E+00
   16.490  -4.8747E+00
   16.500  -2.8844E+00
   16.510  -2.4393E+00
   16.520  -1.5089E+00
   16.530   1.1581E+00
   16.540   4.7965E+00
   16.550   7.9744E+00
   16.560   1.0277E+01
   16.570   1.1724E+01
   16.580   1.2712E+01
   16.590   1.3046E+01
   16.600   1.2610E+01
   16.610   1.1771E+01
   16.620   1.0195E+01
   16.630   7.8225E+00
   16.640   5.6102E+00
   16.650   3.8721E+00
   16.660   2.2847E+00
   16.670   1.1473E+00
   16.680   7.4343E-01
   16.690   1.0471E+00
   16.700   1.7944E+00
   16.710   1.9223E+00
   16.720   1.2442E+00
   16.730   8.2375E-01
   16.740   1.0979E+00
   16.750   1.6236E+00
   16.760   1.8866E+00
   16.770   1.5840E+00
   16.780   1.0539E+00
   16.790   9.1499E-01
   16.800   8.9110E-01
   16.810   4.8469E-01
   16.820  -7.2565E-01
   16.830  -2.4714E+00
   16.840  -4.0166E+00
   16.850  -4.8892E+00
   16.860  -5.0132E+00
   16.870  -4.9168E+00
   16.880  -4.2897E+00
   16.890  -2.5216E+00
   16.900   1.8872E-01
   16.910   3.1448E+00
   16.920   5.3809E+00
   16.930   6.4674E+00
   16.940   6.5326E+00
   16.950   5.9057E+00
   16.960   4.4646E+00
   16.970   1.8924E+00
   16.980  -1.1597E+00
   16.990  -3.4665E+00
   17.000  -4.2345E+00
   17.010  -3.4600E+00
   17.020  -1.8364E+00
   17.030  -4.3409E-01
   17.040   4.8299E-01
   17.050   8.6324E-01
   17.060   9.1354E-01
   17.070   1.2010E+00
   17.080   1.9532E+00
   17.090   2.3535E+00
   17.100   2.1736E+00
   17.110   2.1643E+00
   17.120   2.2060E+00
   17.130   2.0747E+00
   17.140   1.8050E+00
   17.150   8.3644E-01
   17.160  -1.0031E+00
   17.170  -2.6241E+00
   17.180  -3.3530E+00
   17.190  -3.6117E+00
   17.200  -3.7656E+00
   17.210  -4.0735E+00
   17.220  -4.2645E+00
   17.230  -3.3369E+00
   17.240  -1.6578E+00
   17.250   2.1281E-01
   17.260   2.5359E+00
   17.270   4.8551E+00
   17.280   6.2007E+00
   17.290   6.4375E+00
   17.300   6.0563E+00
   17.310   5.1575E+00
   17.320   3.7770E+00
   17.330   2.1515E+00
   17.340   6.0105E-01
   17.350  -8.0098E-01
   17.360  -2.2365E+00
   17.370  -3.3230E+00
   17.380  -3.2654E+00
   17.390  -2.1647E+00
   17.400  -1.1327E+00
   17.410  -8.6129E-01
   17.420  -1.0049E+00
   17.430  -1.3258E+00
   17.440  -1.6349E+00
   17.450  -2.1488E+00
   17.460  -2.9657E+00
   17.470  -3.8832E+00
   17.480  -4.9210E+00
   17.490  -6.1255E+00
   17.500  -6.9325E+00
   17.510  -7.1516E+00
   17.520  -7.1997E+00
   17.530  -7.1613E+00
   17.540  -7.4452E+00
   17.550  -7.6371E+00
   17.560  -7.0499E+00
   17.570  -5.7440E+00
   17.580  -4.4298E+00
   17.590  -3.9413E+00
   17.600  -4.4850E+00
   17.610  -5.6992E+00
   17.620  -6.7745E+00
   17.630  -7.0118E+00
   17.640  -6.5433E+00
   17.650  -5.6202E+00
   17.660  -4.4816E+00
   17.670  -3.3340E+00
   17.680  -2.3877E+00
   17.690  -2.2795E+00
   17.700  -2.9074E+00
   17.710  -3.5423E+00
   17.720  -3.7703E+00
   17.730  -3.4559E+00
   17.740  -2.9106E+00
   17.750  -2.4707E+00
   17.760  -2.2124E+00
   17.770  -2.0292E+00
   17.780  -1.5361E+00
   17.790  -6.6241E-01
   17.800   3.6679E-01
   17.810   1.4680E+00
   17.820   2.3901E+00
   17.830   2.6244E+00
   17.840   2.0300E+00
   17.850   8.6194E-01
   17.860  -2.8836E-01
   17.870  -9.0520E-01
   17.880  -1.0411E+00
   17.890  -1.0106E+00
   17.900  -8.8438E-01
   17.910  -6.1718E-01
   17.920  -2.5435E-01
   17.930  -1.1953E-01
   17.940  -5.2955E-01
   17.950  -1.1376E+00
   17.960  -1.5851E+00
   17.970  -1.9468E+00
   17.980  -2.1559E+00
   17.990  -1.9072E+00
   18.000  -1.2649E+00
   18.010  -4.0368E-01
   18.020   4.8382E-01
   18.030   1.2109E+00
   18.040   1.6495E+00
   18.050   1.7148E+00
   18.060   1.4878E+00
   18.070   1.2165E+00
   18.080   1.0003E+00
   18.090   9.5324E-01
   18.100   1.1057E+00
   18.110   1.2733E+00
   18.120   1.3038E+00
   18.130   9.2979E-01
   18.140   2.8241E-01
   18.150  -1.0461E-01
   18.160  -1.4855E-01
   18.170   5.9583E-02
   18.180   4.6870E-01
   18.190   7.5558E-01
   18.200   7.2494E-01
   18.210   6.1992E-01
   18.220   5.5645E-01
   18.230   4.4544E-01
   18.240   2.6483E-01
   18.250  -4.7604E-03
   18.260  -1.8534E-01
   18.270  -5.4274E-02
   18.280   3.7474E-01
   18.290   1.0437E+00
   18.300   1.7732E+00
   18.310   2.2574E+00
   18.320   2.2552E+00
   18.330   1.9252E+00
   18.340   1.6376E+00
   18.350   1.5583E+00
   18.360   1.7303E+00
   18.370   2.1548E+00
   18.380   2.6669E+00
   18.390   3.1688E+00
   18.400   3.6557E+00
   18.410   3.9690E+00
   18.420   3.9382E+00
   18.430   3.5372E+00
   18.440   2.9619E+00
   18.450   2.4720E+00
   18.460   2.0149E+00
   18.470   1.5808E+00
   18.480   1.1965E+00
   18.490   8.9001E-01
   18.500   7.2927E-01
   18.510   7.0440E-01
   18.520   8.2555E-01
   18.530   9.0971E-01
   18.540   8.4138E-01
   18.550   7.8114E-01
   18.560   8.6968E-01
   18.570   1.1588E+00
   18.580   1.6085E+00
   18.590   2.0379E+00
   18.600   2.2590E+00
   18.610   2.2713E+00
   18.620   2.2644E+00
   18.630   2.3155E+00
   18.640   2.1597E+00
   18.650   1.6244E+00
   18.660   9.6233E-01
   18.670   4.3349E-01
   18.680   7.6068E-02
   18.690  -1.6592E-01
   18.700  -3.2220E-01
   18.710  -3.8391E-01
   18.720  -3.9180E-01
   18.730  -3.5119E-01
   18.740  -2.0126E-01
   18.750   7.2555E-02
   18.760   4.3195E-01
   18.770   7.5145E-01
   18.780   8.5843E-01
   18.790   6.6270E-01
   18.800   2.6324E-01
   18.810  -1.6748E-01
   18.820  -5.2338E-01
   18.830  -8.0739E-01
   18.840  -1.0046E+00
   18.850  -1.1055E+00
   18.860  -1.1209E+00
   18.870  -1.0500E+00
   18.880  -8.9977E-01
   18.890  -7.0003E-01
   18.900  -5.4802E-01
   18.910  -5.4718E-01
   18.920  -6.5484E-01
   18.930  -7.2306E-01
   18.940  -6.6198E-01
   18.950  -4.8859E-01
   18.960  -2.7491E-01
   18.970  -7.5779E-02
   18.980   1.2556E-01
   18.990   3.7304E-01
   19.000   6.7241E-01
   19.010   9.6346E-01
   19.020   1.1493E+00
   19.030   1.1858E+00
   19.040   1.0992E+00
   19.050   9.2859E-01
   19.060   6.8020E-01
   19.070   3.5354E-01
   19.080   7.9908E-03
   19.090  -2.7014E-01
   19.100  -4.6336E-01
   19.110  -6.2380E-01
   19.120  -7.8742E-01
   19.130  -9.1454E-01
   19.140  -9.6386E-01
   19.150  -9.3148E-01
   19.160  -8.5479E-01
   19.170  -7.6932E-01
   19.180  -7.0885E-01
   19.190  -7.1171E-01
   19.200  -7.9144E-01
   19.210  -9.2639E-01
   19.220  -1.0298E+00
   19.230  -9.8811E-01
   19.240  -7.7214E-01
   19.250  -4.5941E-01
   19.260  -1.5247E-01
   19.270   8.4633E-02
   19.280   2.2869E-01
   19.290   2.7962E-01
   19.300   2.3561E-01
   19.310   1.0332E-01
   19.320  -5.6527E-02
   19.330  -1.8338E-01
   19.340  -2.7072E-01
   19.350  -3.4830E-01
   19.360  -4.4944E-01
   19.370  -6.0924E-01
   19.380  -8.2740E-01
   19.390  -1.0552E+00
   19.400  -1.2302E+00
   19.410  -1.2918E+00
   19.420  -1.2329E+00
   19.430  -1.0933E+00
   19.440  -8.9733E-01
   19.450  -6.6239E-01
   19.460  -4.2271E-01
   19.470  -2.0286E-01
   19.480  -1.8795E-02
   19.490   9.7549E-02
   19.500   1.0884E-01
   19.510   1.4365E-02
   19.520  -1.1831E-01
   19.530  -2.1023E-01
   19.540  -2.4325E-01
   19.550  -2.4277E-01
   19.560  -2.5927E-01
   19.570  -3.1101E-01
   19.580  -3.7339E-01
   19.590  -4.4442E-01
   19.600  -5.5467E-01
   19.610  -6.7967E-01
   19.620  -7.4996E-01
   19.630  -7.1730E-01
   19.640  -6.0951E-01
   19.650  -4.6903E-01
   19.660  -3.1100E-01
   19.670  -1.6952E-01
   19.680  -9.5423E-02
   19.690  -1.1061E-01
   19.700  -1.8417E-01
   19.710  -2.5228E-01
   19.720  -2.6961E-01
   19.730  -2.4645E-01
   19.740  -2.2059E-01
   19.750  -2.2715E-01
   19.760  -2.9066E-01
   19.770  -4.0717E-01
   19.780  -5.4175E-01
   19.790  -6.5049E-01
   19.800  -6.9477E-01
   19.810  -6.4091E-01
   19.820  -4.9711E-01
   19.830  -3.1875E-01
   19.840  -1.9920E-01
   19.850  -1.9471E-01
   19.860  -2.8478E-01
   19.870  -4.0442E-01
   19.880  -4.6860E-01
   19.890  -4.2481E-01
   19.900  -3.0642E-01
   19.910  -2.0100E-01
   19.920  -1.7287E-01
   19.930  -2.2062E-01
   19.940  -3.0144E-01
   19.950  -3.7566E-01
   19.960  -4.5114E-01
   19.970  -5.3539E-01
   19.980  -6.1424E-01
   19.990  -6.7014E-01
   20.000  -6.9323E-01
   20.010  -6.8544E-01
   20.020  -6.4885E-01
   20.030  -5.6720E-01
   20.040  -4.2214E-01
   20.050  -2.1114E-01
   20.060   2.8383E-02
   20.070   2.1466E-01
   20.080   2.8257E-01
   20.090   2.3625E-01
   20.100   1.4974E-01
   20.110   9.3242E-02
   20.120   7.1507E-02
   20.130   5.7870E-02
   20.140   3.6029E-02
   20.150   1.5238E-02
   20.160   2.3540E-02
   20.170   9.1389E-02
   20.180   2.1987E-01
   20.190   3.8417E-01
   20.200   5.4632E-01
   20.210   6.6917E-01
   20.220   7.3326E-01
   20.230   7.3722E-01
   20.240   6.8179E-01
   20.250   5.7278E-01
   20.260   4.2862E-01
   20.270   2.8446E-01
   20.280   1.8362E-01
   20.290   1.5738E-01
   20.300   2.1424E-01
   20.310   3.3039E-01
   20.320   4.4109E-01
   20.330   4.8156E-01
   20.340   4.3077E-01
   20.350   3.3615E-01
   20.360   2.7665E-01
   20.370   2.9341E-01
   20.380   3.4277E-01
   20.390   3.3822E-01
   20.400   2.1753E-01
   20.410  -5.8266E-03
   20.420  -2.7738E-01
   20.430  -5.3878E-01
   20.440  -7.3666E-01
   20.450  -8.6128E-01
   20.460  -9.3882E-01
   20.470  -1.0033E+00
   20.480  -1.0631E+00
   20.490  -1.0858E+00
   20.500  -1.0277E+00
   20.510  -8.6845E-01
   20.520  -6.1414E-01
   20.530  -2.7779E-01
   20.540   1.0887E-01
   20.550   4.6777E-01
   20.560   7.1150E-01
   20.570   8.1858E-01
   20.580   8.4844E-01
   20.590   8.6505E-01
   20.600   8.6572E-01
   20.610   8.0465E-01
   20.620   6.6362E-01
   20.630   4.6941E-01
   20.640   2.7301E-01
   20.650   1.2299E-01
   20.660   5.1838E-02
   20.670   8.5071E-02
   20.680   2.0494E-01
   20.690   3.3350E-01
   20.700   4.0188E-01
   20.710   3.8796E-01
   20.720   3.0887E-01
   20.730   2.0329E-01
   20.740   1.0853E-01
   20.750   6.2107E-02
   20.760   9.0635E-02
   20.770   1.8908E-01
   20.780   3.2094E-01
   20.790   3.3308E-01
   20.800   4.4864E-01
   20.810   5.1788E-01
   20.820   5.1710E-01
   20.830   4.7719E-01
   20.840   4.6874E-01
   20.850   5.3009E-01
   20.860   6.2257E-01
   20.870   6.7424E-01
   20.880   6.4308E-01
   20.890   5.3757E-01
   20.900   3.8857E-01
   20.910   2.2237E-01
   20.920   5.0605E-02
   20.930  -1.3281E-01
   20.940  -3.3471E-01
   20.950  -5.3949E-01
   20.960  -7.1281E-01
   20.970  -8.2311E-01
   20.980  -8.7132E-01
   20.990  -8.7791E-01
   21.000  -8.3843E-01
   21.010  -7.1917E-01
   21.020  -5.1215E-01
   21.030  -2.7939E-01
   21.040  -1.1618E-01
   21.050   7.4582E-02
   21.060   3.9662E-02
   21.070   3.8822E-03
   21.080   2.8332E-02
   21.090   1.2155E-01
   21.100   2.4513E-01
   21.110   3.3229E-01
   21.120   3.1424E-01
   21.130   1.5695E-01
   21.140  -1.1345E-01
   21.150  -4.2274E-01
   21.160  -6.9151E-01
   21.170  -8.7287E-01
   21.180  -9.6285E-01
   21.190  -9.8954E-01
   21.200  -9.9660E-01
   21.210  -1.0255E+00
   21.220  -1.0979E+00
   21.230  -1.2031E+00
   21.240  -1.3012E+00
   21.250  -1.3460E+00
   21.260  -1.3176E+00
   21.270  -1.2400E+00
   21.280  -1.1618E+00
   21.290  -1.1120E+00
   21.300  -1.0730E+00
   21.310  -9.9798E-01
   21.320  -8.5177E-01
   21.330  -6.3556E-01
   21.340  -4.9021E-01
   21.350  -2.7041E-01
   21.360  -1.1908E-01
   21.370  -6.3793E-02
   21.380  -8.6817E-02
   21.390  -1.3960E-01
   21.400  -1.8706E-01
   21.410  -2.3161E-01
   21.420  -2.8910E-01
   21.430  -3.5290E-01
   21.440  -3.9899E-01
   21.450  -4.2193E-01
   21.460  -4.4306E-01
   21.470  -4.7066E-01
   21.480  -4.6729E-01
   21.490  -3.7854E-01
   21.500  -1.9812E-01
   21.510   1.1564E-02
   21.520   1.7400E-01
   21.530   3.6971E-01
   21.540   4.5514E-01
   21.550   5.4923E-01
   21.560   6.4300E-01
   21.570   7.1912E-01
   21.580   7.2334E-01
   21.590   6.9377E-01
   21.600   6.6205E-01
   21.610   6.3613E-01
   21.620   5.9111E-01
   21.630   4.9075E-01
   21.640   3.2123E-01
   21.650   1.1526E-01
   21.660  -5.6621E-02
   21.670  -1.3261E-01
   21.680  -1.0900E-01
   21.690  -3.9260E-02
   21.700   2.8199E-02
   21.710   7.5713E-02
   21.720   1.3018E-01
   21.730   2.0520E-01
   21.740   2.7444E-01
   21.750   3.4589E-01
   21.760   3.9265E-01
   21.770   4.0870E-01
   21.780   4.1074E-01
   21.790   4.3990E-01
   21.800   4.4982E-01
   21.810   6.2931E-01
   21.820   8.3023E-01
   21.830   1.0549E+00
   21.840   1.1010E+00
   21.850   1.1002E+00
   21.860   9.6841E-01
   21.870   7.7852E-01
   21.880   5.4164E-01
   21.890   3.2839E-01
   21.900   1.5293E-01
   21.910  -2.4346E-03
   21.920  -1.1066E-01
   21.930  -3.0466E-01
   21.940  -6.0601E-01
   21.950  -7.8805E-01
   21.960  -1.0023E+00
   21.970  -9.7377E-01
   21.980  -8.1393E-01
   21.990  -5.8538E-01
   22.000  -3.7356E-01
   22.010  -2.3126E-01
   22.020  -1.4986E-01
   22.030  -8.9822E-02
   22.040  -3.6695E-02
   22.050  -6.5851E-02
   22.060  -7.6602E-02
   22.070  -1.4862E-01
   22.080  -2.4455E-01
   22.090  -3.3644E-01
   22.100  -3.7088E-01
   22.110  -3.5028E-01
   22.120  -2.6777E-01
   22.130  -1.5974E-01
   22.140  -5.9531E-02
   22.150   3.4010E-02
   22.160   1.4519E-01
   22.170   2.5490E-01
   22.180   3.5905E-01
   22.190   4.5786E-01
   22.200   5.7279E-01
   22.210   7.1746E-01
   22.220   8.7935E-01
   22.230   9.7830E-01
   22.240   1.0850E+00
   22.250   1.1017E+00
   22.260   1.0000E+00
   22.270   8.1230E-01
   22.280   6.3103E-01
   22.290   5.4975E-01
   22.300   5.9586E-01
   22.310   7.4500E-01
   22.320   8.2686E-01
   22.330   7.9881E-01
   22.340   6.3715E-01
   22.350   3.7219E-01
   22.360   1.6430E-01
   22.370  -7.7886E-02
   22.380  -2.3799E-01
   22.390  -3.2204E-01
   22.400  -3.5731E-01
   22.410  -3.7941E-01
   22.420  -4.2339E-01
   22.430  -5.0860E-01
   22.440  -6.2463E-01
   22.450  -7.3566E-01
   22.460  -8.0728E-01
   22.470  -8.3260E-01
   22.480  -8.3234E-01
   22.490  -8.8982E-01
   22.500  -8.6619E-01
   22.510  -8.3313E-01
   22.520  -7.6325E-01
   22.530  -7.4313E-01
   22.540  -7.0576E-01
   22.550  -6.7011E-01
   22.560  -6.1636E-01
   22.570  -7.2102E-01
   22.580  -7.2066E-01
   22.590  -7.0037E-01
   22.600  -6.0700E-01
   22.610  -4.1419E-01
   22.620  -1.3181E-01
   22.630   9.1969E-02
   22.640   4.1025E-01
   22.650   6.8057E-01
   22.660   8.4688E-01
   22.670   9.5443E-01
   22.680   9.5175E-01
   22.690   9.0935E-01
   22.700   8.5126E-01
   22.710   7.8610E-01
   22.720   7.0785E-01
   22.730   5.9590E-01
   22.740   4.4099E-01
   22.750   2.7898E-01
   22.760   1.2026E-01
   22.770   1.0140E-01
   22.780   1.5767E-01
   22.790   2.4266E-01
   22.800   3.2684E-01
   22.810   3.9703E-01
   22.820   4.3896E-01
   22.830   4.4598E-01
   22.840   4.3411E-01
   22.850   4.2536E-01
   22.860   4.1898E-01
   22.870   4.2384E-01
   22.880   3.8220E-01
   22.890   3.0859E-01
   22.900   2.2589E-01
   22.910   1.2103E-01
   22.920   1.1360E-03
   22.930   3.7106E-02
   22.940  -8.4137E-02
   22.950  -1.9952E-01
   22.960  -2.3153E-01
   22.970  -2.5004E-01
   22.980  -1.7298E-01
   22.990  -1.2457E-02
   23.000   1.7191E-01
   23.010   3.3202E-01
   23.020   3.8403E-01
   23.030   3.2928E-01
   23.040   1.7394E-01
   23.050   1.7929E-02
   23.060  -3.2791E-01
   23.070  -5.3874E-01
   23.080  -6.8692E-01
   23.090  -8.1105E-01
   23.100  -8.8705E-01
   23.110  -8.8229E-01
   23.120  -7.9144E-01
   23.130  -6.9925E-01
   23.140  -6.2178E-01
   23.150  -4.7951E-01
   23.160  -4.4199E-01
   23.170  -4.1290E-01
   23.180  -3.6706E-01
   23.190  -3.3473E-01
   23.200  -3.3381E-01
   23.210  -1.3155E-01
   23.220  -5.9862E-02
   23.230   2.4946E-02
   23.240   9.8460E-02
   23.250   2.6064E-01
   23.260   3.9617E-01
   23.270   4.6231E-01
   23.280   4.7603E-01
   23.290   4.1777E-01
   23.300   2.8968E-01
   23.310   1.3219E-01
   23.320  -8.6043E-03
   23.330  -8.4359E-02
   23.340  -8.9471E-02
   23.350  -1.3093E-01
   23.360  -9.8228E-02
   23.370  -9.8590E-02
   23.380  -1.5153E-01
   23.390  -2.6144E-01
   23.400  -4.0988E-01
   23.410  -5.6018E-01
   23.420  -6.1383E-01
   23.430  -5.9727E-01
   23.440  -5.9724E-01
   23.450  -4.5989E-01
   23.460  -1.2541E-01
   23.470   7.6633E-02
   23.480   3.0252E-01
   23.490   4.7789E-01
   23.500   5.3773E-01
   23.510   4.7495E-01
   23.520   2.2691E-01
   23.530   4.7792E-02
   23.540  -1.1655E-01
   23.550  -2.4352E-01
   23.560  -3.4275E-01
   23.570  -4.3851E-01
   23.580  -5.3142E-01
   23.590  -6.0985E-01
   23.600  -5.9704E-01
   23.610  -5.3757E-01
   23.620  -4.8623E-01
   23.630  -4.7595E-01
   23.640  -3.7202E-01
   23.650  -2.8800E-01
   23.660  -1.4559E-01
   23.670   4.4300E-02
   23.680   2.6481E-01
   23.690   5.0306E-01
   23.700   7.5917E-01
   23.710   1.0126E+00
   23.720   1.3010E+00
   23.730   1.5671E+00
   23.740   1.7576E+00
   23.750   1.8314E+00
   23.760   1.8189E+00
   23.770   1.7904E+00
   23.780   1.5313E+00
   23.790   9.0511E-01
   23.800   5.9067E-01
   23.810   2.9077E-01
   23.820   6.9441E-02
   23.830  -2.2052E-02
   23.840  -4.4680E-02
   23.850  -6.4113E-02
   23.860  -9.7871E-02
   23.870  -1.7508E-01
   23.880  -2.9443E-01
   23.890  -4.3073E-01
   23.900  -5.5028E-01
   23.910  -6.4387E-01
   23.920  -6.9186E-01
   23.930  -6.8315E-01
   23.940  -5.7999E-01
   23.950  -4.7128E-01
   23.960  -2.9406E-01
   23.970  -1.2247E-01
   23.980   3.2580E-03
   23.990   6.5018E-02
   24.000   2.5166E-02
   24.010  -4.9015E-02
   24.020  -1.4109E-01
   24.030  -2.1128E-01
   24.040  -3.8733E-01
   24.050  -3.0798E-01
   24.060  -3.6331E-01
   24.070  -2.5754E-01
   24.080  -1.5035E-01
   24.090  -7.6516E-02
   24.100  -5.0664E-02
   24.110  -5.7507E-02
   24.120  -5.4895E-02
   24.130  -3.5334E-03
   24.140   1.0714E-01
   24.150   2.6219E-01
   24.160   4.3837E-01
   24.170   6.0944E-01
   24.180   7.4375E-01
   24.190   8.1393E-01
   24.200   8.1223E-01
   24.210   8.5694E-01
   24.220   7.5293E-01
   24.230   6.0507E-01
   24.240   3.5584E-01
   24.250   1.4922E-01
   24.260  -2.7930E-02
   24.270  -1.7111E-01
   24.280  -2.7950E-01
   24.290  -3.5656E-01
   24.300  -3.9981E-01
   24.310  -4.1523E-01
   24.320  -4.3351E-01
   24.330  -3.8638E-01
   24.340  -3.7902E-01
   24.350  -3.9758E-01
   24.360  -4.6972E-01
   24.370  -5.5056E-01
   24.380  -4.3995E-01
   24.390  -5.8187E-01
   24.400  -7.0557E-01
   24.410  -7.0623E-01
   24.420  -6.7720E-01
   24.430  -5.9165E-01
   24.440  -4.7886E-01
   24.450  -2.3836E-01
   24.460  -1.2370E-01
   24.470  -6.6250E-03
   24.480   1.0899E-01
   24.490   1.6964E-01
   24.500   2.8452E-01
   24.510   4.0758E-01
   24.520   5.3663E-01
   24.530   6.7191E-01
   24.540   8.1267E-01
   24.550   9.4516E-01
   24.560   9.5019E-01
   24.570   9.8259E-01
   24.580   9.3059E-01
   24.590   8.1115E-01
   24.600   5.8443E-01
   24.610   4.7145E-01
   24.620   4.0972E-01
   24.630   3.9205E-01
   24.640   3.9771E-01
   24.650   3.9235E-01
   24.660   3.0725E-01
   24.670   3.7003E-01
   24.680   3.3211E-01
   24.690   2.8586E-01
   24.700   2.2717E-01
   24.710   1.5364E-01
   24.720   6.5039E-02
   24.730  -2.9719E-02
   24.740  -1.1054E-01
   24.750  -1.5705E-01
   24.760  -1.6209E-01
   24.770  -1.3425E-01
   24.780   1.2205E-01
   24.790   1.6726E-01
   24.800   1.7584E-01
   24.810   1.3681E-01
   24.820   7.2164E-02
   24.830  -1.6160E-02
   24.840  -1.2037E-01
   24.850  -2.2945E-01
   24.860  -3.5324E-01
   24.870  -4.2668E-01
   24.880  -4.4183E-01
   24.890  -4.2411E-01
   24.900  -4.0370E-01
   24.910  -3.9594E-01
   24.920  -3.2972E-01
   24.930  -3.3403E-01
   24.940  -3.1276E-01
   24.950  -3.1250E-01
   24.960  -2.9838E-01
   24.970  -2.3554E-01
   24.980  -1.3600E-01
   24.990  -1.8940E-02
   25.000   8.7296E-02
   25.010   1.6085E-01
   25.020   2.0953E-01
   25.030   2.1992E-01
   25.040   2.1574E-01
   25.050   2.0045E-01
   25.060   1.7030E-01
   25.070   7.5505E-02
   25.080   2.1247E-02
   25.090   1.0705E-01
   25.100   1.3640E-02
   25.110  -9.0466E-02
   25.120  -1.7816E-01
   25.130  -2.1480E-01
   25.140  -1.6717E-01
   25.150  -4.7408E-02
   25.160   1.0856E-01
   25.170   2.6055E-01
   25.180   3.7749E-01
   25.190   4.3531E-01
   25.200   4.2970E-01
   25.210   3.5684E-01
   25.220   2.8565E-01
   25.230   2.2448E-01
   25.240   2.2471E-01
   25.250   2.6200E-01
   25.260   2.6787E-01
   25.270   2.8890E-01
   25.280   2.6133E-01
   25.290   1.7749E-01
   25.300   5.6619E-02
   25.310  -6.6776E-02
   25.320  -1.6524E-01
   25.330  -1.8680E-01
   25.340  -1.7153E-01
   25.350  -1.3089E-01
   25.360  -8.2833E-02
   25.370  -5.6369E-02
   25.380  -6.3976E-02
   25.390  -1.4862E-02
   25.400  -6.0165E-02
   25.410  -1.0494E-01
   25.420  -2.0537E-01
   25.430  -3.4940E-01
   25.440  -4.5349E-01
   25.450  -5.1461E-01
   25.460  -4.1892E-01
   25.470  -3.7297E-01
   25.480  -3.0014E-01
   25.490  -2.2403E-01
   25.500  -1.6867E-01
   25.510  -1.5284E-01
   25.520  -1.8830E-01
   25.530  -2.6070E-01
   25.540  -3.8388E-01
   25.550  -5.0117E-01
   25.560  -4.8518E-01
   25.570  -4.6348E-01
   25.580  -3.9385E-01
   25.590  -3.0566E-01
   25.600  -2.3814E-01
   25.610  -1.9119E-01
   25.620  -1.2150E-01
   25.630  -6.5635E-04
   25.640   1.5858E-01
   25.650   3.1809E-01
   25.660   4.2590E-01
   25.670   4.5292E-01
   25.680   4.0863E-01
   25.690   3.2962E-01
   25.700   2.5629E-01
   25.710   2.1491E-01
   25.720   2.1050E-01
   25.730   2.3015E-01
   25.740   1.5456E-01
   25.750   2.3246E-01
   25.760   2.3833E-01
   25.770   2.3078E-01
   25.780   2.0146E-01
   25.790   1.6729E-01
   25.800   1.4033E-01
   25.810   1.3248E-01
   25.820   1.5112E-01
   25.830   1.9341E-01
   25.840   2.4520E-01
   25.850   2.8815E-01
   25.860   3.0897E-01
   25.870   3.0056E-01
   25.880   2.5885E-01
   25.890   2.3346E-01
   25.900   1.4050E-01
   25.910   3.4688E-02
   25.920  -6.1487E-02
   25.930  -1.4263E-01
   25.940  -2.1849E-01
   25.950  -1.3109E-01
   25.960  -2.2544E-01
   25.970  -3.0505E-01
   25.980  -3.6563E-01
   25.990  -3.6409E-01
   26.000  -3.8562E-01
   26.010  -3.9714E-01
   26.020  -4.1058E-01
   26.030  -4.3351E-01
   26.040  -4.7259E-01
   26.050  -4.7789E-01
   26.060  -4.5854E-01
   26.070  -4.2617E-01
   26.080  -4.0641E-01
   26.090  -4.1747E-01
   26.100  -4.5532E-01
   26.110  -5.0620E-01
   26.120  -5.3020E-01
   26.130  -4.4040E-01
   26.140  -2.4004E-01
   26.150  -2.6363E-01
   26.160  -3.0011E-01
   26.170  -2.8289E-01
   26.180  -3.2422E-01
   26.190  -3.1493E-01
   26.200  -2.6601E-01
   26.210  -2.9133E-01
   26.220  -2.1563E-01
   26.230  -1.6063E-01
   26.240  -1.3502E-01
   26.250  -1.2822E-01
   26.260  -1.2206E-01
   26.270  -1.0274E-01
   26.280  -6.4884E-02
   26.290  -1.1693E-02
   26.300   3.8702E-02
   26.310   8.1304E-02
   26.320   5.5016E-02
   26.330   2.4005E-02
   26.340  -1.1390E-02
   26.350  -3.4882E-02
   26.360  -4.5478E-02
   26.370  -4.2572E-02
   26.380  -7.3139E-02
   26.390  -1.2328E-01
   26.400  -1.8189E-01
   26.410  -2.3348E-01
   26.420  -2.6846E-01
   26.430  -2.8326E-01
   26.440  -2.7752E-01
   26.450  -2.5566E-01
   26.460  -2.2772E-01
   26.470  -2.0365E-01
   26.480  -1.8682E-01
   26.490  -1.7451E-01
   26.500  -1.6134E-01
   26.510  -8.4999E-02
   26.520  -6.2885E-02
   26.530  -1.5015E-02
   26.540   4.3160E-02
   26.550   8.0733E-02
   26.560   8.0319E-02
   26.570   6.8828E-02
   26.580   4.6795E-02
   26.590   1.7788E-02
   26.600  -2.0670E-02
   26.610  -3.2821E-03
   26.620  -3.9968E-02
   26.630  -7.7256E-02
   26.640  -7.6132E-02
   26.650  -7.7982E-02
   26.660  -5.2383E-02
   26.670  -3.5960E-03
   26.680   5.5623E-02
   26.690   1.1083E-01
   26.700   1.5041E-01
   26.710   1.6843E-01
   26.720   1.6650E-01
   26.730   1.5207E-01
   26.740   1.3263E-01
   26.750   1.1190E-01
   26.760   9.1493E-02
   26.770   7.4230E-02
   26.780   6.2766E-02
   26.790   5.4840E-02
   26.800   4.2735E-02
   26.810   2.0844E-02
   26.820  -5.3731E-03
   26.830  -2.0883E-02
   26.840  -1.5837E-02
   26.850   6.4411E-04
   26.860   7.9999E-03
   26.870  -2.2206E-02
   26.880  -6.7652E-02
   26.890  -1.1234E-01
   26.900  -1.3552E-01
   26.910  -1.3209E-01
   26.920  -1.1281E-01
   26.930  -9.3852E-02
   26.940  -8.1697E-02
   26.950  -1.0124E-01
   26.960  -1.4015E-01
   26.970  -1.9238E-01
   26.980  -2.4786E-01
   26.990  -2.9500E-01
   27.000  -3.2656E-01
   27.010  -3.2476E-01
   27.020  -2.9486E-01
   27.030  -2.5738E-01
   27.040  -2.3070E-01
   27.050  -1.8714E-01
   27.060  -1.7590E-01
   27.070  -1.6326E-01
   27.080  -1.4878E-01
   27.090  -1.0985E-01
   27.100  -1.0975E-01
   27.110  -1.0356E-01
   27.120  -8.8053E-02
   27.130  -5.0390E-02
   27.140  -2.7255E-03
   27.150   5.6259E-02
   27.160   1.1852E-01
   27.170   1.7502E-01
   27.180   2.1692E-01
   27.190   2.3858E-01
   27.200   2.4141E-01
   27.210   2.3259E-01
   27.220   2.1708E-01
   27.230   1.9241E-01
   27.240  -8.1728E-02
   27.250  -7.9043E-02
   27.260  -8.0700E-02
   27.270  -8.5744E-02
   27.280  -9.6694E-02
   27.290  -1.0442E-01
   27.300  -1.0822E-01
   27.310  -1.0066E-01
   27.320  -8.3884E-02
   27.330  -5.7978E-02
   27.340  -1.3806E-02
   27.350   2.7685E-02
   27.360   3.0898E-02
   27.370   7.4521E-02
   27.380   1.1312E-01
   27.390   1.3846E-01
   27.400   1.4616E-01
   27.410   1.3666E-01
   27.420   1.1859E-01
   27.430   9.3073E-02
   27.440   5.9007E-02
   27.450   1.8341E-02
   27.460  -2.2943E-02
   27.470  -8.5857E-02
   27.480  -8.7327E-02
   27.490  -7.2562E-02
   27.500  -4.9199E-02
   27.510  -2.5146E-02
   27.520  -5.4796E-03
   27.530   1.0041E-02
   27.540   2.6205E-02
   27.550   4.5911E-02
   27.560   6.3887E-02
   27.570   6.9512E-02
   27.580   5.6994E-02
   27.590   2.8406E-02
   27.600   1.3335E-04
   27.610  -2.2278E-02
   27.620  -3.4670E-02
   27.630  -4.2759E-02
   27.640  -2.9074E-02
   27.650  -5.0682E-03
   27.660   2.0032E-02
   27.670   3.4824E-02
   27.680   3.3160E-02
   27.690   1.7941E-02
   27.700  -2.8306E-02
   27.710  -4.6140E-02
   27.720  -4.7811E-02
   27.730  -6.3976E-02
   27.740  -7.2698E-02
   27.750  -7.4357E-02
   27.760  -7.0479E-02
   27.770  -2.1973E-02
   27.780  -1.2174E-02
   27.790   8.0905E-04
   27.800   1.7419E-02
   27.810   3.3940E-02
   27.820   4.5428E-02
   27.830   5.0305E-02
   27.840   5.1456E-02
   27.850   5.2787E-02
   27.860   5.4974E-02
   27.870   5.5176E-02
   27.880   5.1283E-02
   27.890   4.6162E-02
   27.900   4.4367E-02
   27.910   4.3003E-02
   27.920   5.5825E-02
   27.930   6.9537E-02
   27.940   8.2344E-02
   27.950   9.4312E-02
   27.960   1.0512E-01
   27.970   1.1809E-01
   27.980   1.2979E-01
   27.990   1.3837E-01
   28.000   1.4301E-01
   28.010   1.4439E-01
   28.020   1.4422E-01
   28.030   1.4302E-01
   28.040   1.3797E-01
   28.050   1.2434E-01
   28.060   9.9586E-02
   28.070   6.5853E-02
   28.080   2.8614E-02
   28.090  -6.0187E-03
   28.100  -3.6290E-02
   28.110  -5.1829E-02
   28.120  -5.5559E-02
   28.130  -5.1230E-02
   28.140  -4.4575E-02
   28.150  -4.0435E-02
   28.160  -5.4519E-02
   28.170  -5.5759E-02
   28.180  -5.9333E-02
   28.190  -6.2934E-02
   28.200  -6.4018E-02
   28.210  -6.0594E-02
   28.220  -5.1471E-02
   28.230  -3.7261E-02
   28.240  -2.1702E-02
   28.250  -1.0089E-02
   28.260  -4.3149E-03
   28.270   1.5063E-04
   28.280   1.0463E-02
   28.290   2.8957E-02
   28.300   3.8574E-02
   28.310   3.5676E-02
   28.320   4.1255E-02
   28.330   4.2124E-02
   28.340   4.2989E-02
   28.350   4.6037E-02
   28.360   4.9805E-02
   28.370   5.1177E-02
   28.380   5.4534E-02
   28.390   4.1898E-02
   28.400   2.5313E-02
   28.410   7.8799E-03
   28.420  -7.0403E-03
   28.430  -1.6887E-02
   28.440  -2.1989E-02
   28.450  -2.2624E-02
   28.460  -1.7660E-02
   28.470  -4.4843E-03
   28.480   1.7996E-02
   28.490   4.2866E-02
   28.500   6.7298E-02
   28.510   8.5507E-02
   28.520   8.0555E-02
   28.530   8.0904E-02
   28.540   7.3753E-02
   28.550   6.0031E-02
   28.560   3.9118E-02
   28.570   1.0992E-02
   28.580  -2.1594E-02
   28.590  -5.2670E-02
   28.600  -7.6298E-02
   28.610  -9.0833E-02
   28.620  -9.4778E-02
   28.630  -2.3956E-02
   28.640  -2.9428E-02
   28.650  -3.0496E-02
   28.660  -2.5144E-02
   28.670  -1.4877E-02
   28.680  -5.1749E-03
   28.690   5.2754E-03
   28.700   1.5394E-02
   28.710   2.4043E-02
   28.720   3.0248E-02
   28.730   3.3669E-02
   28.740   3.4695E-02
   28.750   3.4034E-02
   28.760   3.2413E-02
   28.770   3.0855E-02
   28.780   3.0609E-02
   28.790   3.1864E-02
   28.800   3.2614E-02
   28.810   4.1995E-03
   28.820  -1.7027E-03
   28.830  -9.5495E-03
   28.840  -1.6472E-02
   28.850  -1.9891E-02
   28.860  -1.9069E-02
   28.870  -1.5385E-02
   28.880  -4.0926E-03
   28.890  -1.9320E-03
   28.900  -1.9164E-03
   28.910  -3.9590E-03
   28.920  -7.3071E-03
   28.930  -1.0668E-02
   28.940  -1.3267E-02
   28.950  -1.3532E-02
   28.960  -1.2023E-02
   28.970  -8.9927E-03
   28.980  -4.7372E-03
   28.990  -8.1830E-03
   29.000  -3.2531E-03
   29.010  -1.6677E-03
   29.020  -1.2986E-03
   29.030  -1.5939E-03
   29.040  -1.9085E-03
   29.050  -1.6277E-03
   29.060  -2.9928E-04
   29.070   2.1458E-03
   29.080   5.3931E-03
   29.090   8.9805E-03
   29.100   1.8289E-02
   29.110   2.1642E-02
   29.120   2.3742E-02
   29.130   2.5283E-02
   29.140   2.0932E-02
   29.150   2.2685E-02
   29.160   2.4778E-02
   29.170   2.6342E-02
   29.180   2.7391E-02
   29.190   2.8908E-02
   29.200   3.1663E-02
   29.210   3.5165E-02
   29.220   3.7961E-02
   29.230   3.8797E-02
   29.240   3.7236E-02
   29.250   3.3350E-02
   29.260   2.7407E-02
   29.270   2.0145E-02
   29.280   1.2893E-02
   29.290   6.7629E-03
   29.300   1.7858E-03
   29.310  -3.5338E-03
   29.320  -8.6855E-03
   29.330  -1.3233E-02
   29.340  -1.6068E-02
   29.350  -1.6849E-02
   29.360  -1.6045E-02
   29.370  -1.4314E-02
   29.380  -1.2261E-02
   29.390  -1.0534E-02
   29.400  -9.6032E-03
   29.410  -9.4357E-03
   29.420  -9.7208E-03
   29.430  -1.0399E-02
   29.440  -1.1586E-02
   29.450  -1.2999E-02
   29.460  -1.3925E-02
   29.470  -1.5869E-02
   29.480  -1.5668E-02
   29.490  -1.5712E-02
   29.500  -1.6255E-02
   29.510  -1.9204E-02
   29.520  -1.8884E-02
   29.530  -1.7181E-02
   29.540  -1.3976E-02
   29.550  -9.5430E-03
   29.560  -4.6722E-03
   29.570  -6.5264E-04
   29.580   1.3232E-03
   29.590   1.0834E-03
   29.600  -1.2651E-04
   29.610  -4.2625E-04
   29.620   1.2202E-03
   29.630   4.0723E-03
   29.640   6.0684E-03
   29.650   5.3097E-03
   29.660   1.3124E-03
   29.670  -8.0038E-05
   29.680  -1.8256E-03
   29.690  -3.5652E-03
   29.700  -4.9971E-03
   29.710  -5.8851E-03
   29.720  -6.2090E-03
   29.730  -6.2702E-03
   29.740  -6.4483E-03
   29.750  -6.8064E-03
   29.760  -7.0789E-03
   29.770  -7.0797E-03
   29.780  -6.9238E-03
   29.790  -6.7638E-03
   29.800  -6.5097E-03
   29.810  -5.9934E-03
   29.820  -5.2825E-03
   29.830  -4.6473E-03
   29.840  -4.2706E-03
   29.850  -4.1314E-03
   29.860  -4.0944E-03
   29.870  -5.7061E-04
   29.880  -1.1449E-03
   29.890  -1.5908E-03
   29.900  -1.9420E-03
   29.910  -2.2516E-03
   29.920  -2.5661E-03
   29.930  -2.9362E-03
   29.940  -3.4133E-03
   29.950  -3.9814E-03
   29.960  -4.4832E-03
   29.970  -4.6719E-03
   29.980  -4.3981E-03
   29.990  -3.7527E-03
   30.000  -2.9891E-03
   30.010  -2.2929E-03
   30.020  -1.6425E-03
   30.030  -8.9673E-04
   30.040   8.8046E-06
   30.050   9.6293E-04
   30.060   1.7482E-03
   30.070   2.1863E-03
   30.080   1.7907E-03
   30.090   1.4506E-03
   30.100   1.0183E-03
   30.110   5.5016E-04
   30.120   5.3733E-05
   30.130  -4.2017E-04
   30.140  -7.6497E-04
   30.150  -9.2651E-04
   30.160  -9.8752E-04
   30.170  -1.1088E-03
   30.180  -1.3994E-03
   30.190  -1.8646E-03
   30.200  -2.4336E-03
   30.210  -2.9805E-03
   30.220  -3.3350E-03
   30.230  -3.3585E-03
   30.240  -3.0477E-03
   30.250  -2.5392E-03
   30.260  -1.9905E-03
   30.270  -1.4796E-03
   30.280  -1.0147E-03
   30.290  -5.8741E-04
   30.300  -1.8586E-05
   30.310   1.1068E-04
   30.320   1.9136E-04
   30.330   3.1122E-04
   30.340   5.1984E-04
   30.350   7.6283E-04
   30.360   9.0577E-04
   30.370   8.2795E-04
   30.380   5.0729E-04
   30.390   3.1318E-05
   30.400  -4.6112E-04
   30.410  -8.5508E-04
   30.420  -1.0979E-03
   30.430  -5.4134E-04
   30.440  -3.6142E-04
   30.450  -1.9150E-04
   30.460  -3.0262E-05
   30.470   1.3208E-04
   30.480   3.0938E-04
   30.490   5.3757E-04
   30.500   8.6922E-04
   30.510   1.3103E-03
   30.520   1.7570E-03
   30.530   2.0288E-03
   30.540   1.9982E-03
   30.550   1.6962E-03
   30.560   1.2824E-03
   30.570   9.1599E-04
   30.580   6.5969E-04
   30.590   4.8743E-04
   30.600   3.5580E-04
   30.610   2.5396E-04
   30.620   1.9798E-04
   30.630   1.9448E-04
   30.640   2.2088E-04
   30.650   2.4344E-04
   30.660   2.5382E-04
   30.670   2.7934E-04
   30.680   3.5184E-04
   30.690   4.6822E-04
   30.700   5.9203E-04
   30.710   6.9595E-04
   30.720   7.9577E-04
   30.730   9.2846E-04
   30.740   1.0934E-03
   30.750   1.2243E-03
   30.760   1.2392E-03
   30.770   1.1239E-03
   30.780   9.5674E-04
   30.790   8.4062E-04
   30.800   8.1291E-04
   30.810   8.2585E-04
   30.820   8.0022E-04
   30.830   6.8368E-04
   30.840   4.7631E-04
   30.850   2.3305E-04
   30.860   4.6494E-05
   30.870  -6.4235E-06
   30.880   7.6259E-05
   30.890   2.2098E-04
   30.900   3.4654E-04
   30.910   4.2383E-04
   30.920   4.7255E-04
   30.930   5.2488E-04
   30.940   6.0976E-04
   30.950   7.5385E-04
   30.960   9.7547E-04
   30.970   1.2750E-03
   30.980   1.6297E-03
   30.990   1.9779E-03
   31.000   2.2068E-03
   31.010   2.1949E-03
   31.020   1.9039E-03
   31.030   1.4212E-03
   31.040   8.9392E-04
   31.050   4.3719E-04
   31.060   1.2251E-04
   31.070   9.7140E-06
   31.080   1.1898E-04
   31.090   3.6229E-04
   31.100   5.6330E-04
   31.110   5.8139E-04
   31.120   4.0308E-04
   31.130   1.0661E-04
   31.140  -2.1911E-04
   31.150  -4.9739E-04
   31.160  -6.5338E-04
   31.170  -6.4918E-04
   31.180  -5.3377E-04
   31.190  -6.6741E-04
   31.200  -6.2373E-04
   31.210  -1.2556E-04
   31.220  -6.4923E-05
   31.230   1.6629E-05
   31.240   1.0565E-04
   31.250   2.2066E-04
   31.260   3.9743E-04
   31.270   6.5174E-04
   31.280   9.6754E-04
   31.290   1.3077E-03
   31.300   1.6214E-03
   31.310   1.8532E-03
   31.320   1.9709E-03
   31.330   1.9871E-03
   31.340   1.9349E-03
   31.350   1.8216E-03
   31.360   1.6242E-03
   31.370   1.0181E-03
   31.380   6.4391E-04
   31.390   3.0150E-04
   31.400   2.4209E-05
   31.410  -1.5870E-04
   31.420  -2.3803E-04
   31.430  -2.3174E-04
   31.440  -1.7759E-04
   31.450  -1.1809E-04
   31.460  -8.4821E-05
   31.470  -8.8474E-05
   31.480  -1.1508E-04
   31.490  -1.3088E-04
   31.500  -9.9508E-05
   31.510  -1.0854E-05
   31.520   1.0126E-04
   31.530   1.7915E-04
   31.540   1.9058E-04
   31.550   1.5567E-04
   31.560   1.2266E-04
   31.570   1.2546E-04
   31.580   1.7274E-04
   31.590   2.6025E-04
   31.600   3.7012E-04
   31.610   4.6184E-04
   31.620   4.9366E-04
   31.630   4.6162E-04
   31.640   4.0121E-04
   31.650   3.4501E-04
   31.660   3.0205E-04
   31.670   2.8577E-04
   31.680   3.3078E-04
   31.690   4.5069E-04
   31.700   5.9484E-04
   31.710   6.7879E-04
   31.720   6.5909E-04
   31.730   5.5403E-04
   31.740   3.9439E-04
   31.750   1.8609E-04
   31.760  -6.1500E-05
   31.770   0.0000E+00
   31.780   0.0000E+00
   31.790   0.0000E+00
   31.800   0.0000E+00
   31.810   0.0000E+00
   31.820   0.0000E+00
   31.830   0.0000E+00
   31.840   0.0000E+00
   31.850   0.0000E+00
   31.860   0.0000E+00
   31.870   0.0000E+00
   31.880   0.0000E+00
   31.890   0.0000E+00
   31.900   0.0000E+00
   31.910   0.0000E+00
   31.920   0.0000E+00
   31.930   0.0000E+00
   31.940   0.0000E+00
   31.950   0.0000E+00
   31.960   0.0000E+00
   31.970   0.0000E+00
   31.980   0.0000E+00
   31.990   0.0000E+00
   32.000   0.0000E+00
   32.010   0.0000E+00
   32.020   0.0000E+00
   32.030   0.0000E+00
   32.040   0.0000E+00
   32.050   0.0000E+00
   32.060   0.0000E+00
   32.070   0.0000E+00
   32.080   0.0000E+00
   32.090   0.0000E+00
   32.100   0.0000E+00
   32.110   0.0000E+00
   32.120   0.0000E+00
   32.130   0.0000E+00
   32.140   0.0000E+00
   32.150   0.0000E+00
   32.160   0.0000E+00
   32.170   0.0000E+00
   32.180   0.0000E+00
   32.190   0.0000E+00
   32.200   0.0000E+00
   32.210   0.0000E+00
   32.220   0.0000E+00
   32.230   0.0000E+00
   32.240   0.0000E+00
   32.250   0.0000E+00
   32.260   0.0000E+00
   32.270   0.0000E+00
   32.280   0.0000E+00
   32.290   0.0000E+00
   32.300   0.0000E+00
   32.310   0.0000E+00
   32.320   0.0000E+00
   32.330   0.0000E+00
   32.340   0.0000E+00
   32.350   0.0000E+00
   32.360   0.0000E+00
   32.370   0.0000E+00
   32.380   0.0000E+00
   32.390   0.0000E+00
   32.400   0.0000E+00
   32.410   0.0000E+00
   32.420   0.0000E+00
   32.430   0.0000E+00
   32.440   0.0000E+00
   32.450   0.0000E+00
   32.460   0.0000E+00
   32.470   0.0000E+00
   32.480   0.0000E+00
   32.490   0.0000E+00
   32.500   0.0000E+00
   32.510   0.0000E+00
   32.520   0.0000E+00
   32.530   0.0000E+00
   32.540   0.0000E+00
   32.550   0.0000E+00
   32.560   0.0000E+00
   32.570   0.0000E+00
   32.580   0.0000E+00
   32.590   0.0000E+00
   32.600   0.0000E+00
   32.610   0.0000E+00
   32.620   0.0000E+00
   32.630   0.0000E+00
   32.640   0.0000E+00
   32.650   0.0000E+00
   32.660   0.0000E+00
   32.670   0.0000E+00
   32.680   0.0000E+00
   32.690   0.0000E+00
   32.700   0.0000E+00
   32.710   0.0000E+00
   32.720   0.0000E+00
   32.730   0.0000E+00
   32.740   0.0000E+00
   32.750   0.0000E+00
   32.760   0.0000E+00
   32.770   0.0000E+00
   32.780   0.0000E+00
   32.790   0.0000E+00
   32.800   0.0000E+00
   32.810   0.0000E+00
   32.820   0.0000E+00
   32.830   0.0000E+00
   32.840   0.0000E+00
   32.850   0.0000E+00
   32.860   0.0000E+00
   32.870   0.0000E+00
   32.880   0.0000E+00
   32.890   0.0000E+00
   32.900   0.0000E+00
   32.910   0.0000E+00
   32.920   0.0000E+00
   32.930   0.0000E+00
   32.940   0.0000E+00
   32.950   0.0000E+00
   32.960   0.0000E+00
   32.970   0.0000E+00
   32.980   0.0000E+00
   32.990   0.0000E+00
   33.000   0.0000E+00
   33.010   0.0000E+00
   33.020   0.0000E+00
   33.030   0.0000E+00
   33.040   0.0000E+00
   33.050   0.0000E+00
   33.060   0.0000E+00
   33.070   0.0000E+00
   33.080   0.0000E+00
   33.090   0.0000E+00
   33.100   0.0000E+00
   33.110   0.0000E+00
   33.120   0.0000E+00
   33.130   0.0000E+00
   33.140   0.0000E+00
   33.150   0.0000E+00
   33.160   0.0000E+00
   33.170   0.0000E+00
   33.180   0.0000E+00
   33.190   0.0000E+00
   33.200   0.0000E+00
   33.210   0.0000E+00
   33.220   0.0000E+00
   33.230   0.0000E+00
   33.240   0.0000E+00
   33.250   0.0000E+00
   33.260   0.0000E+00
   33.270   0.0000E+00
   33.280   0.0000E+00
   33.290   0.0000E+00
   33.300   0.0000E+00
   33.310   0.0000E+00
   33.320   0.0000E+00
   33.330   0.0000E+00
   33.340   0.0000E+00
   33.350   0.0000E+00
   33.360   0.0000E+00
   33.370   0.0000E+00
   33.380   0.0000E+00
   33.390   0.0000E+00
   33.400   0.0000E+00
   33.410   0.0000E+00
   33.420   0.0000E+00
   33.430   0.0000E+00
   33.440   0.0000E+00
   33.450   0.0000E+00
   33.460   0.0000E+00
   33.470   0.0000E+00
   33.480   0.0000E+00
   33.490   0.0000E+00
   33.500   0.0000E+00
   33.510   0.0000E+00
   33.520   0.0000E+00
   33.530   0.0000E+00
   33.540   0.0000E+00
   33.550   0.0000E+00
   33.560   0.0000E+00
   33.570   0.0000E+00
   33.580   0.0000E+00
   33.590   0.0000E+00
   33.600   0.0000E+00
   33.610   0.0000E+00
   33.620   0.0000E+00
   33.630   0.0000E+00
   33.640   0.0000E+00
   33.650   0.0000E+00
   33.660   0.0000E+00
   33.670   0.0000E+00
   33.680   0.0000E+00
   33.690   0.0000E+00
   33.700   0.0000E+00
   33.710   0.0000E+00
   33.720   0.0000E+00
   33.730   0.0000E+00
   33.740   0.0000E+00
   33.750   0.0000E+00
   33.760   0.0000E+00
   33.770   0.0000E+00
   33.780   0.0000E+00
   33.790   0.0000E+00
   33.800   0.0000E+00
   33.810   0.0000E+00
   33.820   0.0000E+00
   33.830   0.0000E+00
   33.840   0.0000E+00
   33.850   0.0000E+00
   33.860   0.0000E+00
   33.870   0.0000E+00
   33.880   0.0000E+00
   33.890   0.0000E+00
   33.900   0.0000E+00
   33.910   0.0000E+00
   33.920   0.0000E+00
   33.930   0.0000E+00
   33.940   0.0000E+00
   33.950   0.0000E+00
   33.960   0.0000E+00
   33.970   0.0000E+00
   33.980   0.0000E+00
   33.990   0.0000E+00
   34.000   0.0000E+00
   34.010   0.0000E+00
   34.020   0.0000E+00
   34.030   0.0000E+00
   34.040   0.0000E+00
   34.050   0.0000E+00
   34.060   0.0000E+00
   34.070   0.0000E+00
   34.080   0.0000E+00
   34.090   0.0000E+00
   34.100   0.0000E+00
   34.110   0.0000E+00
   34.120   0.0000E+00
   34.130   0.0000E+00
   34.140   0.0000E+00
   34.150   0.0000E+00
   34.160   0.0000E+00
   34.170   0.0000E+00
   34.180   0.0000E+00
   34.190   0.0000E+00
   34.200   0.0000E+00
   34.210   0.0000E+00
   34.220   0.0000E+00
   34.230   0.0000E+00
   34.240   0.0000E+00
   34.250   0.0000E+00
   34.260   0.0000E+00
   34.270   0.0000E+00
   34.280   0.0000E+00
   34.290   0.0000E+00
   34.300   0.0000E+00
   34.310   0.0000E+00
   34.320   0.0000E+00
   34.330   0.0000E+00
   34.340   0.0000E+00
   34.350   0.0000E+00
   34.360   0.0000E+00
   34.370   0.0000E+00
   34.380   0.0000E+00
   34.390   0.0000E+00
   34.400   0.0000E+00
   34.410   0.0000E+00
   34.420   0.0000E+00
   34.430   0.0000E+00
   34.440   0.0000E+00
   34.450   0.0000E+00
   34.460   0.0000E+00
   34.470   0.0000E+00
   34.480   0.0000E+00
   34.490   0.0000E+00
   34.500   0.0000E+00
   34.510   0.0000E+00
   34.520   0.0000E+00
   34.530   0.0000E+00
   34.540   0.0000E+00
   34.550   0.0000E+00
   34.560   0.0000E+00
   34.570   0.0000E+00
   34.580   0.0000E+00
   34.590   0.0000E+00
   34.600   0.0000E+00
   34.610   0.0000E+00
   34.620   0.0000E+00
   34.630   0.0000E+00
   34.640   0.0000E+00
   34.650   0.0000E+00
   34.660   0.0000E+00
   34.670   0.0000E+00
   34.680   0.0000E+00
   34.690   0.0000E+00
   34.700   0.0000E+00
   34.710   0.0000E+00
   34.720   0.0000E+00
   34.730   0.0000E+00
   34.740   0.0000E+00
   34.750   0.0000E+00
   34.760   0.0000E+00
   34.770   0.0000E+00
   34.780   0.0000E+00
   34.790   0.0000E+00
   34.800   0.0000E+00
   34.810   0.0000E+00
   34.820   0.0000E+00
   34.830   0.0000E+00
   34.840   0.0000E+00
   34.850   0.0000E+00
   34.860   0.0000E+00
   34.870   0.0000E+00
   34.880   0.0000E+00
   34.890   0.0000E+00
   34.900   0.0000E+00
   34.910   0.0000E+00
   34.920   0.0000E+00
   34.930   0.0000E+00
   34.940   0.0000E+00
   34.950   0.0000E+00
   34.960   0.0000E+00
   34.970   0.0000E+00
   34.980   0.0000E+00
   34.990   0.0000E+00
   35.000   0.0000E+00
   35.010   0.0000E+00
   35.020   0.0000E+00
   35.030   0.0000E+00
   35.040   0.0000E+00
   35.050   0.0000E+00
   35.060   0.0000E+00
   35.070   0.0000E+00
   35.080   0.0000E+00
   35.090   0.0000E+00
   35.100   0.0000E+00
   35.110   0.0000E+00
   35.120   0.0000E+00
   35.130   0.0000E+00
   35.140   0.0000E+00
   35.150   0.0000E+00
   35.160   0.0000E+00
   35.170   0.0000E+00
   35.180   0.0000E+00
   35.190   0.0000E+00
   35.200   0.0000E+00
   35.210   0.0000E+00
   35.220   0.0000E+00
   35.230   0.0000E+00
   35.240   0.0000E+00
   35.250   0.0000E+00
   35.260   0.0000E+00
   35.270   0.0000E+00
   35.280   0.0000E+00
   35.290   0.0000E+00
   35.300   0.0000E+00
   35.310   0.0000E+00
   35.320   0.0000E+00
   35.330   0.0000E+00
   35.340   0.0000E+00
   35.350   0.0000E+00
   35.360   0.0000E+00
   35.370   0.0000E+00
   35.380   0.0000E+00
   35.390   0.0000E+00
   35.400   0.0000E+00
   35.410   0.0000E+00
   35.420   0.0000E+00
   35.430   0.0000E+00
   35.440   0.0000E+00
   35.450   0.0000E+00
   35.460   0.0000E+00
   35.470   0.0000E+00
   35.480   0.0000E+00
   35.490   0.0000E+00
   35.500   0.0000E+00
   35.510   0.0000E+00
   35.520   0.0000E+00
   35.530   0.0000E+00
   35.540   0.0000E+00
   35.550   0.0000E+00
   35.560   0.0000E+00
   35.570   0.0000E+00
   35.580   0.0000E+00
   35.590   0.0000E+00
   35.600   0.0000E+00
   35.610   0.0000E+00
   35.620   0.0000E+00
   35.630   0.0000E+00
   35.640   0.0000E+00
   35.650   0.0000E+00
   35.660   0.0000E+00
   35.670   0.0000E+00
   35.680   0.0000E+00
   35.690   0.0000E+00
   35.700   0.0000E+00
   35.710   0.0000E+00
   35.720   0.0000E+00
   35.730   0.0000E+00
   35.740   0.0000E+00
   35.750   0.0000E+00
   35.760   0.0000E+00
   35.770   0.0000E+00
   35.780   0.0000E+00
   35.790   0.0000E+00
   35.800   0.0000E+00
   35.810   0.0000E+00
   35.820   0.0000E+00
   35.830   0.0000E+00
   35.840   0.0000E+00
   35.850   0.0000E+00
   35.860   0.0000E+00
   35.870   0.0000E+00
   35.880   0.0000E+00
   35.890   0.0000E+00
   35.900   0.0000E+00
   35.910   0.0000E+00
   35.920   0.0000E+00
   35.930   0.0000E+00
   35.940   0.0000E+00
   35.950   0.0000E+00
   35.960   0.0000E+00
   35.970   0.0000E+00
   35.980   0.0000E+00
   35.990   0.0000E+00
   36.000   0.0000E+00
   36.010   0.0000E+00
   36.020   0.0000E+00
   36.030   0.0000E+00
   36.040   0.0000E+00
   36.050   0.0000E+00
   36.060   0.0000E+00
   36.070   0.0000E+00
   36.080   0.0000E+00
   36.090   0.0000E+00
   36.100   0.0000E+00
   36.110   0.0000E+00
   36.120   0.0000E+00
   36.130   0.0000E+00
   36.140   0.0000E+00
   36.150   0.0000E+00
   36.160   0.0000E+00
   36.170   0.0000E+00
   36.180   0.0000E+00
   36.190   0.0000E+00
   36.200   0.0000E+00
   36.210   0.0000E+00
   36.220   0.0000E+00
   36.230   0.0000E+00
   36.240   0.0000E+00
   36.250   0.0000E+00
   36.260   0.0000E+00
   36.270   0.0000E+00
   36.280   0.0000E+00
   36.290   0.0000E+00
   36.300   0.0000E+00
   36.310   0.0000E+00
   36.320   0.0000E+00
   36.330   0.0000E+00
   36.340   0.0000E+00
   36.350   0.0000E+00
   36.360   0.0000E+00
   36.370   0.0000E+00
   36.380   0.0000E+00
   36.390   0.0000E+00
   36.400   0.0000E+00
   36.410   0.0000E+00
   36.420   0.0000E+00
   36.430   0.0000E+00
   36.440   0.0000E+00
   36.450   0.0000E+00
   36.460   0.0000E+00
   36.470   0.0000E+00
   36.480   0.0000E+00
   36.490   0.0000E+00
   36.500   0.0000E+00
   36.510   0.0000E+00
   36.520   0.0000E+00
   36.530   0.0000E+00
   36.540   0.0000E+00
   36.550   0.0000E+00
   36.560   0.0000E+00
   36.570   0.0000E+00
   36.580   0.0000E+00
   36.590   0.0000E+00
   36.600   0.0000E+00
   36.610   0.0000E+00
   36.620   0.0000E+00
   36.630   0.0000E+00
   36.640   0.0000E+00
   36.650   0.0000E+00
   36.660   0.0000E+00
   36.670   0.0000E+00
   36.680   0.0000E+00
   36.690   0.0000E+00
   36.700   0.0000E+00
   36.710   0.0000E+00
   36.720   0.0000E+00
   36.730   0.0000E+00
   36.740   0.0000E+00
   36.750   0.0000E+00
   36.760   0.0000E+00
   36.770   0.0000E+00
   36.780   0.0000E+00
   36.790   0.0000E+00
   36.800   0.0000E+00
   36.810   0.0000E+00
   36.820   0.0000E+00
   36.830   0.0000E+00
   36.840   0.0000E+00
   36.850   0.0000E+00
   36.860   0.0000E+00
   36.870   0.0000E+00
   36.880   0.0000E+00
   36.890   0.0000E+00
   36.900   0.0000E+00
   36.910   0.0000E+00
   36.920   0.0000E+00
   36.930   0.0000E+00
   36.940   0.0000E+00
   36.950   0.0000E+00
   36.960   0.0000E+00
   36.970   0.0000E+00
   36.980   0.0000E+00
   36.990   0.0000E+00
   37.000   0.0000E+00
   37.010   0.0000E+00
   37.020   0.0000E+00
   37.030   0.0000E+00
   37.040   0.0000E+00
   37.050   0.0000E+00
   37.060   0.0000E+00
   37.070   0.0000E+00
   37.080   0.0000E+00
   37.090   0.0000E+00
   37.100   0.0000E+00
   37.110   0.0000E+00
   37.120   0.0000E+00
   37.130   0.0000E+00
   37.140   0.0000E+00
   37.150   0.0000E+00
   37.160   0.0000E+00
   37.170   0.0000E+00
   37.180   0.0000E+00
   37.190   0.0000E+00
   37.200   0.0000E+00
   37.210   0.0000E+00
   37.220   0.0000E+00
   37.230   0.0000E+00
   37.240   0.0000E+00
   37.250   0.0000E+00
   37.260   0.0000E+00
   37.270   0.0000E+00
   37.280   0.0000E+00
   37.290   0.0000E+00
   37.300   0.0000E+00
   37.310   0.0000E+00
   37.320   0.0000E+00
   37.330   0.0000E+00
   37.340   0.0000E+00
   37.350   0.0000E+00
   37.360   0.0000E+00
   37.370   0.0000E+00
   37.380   0.0000E+00
   37.390   0.0000E+00
   37.400   0.0000E+00
   37.410   0.0000E+00
   37.420   0.0000E+00
   37.430   0.0000E+00
   37.440   0.0000E+00
   37.450   0.0000E+00
   37.460   0.0000E+00
   37.470   0.0000E+00
   37.480   0.0000E+00
   37.490   0.0000E+00
   37.500   0.0000E+00
   37.510   0.0000E+00
   37.520   0.0000E+00
   37.530   0.0000E+00
   37.540   0.0000E+00
   37.550   0.0000E+00
   37.560   0.0000E+00
   37.570   0.0000E+00
   37.580   0.0000E+00
   37.590   0.0000E+00
   37.600   0.0000E+00
   37.610   0.0000E+00
   37.620   0.0000E+00
   37.630   0.0000E+00
   37.640   0.0000E+00
   37.650   0.0000E+00
   37.660   0.0000E+00
   37.670   0.0000E+00
   37.680   0.0000E+00
   37.690   0.0000E+00
   37.700   0.0000E+00
   37.710   0.0000E+00
   37.720   0.0000E+00
   37.730   0.0000E+00
   37.740   0.0000E+00
   37.750   0.0000E+00
   37.760   0.0000E+00
   37.770   0.0000E+00
   37.780   0.0000E+00
   37.790   0.0000E+00
   37.800   0.0000E+00
   37.810   0.0000E+00
   37.820   0.0000E+00
   37.830   0.0000E+00
   37.840   0.0000E+00
   37.850   0.0000E+00
   37.860   0.0000E+00
   37.870   0.0000E+00
   37.880   0.0000E+00
   37.890   0.0000E+00
   37.900   0.0000E+00
   37.910   0.0000E+00
   37.920   0.0000E+00
   37.930   0.0000E+00
   37.940   0.0000E+00
   37.950   0.0000E+00
   37.960   0.0000E+00
   37.970   0.0000E+00
   37.980   0.0000E+00
   37.990   0.0000E+00
   38.000   0.0000E+00
   38.010   0.0000E+00
   38.020   0.0000E+00
   38.030   0.0000E+00
   38.040   0.0000E+00
   38.050   0.0000E+00
   38.060   0.0000E+00
   38.070   0.0000E+00
   38.080   0.0000E+00
   38.090   0.0000E+00
   38.100   0.0000E+00
   38.110   0.0000E+00
   38.120   0.0000E+00
   38.130   0.0000E+00
   38.140   0.0000E+00
   38.150   0.0000E+00
   38.160   0.0000E+00
   38.170   0.0000E+00
   38.180   0.0000E+00
   38.190   0.0000E+00
   38.200   0.0000E+00
   38.210   0.0000E+00
   38.220   0.0000E+00
   38.230   0.0000E+00
   38.240   0.0000E+00
   38.250   0.0000E+00
   38.260   0.0000E+00
   38.270   0.0000E+00
   38.280   0.0000E+00
   38.290   0.0000E+00
   38.300   0.0000E+00
   38.310   0.0000E+00
   38.320   0.0000E+00
   38.330   0.0000E+00
   38.340   0.0000E+00
   38.350   0.0000E+00
   38.360   0.0000E+00
   38.370   0.0000E+00
   38.380   0.0000E+00
   38.390   0.0000E+00
   38.400   0.0000E+00
   38.410   0.0000E+00
   38.420   0.0000E+00
   38.430   0.0000E+00
   38.440   0.0000E+00
   38.450   0.0000E+00
   38.460   0.0000E+00
   38.470   0.0000E+00
   38.480   0.0000E+00
   38.490   0.0000E+00
   38.500   0.0000E+00
   38.510   0.0000E+00
   38.520   0.0000E+00
   38.530   0.0000E+00
   38.540   0.0000E+00
   38.550   0.0000E+00
   38.560   0.0000E+00
   38.570   0.0000E+00
   38.580   0.0000E+00
   38.590   0.0000E+00
   38.600   0.0000E+00
   38.610   0.0000E+00
   38.620   0.0000E+00
   38.630   0.0000E+00
   38.640   0.0000E+00
   38.650   0.0000E+00
   38.660   0.0000E+00
   38.670   0.0000E+00
   38.680   0.0000E+00
   38.690   0.0000E+00
   38.700   0.0000E+00
   38.710   0.0000E+00
   38.720   0.0000E+00
   38.730   0.0000E+00
   38.740   0.0000E+00
   38.750   0.0000E+00
   38.760   0.0000E+00
   38.770   0.0000E+00
   38.780   0.0000E+00
   38.790   0.0000E+00
   38.800   0.0000E+00
   38.810   0.0000E+00
   38.820   0.0000E+00
   38.830   0.0000E+00
   38.840   0.0000E+00
   38.850   0.0000E+00
   38.860   0.0000E+00
   38.870   0.0000E+00
   38.880   0.0000E+00
   38.890   0.0000E+00
   38.900   0.0000E+00
   38.910   0.0000E+00
   38.920   0.0000E+00
   38.930   0.0000E+00
   38.940   0.0000E+00
   38.950   0.0000E+00
   38.960   0.0000E+00
   38.970   0.0000E+00
   38.980   0.0000E+00
   38.990   0.0000E+00
   39.000   0.0000E+00
   39.010   0.0000E+00
   39.020   0.0000E+00
   39.030   0.0000E+00
   39.040   0.0000E+00
   39.050   0.0000E+00
   39.060   0.0000E+00
   39.070   0.0000E+00
   39.080   0.0000E+00
   39.090   0.0000E+00
   39.100   0.0000E+00
   39.110   0.0000E+00
   39.120   0.0000E+00
   39.130   0.0000E+00
   39.140   0.0000E+00
   39.150   0.0000E+00
   39.160   0.0000E+00
   39.170   0.0000E+00
   39.180   0.0000E+00
   39.190   0.0000E+00
   39.200   0.0000E+00
   39.210   0.0000E+00
   39.220   0.0000E+00
   39.230   0.0000E+00
   39.240   0.0000E+00
   39.250   0.0000E+00
   39.260   0.0000E+00
   39.270   0.0000E+00
   39.280   0.0000E+00
   39.290   0.0000E+00
   39.300   0.0000E+00
   39.310   0.0000E+00
   39.320   0.0000E+00
   39.330   0.0000E+00
   39.340   0.0000E+00
   39.350   0.0000E+00
   39.360   0.0000E+00
   39.370   0.0000E+00
   39.380   0.0000E+00
   39.390   0.0000E+00
   39.400   0.0000E+00
   39.410   0.0000E+00
   39.420   0.0000E+00
   39.430   0.0000E+00
   39.440   0.0000E+00
   39.450   0.0000E+00
   39.460   0.0000E+00
   39.470   0.0000E+00
   39.480   0.0000E+00
   39.490   0.0000E+00
   39.500   0.0000E+00
   39.510   0.0000E+00
   39.520   0.0000E+00
   39.530   0.0000E+00
   39.540   0.0000E+00
   39.550   0.0000E+00
   39.560   0.0000E+00
   39.570   0.0000E+00
   39.580   0.0000E+00
   39.590   0.0000E+00
   39.600   0.0000E+00
   39.610   0.0000E+00
   39.620   0.0000E+00
   39.630   0.0000E+00
   39.640   0.0000E+00
   39.650   0.0000E+00
   39.660   0.0000E+00
   39.670   0.0000E+00
   39.680   0.0000E+00
   39.690   0.0000E+00
   39.700   0.0000E+00
   39.710   0.0000E+00
   39.720   0.0000E+00
   39.730   0.0000E+00
   39.740   0.0000E+00
   39.750   0.0000E+00
   39.760   0.0000E+00
   39.770   0.0000E+00
   39.780   0.0000E+00
   39.790   0.0000E+00
   39.800   0.0000E+00
   39.810   0.0000E+00
   39.820   0.0000E+00
   39.830   0.0000E+00
   39.840   0.0000E+00
   39.850   0.0000E+00
   39.860   0.0000E+00
   39.870   0.0000E+00
   39.880   0.0000E+00
   39.890   0.0000E+00
   39.900   0.0000E+00
   39.910   0.0000E+00
   39.920   0.0000E+00
   39.930   0.0000E+00
   39.940   0.0000E+00
   39.950   0.0000E+00
   39.960   0.0000E+00
   39.970   0.0000E+00
   39.980   0.0000E+00
   39.990   0.0000E+00
   40.000   0.0000E+00
   40.010   0.0000E+00
   40.020   0.0000E+00
   40.030   0.0000E+00
   40.040   0.0000E+00
   40.050   0.0000E+00
   40.060   0.0000E+00
   40.070   0.0000E+00
   40.080   0.0000E+00
   40.090   0.0000E+00
   40.100   0.0000E+00
   40.110   0.0000E+00
   40.120   0.0000E+00
   40.130   0.0000E+00
   40.140   0.0000E+00
   40.150   0.0000E+00
   40.160   0.0000E+00
   40.170   0.0000E+00
   40.180   0.0000E+00
   40.190   0.0000E+00
   40.200   0.0000E+00
   40.210   0.0000E+00
   40.220   0.0000E+00
   40.230   0.0000E+00
   40.240   0.0000E+00
   40.250   0.0000E+00
   40.260   0.0000E+00
   40.270   0.0000E+00
   40.280   0.0000E+00
   40.290   0.0000E+00
   40.300   0.0000E+00
   40.310   0.0000E+00
   40.320   0.0000E+00
   40.330   0.0000E+00
   40.340   0.0000E+00
   40.350   0.0000E+00
   40.360   0.0000E+00
   40.370   0.0000E+00
   40.380   0.0000E+00
   40.390   0.0000E+00
   40.400   0.0000E+00
   40.410   0.0000E+00
   40.420   0.0000E+00
   40.430   0.0000E+00
   40.440   0.0000E+00
   40.450   0.0000E+00
   40.460   0.0000E+00
   40.470   0.0000E+00
   40.480   0.0000E+00
   40.490   0.0000E+00
   40.500   0.0000E+00
   40.510   0.0000E+00
   40.520   0.0000E+00
   40.530   0.0000E+00
   40.540   0.0000E+00
   40.550   0.0000E+00
   40.560   0.0000E+00
   40.570   0.0000E+00
   40.580   0.0000E+00
   40.590   0.0000E+00
   40.600   0.0000E+00
   40.610   0.0000E+00
   40.620   0.0000E+00
   40.630   0.0000E+00
   40.640   0.0000E+00
   40.650   0.0000E+00
   40.660   0.0000E+00
   40.670   0.0000E+00
   40.680   0.0000E+00
   40.690   0.0000E+00
   40.700   0.0000E+00
   40.710   0.0000E+00
   40.720   0.0000E+00
   40.730   0.0000E+00
   40.740   0.0000E+00
   40.750   0.0000E+00
   40.760   0.0000E+00
   40.770   0.0000E+00
   40.780   0.0000E+00
   40.790   0.0000E+00
   40.800   0.0000E+00
   40.810   0.0000E+00
   40.820   0.0000E+00
   40.830   0.0000E+00
   40.840   0.0000E+00
   40.850   0.0000E+00
   40.860   0.0000E+00
   40.870   0.0000E+00
   40.880   0.0000E+00
   40.890   0.0000E+00
   40.900   0.0000E+00
   40.910   0.0000E+00
   40.920   0.0000E+00
   40.930   0.0000E+00
   40.940   0.0000E+00
   40.950   0.0000E+00
