**********************************************
*******  Acceleration Time Series ************
*** Site #   1
*** trial   10
Input Parameters file =  aqv_0604__parameters.out                                                                                                
  4096 samples
dt:  0.010 sec
data format: (1x,f8.3,1p,2x,e11.4)
maximum absolute acceleration: 285.92
fault Dis.(km)=    6.43
Hypo  Dis.(km)=   12.05
  time(s) acc(cm/s**2)
    0.000   0.0000E+00
    0.010   0.0000E+00
    0.020   0.0000E+00
    0.030   0.0000E+00
    0.040   0.0000E+00
    0.050   0.0000E+00
    0.060   0.0000E+00
    0.070   0.0000E+00
    0.080   0.0000E+00
    0.090   0.0000E+00
    0.100   0.0000E+00
    0.110   0.0000E+00
    0.120   0.0000E+00
    0.130   0.0000E+00
    0.140   0.0000E+00
    0.150  -6.0860E-01
    0.160  -6.2201E-01
    0.170  -6.1622E-01
    0.180  -5.9356E-01
    0.190  -5.5666E-01
    0.200  -5.1454E-01
    0.210  -4.7843E-01
    0.220  -4.5235E-01
    0.230  -4.3176E-01
    0.240  -4.1177E-01
    0.250  -3.9201E-01
    0.260  -3.7187E-01
    0.270  -3.4464E-01
    0.280  -2.9978E-01
    0.290  -2.2982E-01
    0.300  -1.3420E-01
    0.310  -1.9604E-02
    0.320   9.9515E-02
    0.330   2.0289E-01
    0.340   2.7308E-01
    0.350   3.0533E-01
    0.360   3.0765E-01
    0.370   2.9151E-01
    0.380   2.6541E-01
    0.390   2.3714E-01
    0.400   2.1519E-01
    0.410   2.0223E-01
    0.420   1.8965E-01
    0.430   1.6431E-01
    0.440   1.2043E-01
    0.450   6.0925E-02
    0.460  -1.1542E-02
    0.470  -9.7461E-02
    0.480  -1.9251E-01
    0.490  -3.0591E-01
    0.500  -3.9439E-01
    0.510  -4.7683E-01
    0.520  -5.6027E-01
    0.530  -6.4345E-01
    0.540  -7.1470E-01
    0.550  -7.6336E-01
    0.560  -7.8675E-01
    0.570  -7.8468E-01
    0.580  -7.5475E-01
    0.590  -6.9753E-01
    0.600  -6.2115E-01
    0.610  -5.3400E-01
    0.620  -4.3428E-01
    0.630  -3.1159E-01
    0.640  -1.5784E-01
    0.650   2.7084E-02
    0.660   2.3756E-01
    0.670   5.7798E-01
    0.680   7.9209E-01
    0.690   9.6385E-01
    0.700   1.0783E+00
    0.710   1.1368E+00
    0.720   1.1506E+00
    0.730   1.1347E+00
    0.740   1.1062E+00
    0.750   1.0785E+00
    0.760   1.0501E+00
    0.770   1.0038E+00
    0.780   8.4024E-01
    0.790   8.5787E-01
    0.800   7.8028E-01
    0.810   6.8916E-01
    0.820   5.8490E-01
    0.830   4.6762E-01
    0.840   3.4922E-01
    0.850   3.1500E-01
    0.860   2.5389E-01
    0.870   1.7238E-01
    0.880   6.7148E-02
    0.890  -5.0973E-02
    0.900  -1.7415E-01
    0.910  -2.9893E-01
    0.920  -4.1156E-01
    0.930  -4.8921E-01
    0.940  -5.2304E-01
    0.950  -5.2982E-01
    0.960  -5.3353E-01
    0.970  -5.4491E-01
    0.980  -5.6547E-01
    0.990  -5.9922E-01
    1.000  -6.4578E-01
    1.010  -6.1711E-01
    1.020  -6.2784E-01
    1.030  -6.0658E-01
    1.040  -5.5582E-01
    1.050  -4.6580E-01
    1.060  -3.0363E-01
    1.070  -1.1662E-01
    1.080   9.8945E-02
    1.090   2.9751E-01
    1.100   4.4030E-01
    1.110   5.0015E-01
    1.120   4.6223E-01
    1.130   3.3788E-01
    1.140   1.6990E-01
    1.150   7.4106E-03
    1.160   8.8562E-02
    1.170  -4.3485E-02
    1.180  -1.2877E-01
    1.190  -1.5503E-01
    1.200  -1.4332E-01
    1.210  -1.4691E-01
    1.220  -2.0874E-01
    1.230  -3.2903E-01
    1.240  -5.7553E-01
    1.250  -1.0678E+00
    1.260  -1.1909E+00
    1.270  -1.3779E+00
    1.280  -1.6402E+00
    1.290  -2.1584E+00
    1.300  -2.0272E+00
    1.310  -1.8658E+00
    1.320  -1.6957E+00
    1.330  -1.5319E+00
    1.340  -1.3771E+00
    1.350  -1.2037E+00
    1.360  -1.1083E+00
    1.370  -8.2825E-01
    1.380  -4.4099E-01
    1.390   1.0836E-02
    1.400   4.7878E-01
    1.410   8.3798E-01
    1.420   1.2864E+00
    1.430   1.8652E+00
    1.440   2.3066E+00
    1.450   2.4680E+00
    1.460   2.3583E+00
    1.470   2.3690E+00
    1.480   2.3573E+00
    1.490   2.3376E+00
    1.500   2.3331E+00
    1.510   2.3688E+00
    1.520   2.4380E+00
    1.530   2.4807E+00
    1.540   2.4031E+00
    1.550   2.1276E+00
    1.560   1.6398E+00
    1.570   7.2964E-01
    1.580  -7.8424E-02
    1.590  -7.8564E-01
    1.600  -1.3940E+00
    1.610  -1.9605E+00
    1.620  -2.4112E+00
    1.630  -2.7058E+00
    1.640  -2.8119E+00
    1.650  -3.6700E+00
    1.660  -3.5362E+00
    1.670  -3.2798E+00
    1.680  -2.9659E+00
    1.690  -2.6473E+00
    1.700  -2.3315E+00
    1.710  -1.9805E+00
    1.720  -1.5445E+00
    1.730  -9.8927E-01
    1.740  -4.1026E-01
    1.750   4.1198E-01
    1.760   1.3451E+00
    1.770   2.9595E+00
    1.780   3.8215E+00
    1.790   4.4347E+00
    1.800   4.7697E+00
    1.810   4.8436E+00
    1.820   4.7694E+00
    1.830   4.5958E+00
    1.840   4.4030E+00
    1.850   4.0872E+00
    1.860   4.0201E+00
    1.870   4.0434E+00
    1.880   4.1164E+00
    1.890   4.1772E+00
    1.900   4.2125E+00
    1.910   3.9762E+00
    1.920   3.4353E+00
    1.930   2.6601E+00
    1.940   1.8182E+00
    1.950   1.0432E+00
    1.960   3.8120E-01
    1.970  -3.5209E-01
    1.980  -1.0788E+00
    1.990  -1.7877E+00
    2.000  -2.4353E+00
    2.010  -2.9671E+00
    2.020  -3.3370E+00
    2.030  -3.5377E+00
    2.040  -3.6140E+00
    2.050  -3.6253E+00
    2.060  -3.5861E+00
    2.070  -3.4364E+00
    2.080  -3.1623E+00
    2.090  -2.5572E+00
    2.100  -1.7472E+00
    2.110  -8.5787E-01
    2.120   3.0547E-01
    2.130   1.4790E+00
    2.140   2.5970E+00
    2.150   3.4961E+00
    2.160   4.2244E+00
    2.170   4.6752E+00
    2.180   4.7694E+00
    2.190   4.4957E+00
    2.200   3.9608E+00
    2.210   3.3316E+00
    2.220   2.6953E+00
    2.230   2.0957E+00
    2.240   1.6316E+00
    2.250   1.2346E+00
    2.260   1.0605E+00
    2.270   9.1940E-01
    2.280   6.9717E-01
    2.290   3.0371E-01
    2.300  -7.9152E-02
    2.310  -8.6262E-01
    2.320  -1.7391E+00
    2.330  -2.5819E+00
    2.340  -3.3178E+00
    2.350  -3.7810E+00
    2.360  -4.6361E+00
    2.370  -5.7233E+00
    2.380  -6.0773E+00
    2.390  -6.2735E+00
    2.400  -6.4155E+00
    2.410  -6.5343E+00
    2.420  -6.5835E+00
    2.430  -6.4830E+00
    2.440  -6.1920E+00
    2.450  -5.7188E+00
    2.460  -5.0840E+00
    2.470  -4.3122E+00
    2.480  -3.4569E+00
    2.490  -2.5918E+00
    2.500  -1.7587E+00
    2.510  -9.3551E-01
    2.520  -7.2952E-02
    2.530   8.3729E-01
    2.540   1.7216E+00
    2.550   2.4386E+00
    2.560   2.8468E+00
    2.570   2.8841E+00
    2.580   2.6050E+00
    2.590   2.1450E+00
    2.600   1.6444E+00
    2.610   1.1917E+00
    2.620   8.0351E-01
    2.630   4.1642E-01
    2.640   3.1070E-02
    2.650  -9.2701E-01
    2.660  -1.9665E+00
    2.670  -3.0696E+00
    2.680  -4.5978E+00
    2.690  -5.4045E+00
    2.700  -6.0244E+00
    2.710  -6.4814E+00
    2.720  -6.7501E+00
    2.730  -6.8072E+00
    2.740  -6.6837E+00
    2.750  -6.4281E+00
    2.760  -5.9616E+00
    2.770  -5.4391E+00
    2.780  -4.7777E+00
    2.790  -4.1385E+00
    2.800  -3.5393E+00
    2.810  -3.0422E+00
    2.820  -2.1646E+00
    2.830  -1.1666E+00
    2.840  -8.0439E-02
    2.850   1.1067E+00
    2.860   2.6128E+00
    2.870   4.0267E+00
    2.880   5.8310E+00
    2.890   6.6209E+00
    2.900   7.3905E+00
    2.910   7.9155E+00
    2.920   7.5000E+00
    2.930   7.5203E+00
    2.940   7.3913E+00
    2.950   7.3325E+00
    2.960   7.4985E+00
    2.970   7.7547E+00
    2.980   7.8149E+00
    2.990   7.4398E+00
    3.000   6.2899E+00
    3.010   4.8672E+00
    3.020   2.9489E+00
    3.030   1.1054E+00
    3.040  -5.8054E-01
    3.050  -2.2613E+00
    3.060  -3.8136E+00
    3.070  -5.1079E+00
    3.080  -6.0151E+00
    3.090  -6.5813E+00
    3.100  -6.7768E+00
    3.110  -6.5811E+00
    3.120  -6.1882E+00
    3.130  -5.6342E+00
    3.140  -5.1164E+00
    3.150  -4.6237E+00
    3.160  -4.0384E+00
    3.170  -3.2692E+00
    3.180  -2.2797E+00
    3.190  -9.3140E-01
    3.200   5.2047E-01
    3.210   2.1547E+00
    3.220   3.8070E+00
    3.230   5.2852E+00
    3.240   6.4350E+00
    3.250   7.2171E+00
    3.260   7.4515E+00
    3.270   7.1970E+00
    3.280   6.4078E+00
    3.290   5.5045E+00
    3.300   4.1767E+00
    3.310   3.2313E+00
    3.320   2.5673E+00
    3.330   2.2622E+00
    3.340   2.2018E+00
    3.350   2.0639E+00
    3.360   1.6845E+00
    3.370   1.1077E+00
    3.380   3.6595E-01
    3.390  -3.5001E-01
    3.400  -9.3915E-01
    3.410  -1.5999E+00
    3.420  -2.4617E+00
    3.430  -3.6412E+00
    3.440  -4.6505E+00
    3.450  -5.9023E+00
    3.460  -7.4072E+00
    3.470  -8.9654E+00
    3.480  -1.0405E+01
    3.490  -1.1724E+01
    3.500  -1.2869E+01
    3.510  -1.3860E+01
    3.520  -1.4397E+01
    3.530  -1.4190E+01
    3.540  -1.3049E+01
    3.550  -1.0950E+01
    3.560  -8.1361E+00
    3.570  -5.1418E+00
    3.580  -2.3906E+00
    3.590  -2.3446E-01
    3.600   1.1772E+00
    3.610   2.0362E+00
    3.620   2.4572E+00
    3.630   2.6061E+00
    3.640   2.7402E+00
    3.650   3.0537E+00
    3.660   3.4508E+00
    3.670   4.0417E+00
    3.680   4.7478E+00
    3.690   5.4287E+00
    3.700   6.0270E+00
    3.710   6.5375E+00
    3.720   6.1192E+00
    3.730   5.4862E+00
    3.740   4.7229E+00
    3.750   3.8586E+00
    3.760   3.4751E+00
    3.770   2.4822E+00
    3.780   1.5197E+00
    3.790   1.2015E-01
    3.800  -5.9971E-01
    3.810  -1.2931E+00
    3.820  -1.9311E+00
    3.830  -2.3511E+00
    3.840  -2.5800E+00
    3.850  -2.3938E+00
    3.860  -2.3007E+00
    3.870  -2.3551E+00
    3.880  -2.5096E+00
    3.890  -2.3195E+00
    3.900  -1.7131E+00
    3.910  -3.2753E-01
    3.920   1.8165E+00
    3.930   4.3594E+00
    3.940   6.8525E+00
    3.950   8.8876E+00
    3.960   1.0693E+01
    3.970   1.2369E+01
    3.980   1.3713E+01
    3.990   1.4361E+01
    4.000   1.4131E+01
    4.010   1.3329E+01
    4.020   1.2410E+01
    4.030   1.1855E+01
    4.040   1.1315E+01
    4.050   1.1224E+01
    4.060   1.1446E+01
    4.070   1.1601E+01
    4.080   1.1253E+01
    4.090   1.0088E+01
    4.100   8.0814E+00
    4.110   5.6477E+00
    4.120   3.5331E+00
    4.130   2.0237E+00
    4.140   2.2518E+00
    4.150   2.6665E+00
    4.160   3.1085E+00
    4.170   3.1842E+00
    4.180   2.7883E+00
    4.190   1.8630E+00
    4.200  -8.9375E-01
    4.210  -2.7711E+00
    4.220  -4.4856E+00
    4.230  -6.0239E+00
    4.240  -6.8651E+00
    4.250  -6.9858E+00
    4.260  -6.3897E+00
    4.270  -5.8867E+00
    4.280  -5.5827E+00
    4.290  -5.4751E+00
    4.300  -5.0461E+00
    4.310  -3.9877E+00
    4.320  -2.3932E+00
    4.330  -4.9135E-01
    4.340   1.4286E+00
    4.350   3.4037E+00
    4.360   4.9863E+00
    4.370   5.7149E+00
    4.380   5.5844E+00
    4.390   5.0318E+00
    4.400   4.8255E+00
    4.410   5.4169E+00
    4.420   6.9123E+00
    4.430   8.5947E+00
    4.440   9.6463E+00
    4.450   9.4903E+00
    4.460   7.8568E+00
    4.470   4.7325E+00
    4.480   4.0420E-01
    4.490  -4.5549E+00
    4.500  -9.4906E+00
    4.510  -1.3871E+01
    4.520  -1.7209E+01
    4.530  -1.9226E+01
    4.540  -1.9976E+01
    4.550  -1.9947E+01
    4.560  -1.9780E+01
    4.570  -1.9916E+01
    4.580  -2.0547E+01
    4.590  -2.1669E+01
    4.600  -2.2975E+01
    4.610  -2.3853E+01
    4.620  -2.3800E+01
    4.630  -2.2815E+01
    4.640  -2.1210E+01
    4.650  -1.9156E+01
    4.660  -1.6801E+01
    4.670  -1.4983E+01
    4.680  -1.4410E+01
    4.690  -1.5719E+01
    4.700  -1.8142E+01
    4.710  -2.0211E+01
    4.720  -2.0974E+01
    4.730  -2.0200E+01
    4.740  -1.8512E+01
    4.750  -1.6261E+01
    4.760  -1.4002E+01
    4.770  -1.1309E+01
    4.780  -8.0460E+00
    4.790  -4.6172E+00
    4.800  -1.9512E+00
    4.810  -7.0505E-01
    4.820  -1.1318E+00
    4.830  -2.4159E+00
    4.840  -4.4400E+00
    4.850  -7.2348E+00
    4.860  -1.0698E+01
    4.870  -1.4724E+01
    4.880  -1.8713E+01
    4.890  -2.2557E+01
    4.900  -2.6154E+01
    4.910  -2.9273E+01
    4.920  -3.1702E+01
    4.930  -3.3637E+01
    4.940  -3.5735E+01
    4.950  -3.8603E+01
    4.960  -4.2067E+01
    4.970  -4.5119E+01
    4.980  -4.6524E+01
    4.990  -4.5506E+01
    5.000  -4.1953E+01
    5.010  -3.6267E+01
    5.020  -2.8879E+01
    5.030  -2.0715E+01
    5.040  -1.2718E+01
    5.050  -5.5683E+00
    5.060   3.3084E-01
    5.070   4.6702E+00
    5.080   7.4403E+00
    5.090   9.3861E+00
    5.100   1.1855E+01
    5.110   1.5773E+01
    5.120   2.0771E+01
    5.130   2.6237E+01
    5.140   3.1827E+01
    5.150   3.7835E+01
    5.160   4.2656E+01
    5.170   4.3286E+01
    5.180   4.1016E+01
    5.190   3.9492E+01
    5.200   3.8983E+01
    5.210   3.7600E+01
    5.220   3.7373E+01
    5.230   4.2447E+01
    5.240   5.1753E+01
    5.250   5.9157E+01
    5.260   6.1468E+01
    5.270   5.8238E+01
    5.280   4.9761E+01
    5.290   3.8235E+01
    5.300   2.6140E+01
    5.310   1.5316E+01
    5.320   5.0767E+00
    5.330  -4.8752E+00
    5.340  -1.2398E+01
    5.350  -1.5823E+01
    5.360  -1.5748E+01
    5.370  -1.1458E+01
    5.380  -3.9144E+00
    5.390   3.2078E+00
    5.400   9.4016E+00
    5.410   1.5126E+01
    5.420   2.0880E+01
    5.430   2.4372E+01
    5.440   2.4185E+01
    5.450   2.3295E+01
    5.460   2.3542E+01
    5.470   2.5725E+01
    5.480   3.1105E+01
    5.490   3.9123E+01
    5.500   4.9215E+01
    5.510   5.8960E+01
    5.520   6.5546E+01
    5.530   6.7929E+01
    5.540   6.7034E+01
    5.550   6.2773E+01
    5.560   5.4548E+01
    5.570   4.4703E+01
    5.580   3.3588E+01
    5.590   2.1122E+01
    5.600   7.7946E+00
    5.610  -5.0532E+00
    5.620  -1.5333E+01
    5.630  -2.1838E+01
    5.640  -2.3346E+01
    5.650  -2.2791E+01
    5.660  -2.5082E+01
    5.670  -2.6304E+01
    5.680  -2.0568E+01
    5.690  -1.4243E+01
    5.700  -1.3664E+01
    5.710  -1.5381E+01
    5.720  -1.6084E+01
    5.730  -1.6550E+01
    5.740  -1.8560E+01
    5.750  -2.0395E+01
    5.760  -1.9001E+01
    5.770  -1.6680E+01
    5.780  -1.8357E+01
    5.790  -2.5334E+01
    5.800  -3.4756E+01
    5.810  -4.0790E+01
    5.820  -3.8570E+01
    5.830  -2.7588E+01
    5.840  -1.1172E+01
    5.850   4.0499E+00
    5.860   1.2698E+01
    5.870   1.4031E+01
    5.880   1.5324E+01
    5.890   1.9763E+01
    5.900   2.6143E+01
    5.910   2.9971E+01
    5.920   3.3434E+01
    5.930   3.7275E+01
    5.940   3.9650E+01
    5.950   4.0208E+01
    5.960   3.6135E+01
    5.970   2.8700E+01
    5.980   2.2035E+01
    5.990   1.8310E+01
    6.000   1.8231E+01
    6.010   1.9089E+01
    6.020   1.8750E+01
    6.030   1.6813E+01
    6.040   1.0584E+01
    6.050  -2.3556E+00
    6.060  -1.9298E+01
    6.070  -3.2635E+01
    6.080  -4.1782E+01
    6.090  -4.7799E+01
    6.100  -4.2727E+01
    6.110  -2.4376E+01
    6.120   1.2802E+00
    6.130   2.7725E+01
    6.140   4.7342E+01
    6.150   5.9243E+01
    6.160   6.5996E+01
    6.170   6.6712E+01
    6.180   6.5073E+01
    6.190   6.7501E+01
    6.200   7.1285E+01
    6.210   7.4871E+01
    6.220   7.6723E+01
    6.230   7.9172E+01
    6.240   8.3491E+01
    6.250   9.0730E+01
    6.260   9.8773E+01
    6.270   1.0385E+02
    6.280   1.0437E+02
    6.290   9.6071E+01
    6.300   8.0723E+01
    6.310   6.8475E+01
    6.320   5.9769E+01
    6.330   5.7662E+01
    6.340   6.5393E+01
    6.350   6.9421E+01
    6.360   6.1962E+01
    6.370   4.7713E+01
    6.380   2.6296E+01
    6.390  -2.8030E+00
    6.400  -2.7492E+01
    6.410  -4.0446E+01
    6.420  -5.2397E+01
    6.430  -6.8306E+01
    6.440  -8.0245E+01
    6.450  -8.0641E+01
    6.460  -7.1519E+01
    6.470  -5.7639E+01
    6.480  -4.0866E+01
    6.490  -2.2477E+01
    6.500  -4.9330E+00
    6.510   4.9119E+00
    6.520   6.3039E+00
    6.530   4.0459E+00
    6.540   1.6154E+00
    6.550  -5.2458E+00
    6.560  -2.3835E+01
    6.570  -4.8289E+01
    6.580  -7.2002E+01
    6.590  -8.2794E+01
    6.600  -7.9223E+01
    6.610  -7.1576E+01
    6.620  -5.6765E+01
    6.630  -2.6165E+01
    6.640   1.9742E+01
    6.650   5.8532E+01
    6.660   7.4924E+01
    6.670   7.0158E+01
    6.680   5.5804E+01
    6.690   4.3803E+01
    6.700   3.6829E+01
    6.710   3.7237E+01
    6.720   4.0514E+01
    6.730   3.5611E+01
    6.740   1.3921E+01
    6.750  -1.5030E+01
    6.760  -3.8943E+01
    6.770  -5.6773E+01
    6.780  -7.5315E+01
    6.790  -9.1794E+01
    6.800  -1.0458E+02
    6.810  -1.1353E+02
    6.820  -1.1624E+02
    6.830  -1.1186E+02
    6.840  -1.0305E+02
    6.850  -9.5978E+01
    6.860  -1.0050E+02
    6.870  -1.1391E+02
    6.880  -1.2389E+02
    6.890  -1.2683E+02
    6.900  -1.1443E+02
    6.910  -8.3901E+01
    6.920  -4.7184E+01
    6.930  -2.1962E+01
    6.940  -1.2042E+01
    6.950  -1.2044E+01
    6.960  -2.0235E+01
    6.970  -3.6064E+01
    6.980  -5.4012E+01
    6.990  -6.1379E+01
    7.000  -5.3576E+01
    7.010  -4.3102E+01
    7.020  -3.8475E+01
    7.030  -4.2904E+01
    7.040  -5.2562E+01
    7.050  -5.7221E+01
    7.060  -4.8739E+01
    7.070  -3.2291E+01
    7.080  -2.8896E+01
    7.090  -4.7962E+01
    7.100  -7.3779E+01
    7.110  -8.6833E+01
    7.120  -8.9075E+01
    7.130  -8.6173E+01
    7.140  -8.9295E+01
    7.150  -1.0271E+02
    7.160  -1.2487E+02
    7.170  -1.4704E+02
    7.180  -1.6601E+02
    7.190  -1.7381E+02
    7.200  -1.6555E+02
    7.210  -1.4718E+02
    7.220  -1.2606E+02
    7.230  -1.0889E+02
    7.240  -9.8297E+01
    7.250  -9.4670E+01
    7.260  -9.8388E+01
    7.270  -8.8472E+01
    7.280  -5.0728E+01
    7.290  -4.4488E+00
    7.300   3.4081E+01
    7.310   5.9663E+01
    7.320   7.6434E+01
    7.330   8.6079E+01
    7.340   9.6341E+01
    7.350   1.0120E+02
    7.360   9.2082E+01
    7.370   7.3277E+01
    7.380   6.2967E+01
    7.390   6.7331E+01
    7.400   7.6113E+01
    7.410   9.1323E+01
    7.420   1.0447E+02
    7.430   9.3706E+01
    7.440   5.8387E+01
    7.450   2.1651E+01
    7.460   3.6059E+00
    7.470   5.8619E+00
    7.480   2.5419E+01
    7.490   5.0562E+01
    7.500   7.8904E+01
    7.510   1.1327E+02
    7.520   1.4523E+02
    7.530   1.7053E+02
    7.540   1.7972E+02
    7.550   1.6638E+02
    7.560   1.4567E+02
    7.570   1.3662E+02
    7.580   1.4469E+02
    7.590   1.6230E+02
    7.600   1.6924E+02
    7.610   1.5349E+02
    7.620   1.2422E+02
    7.630   9.3849E+01
    7.640   7.3344E+01
    7.650   5.9935E+01
    7.660   5.0006E+01
    7.670   3.5943E+01
    7.680   2.2165E+01
    7.690   2.4448E+01
    7.700   4.3425E+01
    7.710   6.8431E+01
    7.720   8.4419E+01
    7.730   8.3746E+01
    7.740   7.1128E+01
    7.750   5.3794E+01
    7.760   4.0221E+01
    7.770   2.6687E+01
    7.780   1.3734E+01
    7.790   1.9620E+01
    7.800   4.9853E+01
    7.810   8.2132E+01
    7.820   8.3445E+01
    7.830   4.2976E+01
    7.840  -3.0472E+01
    7.850  -1.1027E+02
    7.860  -1.6879E+02
    7.870  -1.9342E+02
    7.880  -1.8881E+02
    7.890  -1.6736E+02
    7.900  -1.3574E+02
    7.910  -1.0429E+02
    7.920  -7.5081E+01
    7.930  -5.3229E+01
    7.940  -4.9836E+01
    7.950  -6.0723E+01
    7.960  -7.8229E+01
    7.970  -1.0202E+02
    7.980  -1.2161E+02
    7.990  -1.2888E+02
    8.000  -1.2424E+02
    8.010  -1.0860E+02
    8.020  -7.2612E+01
    8.030  -2.2699E+01
    8.040   3.3592E+01
    8.050   9.2749E+01
    8.060   1.4219E+02
    8.070   1.7423E+02
    8.080   1.8844E+02
    8.090   1.8522E+02
    8.100   1.6162E+02
    8.110   1.2690E+02
    8.120   9.9173E+01
    8.130   8.0582E+01
    8.140   7.5479E+01
    8.150   9.3025E+01
    8.160   1.2242E+02
    8.170   1.4890E+02
    8.180   1.5851E+02
    8.190   1.4688E+02
    8.200   1.2041E+02
    8.210   8.2270E+01
    8.220   4.6503E+01
    8.230   2.0686E+01
    8.240   6.4683E-01
    8.250  -1.5702E+01
    8.260  -2.1978E+01
    8.270  -2.2396E+01
    8.280  -1.1405E+01
    8.290   8.1554E+00
    8.300   2.0540E+01
    8.310   2.7974E+01
    8.320   3.5170E+01
    8.330   4.4590E+01
    8.340   4.0737E+01
    8.350   1.7454E+01
    8.360  -8.6849E+00
    8.370  -1.9691E+01
    8.380  -7.9495E+00
    8.390   1.3464E+01
    8.400   3.0730E+01
    8.410   4.5971E+01
    8.420   5.4715E+01
    8.430   5.6332E+01
    8.440   6.2123E+01
    8.450   7.5273E+01
    8.460   8.4855E+01
    8.470   8.1744E+01
    8.480   6.7552E+01
    8.490   4.8700E+01
    8.500   2.8909E+01
    8.510   1.3378E+01
    8.520   9.4488E+00
    8.530   1.5356E+01
    8.540   1.2438E+01
    8.550  -1.4645E+01
    8.560  -6.3957E+01
    8.570  -1.2316E+02
    8.580  -1.7831E+02
    8.590  -2.1229E+02
    8.600  -2.0977E+02
    8.610  -1.7989E+02
    8.620  -1.4101E+02
    8.630  -1.0569E+02
    8.640  -9.0507E+01
    8.650  -9.5846E+01
    8.660  -9.8329E+01
    8.670  -8.7624E+01
    8.680  -7.7543E+01
    8.690  -7.5535E+01
    8.700  -8.6966E+01
    8.710  -1.1420E+02
    8.720  -1.5056E+02
    8.730  -1.7935E+02
    8.740  -1.8286E+02
    8.750  -1.6233E+02
    8.760  -1.2858E+02
    8.770  -9.8575E+01
    8.780  -7.7775E+01
    8.790  -5.4496E+01
    8.800  -2.5260E+01
    8.810   7.7453E+00
    8.820   4.0082E+01
    8.830   5.9214E+01
    8.840   5.9513E+01
    8.850   5.0399E+01
    8.860   3.7060E+01
    8.870   2.7017E+01
    8.880   2.3759E+01
    8.890   2.1331E+01
    8.900   1.9244E+01
    8.910   1.5805E+01
    8.920  -1.0391E+00
    8.930  -3.1484E+01
    8.940  -6.8931E+01
    8.950  -1.0653E+02
    8.960  -1.2961E+02
    8.970  -1.2599E+02
    8.980  -1.1424E+02
    8.990  -1.1134E+02
    9.000  -1.1892E+02
    9.010  -1.3007E+02
    9.020  -1.3263E+02
    9.030  -1.2144E+02
    9.040  -9.8654E+01
    9.050  -7.0121E+01
    9.060  -4.8103E+01
    9.070  -4.6855E+01
    9.080  -5.8730E+01
    9.090  -6.7690E+01
    9.100  -5.8792E+01
    9.110  -2.9463E+01
    9.120   6.2962E+00
    9.130   2.6497E+01
    9.140   2.2809E+01
    9.150   7.8220E-01
    9.160  -2.2023E+01
    9.170  -4.1301E+01
    9.180  -5.3109E+01
    9.190  -4.3935E+01
    9.200  -1.0362E+01
    9.210   2.5209E+01
    9.220   4.2869E+01
    9.230   4.7301E+01
    9.240   5.1565E+01
    9.250   5.5345E+01
    9.260   5.6458E+01
    9.270   6.0725E+01
    9.280   6.0745E+01
    9.290   4.2504E+01
    9.300   1.0126E+01
    9.310  -2.1709E+01
    9.320  -3.5479E+01
    9.330  -2.5687E+01
    9.340  -1.3828E+01
    9.350  -1.1877E+01
    9.360  -2.3206E+01
    9.370  -5.2606E+01
    9.380  -9.0532E+01
    9.390  -1.2703E+02
    9.400  -1.4584E+02
    9.410  -1.3960E+02
    9.420  -1.3218E+02
    9.430  -1.3013E+02
    9.440  -1.1930E+02
    9.450  -9.5234E+01
    9.460  -6.8122E+01
    9.470  -4.2636E+01
    9.480  -1.5255E+01
    9.490   7.3031E+00
    9.500   2.3348E+01
    9.510   3.9862E+01
    9.520   6.0991E+01
    9.530   8.4759E+01
    9.540   1.0677E+02
    9.550   1.3394E+02
    9.560   1.6434E+02
    9.570   1.9058E+02
    9.580   2.0589E+02
    9.590   2.0304E+02
    9.600   1.7811E+02
    9.610   1.4945E+02
    9.620   1.4175E+02
    9.630   1.5591E+02
    9.640   1.7429E+02
    9.650   1.6967E+02
    9.660   1.3791E+02
    9.670   1.0436E+02
    9.680   9.3073E+01
    9.690   9.6844E+01
    9.700   9.9366E+01
    9.710   1.0332E+02
    9.720   1.1586E+02
    9.730   1.2283E+02
    9.740   1.0394E+02
    9.750   6.5905E+01
    9.760   3.4737E+01
    9.770   2.8318E+01
    9.780   3.9004E+01
    9.790   4.7000E+01
    9.800   5.3204E+01
    9.810   7.2848E+01
    9.820   1.0540E+02
    9.830   1.3980E+02
    9.840   1.7227E+02
    9.850   1.9234E+02
    9.860   1.7810E+02
    9.870   1.3978E+02
    9.880   1.0648E+02
    9.890   8.6855E+01
    9.900   8.3782E+01
    9.910   9.8913E+01
    9.920   1.1957E+02
    9.930   1.1752E+02
    9.940   9.6818E+01
    9.950   7.3349E+01
    9.960   5.2634E+01
    9.970   3.2423E+01
    9.980   1.1730E+01
    9.990  -6.6838E-01
   10.000   9.1349E-01
   10.010   1.1581E+01
   10.020   1.8372E+01
   10.030   2.2029E+01
   10.040   2.9741E+01
   10.050   3.5999E+01
   10.060   3.2571E+01
   10.070   2.8582E+01
   10.080   3.1090E+01
   10.090   3.6317E+01
   10.100   4.1193E+01
   10.110   4.9538E+01
   10.120   5.7966E+01
   10.130   6.8671E+01
   10.140   7.5595E+01
   10.150   6.3991E+01
   10.160   2.9532E+01
   10.170  -2.0010E+01
   10.180  -6.5643E+01
   10.190  -8.4238E+01
   10.200  -7.1680E+01
   10.210  -3.9460E+01
   10.220  -1.8826E+00
   10.230   1.8726E+01
   10.240   1.6026E+01
   10.250   5.1496E+00
   10.260  -1.0685E+00
   10.270   1.3150E+00
   10.280   1.4885E+01
   10.290   3.1940E+01
   10.300   4.6711E+01
   10.310   4.3099E+01
   10.320   1.5825E+00
   10.330  -6.0277E+01
   10.340  -1.0476E+02
   10.350  -1.2704E+02
   10.360  -1.4036E+02
   10.370  -1.5164E+02
   10.380  -1.6429E+02
   10.390  -1.8183E+02
   10.400  -1.9620E+02
   10.410  -1.9999E+02
   10.420  -2.0154E+02
   10.430  -2.0708E+02
   10.440  -2.2823E+02
   10.450  -2.6274E+02
   10.460  -2.8592E+02
   10.470  -2.8378E+02
   10.480  -2.6533E+02
   10.490  -2.3962E+02
   10.500  -2.1302E+02
   10.510  -1.8818E+02
   10.520  -1.4822E+02
   10.530  -9.5204E+01
   10.540  -3.8751E+01
   10.550   6.3909E+00
   10.560   2.2708E+01
   10.570   1.0968E+01
   10.580  -2.0805E+01
   10.590  -5.7618E+01
   10.600  -8.2416E+01
   10.610  -9.0369E+01
   10.620  -8.1778E+01
   10.630  -6.9665E+01
   10.640  -7.2709E+01
   10.650  -8.5655E+01
   10.660  -1.0027E+02
   10.670  -1.2127E+02
   10.680  -1.4070E+02
   10.690  -1.4055E+02
   10.700  -1.2292E+02
   10.710  -8.8184E+01
   10.720  -3.8913E+01
   10.730   5.4106E+00
   10.740   2.9407E+01
   10.750   2.7663E+01
   10.760   7.6805E+00
   10.770  -1.1056E+01
   10.780  -1.1695E+01
   10.790  -1.7575E+00
   10.800   4.4459E+00
   10.810  -2.1480E+00
   10.820  -1.6686E+01
   10.830  -3.2347E+01
   10.840  -4.2794E+01
   10.850  -3.5085E+01
   10.860  -3.1591E+00
   10.870   4.5094E+01
   10.880   9.5447E+01
   10.890   1.3900E+02
   10.900   1.6387E+02
   10.910   1.7299E+02
   10.920   1.8155E+02
   10.930   1.8855E+02
   10.940   1.8419E+02
   10.950   1.6747E+02
   10.960   1.3518E+02
   10.970   8.8822E+01
   10.980   3.9993E+01
   10.990   6.8231E+00
   11.000  -1.1149E+01
   11.010  -1.6687E+01
   11.020  -6.6982E+00
   11.030   1.1252E+01
   11.040   3.9786E+01
   11.050   7.1933E+01
   11.060   8.6168E+01
   11.070   6.8876E+01
   11.080   2.6839E+01
   11.090  -1.8695E+01
   11.100  -5.1934E+01
   11.110  -7.1936E+01
   11.120  -7.4918E+01
   11.130  -6.1242E+01
   11.140  -3.7159E+01
   11.150  -8.8138E+00
   11.160   1.9244E+01
   11.170   3.7396E+01
   11.180   3.9594E+01
   11.190   3.3291E+01
   11.200   2.8176E+01
   11.210   3.2327E+01
   11.220   3.7630E+01
   11.230   2.8649E+01
   11.240   1.1074E+01
   11.250  -3.2716E+00
   11.260  -1.0882E+01
   11.270  -2.0009E+01
   11.280  -2.2020E+01
   11.290  -1.1609E+01
   11.300   8.3774E+00
   11.310   3.2693E+01
   11.320   5.4204E+01
   11.330   6.5079E+01
   11.340   5.5306E+01
   11.350   3.5047E+01
   11.360   2.3558E+01
   11.370   2.6125E+01
   11.380   3.4700E+01
   11.390   3.1095E+01
   11.400   9.9309E+00
   11.410  -1.5832E+01
   11.420  -4.7063E+01
   11.430  -7.7059E+01
   11.440  -9.1282E+01
   11.450  -9.2678E+01
   11.460  -8.6360E+01
   11.470  -7.1494E+01
   11.480  -5.6512E+01
   11.490  -5.1001E+01
   11.500  -5.3785E+01
   11.510  -6.2928E+01
   11.520  -6.8985E+01
   11.530  -6.5339E+01
   11.540  -5.8338E+01
   11.550  -4.2328E+01
   11.560  -1.9219E+01
   11.570  -1.9467E-01
   11.580   9.8611E+00
   11.590   1.0603E+01
   11.600   6.3551E+00
   11.610   5.6180E+00
   11.620   1.9794E+01
   11.630   4.7264E+01
   11.640   7.5701E+01
   11.650   9.4531E+01
   11.660   1.0194E+02
   11.670   9.9700E+01
   11.680   8.8738E+01
   11.690   6.9511E+01
   11.700   3.2433E+01
   11.710  -2.2435E+01
   11.720  -6.7411E+01
   11.730  -8.4245E+01
   11.740  -8.9034E+01
   11.750  -8.4650E+01
   11.760  -6.8782E+01
   11.770  -4.7211E+01
   11.780  -2.4464E+01
   11.790  -8.3695E+00
   11.800  -4.2740E+00
   11.810  -1.0551E+01
   11.820  -3.1926E+01
   11.830  -6.1872E+01
   11.840  -8.3884E+01
   11.850  -9.6007E+01
   11.860  -1.0187E+02
   11.870  -9.5207E+01
   11.880  -6.8306E+01
   11.890  -3.5001E+01
   11.900  -5.3882E+00
   11.910   1.3849E+01
   11.920   1.8911E+01
   11.930   1.8359E+01
   11.940   2.2983E+01
   11.950   3.3073E+01
   11.960   4.3522E+01
   11.970   5.3493E+01
   11.980   6.4202E+01
   11.990   7.3376E+01
   12.000   6.9816E+01
   12.010   5.1869E+01
   12.020   3.6578E+01
   12.030   3.6914E+01
   12.040   5.1678E+01
   12.050   7.6031E+01
   12.060   9.7802E+01
   12.070   1.0849E+02
   12.080   1.0202E+02
   12.090   8.6881E+01
   12.100   7.4189E+01
   12.110   6.7818E+01
   12.120   6.8606E+01
   12.130   6.8858E+01
   12.140   6.0977E+01
   12.150   3.9922E+01
   12.160   8.9628E+00
   12.170  -1.2638E+01
   12.180  -2.0815E+01
   12.190  -2.7966E+01
   12.200  -3.1202E+01
   12.210  -2.8740E+01
   12.220  -2.6107E+01
   12.230  -2.2793E+01
   12.240  -8.8875E+00
   12.250   1.1343E+01
   12.260   2.8956E+01
   12.270   3.7682E+01
   12.280   3.5532E+01
   12.290   2.8280E+01
   12.300   2.5299E+01
   12.310   2.8824E+01
   12.320   2.9226E+01
   12.330   2.6056E+01
   12.340   2.6625E+01
   12.350   3.6357E+01
   12.360   5.4280E+01
   12.370   7.1831E+01
   12.380   8.1042E+01
   12.390   8.5633E+01
   12.400   9.0413E+01
   12.410   9.2687E+01
   12.420   8.5453E+01
   12.430   6.9195E+01
   12.440   5.2843E+01
   12.450   4.4190E+01
   12.460   4.2455E+01
   12.470   4.1346E+01
   12.480   3.4826E+01
   12.490   2.1465E+01
   12.500   4.0005E+00
   12.510  -1.2155E+01
   12.520  -2.5123E+01
   12.530  -3.5762E+01
   12.540  -4.1245E+01
   12.550  -3.7967E+01
   12.560  -2.9866E+01
   12.570  -3.0708E+01
   12.580  -4.6080E+01
   12.590  -7.1570E+01
   12.600  -9.8788E+01
   12.610  -1.1906E+02
   12.620  -1.2837E+02
   12.630  -1.2589E+02
   12.640  -1.1600E+02
   12.650  -1.0338E+02
   12.660  -9.0572E+01
   12.670  -7.9639E+01
   12.680  -7.3476E+01
   12.690  -6.8129E+01
   12.700  -5.8336E+01
   12.710  -3.7676E+01
   12.720  -1.0312E+01
   12.730   9.9446E+00
   12.740   1.5639E+01
   12.750   8.3413E+00
   12.760  -4.0891E+00
   12.770  -1.5976E+01
   12.780  -2.5077E+01
   12.790  -2.7356E+01
   12.800  -2.3301E+01
   12.810  -2.1112E+01
   12.820  -2.6730E+01
   12.830  -3.5150E+01
   12.840  -4.3190E+01
   12.850  -4.9883E+01
   12.860  -4.9522E+01
   12.870  -4.0060E+01
   12.880  -2.8556E+01
   12.890  -2.6488E+01
   12.900  -3.6001E+01
   12.910  -4.7728E+01
   12.920  -5.4004E+01
   12.930  -5.3926E+01
   12.940  -5.1490E+01
   12.950  -5.4512E+01
   12.960  -6.0604E+01
   12.970  -6.4286E+01
   12.980  -6.1529E+01
   12.990  -5.4300E+01
   13.000  -4.9739E+01
   13.010  -4.6524E+01
   13.020  -3.6486E+01
   13.030  -1.5620E+01
   13.040   1.1867E+01
   13.050   3.5027E+01
   13.060   5.2146E+01
   13.070   6.7526E+01
   13.080   7.4402E+01
   13.090   7.0186E+01
   13.100   6.4600E+01
   13.110   6.4595E+01
   13.120   6.8943E+01
   13.130   7.5742E+01
   13.140   8.6039E+01
   13.150   9.8317E+01
   13.160   1.1141E+02
   13.170   1.2329E+02
   13.180   1.3116E+02
   13.190   1.3648E+02
   13.200   1.3435E+02
   13.210   1.2418E+02
   13.220   1.0895E+02
   13.230   9.2714E+01
   13.240   7.8600E+01
   13.250   5.9664E+01
   13.260   3.8684E+01
   13.270   2.5924E+01
   13.280   2.3313E+01
   13.290   2.6813E+01
   13.300   3.0157E+01
   13.310   3.0586E+01
   13.320   3.0480E+01
   13.330   3.0868E+01
   13.340   2.7456E+01
   13.350   2.1445E+01
   13.360   1.8946E+01
   13.370   2.2388E+01
   13.380   3.0289E+01
   13.390   3.8627E+01
   13.400   4.1075E+01
   13.410   3.2343E+01
   13.420   1.3471E+01
   13.430  -8.4304E+00
   13.440  -2.3615E+01
   13.450  -2.5891E+01
   13.460  -2.3107E+01
   13.470  -2.1262E+01
   13.480  -1.9602E+01
   13.490  -1.5768E+01
   13.500  -9.1304E+00
   13.510  -1.0665E-01
   13.520   9.7254E+00
   13.530   1.7432E+01
   13.540   2.2344E+01
   13.550   2.2338E+01
   13.560   1.5085E+01
   13.570   7.3362E+00
   13.580   6.0896E+00
   13.590   9.6221E+00
   13.600   1.4365E+01
   13.610   1.8548E+01
   13.620   2.7182E+01
   13.630   3.9556E+01
   13.640   4.8320E+01
   13.650   5.5657E+01
   13.660   6.3010E+01
   13.670   6.2198E+01
   13.680   5.4737E+01
   13.690   4.4452E+01
   13.700   3.1183E+01
   13.710   2.0590E+01
   13.720   1.7007E+01
   13.730   1.3732E+01
   13.740   7.7254E+00
   13.750   4.0520E+00
   13.760   7.7560E+00
   13.770   1.5692E+01
   13.780   2.5026E+01
   13.790   3.2964E+01
   13.800   3.2977E+01
   13.810   2.5011E+01
   13.820   1.4969E+01
   13.830   2.3071E+00
   13.840  -1.4292E+01
   13.850  -3.0253E+01
   13.860  -3.8932E+01
   13.870  -3.6524E+01
   13.880  -2.9939E+01
   13.890  -2.4476E+01
   13.900  -2.1970E+01
   13.910  -2.5750E+01
   13.920  -3.6261E+01
   13.930  -4.9462E+01
   13.940  -6.4875E+01
   13.950  -7.9528E+01
   13.960  -8.6283E+01
   13.970  -8.1053E+01
   13.980  -6.2265E+01
   13.990  -4.0671E+01
   14.000  -2.7935E+01
   14.010  -2.8957E+01
   14.020  -4.0052E+01
   14.030  -5.2312E+01
   14.040  -5.6266E+01
   14.050  -4.9763E+01
   14.060  -3.6976E+01
   14.070  -2.1426E+01
   14.080  -7.5298E+00
   14.090  -5.2164E-01
   14.100  -1.8943E+00
   14.110  -9.5336E+00
   14.120  -2.1160E+01
   14.130  -3.3994E+01
   14.140  -4.1495E+01
   14.150  -4.1503E+01
   14.160  -3.7238E+01
   14.170  -3.2702E+01
   14.180  -3.4055E+01
   14.190  -4.2261E+01
   14.200  -5.5633E+01
   14.210  -6.9415E+01
   14.220  -7.3709E+01
   14.230  -6.6067E+01
   14.240  -5.1213E+01
   14.250  -3.8546E+01
   14.260  -3.2013E+01
   14.270  -2.8274E+01
   14.280  -2.5868E+01
   14.290  -2.6991E+01
   14.300  -3.0848E+01
   14.310  -3.6662E+01
   14.320  -4.1778E+01
   14.330  -4.2331E+01
   14.340  -3.4080E+01
   14.350  -1.7302E+01
   14.360  -3.4218E-01
   14.370   1.2539E+01
   14.380   2.2372E+01
   14.390   3.4061E+01
   14.400   4.7147E+01
   14.410   5.5414E+01
   14.420   5.7492E+01
   14.430   5.4397E+01
   14.440   4.7482E+01
   14.450   4.0267E+01
   14.460   3.8958E+01
   14.470   4.0312E+01
   14.480   3.9793E+01
   14.490   3.7783E+01
   14.500   3.4151E+01
   14.510   2.7974E+01
   14.520   1.8762E+01
   14.530   7.9301E+00
   14.540  -1.6819E+00
   14.550  -2.5582E+00
   14.560   3.4222E+00
   14.570   1.2303E+01
   14.580   2.3002E+01
   14.590   3.2976E+01
   14.600   3.8612E+01
   14.610   3.9061E+01
   14.620   3.9613E+01
   14.630   4.2011E+01
   14.640   4.4910E+01
   14.650   4.7378E+01
   14.660   5.0605E+01
   14.670   5.2356E+01
   14.680   4.8427E+01
   14.690   4.0475E+01
   14.700   3.2177E+01
   14.710   2.3634E+01
   14.720   1.1881E+01
   14.730   4.3700E-01
   14.740  -7.9116E+00
   14.750  -1.2141E+01
   14.760  -1.1223E+01
   14.770  -7.6764E+00
   14.780  -4.3851E+00
   14.790  -2.7947E+00
   14.800  -3.7677E+00
   14.810  -6.9532E+00
   14.820  -1.0266E+01
   14.830  -8.6991E+00
   14.840  -1.3642E+00
   14.850   7.5635E+00
   14.860   1.1813E+01
   14.870   1.0158E+01
   14.880   3.1174E+00
   14.890  -8.8998E+00
   14.900  -2.5036E+01
   14.910  -4.2236E+01
   14.920  -5.5609E+01
   14.930  -6.3227E+01
   14.940  -6.7020E+01
   14.950  -7.0818E+01
   14.960  -7.5665E+01
   14.970  -7.8855E+01
   14.980  -7.5079E+01
   14.990  -6.5058E+01
   15.000  -5.6031E+01
   15.010  -5.0084E+01
   15.020  -4.7374E+01
   15.030  -4.6567E+01
   15.040  -4.3278E+01
   15.050  -3.8482E+01
   15.060  -3.4949E+01
   15.070  -3.0624E+01
   15.080  -2.3297E+01
   15.090  -1.4844E+01
   15.100  -9.7610E+00
   15.110  -8.7244E+00
   15.120  -8.0470E+00
   15.130  -7.1445E+00
   15.140  -8.1868E+00
   15.150  -1.1891E+01
   15.160  -1.6898E+01
   15.170  -1.8725E+01
   15.180  -1.9321E+01
   15.190  -2.2180E+01
   15.200  -2.6611E+01
   15.210  -3.1661E+01
   15.220  -3.4066E+01
   15.230  -2.9815E+01
   15.240  -2.0159E+01
   15.250  -9.6752E+00
   15.260  -7.7634E-01
   15.270   5.0480E+00
   15.280   7.6484E+00
   15.290   7.0983E+00
   15.300   4.2006E+00
   15.310  -6.2699E-02
   15.320  -2.8594E+00
   15.330  -2.6024E+00
   15.340   1.5651E-01
   15.350   2.9605E+00
   15.360   3.9697E+00
   15.370   2.1293E+00
   15.380  -1.5985E+00
   15.390  -6.1184E+00
   15.400  -1.0911E+01
   15.410  -1.5173E+01
   15.420  -1.7815E+01
   15.430  -1.6711E+01
   15.440  -1.1444E+01
   15.450  -3.2492E+00
   15.460   6.8441E+00
   15.470   1.5447E+01
   15.480   2.1129E+01
   15.490   2.3323E+01
   15.500   2.3969E+01
   15.510   2.6272E+01
   15.520   2.8332E+01
   15.530   2.8420E+01
   15.540   2.7506E+01
   15.550   2.5657E+01
   15.560   2.3539E+01
   15.570   2.4044E+01
   15.580   2.4994E+01
   15.590   2.5542E+01
   15.600   2.7236E+01
   15.610   2.9752E+01
   15.620   3.2374E+01
   15.630   3.3757E+01
   15.640   3.2565E+01
   15.650   3.1081E+01
   15.660   3.0498E+01
   15.670   3.0181E+01
   15.680   3.0199E+01
   15.690   3.1471E+01
   15.700   3.3608E+01
   15.710   3.5489E+01
   15.720   3.5260E+01
   15.730   3.2731E+01
   15.740   3.0221E+01
   15.750   2.8566E+01
   15.760   2.8680E+01
   15.770   3.0967E+01
   15.780   3.3641E+01
   15.790   3.4250E+01
   15.800   3.0790E+01
   15.810   2.3700E+01
   15.820   1.5746E+01
   15.830   9.6094E+00
   15.840   6.4780E+00
   15.850   5.4674E+00
   15.860   5.7545E+00
   15.870   6.6415E+00
   15.880   6.9909E+00
   15.890   7.5064E+00
   15.900   7.7064E+00
   15.910   7.7380E+00
   15.920   8.9049E+00
   15.930   1.2075E+01
   15.940   1.6877E+01
   15.950   2.1703E+01
   15.960   2.4966E+01
   15.970   2.4776E+01
   15.980   2.2764E+01
   15.990   1.9755E+01
   16.000   1.4897E+01
   16.010   9.1010E+00
   16.020   2.9746E+00
   16.030  -3.7319E+00
   16.040  -1.0810E+01
   16.050  -1.7917E+01
   16.060  -2.3562E+01
   16.070  -2.6840E+01
   16.080  -2.8597E+01
   16.090  -2.8629E+01
   16.100  -2.5716E+01
   16.110  -2.0166E+01
   16.120  -1.4939E+01
   16.130  -1.1131E+01
   16.140  -8.9182E+00
   16.150  -8.5994E+00
   16.160  -8.9314E+00
   16.170  -7.3080E+00
   16.180  -3.9320E+00
   16.190  -1.9754E-01
   16.200   2.8637E+00
   16.210   4.0148E+00
   16.220   3.8521E+00
   16.230   3.8091E+00
   16.240   4.1604E+00
   16.250   3.1466E+00
   16.260  -4.6434E-01
   16.270  -4.9113E+00
   16.280  -8.6915E+00
   16.290  -1.1999E+01
   16.300  -1.4711E+01
   16.310  -1.5694E+01
   16.320  -1.5448E+01
   16.330  -1.5437E+01
   16.340  -1.5489E+01
   16.350  -1.4453E+01
   16.360  -1.2765E+01
   16.370  -1.0436E+01
   16.380  -8.1136E+00
   16.390  -7.0007E+00
   16.400  -7.2974E+00
   16.410  -8.0294E+00
   16.420  -8.0094E+00
   16.430  -7.7787E+00
   16.440  -7.8333E+00
   16.450  -8.1827E+00
   16.460  -8.3970E+00
   16.470  -8.4965E+00
   16.480  -8.5282E+00
   16.490  -8.9480E+00
   16.500  -9.6890E+00
   16.510  -1.0297E+01
   16.520  -1.0527E+01
   16.530  -1.0815E+01
   16.540  -1.0774E+01
   16.550  -9.3554E+00
   16.560  -6.8258E+00
   16.570  -4.2195E+00
   16.580  -1.4721E+00
   16.590   1.6489E+00
   16.600   4.1179E+00
   16.610   4.7729E+00
   16.620   4.6124E+00
   16.630   5.5175E+00
   16.640   7.2028E+00
   16.650   8.4046E+00
   16.660   8.5455E+00
   16.670   6.9511E+00
   16.680   3.8409E+00
   16.690   1.2004E+00
   16.700   4.6698E-01
   16.710   9.3654E-01
   16.720   9.5475E-01
   16.730   5.1587E-01
   16.740   1.4188E+00
   16.750   4.1025E+00
   16.760   7.3896E+00
   16.770   1.0420E+01
   16.780   1.1617E+01
   16.790   1.0766E+01
   16.800   9.2672E+00
   16.810   7.8401E+00
   16.820   6.9518E+00
   16.830   6.4126E+00
   16.840   5.5877E+00
   16.850   5.7907E+00
   16.860   7.0656E+00
   16.870   8.1093E+00
   16.880   8.4224E+00
   16.890   7.9568E+00
   16.900   6.4670E+00
   16.910   3.9628E+00
   16.920   2.0787E+00
   16.930   2.2123E+00
   16.940   4.1525E+00
   16.950   6.3313E+00
   16.960   7.2376E+00
   16.970   5.8733E+00
   16.980   3.3556E+00
   16.990   1.6411E+00
   17.000   9.5326E-01
   17.010   7.8780E-01
   17.020   9.7157E-01
   17.030   1.1580E+00
   17.040   1.3777E+00
   17.050   1.5152E+00
   17.060   1.2959E+00
   17.070   4.8617E-01
   17.080  -7.2568E-01
   17.090  -1.2484E+00
   17.100  -9.4963E-01
   17.110  -1.3224E+00
   17.120  -2.3760E+00
   17.130  -3.5623E+00
   17.140  -4.8536E+00
   17.150  -5.4901E+00
   17.160  -5.1457E+00
   17.170  -4.5190E+00
   17.180  -4.3330E+00
   17.190  -4.6899E+00
   17.200  -4.7473E+00
   17.210  -3.3866E+00
   17.220  -1.3518E+00
   17.230  -5.9439E-01
   17.240  -1.7150E+00
   17.250  -3.8079E+00
   17.260  -6.4131E+00
   17.270  -9.0170E+00
   17.280  -1.1351E+01
   17.290  -1.3953E+01
   17.300  -1.6502E+01
   17.310  -1.8319E+01
   17.320  -1.8945E+01
   17.330  -1.7858E+01
   17.340  -1.5436E+01
   17.350  -1.2749E+01
   17.360  -1.0403E+01
   17.370  -8.6976E+00
   17.380  -8.1024E+00
   17.390  -8.8134E+00
   17.400  -1.0420E+01
   17.410  -1.2825E+01
   17.420  -1.5167E+01
   17.430  -1.5912E+01
   17.440  -1.4883E+01
   17.450  -1.2587E+01
   17.460  -9.5972E+00
   17.470  -7.2917E+00
   17.480  -6.6103E+00
   17.490  -7.1793E+00
   17.500  -7.5840E+00
   17.510  -6.4052E+00
   17.520  -3.7534E+00
   17.530  -3.2512E-01
   17.540   2.6568E+00
   17.550   4.6208E+00
   17.560   5.7250E+00
   17.570   6.2319E+00
   17.580   6.2986E+00
   17.590   5.9839E+00
   17.600   5.2160E+00
   17.610   4.0135E+00
   17.620   2.7341E+00
   17.630   2.3646E+00
   17.640   2.8484E+00
   17.650   3.3284E+00
   17.660   3.5523E+00
   17.670   3.5937E+00
   17.680   3.2962E+00
   17.690   2.5576E+00
   17.700   1.0403E+00
   17.710  -6.1459E-02
   17.720   5.4345E-01
   17.730   2.0098E+00
   17.740   2.9049E+00
   17.750   2.6038E+00
   17.760   1.3258E+00
   17.770  -4.6840E-01
   17.780  -1.8740E+00
   17.790  -1.5349E+00
   17.800   2.0756E-01
   17.810   2.5499E+00
   17.820   5.0044E+00
   17.830   7.5199E+00
   17.840   9.8984E+00
   17.850   1.2084E+01
   17.860   1.4045E+01
   17.870   1.5000E+01
   17.880   1.4499E+01
   17.890   1.2932E+01
   17.900   1.1373E+01
   17.910   1.0323E+01
   17.920   9.4197E+00
   17.930   8.5149E+00
   17.940   7.7672E+00
   17.950   7.5376E+00
   17.960   7.8639E+00
   17.970   8.2711E+00
   17.980   8.4092E+00
   17.990   8.3640E+00
   18.000   8.1016E+00
   18.010   7.6207E+00
   18.020   7.0131E+00
   18.030   6.4750E+00
   18.040   5.9603E+00
   18.050   5.1290E+00
   18.060   3.7971E+00
   18.070   2.1921E+00
   18.080   6.0069E-01
   18.090  -7.0906E-01
   18.100  -1.4340E+00
   18.110  -1.7919E+00
   18.120  -1.9688E+00
   18.130  -1.6988E+00
   18.140  -9.7474E-01
   18.150  -2.7305E-02
   18.160   9.7053E-01
   18.170   1.6649E+00
   18.180   1.8608E+00
   18.190   1.5119E+00
   18.200   8.0961E-01
   18.210   5.5426E-02
   18.220  -5.2604E-01
   18.230  -8.6326E-01
   18.240  -9.9929E-01
   18.250  -9.8884E-01
   18.260  -1.0425E+00
   18.270  -1.3684E+00
   18.280  -1.7685E+00
   18.290  -1.9206E+00
   18.300  -1.6441E+00
   18.310  -9.5102E-01
   18.320  -2.0735E-01
   18.330   8.2617E-02
   18.340  -2.5035E-01
   18.350  -1.1148E+00
   18.360  -2.2460E+00
   18.370  -3.3423E+00
   18.380  -4.2416E+00
   18.390  -4.9439E+00
   18.400  -5.6262E+00
   18.410  -6.2354E+00
   18.420  -6.5766E+00
   18.430  -6.6521E+00
   18.440  -6.5056E+00
   18.450  -6.1586E+00
   18.460  -5.6592E+00
   18.470  -5.0339E+00
   18.480  -4.3022E+00
   18.490  -3.8131E+00
   18.500  -3.7917E+00
   18.510  -3.9939E+00
   18.520  -4.2069E+00
   18.530  -4.1929E+00
   18.540  -3.7542E+00
   18.550  -3.0257E+00
   18.560  -2.1487E+00
   18.570  -1.2577E+00
   18.580  -4.5457E-01
   18.590   1.8016E-01
   18.600   6.4553E-01
   18.610   1.1056E+00
   18.620   1.6075E+00
   18.630   2.0422E+00
   18.640   2.3194E+00
   18.650   2.3326E+00
   18.660   2.1177E+00
   18.670   1.8300E+00
   18.680   1.3826E+00
   18.690   8.2516E-01
   18.700   4.3139E-01
   18.710   1.6419E-01
   18.720  -5.7941E-02
   18.730  -2.6869E-01
   18.740  -4.8490E-01
   18.750  -7.6947E-01
   18.760  -1.1430E+00
   18.770  -1.4152E+00
   18.780  -1.5566E+00
   18.790  -1.6509E+00
   18.800  -1.6820E+00
   18.810  -1.6236E+00
   18.820  -1.3654E+00
   18.830  -9.7432E-01
   18.840  -6.6669E-01
   18.850  -7.5588E-01
   18.860  -1.1812E+00
   18.870  -1.5444E+00
   18.880  -1.6481E+00
   18.890  -1.4125E+00
   18.900  -8.9430E-01
   18.910  -3.5204E-01
   18.920   3.7705E-02
   18.930   3.6443E-01
   18.940   6.7598E-01
   18.950   1.0728E+00
   18.960   1.6305E+00
   18.970   2.3030E+00
   18.980   2.9820E+00
   18.990   3.6406E+00
   19.000   4.2881E+00
   19.010   4.7286E+00
   19.020   4.8153E+00
   19.030   4.6116E+00
   19.040   4.3093E+00
   19.050   4.1410E+00
   19.060   4.1303E+00
   19.070   4.0846E+00
   19.080   3.9280E+00
   19.090   3.5167E+00
   19.100   2.7464E+00
   19.110   1.8667E+00
   19.120   1.1059E+00
   19.130   5.4404E-01
   19.140   2.6236E-01
   19.150   1.7676E-01
   19.160   1.2125E-01
   19.170   3.3664E-02
   19.180  -5.7643E-02
   19.190  -1.1987E-01
   19.200  -1.3960E-01
   19.210  -9.1884E-02
   19.220   4.9635E-02
   19.230   2.7555E-01
   19.240   5.2358E-01
   19.250   7.1517E-01
   19.260   7.8341E-01
   19.270   7.0883E-01
   19.280   5.2879E-01
   19.290   3.3163E-01
   19.300   2.2318E-01
   19.310   2.3480E-01
   19.320   2.9628E-01
   19.330   3.0743E-01
   19.340   2.2757E-01
   19.350   7.8420E-02
   19.360  -9.6425E-02
   19.370  -2.3958E-01
   19.380  -2.8055E-01
   19.390  -1.8925E-01
   19.400  -1.3028E-02
   19.410   1.4390E-01
   19.420   1.9291E-01
   19.430   1.1889E-01
   19.440  -5.0854E-02
   19.450  -2.7247E-01
   19.460  -5.1054E-01
   19.470  -7.2339E-01
   19.480  -8.6584E-01
   19.490  -9.3543E-01
   19.500  -9.9928E-01
   19.510  -1.1540E+00
   19.520  -1.4688E+00
   19.530  -1.9545E+00
   19.540  -2.5556E+00
   19.550  -3.1627E+00
   19.560  -3.6495E+00
   19.570  -3.9448E+00
   19.580  -4.0535E+00
   19.590  -4.0108E+00
   19.600  -3.8499E+00
   19.610  -3.5905E+00
   19.620  -3.2481E+00
   19.630  -2.8553E+00
   19.640  -2.4465E+00
   19.650  -1.9999E+00
   19.660  -1.4962E+00
   19.670  -9.9400E-01
   19.680  -5.8976E-01
   19.690  -3.6797E-01
   19.700  -3.3860E-01
   19.710  -4.5191E-01
   19.720  -6.4233E-01
   19.730  -8.3298E-01
   19.740  -9.5143E-01
   19.750  -9.7558E-01
   19.760  -9.4166E-01
   19.770  -8.8045E-01
   19.780  -8.1413E-01
   19.790  -7.9837E-01
   19.800  -8.9315E-01
   19.810  -1.1146E+00
   19.820  -1.4132E+00
   19.830  -1.6850E+00
   19.840  -1.8066E+00
   19.850  -1.7078E+00
   19.860  -1.4118E+00
   19.870  -1.0055E+00
   19.880  -5.8414E-01
   19.890  -2.0511E-01
   19.900   1.1352E-01
   19.910   3.5182E-01
   19.920   5.0579E-01
   19.930   5.8791E-01
   19.940   6.3514E-01
   19.950   7.1484E-01
   19.960   8.7889E-01
   19.970   1.1279E+00
   19.980   1.4067E+00
   19.990   1.6294E+00
   20.000   1.7260E+00
   20.010   1.6809E+00
   20.020   1.5630E+00
   20.030   1.4799E+00
   20.040   1.5281E+00
   20.050   1.7638E+00
   20.060   2.1733E+00
   20.070   2.6819E+00
   20.080   3.2017E+00
   20.090   3.6450E+00
   20.100   3.9076E+00
   20.110   3.8990E+00
   20.120   3.6175E+00
   20.130   3.1610E+00
   20.140   2.6738E+00
   20.150   2.2548E+00
   20.160   1.9152E+00
   20.170   1.6164E+00
   20.180   1.3253E+00
   20.190   1.0396E+00
   20.200   7.6353E-01
   20.210   5.1825E-01
   20.220   3.6290E-01
   20.230   3.5181E-01
   20.240   4.9229E-01
   20.250   7.6073E-01
   20.260   1.1036E+00
   20.270   1.4007E+00
   20.280   1.5134E+00
   20.290   1.3846E+00
   20.300   1.1039E+00
   20.310   8.5883E-01
   20.320   8.0652E-01
   20.330   9.6622E-01
   20.340   1.2382E+00
   20.350   1.5236E+00
   20.360   1.7736E+00
   20.370   1.9460E+00
   20.380   1.9848E+00
   20.390   1.8639E+00
   20.400   1.6364E+00
   20.410   1.4287E+00
   20.420   1.3260E+00
   20.430   1.3156E+00
   20.440   1.3617E+00
   20.450   1.4466E+00
   20.460   1.5564E+00
   20.470   1.6489E+00
   20.480   1.6494E+00
   20.490   1.4899E+00
   20.500   1.1717E+00
   20.510   7.5346E-01
   20.520   2.9120E-01
   20.530  -1.7195E-01
   20.540  -5.7167E-01
   20.550  -8.3815E-01
   20.560  -9.7032E-01
   20.570  -1.0481E+00
   20.580  -1.1830E+00
   20.590  -1.4622E+00
   20.600  -1.8901E+00
   20.610  -2.3788E+00
   20.620  -2.8162E+00
   20.630  -2.5329E+00
   20.640  -2.7325E+00
   20.650  -2.8290E+00
   20.660  -2.7750E+00
   20.670  -2.5472E+00
   20.680  -2.2171E+00
   20.690  -1.9082E+00
   20.700  -1.7079E+00
   20.710  -1.6242E+00
   20.720  -1.5769E+00
   20.730  -1.4593E+00
   20.740  -1.2159E+00
   20.750  -8.8085E-01
   20.760  -5.4273E-01
   20.770  -2.7357E-01
   20.780  -7.4102E-02
   20.790   9.2092E-02
   20.800   2.4618E-01
   20.810   4.0067E-01
   20.820   5.8781E-01
   20.830   8.4755E-01
   20.840   1.1614E+00
   20.850   1.4202E+00
   20.860   1.4921E+00
   20.870   1.3268E+00
   20.880   9.8900E-01
   20.890   6.0081E-01
   20.900   2.7016E-01
   20.910   6.8331E-02
   20.920   3.6714E-02
   20.930   1.7778E-01
   20.940   4.3320E-01
   20.950   6.9160E-01
   20.960   8.3902E-01
   20.970   8.3587E-01
   20.980   6.5508E-01
   20.990   3.6017E-01
   21.000   4.1489E-03
   21.010  -3.6434E-01
   21.020  -6.9271E-01
   21.030  -9.1739E-01
   21.040  -9.8113E-01
   21.050  -8.7170E-01
   21.060  -6.4189E-01
   21.070  -3.7227E-01
   21.080  -1.0284E-01
   21.090   1.8562E-01
   21.100   5.1188E-01
   21.110   8.3462E-01
   21.120   1.0773E+00
   21.130   1.2041E+00
   21.140   1.2419E+00
   21.150   1.1063E+00
   21.160   1.0232E+00
   21.170   8.6399E-01
   21.180   6.5742E-01
   21.190   4.7753E-01
   21.200   3.6801E-01
   21.210   2.7215E-01
   21.220   5.4735E-02
   21.230  -3.8635E-01
   21.240  -1.0147E+00
   21.250  -1.6605E+00
   21.260  -2.0542E+00
   21.270  -2.4024E+00
   21.280  -2.4276E+00
   21.290  -2.2560E+00
   21.300  -1.9551E+00
   21.310  -1.6205E+00
   21.320  -1.3693E+00
   21.330  -1.3483E+00
   21.340  -1.4362E+00
   21.350  -1.5882E+00
   21.360  -1.7502E+00
   21.370  -1.8930E+00
   21.380  -1.9918E+00
   21.390  -2.0312E+00
   21.400  -2.0159E+00
   21.410  -1.9547E+00
   21.420  -1.8472E+00
   21.430  -1.7122E+00
   21.440  -1.6108E+00
   21.450  -1.5984E+00
   21.460  -1.6482E+00
   21.470  -1.6474E+00
   21.480  -1.4772E+00
   21.490  -1.1570E+00
   21.500  -5.7298E-01
   21.510   1.3500E-01
   21.520   8.5135E-01
   21.530   1.4430E+00
   21.540   1.7991E+00
   21.550   1.9527E+00
   21.560   1.9307E+00
   21.570   1.8191E+00
   21.580   1.6783E+00
   21.590   1.5294E+00
   21.600   1.3791E+00
   21.610   1.2359E+00
   21.620   1.0888E+00
   21.630   8.8412E-01
   21.640   3.4432E-01
   21.650  -7.4755E-02
   21.660  -5.5428E-01
   21.670  -1.0166E+00
   21.680  -1.4394E+00
   21.690  -1.8542E+00
   21.700  -2.2920E+00
   21.710  -2.7485E+00
   21.720  -3.0945E+00
   21.730  -3.1330E+00
   21.740  -3.3905E+00
   21.750  -3.3298E+00
   21.760  -2.8528E+00
   21.770  -1.7648E+00
   21.780  -1.0645E+00
   21.790  -3.1292E-01
   21.800   3.2026E-01
   21.810   7.3639E-01
   21.820   9.3931E-01
   21.830   9.8221E-01
   21.840   1.0727E+00
   21.850   1.0696E+00
   21.860   1.1563E+00
   21.870   1.4028E+00
   21.880   1.7659E+00
   21.890   2.2075E+00
   21.900   2.3860E+00
   21.910   2.1703E+00
   21.920   1.7791E+00
   21.930   1.3636E+00
   21.940   1.0129E+00
   21.950   4.8118E-01
   21.960   6.3142E-03
   21.970  -4.0983E-01
   21.980  -7.7465E-01
   21.990  -1.0456E+00
   22.000  -1.1691E+00
   22.010  -1.1620E+00
   22.020  -1.1172E+00
   22.030  -1.1265E+00
   22.040  -1.2202E+00
   22.050  -1.1013E+00
   22.060  -1.1427E+00
   22.070  -1.1963E+00
   22.080  -1.1529E+00
   22.090  -8.9455E-01
   22.100  -4.8202E-01
   22.110  -1.2959E-04
   22.120   4.2238E-01
   22.130   1.6254E+00
   22.140   1.8185E+00
   22.150   1.8855E+00
   22.160   1.9247E+00
   22.170   2.0077E+00
   22.180   2.1494E+00
   22.190   2.3102E+00
   22.200   2.4215E+00
   22.210   2.4362E+00
   22.220   2.4947E+00
   22.230   2.4737E+00
   22.240   2.5534E+00
   22.250   2.0714E+00
   22.260   2.2644E+00
   22.270   2.4533E+00
   22.280   2.5947E+00
   22.290   2.6804E+00
   22.300   2.6330E+00
   22.310   2.4550E+00
   22.320   2.1526E+00
   22.330   1.9540E+00
   22.340   1.6185E+00
   22.350   1.4016E+00
   22.360   1.3703E+00
   22.370   1.5120E+00
   22.380   1.6559E+00
   22.390   1.8069E+00
   22.400   1.8171E+00
   22.410   1.6115E+00
   22.420   1.1988E+00
   22.430   6.7902E-01
   22.440   1.5865E-01
   22.450  -1.2993E-01
   22.460  -2.4031E-01
   22.470  -1.2642E-01
   22.480   2.1913E-01
   22.490   7.1532E-01
   22.500   1.2041E+00
   22.510   1.5400E+00
   22.520   1.6738E+00
   22.530   1.6528E+00
   22.540   1.5622E+00
   22.550   1.4665E+00
   22.560   1.4851E+00
   22.570   1.5188E+00
   22.580   1.7416E+00
   22.590   2.2279E+00
   22.600   2.6111E+00
   22.610   2.9108E+00
   22.620   2.9788E+00
   22.630   2.8650E+00
   22.640   2.4943E+00
   22.650   1.9869E+00
   22.660   1.4629E+00
   22.670   1.0088E+00
   22.680   6.1175E-01
   22.690   1.9428E-01
   22.700  -2.3767E-01
   22.710  -6.1153E-01
   22.720  -9.0830E-01
   22.730  -1.0024E+00
   22.740  -1.0919E+00
   22.750  -1.1111E+00
   22.760  -1.1097E+00
   22.770  -1.1534E+00
   22.780  -1.5177E+00
   22.790  -1.7668E+00
   22.800  -2.0639E+00
   22.810  -2.3538E+00
   22.820  -2.5947E+00
   22.830  -2.9325E+00
   22.840  -2.7109E+00
   22.850  -2.0612E+00
   22.860  -1.9063E+00
   22.870  -1.6878E+00
   22.880  -1.3900E+00
   22.890  -1.0679E+00
   22.900  -7.9383E-01
   22.910  -6.4135E-01
   22.920  -6.5444E-01
   22.930  -8.0490E-01
   22.940  -9.7070E-01
   22.950  -9.8755E-01
   22.960  -7.6242E-01
   22.970  -3.5399E-01
   22.980   6.3565E-02
   22.990   3.1928E-01
   23.000   3.3695E-01
   23.010   1.4214E-01
   23.020  -1.7813E-01
   23.030  -5.1172E-01
   23.040  -7.5970E-01
   23.050  -8.7346E-01
   23.060  -8.7312E-01
   23.070  -8.2586E-01
   23.080  -8.0321E-01
   23.090  -8.4740E-01
   23.100  -9.6378E-01
   23.110  -1.1324E+00
   23.120  -1.4591E+00
   23.130  -1.4788E+00
   23.140  -1.6906E+00
   23.150  -1.9681E+00
   23.160  -1.7308E+00
   23.170  -1.9655E+00
   23.180  -2.0920E+00
   23.190  -2.1071E+00
   23.200  -2.0576E+00
   23.210  -1.9758E+00
   23.220  -1.8442E+00
   23.230  -1.6306E+00
   23.240  -1.4322E+00
   23.250  -1.1394E+00
   23.260  -9.2876E-01
   23.270  -7.3722E-01
   23.280  -5.6759E-01
   23.290  -2.8090E-01
   23.300  -2.6911E-01
   23.310  -2.5558E-01
   23.320  -2.4822E-01
   23.330  -2.8369E-01
   23.340  -5.8344E-01
   23.350  -7.8479E-01
   23.360  -1.4661E+00
   23.370  -1.2764E+00
   23.380  -1.1907E+00
   23.390  -9.9560E-01
   23.400  -1.1115E-01
   23.410  -1.7322E-02
   23.420  -3.8523E-02
   23.430  -1.2752E-01
   23.440  -2.3222E-01
   23.450  -2.6102E-01
   23.460  -1.7960E-01
   23.470  -2.6137E-02
   23.480   3.7913E-01
   23.490   5.3235E-01
   23.500   7.8022E-01
   23.510   7.3392E-01
   23.520   4.9318E-01
   23.530   3.8668E-01
   23.540   4.5909E-01
   23.550   6.7811E-01
   23.560   8.7837E-01
   23.570   9.9348E-01
   23.580   9.3811E-01
   23.590   7.2104E-01
   23.600   5.4256E-01
   23.610   3.6110E-01
   23.620   3.0230E-01
   23.630   3.8169E-01
   23.640   5.5663E-01
   23.650   7.6157E-01
   23.660   9.4255E-01
   23.670   9.6427E-01
   23.680   1.0915E+00
   23.690   1.1840E+00
   23.700   1.2540E+00
   23.710   1.3088E+00
   23.720   1.3371E+00
   23.730   1.2564E+00
   23.740   1.2035E+00
   23.750   1.1739E+00
   23.760   1.3209E+00
   23.770   1.3222E+00
   23.780   1.5885E+00
   23.790   1.4802E+00
   23.800   1.3222E+00
   23.810   1.1730E+00
   23.820   1.0379E+00
   23.830   9.0258E-01
   23.840   6.0973E-01
   23.850   8.3561E-02
   23.860  -4.3502E-01
   23.870  -8.4388E-01
   23.880  -1.1996E+00
   23.890  -1.4463E+00
   23.900  -1.5302E+00
   23.910  -1.2830E+00
   23.920  -1.2001E+00
   23.930  -1.0123E+00
   23.940  -7.9638E-01
   23.950  -6.2777E-01
   23.960  -4.8788E-01
   23.970  -3.3650E-01
   23.980  -2.8727E-01
   23.990  -2.5131E-01
   24.000  -2.5918E-01
   24.010  -2.7196E-01
   24.020  -2.4139E-01
   24.030  -1.5616E-01
   24.040  -3.4343E-02
   24.050   1.2199E-01
   24.060   1.8655E-01
   24.070   2.2847E-01
   24.080   3.8185E-01
   24.090   5.1487E-01
   24.100   5.9246E-01
   24.110   6.5151E-01
   24.120   7.3280E-01
   24.130   8.2914E-01
   24.140   1.0144E+00
   24.150   1.0722E+00
   24.160   9.9735E-01
   24.170   8.1442E-01
   24.180   3.9851E-01
   24.190  -3.7254E-01
   24.200  -6.2002E-01
   24.210  -9.1791E-01
   24.220  -1.2339E+00
   24.230  -1.5283E+00
   24.240  -2.3180E+00
   24.250  -2.4391E+00
   24.260  -2.4614E+00
   24.270  -1.8682E+00
   24.280  -1.7787E+00
   24.290  -1.5903E+00
   24.300  -1.3360E+00
   24.310  -1.0673E+00
   24.320  -6.5528E-01
   24.330  -4.2689E-01
   24.340  -1.5170E-01
   24.350   3.1498E-02
   24.360   1.3867E-01
   24.370  -9.2913E-03
   24.380  -1.3604E-01
   24.390  -2.8374E-01
   24.400  -3.4775E-01
   24.410  -3.0095E-01
   24.420  -2.5698E-01
   24.430  -1.3208E-01
   24.440  -7.9627E-02
   24.450  -9.3120E-02
   24.460  -1.8033E-01
   24.470  -3.1128E-01
   24.480  -3.5929E-01
   24.490  -3.3707E-01
   24.500  -3.3438E-01
   24.510  -5.5175E-01
   24.520  -4.2058E-01
   24.530  -2.6884E-01
   24.540  -9.9208E-02
   24.550   6.7747E-02
   24.560   1.7999E-01
   24.570   1.7768E-01
   24.580   4.1280E-02
   24.590  -1.7789E-01
   24.600  -3.8358E-01
   24.610  -1.7086E-01
   24.620  -5.9974E-01
   24.630  -5.7733E-01
   24.640  -4.9168E-01
   24.650  -3.4969E-01
   24.660  -3.2764E-01
   24.670  -4.7694E-01
   24.680   6.8994E-01
   24.690   8.1402E-01
   24.700   8.5433E-01
   24.710   9.4325E-01
   24.720   8.3779E-01
   24.730   8.1958E-01
   24.740   7.8114E-01
   24.750   9.3809E-01
   24.760   9.0348E-01
   24.770   8.0089E-01
   24.780   6.4015E-01
   24.790   4.5249E-01
   24.800   2.7948E-01
   24.810   1.5360E-01
   24.820   1.9352E-01
   24.830   1.1374E-01
   24.840  -4.1054E-02
   24.850  -1.7923E-01
   24.860  -3.2381E-01
   24.870  -4.5220E-01
   24.880  -5.8367E-01
   24.890  -6.1229E-01
   24.900  -6.9747E-01
   24.910  -7.5573E-01
   24.920  -7.5331E-01
   24.930  -6.7459E-01
   24.940  -5.3036E-01
   24.950  -3.4860E-01
   24.960  -1.6080E-01
   24.970   7.7532E-03
   24.980   1.4644E-01
   24.990   2.8715E-01
   25.000   4.1887E-01
   25.010   5.8779E-01
   25.020   7.8620E-01
   25.030   9.7335E-01
   25.040   1.1045E+00
   25.050   1.1615E+00
   25.060   1.1592E+00
   25.070   1.1287E+00
   25.080   1.0963E+00
   25.090   1.0722E+00
   25.100   1.0550E+00
   25.110   1.0441E+00
   25.120   1.0451E+00
   25.130   1.0593E+00
   25.140   1.0731E+00
   25.150   1.2554E+00
   25.160   1.2473E+00
   25.170   1.1731E+00
   25.180   9.9450E-01
   25.190   7.0791E-01
   25.200   4.4186E-01
   25.210   8.6628E-02
   25.220  -2.6528E-01
   25.230  -8.0282E-01
   25.240  -1.1036E+00
   25.250  -1.3537E+00
   25.260  -1.5256E+00
   25.270  -1.6249E+00
   25.280  -1.6498E+00
   25.290  -1.6837E+00
   25.300  -1.4730E+00
   25.310  -1.3508E+00
   25.320  -1.1468E+00
   25.330  -9.1244E-01
   25.340  -7.8665E-01
   25.350  -5.8772E-01
   25.360  -5.4141E-01
   25.370  -5.6330E-01
   25.380  -6.2757E-01
   25.390  -6.8199E-01
   25.400  -6.8667E-01
   25.410  -6.3954E-01
   25.420  -5.6886E-01
   25.430  -4.5557E-01
   25.440  -2.9910E-01
   25.450  -9.8316E-02
   25.460   1.2400E-01
   25.470   3.4028E-01
   25.480   5.3170E-01
   25.490   7.6058E-01
   25.500   8.4188E-01
   25.510   8.4513E-01
   25.520   7.9451E-01
   25.530   6.8802E-01
   25.540   5.0468E-01
   25.550   2.6134E-01
   25.560  -1.6307E-02
   25.570  -2.7633E-01
   25.580  -4.8311E-01
   25.590  -6.2633E-01
   25.600  -6.1576E-01
   25.610  -6.5742E-01
   25.620  -6.6083E-01
   25.630  -6.4079E-01
   25.640  -6.0913E-01
   25.650  -6.1643E-01
   25.660  -6.0746E-01
   25.670  -6.1084E-01
   25.680  -6.4117E-01
   25.690  -7.0682E-01
   25.700  -8.1268E-01
   25.710  -9.5199E-01
   25.720  -1.1106E+00
   25.730  -1.1627E+00
   25.740  -1.0629E+00
   25.750  -8.3127E-01
   25.760  -5.1540E-01
   25.770  -2.2480E-01
   25.780   6.1798E-03
   25.790   2.3079E-01
   25.800   4.3659E-01
   25.810   6.0102E-01
   25.820   6.7762E-01
   25.830   6.7927E-01
   25.840   6.4652E-01
   25.850   6.2088E-01
   25.860   6.8008E-01
   25.870   7.5049E-01
   25.880   8.0478E-01
   25.890   8.0841E-01
   25.900   8.0062E-01
   25.910   6.7636E-01
   25.920   5.6214E-01
   25.930   5.0185E-01
   25.940   4.9473E-01
   25.950   5.0086E-01
   25.960   4.7235E-01
   25.970   3.6971E-01
   25.980   1.6384E-01
   25.990  -1.5016E-01
   26.000  -5.3419E-01
   26.010  -9.1096E-01
   26.020  -1.2730E+00
   26.030  -1.4907E+00
   26.040  -1.4423E+00
   26.050  -1.5070E+00
   26.060  -1.5160E+00
   26.070  -1.4848E+00
   26.080  -1.4357E+00
   26.090  -1.2858E+00
   26.100  -1.1809E+00
   26.110  -1.0750E+00
   26.120  -9.4815E-01
   26.130  -7.8585E-01
   26.140  -5.9659E-01
   26.150  -4.0368E-01
   26.160  -2.2678E-01
   26.170  -7.7305E-02
   26.180   3.4036E-02
   26.190   9.9885E-02
   26.200   1.3271E-01
   26.210   1.7151E-01
   26.220   2.6232E-01
   26.230   3.3193E-01
   26.240   4.9184E-01
   26.250   6.3594E-01
   26.260   7.3656E-01
   26.270   7.2364E-01
   26.280   6.7161E-01
   26.290   5.6263E-01
   26.300   3.6241E-01
   26.310   1.3870E-01
   26.320  -7.4211E-02
   26.330  -2.5330E-01
   26.340  -3.9156E-01
   26.350  -4.9719E-01
   26.360  -5.8953E-01
   26.370  -6.6942E-01
   26.380  -7.9599E-01
   26.390  -9.4264E-01
   26.400  -1.0752E+00
   26.410  -1.1574E+00
   26.420  -1.1773E+00
   26.430  -1.1478E+00
   26.440  -1.0844E+00
   26.450  -9.9215E-01
   26.460  -8.7400E-01
   26.470  -7.4009E-01
   26.480  -6.0174E-01
   26.490  -4.4403E-01
   26.500  -3.1482E-01
   26.510  -1.8753E-01
   26.520  -4.8056E-02
   26.530   1.2759E-01
   26.540   3.4960E-01
   26.550   5.6372E-01
   26.560   7.5891E-01
   26.570   9.0468E-01
   26.580   9.5476E-01
   26.590   5.6156E-01
   26.600   5.9199E-01
   26.610   3.1560E-01
   26.620   2.9001E-01
   26.630   1.7806E-01
   26.640   1.5800E-01
   26.650   1.5066E-01
   26.660   1.5134E-01
   26.670   1.4571E-01
   26.680   1.2337E-01
   26.690   8.5189E-02
   26.700   3.5641E-02
   26.710  -2.4280E-02
   26.720  -9.1992E-02
   26.730  -1.5917E-01
   26.740  -3.1015E-01
   26.750  -3.6588E-01
   26.760  -4.4961E-01
   26.770  -5.6784E-01
   26.780  -7.0707E-01
   26.790  -8.4045E-01
   26.800  -9.3838E-01
   26.810  -7.7928E-01
   26.820  -7.6620E-01
   26.830  -7.1459E-01
   26.840  -6.7449E-01
   26.850  -6.4134E-01
   26.860  -6.0700E-01
   26.870  -5.4530E-01
   26.880  -4.6806E-01
   26.890  -3.5381E-01
   26.900  -2.0253E-01
   26.910  -2.8139E-02
   26.920   1.5949E-01
   26.930   3.3407E-01
   26.940   3.0733E-01
   26.950   4.7707E-01
   26.960   6.1826E-01
   26.970   6.9590E-01
   26.980   6.9244E-01
   26.990   6.1802E-01
   27.000   5.0501E-01
   27.010   3.9304E-01
   27.020   3.1002E-01
   27.030   2.5810E-01
   27.040   2.1733E-01
   27.050   1.6879E-01
   27.060   1.1562E-01
   27.070   9.6827E-03
   27.080  -8.0407E-03
   27.090   1.2261E-01
   27.100   6.9530E-02
   27.110   7.3481E-02
   27.120   9.9253E-02
   27.130   1.4253E-01
   27.140   1.9378E-01
   27.150   2.4535E-01
   27.160   3.3481E-01
   27.170   3.1823E-01
   27.180   2.7575E-01
   27.190   1.9789E-01
   27.200   8.7087E-02
   27.210  -3.1780E-02
   27.220  -1.2679E-01
   27.230  -1.8198E-01
   27.240  -2.0035E-01
   27.250  -1.8895E-01
   27.260  -1.4958E-01
   27.270   1.1815E-02
   27.280   4.5251E-02
   27.290   8.4527E-02
   27.300   1.2587E-01
   27.310   2.5943E-01
   27.320   2.8847E-01
   27.330   2.9927E-01
   27.340   2.0642E-01
   27.350   1.5634E-01
   27.360   1.0832E-01
   27.370   7.3724E-02
   27.380   5.6126E-02
   27.390   5.1674E-02
   27.400   5.2012E-02
   27.410   4.7234E-02
   27.420   2.9264E-02
   27.430  -4.7364E-03
   27.440  -5.1419E-02
   27.450  -1.0316E-01
   27.460  -1.4976E-01
   27.470  -1.1945E-02
   27.480  -6.8066E-02
   27.490  -2.5065E-02
   27.500   2.2309E-02
   27.510   1.9385E-01
   27.520   1.9550E-01
   27.530   1.7208E-01
   27.540   1.3340E-01
   27.550   9.5980E-02
   27.560   7.3745E-02
   27.570   8.1946E-02
   27.580   1.0003E-01
   27.590   1.1215E-01
   27.600   1.6866E-01
   27.610   2.3224E-01
   27.620   2.8078E-01
   27.630   1.7278E-01
   27.640   1.7449E-01
   27.650   1.7062E-01
   27.660   1.7523E-01
   27.670   1.5954E-01
   27.680   1.3472E-01
   27.690   1.0466E-01
   27.700   7.4269E-02
   27.710   4.5714E-02
   27.720   1.9788E-02
   27.730  -1.1125E-03
   27.740  -1.2634E-02
   27.750  -1.6106E-02
   27.760  -1.4505E-02
   27.770  -1.0654E-02
   27.780  -5.3539E-03
   27.790  -4.5385E-04
   27.800  -1.8950E-03
   27.810  -1.7402E-02
   27.820  -5.0301E-02
   27.830  -8.4683E-02
   27.840  -1.2655E-01
   27.850  -1.6066E-01
   27.860  -1.8013E-01
   27.870  -1.8350E-01
   27.880  -1.7423E-01
   27.890  -1.5754E-01
   27.900  -1.3685E-01
   27.910  -1.1238E-01
   27.920  -8.3418E-02
   27.930  -5.2206E-02
   27.940  -2.2330E-02
   27.950  -2.4467E-03
   27.960   4.3497E-03
   27.970   1.1835E-02
   27.980   1.7356E-02
   27.990   1.9181E-02
   28.000   2.3855E-02
   28.010   2.2590E-02
   28.020   1.5963E-02
   28.030  -1.0112E-02
   28.040  -1.8454E-02
   28.050  -2.7121E-02
   28.060  -2.7101E-02
   28.070  -2.4289E-02
   28.080  -1.5972E-02
   28.090  -7.4228E-03
   28.100  -6.0571E-03
   28.110  -1.6786E-02
   28.120  -3.9855E-02
   28.130  -7.1891E-02
   28.140  -1.0803E-01
   28.150  -1.4346E-01
   28.160  -1.7397E-01
   28.170  -1.9605E-01
   28.180  -2.0673E-01
   28.190  -2.0396E-01
   28.200  -1.8749E-01
   28.210  -1.6067E-01
   28.220  -1.3125E-01
   28.230  -1.0499E-01
   28.240  -9.4031E-02
   28.250  -9.3610E-02
   28.260  -9.4446E-02
   28.270  -8.8951E-02
   28.280  -7.7275E-02
   28.290  -6.5088E-02
   28.300  -5.6402E-02
   28.310  -5.1414E-02
   28.320  -4.6025E-02
   28.330  -3.7306E-02
   28.340  -2.3581E-02
   28.350  -3.2080E-03
   28.360   2.4940E-02
   28.370   5.9653E-02
   28.380   9.7252E-02
   28.390   1.3339E-01
   28.400   1.6442E-01
   28.410   1.8737E-01
   28.420   2.0029E-01
   28.430   1.7192E-01
   28.440   1.7151E-01
   28.450   1.6550E-01
   28.460   1.5453E-01
   28.470   1.2671E-01
   28.480   1.0153E-01
   28.490   7.3710E-02
   28.500   4.7583E-02
   28.510   2.6652E-02
   28.520   1.3037E-02
   28.530   8.2587E-03
   28.540   1.3218E-02
   28.550   2.6314E-02
   28.560   4.2483E-02
   28.570   5.4951E-02
   28.580   6.0331E-02
   28.590   5.9567E-02
   28.600   5.5084E-02
   28.610   3.5493E-02
   28.620   2.8170E-02
   28.630   1.9921E-02
   28.640   1.3773E-02
   28.650   1.1979E-02
   28.660   1.4840E-02
   28.670   2.1910E-02
   28.680   4.7779E-02
   28.690   6.4159E-02
   28.700   8.5613E-02
   28.710   1.1086E-01
   28.720   1.3526E-01
   28.730   1.5153E-01
   28.740   8.0656E-02
   28.750   6.4604E-02
   28.760   4.5294E-02
   28.770   3.2916E-02
   28.780   3.0064E-02
   28.790   3.5556E-02
   28.800   4.0916E-02
   28.810   3.6307E-02
   28.820   1.6633E-02
   28.830  -5.1574E-02
   28.840  -6.7626E-02
   28.850  -8.0351E-02
   28.860  -9.6322E-02
   28.870  -3.8040E-02
   28.880  -3.4535E-02
   28.890  -2.9597E-02
   28.900  -2.0889E-02
   28.910  -7.5567E-03
   28.920   8.5585E-03
   28.930   2.4455E-02
   28.940   3.8169E-02
   28.950   4.9031E-02
   28.960   5.6580E-02
   28.970   6.0375E-02
   28.980   6.0786E-02
   28.990   5.8985E-02
   29.000   6.3652E-02
   29.010   6.0467E-02
   29.020   5.6473E-02
   29.030   5.2835E-02
   29.040   5.0399E-02
   29.050   4.8844E-02
   29.060   4.6996E-02
   29.070   4.3899E-02
   29.080   3.9414E-02
   29.090   3.3995E-02
   29.100   2.8282E-02
   29.110   2.3102E-02
   29.120   1.9513E-02
   29.130   1.8189E-02
   29.140   1.8423E-02
   29.150   1.8143E-02
   29.160   1.5597E-02
   29.170   1.1057E-02
   29.180   6.3254E-03
   29.190   1.7289E-03
   29.200  -1.6351E-03
   29.210  -5.0083E-03
   29.220  -7.4831E-03
   29.230  -7.6642E-03
   29.240  -5.3590E-03
   29.250  -1.5235E-03
   29.260   3.1425E-03
   29.270   8.6559E-03
   29.280   1.5002E-02
   29.290   2.1859E-02
   29.300  -2.4033E-02
   29.310  -2.3281E-02
   29.320  -2.1415E-02
   29.330  -1.9011E-02
   29.340  -1.6257E-02
   29.350  -1.3103E-02
   29.360  -9.9292E-03
   29.370  -8.3035E-03
   29.380  -6.5590E-03
   29.390  -3.9934E-03
   29.400   8.0846E-04
   29.410   7.7666E-03
   29.420   1.5185E-02
   29.430   2.0931E-02
   29.440   2.3392E-02
   29.450   2.1671E-02
   29.460   1.5690E-02
   29.470   6.4569E-03
   29.480  -4.1372E-03
   29.490  -1.4116E-02
   29.500  -2.2065E-02
   29.510  -2.7208E-02
   29.520  -2.9442E-02
   29.530  -2.8805E-02
   29.540  -2.8895E-02
   29.550  -2.8280E-02
   29.560  -2.6509E-02
   29.570  -2.2730E-02
   29.580  -1.6179E-02
   29.590  -1.0846E-02
   29.600  -6.4764E-03
   29.610  -3.0837E-03
   29.620   2.4626E-04
   29.630   4.1203E-03
   29.640   8.3511E-03
   29.650   1.2525E-02
   29.660   1.6523E-02
   29.670   2.0300E-02
   29.680   2.3511E-02
   29.690   2.5717E-02
   29.700   2.6909E-02
   29.710   2.7540E-02
   29.720   2.7958E-02
   29.730   2.7947E-02
   29.740   2.6860E-02
   29.750   2.4105E-02
   29.760   1.9479E-02
   29.770   1.3254E-02
   29.780   6.1360E-03
   29.790  -8.6052E-04
   29.800  -6.6575E-03
   29.810  -1.0410E-02
   29.820  -1.1796E-02
   29.830  -1.1209E-02
   29.840  -9.6310E-03
   29.850  -8.0273E-03
   29.860  -6.6538E-03
   29.870  -5.0810E-03
   29.880  -1.1687E-03
   29.890   2.3274E-03
   29.900   6.1302E-03
   29.910   9.6927E-03
   29.920   1.2570E-02
   29.930   1.4133E-02
   29.940   1.3615E-02
   29.950   1.0637E-02
   29.960   5.5580E-03
   29.970  -7.1857E-04
   29.980  -7.0609E-03
   29.990  -1.2209E-02
   30.000  -1.4981E-02
   30.010  -1.4794E-02
   30.020  -1.4116E-02
   30.030  -9.2910E-03
   30.040  -3.7401E-03
   30.050   1.8735E-03
   30.060  -8.3052E-04
   30.070  -1.1762E-03
   30.080  -1.4058E-03
   30.090  -1.5377E-03
   30.100  -1.7136E-03
   30.110  -2.1703E-03
   30.120  -3.1133E-03
   30.130  -4.5465E-03
   30.140  -6.1954E-03
   30.150  -7.6371E-03
   30.160  -8.5780E-03
   30.170  -9.0309E-03
   30.180  -9.2081E-03
   30.190  -9.2526E-03
   30.200  -9.1244E-03
   30.210  -8.7359E-03
   30.220  -8.1015E-03
   30.230  -7.2914E-03
   30.240  -4.4633E-03
   30.250  -4.1278E-03
   30.260  -3.3808E-03
   30.270  -2.3572E-03
   30.280  -1.1476E-03
   30.290   5.3361E-04
   30.300   2.2963E-03
   30.310   4.2175E-03
   30.320   6.1126E-03
   30.330   1.9002E-03
   30.340   2.8934E-03
   30.350   3.5629E-03
   30.360   3.8759E-03
   30.370   3.9047E-03
   30.380   3.7371E-03
   30.390   3.4761E-03
   30.400   1.6411E-03
   30.410   1.7269E-03
   30.420   1.8524E-03
   30.430   1.8697E-03
   30.440   1.6539E-03
   30.450   1.1888E-03
   30.460   5.6031E-04
   30.470  -1.3204E-04
   30.480  -8.4084E-04
   30.490  -1.5371E-03
   30.500  -2.1296E-03
   30.510  -2.4580E-03
   30.520  -2.3922E-03
   30.530  -1.9354E-03
   30.540  -1.2320E-03
   30.550  -5.0331E-04
   30.560   1.2691E-05
   30.570   1.1318E-04
   30.580  -2.9281E-04
   30.590  -1.1233E-03
   30.600  -1.7920E-03
   30.610  -2.9058E-03
   30.620  -3.9025E-03
   30.630  -4.6864E-03
   30.640  -5.1314E-03
   30.650  -5.1207E-03
   30.660  -4.6391E-03
   30.670  -3.8041E-03
   30.680  -2.8137E-03
   30.690  -1.8736E-03
   30.700  -1.1557E-03
   30.710  -7.7467E-04
   30.720  -7.6534E-04
   30.730  -1.0630E-03
   30.740  -1.5082E-03
   30.750  -1.8924E-03
   30.760  -2.0375E-03
   30.770  -1.8606E-03
   30.780  -1.3801E-03
   30.790  -6.7828E-04
   30.800   1.2768E-04
   30.810   8.9636E-04
   30.820   1.4934E-03
   30.830   1.8433E-03
   30.840   1.9490E-03
   30.850   1.8605E-03
   30.860   1.6445E-03
   30.870   1.3886E-03
   30.880   1.1944E-03
   30.890   1.1194E-03
   30.900   1.1206E-03
   30.910   1.0775E-03
   30.920   8.8168E-04
   30.930   5.0162E-04
   30.940  -2.3411E-05
   30.950  -6.2200E-04
   30.960  -1.2121E-03
   30.970  -1.7064E-03
   30.980  -2.0253E-03
   30.990  -2.1178E-03
   31.000  -1.9734E-03
   31.010  -1.6188E-03
   31.020  -1.1126E-03
   31.030  -5.5227E-04
   31.040  -8.1266E-05
   31.050   1.3691E-04
   31.060  -1.8024E-05
   31.070  -5.6551E-04
   31.080  -1.4187E-03
   31.090  -2.4174E-03
   31.100  -3.3552E-03
   31.110  -4.0003E-03
   31.120  -4.1558E-03
   31.130  -3.7518E-03
   31.140  -2.8852E-03
   31.150  -1.7558E-03
   31.160  -5.5987E-04
   31.170   5.5925E-04
   31.180   1.4861E-03
   31.190   2.1058E-03
   31.200   2.3289E-03
   31.210   2.1468E-03
   31.220   1.6599E-03
   31.230   1.0425E-03
   31.240   4.6564E-04
   31.250   3.3632E-05
   31.260  -2.2227E-04
   31.270  -3.1275E-04
   31.280  -2.7365E-04
   31.290  -1.7628E-04
   31.300  -1.2683E-04
   31.310  -2.3045E-04
   31.320  -5.4866E-04
   31.330  -1.0765E-03
   31.340  -1.7299E-03
   31.350  -2.3450E-03
   31.360  -2.7285E-03
   31.370  -2.7674E-03
   31.380  -2.5103E-03
   31.390  -2.1345E-03
   31.400  -1.8294E-03
   31.410  -1.7138E-03
   31.420  -1.8375E-03
   31.430  -2.2072E-03
   31.440  -2.7780E-03
   31.450  -3.4324E-03
   31.460  -4.0004E-03
   31.470  -4.3154E-03
   31.480  -4.2604E-03
   31.490  -3.7860E-03
   31.500  -2.9240E-03
   31.510  -1.8010E-03
   31.520  -6.2792E-04
   31.530   3.6242E-04
   31.540   1.0021E-03
   31.550   1.2380E-03
   31.560   1.1195E-03
   31.570   7.6220E-04
   31.580   3.3178E-04
   31.590   3.0879E-05
   31.600   4.2209E-05
   31.610   4.4316E-04
   31.620   1.1669E-03
   31.630   2.0428E-03
   31.640   2.8592E-03
   31.650   0.0000E+00
   31.660   0.0000E+00
   31.670   0.0000E+00
   31.680   0.0000E+00
   31.690   0.0000E+00
   31.700   0.0000E+00
   31.710   0.0000E+00
   31.720   0.0000E+00
   31.730   0.0000E+00
   31.740   0.0000E+00
   31.750   0.0000E+00
   31.760   0.0000E+00
   31.770   0.0000E+00
   31.780   0.0000E+00
   31.790   0.0000E+00
   31.800   0.0000E+00
   31.810   0.0000E+00
   31.820   0.0000E+00
   31.830   0.0000E+00
   31.840   0.0000E+00
   31.850   0.0000E+00
   31.860   0.0000E+00
   31.870   0.0000E+00
   31.880   0.0000E+00
   31.890   0.0000E+00
   31.900   0.0000E+00
   31.910   0.0000E+00
   31.920   0.0000E+00
   31.930   0.0000E+00
   31.940   0.0000E+00
   31.950   0.0000E+00
   31.960   0.0000E+00
   31.970   0.0000E+00
   31.980   0.0000E+00
   31.990   0.0000E+00
   32.000   0.0000E+00
   32.010   0.0000E+00
   32.020   0.0000E+00
   32.030   0.0000E+00
   32.040   0.0000E+00
   32.050   0.0000E+00
   32.060   0.0000E+00
   32.070   0.0000E+00
   32.080   0.0000E+00
   32.090   0.0000E+00
   32.100   0.0000E+00
   32.110   0.0000E+00
   32.120   0.0000E+00
   32.130   0.0000E+00
   32.140   0.0000E+00
   32.150   0.0000E+00
   32.160   0.0000E+00
   32.170   0.0000E+00
   32.180   0.0000E+00
   32.190   0.0000E+00
   32.200   0.0000E+00
   32.210   0.0000E+00
   32.220   0.0000E+00
   32.230   0.0000E+00
   32.240   0.0000E+00
   32.250   0.0000E+00
   32.260   0.0000E+00
   32.270   0.0000E+00
   32.280   0.0000E+00
   32.290   0.0000E+00
   32.300   0.0000E+00
   32.310   0.0000E+00
   32.320   0.0000E+00
   32.330   0.0000E+00
   32.340   0.0000E+00
   32.350   0.0000E+00
   32.360   0.0000E+00
   32.370   0.0000E+00
   32.380   0.0000E+00
   32.390   0.0000E+00
   32.400   0.0000E+00
   32.410   0.0000E+00
   32.420   0.0000E+00
   32.430   0.0000E+00
   32.440   0.0000E+00
   32.450   0.0000E+00
   32.460   0.0000E+00
   32.470   0.0000E+00
   32.480   0.0000E+00
   32.490   0.0000E+00
   32.500   0.0000E+00
   32.510   0.0000E+00
   32.520   0.0000E+00
   32.530   0.0000E+00
   32.540   0.0000E+00
   32.550   0.0000E+00
   32.560   0.0000E+00
   32.570   0.0000E+00
   32.580   0.0000E+00
   32.590   0.0000E+00
   32.600   0.0000E+00
   32.610   0.0000E+00
   32.620   0.0000E+00
   32.630   0.0000E+00
   32.640   0.0000E+00
   32.650   0.0000E+00
   32.660   0.0000E+00
   32.670   0.0000E+00
   32.680   0.0000E+00
   32.690   0.0000E+00
   32.700   0.0000E+00
   32.710   0.0000E+00
   32.720   0.0000E+00
   32.730   0.0000E+00
   32.740   0.0000E+00
   32.750   0.0000E+00
   32.760   0.0000E+00
   32.770   0.0000E+00
   32.780   0.0000E+00
   32.790   0.0000E+00
   32.800   0.0000E+00
   32.810   0.0000E+00
   32.820   0.0000E+00
   32.830   0.0000E+00
   32.840   0.0000E+00
   32.850   0.0000E+00
   32.860   0.0000E+00
   32.870   0.0000E+00
   32.880   0.0000E+00
   32.890   0.0000E+00
   32.900   0.0000E+00
   32.910   0.0000E+00
   32.920   0.0000E+00
   32.930   0.0000E+00
   32.940   0.0000E+00
   32.950   0.0000E+00
   32.960   0.0000E+00
   32.970   0.0000E+00
   32.980   0.0000E+00
   32.990   0.0000E+00
   33.000   0.0000E+00
   33.010   0.0000E+00
   33.020   0.0000E+00
   33.030   0.0000E+00
   33.040   0.0000E+00
   33.050   0.0000E+00
   33.060   0.0000E+00
   33.070   0.0000E+00
   33.080   0.0000E+00
   33.090   0.0000E+00
   33.100   0.0000E+00
   33.110   0.0000E+00
   33.120   0.0000E+00
   33.130   0.0000E+00
   33.140   0.0000E+00
   33.150   0.0000E+00
   33.160   0.0000E+00
   33.170   0.0000E+00
   33.180   0.0000E+00
   33.190   0.0000E+00
   33.200   0.0000E+00
   33.210   0.0000E+00
   33.220   0.0000E+00
   33.230   0.0000E+00
   33.240   0.0000E+00
   33.250   0.0000E+00
   33.260   0.0000E+00
   33.270   0.0000E+00
   33.280   0.0000E+00
   33.290   0.0000E+00
   33.300   0.0000E+00
   33.310   0.0000E+00
   33.320   0.0000E+00
   33.330   0.0000E+00
   33.340   0.0000E+00
   33.350   0.0000E+00
   33.360   0.0000E+00
   33.370   0.0000E+00
   33.380   0.0000E+00
   33.390   0.0000E+00
   33.400   0.0000E+00
   33.410   0.0000E+00
   33.420   0.0000E+00
   33.430   0.0000E+00
   33.440   0.0000E+00
   33.450   0.0000E+00
   33.460   0.0000E+00
   33.470   0.0000E+00
   33.480   0.0000E+00
   33.490   0.0000E+00
   33.500   0.0000E+00
   33.510   0.0000E+00
   33.520   0.0000E+00
   33.530   0.0000E+00
   33.540   0.0000E+00
   33.550   0.0000E+00
   33.560   0.0000E+00
   33.570   0.0000E+00
   33.580   0.0000E+00
   33.590   0.0000E+00
   33.600   0.0000E+00
   33.610   0.0000E+00
   33.620   0.0000E+00
   33.630   0.0000E+00
   33.640   0.0000E+00
   33.650   0.0000E+00
   33.660   0.0000E+00
   33.670   0.0000E+00
   33.680   0.0000E+00
   33.690   0.0000E+00
   33.700   0.0000E+00
   33.710   0.0000E+00
   33.720   0.0000E+00
   33.730   0.0000E+00
   33.740   0.0000E+00
   33.750   0.0000E+00
   33.760   0.0000E+00
   33.770   0.0000E+00
   33.780   0.0000E+00
   33.790   0.0000E+00
   33.800   0.0000E+00
   33.810   0.0000E+00
   33.820   0.0000E+00
   33.830   0.0000E+00
   33.840   0.0000E+00
   33.850   0.0000E+00
   33.860   0.0000E+00
   33.870   0.0000E+00
   33.880   0.0000E+00
   33.890   0.0000E+00
   33.900   0.0000E+00
   33.910   0.0000E+00
   33.920   0.0000E+00
   33.930   0.0000E+00
   33.940   0.0000E+00
   33.950   0.0000E+00
   33.960   0.0000E+00
   33.970   0.0000E+00
   33.980   0.0000E+00
   33.990   0.0000E+00
   34.000   0.0000E+00
   34.010   0.0000E+00
   34.020   0.0000E+00
   34.030   0.0000E+00
   34.040   0.0000E+00
   34.050   0.0000E+00
   34.060   0.0000E+00
   34.070   0.0000E+00
   34.080   0.0000E+00
   34.090   0.0000E+00
   34.100   0.0000E+00
   34.110   0.0000E+00
   34.120   0.0000E+00
   34.130   0.0000E+00
   34.140   0.0000E+00
   34.150   0.0000E+00
   34.160   0.0000E+00
   34.170   0.0000E+00
   34.180   0.0000E+00
   34.190   0.0000E+00
   34.200   0.0000E+00
   34.210   0.0000E+00
   34.220   0.0000E+00
   34.230   0.0000E+00
   34.240   0.0000E+00
   34.250   0.0000E+00
   34.260   0.0000E+00
   34.270   0.0000E+00
   34.280   0.0000E+00
   34.290   0.0000E+00
   34.300   0.0000E+00
   34.310   0.0000E+00
   34.320   0.0000E+00
   34.330   0.0000E+00
   34.340   0.0000E+00
   34.350   0.0000E+00
   34.360   0.0000E+00
   34.370   0.0000E+00
   34.380   0.0000E+00
   34.390   0.0000E+00
   34.400   0.0000E+00
   34.410   0.0000E+00
   34.420   0.0000E+00
   34.430   0.0000E+00
   34.440   0.0000E+00
   34.450   0.0000E+00
   34.460   0.0000E+00
   34.470   0.0000E+00
   34.480   0.0000E+00
   34.490   0.0000E+00
   34.500   0.0000E+00
   34.510   0.0000E+00
   34.520   0.0000E+00
   34.530   0.0000E+00
   34.540   0.0000E+00
   34.550   0.0000E+00
   34.560   0.0000E+00
   34.570   0.0000E+00
   34.580   0.0000E+00
   34.590   0.0000E+00
   34.600   0.0000E+00
   34.610   0.0000E+00
   34.620   0.0000E+00
   34.630   0.0000E+00
   34.640   0.0000E+00
   34.650   0.0000E+00
   34.660   0.0000E+00
   34.670   0.0000E+00
   34.680   0.0000E+00
   34.690   0.0000E+00
   34.700   0.0000E+00
   34.710   0.0000E+00
   34.720   0.0000E+00
   34.730   0.0000E+00
   34.740   0.0000E+00
   34.750   0.0000E+00
   34.760   0.0000E+00
   34.770   0.0000E+00
   34.780   0.0000E+00
   34.790   0.0000E+00
   34.800   0.0000E+00
   34.810   0.0000E+00
   34.820   0.0000E+00
   34.830   0.0000E+00
   34.840   0.0000E+00
   34.850   0.0000E+00
   34.860   0.0000E+00
   34.870   0.0000E+00
   34.880   0.0000E+00
   34.890   0.0000E+00
   34.900   0.0000E+00
   34.910   0.0000E+00
   34.920   0.0000E+00
   34.930   0.0000E+00
   34.940   0.0000E+00
   34.950   0.0000E+00
   34.960   0.0000E+00
   34.970   0.0000E+00
   34.980   0.0000E+00
   34.990   0.0000E+00
   35.000   0.0000E+00
   35.010   0.0000E+00
   35.020   0.0000E+00
   35.030   0.0000E+00
   35.040   0.0000E+00
   35.050   0.0000E+00
   35.060   0.0000E+00
   35.070   0.0000E+00
   35.080   0.0000E+00
   35.090   0.0000E+00
   35.100   0.0000E+00
   35.110   0.0000E+00
   35.120   0.0000E+00
   35.130   0.0000E+00
   35.140   0.0000E+00
   35.150   0.0000E+00
   35.160   0.0000E+00
   35.170   0.0000E+00
   35.180   0.0000E+00
   35.190   0.0000E+00
   35.200   0.0000E+00
   35.210   0.0000E+00
   35.220   0.0000E+00
   35.230   0.0000E+00
   35.240   0.0000E+00
   35.250   0.0000E+00
   35.260   0.0000E+00
   35.270   0.0000E+00
   35.280   0.0000E+00
   35.290   0.0000E+00
   35.300   0.0000E+00
   35.310   0.0000E+00
   35.320   0.0000E+00
   35.330   0.0000E+00
   35.340   0.0000E+00
   35.350   0.0000E+00
   35.360   0.0000E+00
   35.370   0.0000E+00
   35.380   0.0000E+00
   35.390   0.0000E+00
   35.400   0.0000E+00
   35.410   0.0000E+00
   35.420   0.0000E+00
   35.430   0.0000E+00
   35.440   0.0000E+00
   35.450   0.0000E+00
   35.460   0.0000E+00
   35.470   0.0000E+00
   35.480   0.0000E+00
   35.490   0.0000E+00
   35.500   0.0000E+00
   35.510   0.0000E+00
   35.520   0.0000E+00
   35.530   0.0000E+00
   35.540   0.0000E+00
   35.550   0.0000E+00
   35.560   0.0000E+00
   35.570   0.0000E+00
   35.580   0.0000E+00
   35.590   0.0000E+00
   35.600   0.0000E+00
   35.610   0.0000E+00
   35.620   0.0000E+00
   35.630   0.0000E+00
   35.640   0.0000E+00
   35.650   0.0000E+00
   35.660   0.0000E+00
   35.670   0.0000E+00
   35.680   0.0000E+00
   35.690   0.0000E+00
   35.700   0.0000E+00
   35.710   0.0000E+00
   35.720   0.0000E+00
   35.730   0.0000E+00
   35.740   0.0000E+00
   35.750   0.0000E+00
   35.760   0.0000E+00
   35.770   0.0000E+00
   35.780   0.0000E+00
   35.790   0.0000E+00
   35.800   0.0000E+00
   35.810   0.0000E+00
   35.820   0.0000E+00
   35.830   0.0000E+00
   35.840   0.0000E+00
   35.850   0.0000E+00
   35.860   0.0000E+00
   35.870   0.0000E+00
   35.880   0.0000E+00
   35.890   0.0000E+00
   35.900   0.0000E+00
   35.910   0.0000E+00
   35.920   0.0000E+00
   35.930   0.0000E+00
   35.940   0.0000E+00
   35.950   0.0000E+00
   35.960   0.0000E+00
   35.970   0.0000E+00
   35.980   0.0000E+00
   35.990   0.0000E+00
   36.000   0.0000E+00
   36.010   0.0000E+00
   36.020   0.0000E+00
   36.030   0.0000E+00
   36.040   0.0000E+00
   36.050   0.0000E+00
   36.060   0.0000E+00
   36.070   0.0000E+00
   36.080   0.0000E+00
   36.090   0.0000E+00
   36.100   0.0000E+00
   36.110   0.0000E+00
   36.120   0.0000E+00
   36.130   0.0000E+00
   36.140   0.0000E+00
   36.150   0.0000E+00
   36.160   0.0000E+00
   36.170   0.0000E+00
   36.180   0.0000E+00
   36.190   0.0000E+00
   36.200   0.0000E+00
   36.210   0.0000E+00
   36.220   0.0000E+00
   36.230   0.0000E+00
   36.240   0.0000E+00
   36.250   0.0000E+00
   36.260   0.0000E+00
   36.270   0.0000E+00
   36.280   0.0000E+00
   36.290   0.0000E+00
   36.300   0.0000E+00
   36.310   0.0000E+00
   36.320   0.0000E+00
   36.330   0.0000E+00
   36.340   0.0000E+00
   36.350   0.0000E+00
   36.360   0.0000E+00
   36.370   0.0000E+00
   36.380   0.0000E+00
   36.390   0.0000E+00
   36.400   0.0000E+00
   36.410   0.0000E+00
   36.420   0.0000E+00
   36.430   0.0000E+00
   36.440   0.0000E+00
   36.450   0.0000E+00
   36.460   0.0000E+00
   36.470   0.0000E+00
   36.480   0.0000E+00
   36.490   0.0000E+00
   36.500   0.0000E+00
   36.510   0.0000E+00
   36.520   0.0000E+00
   36.530   0.0000E+00
   36.540   0.0000E+00
   36.550   0.0000E+00
   36.560   0.0000E+00
   36.570   0.0000E+00
   36.580   0.0000E+00
   36.590   0.0000E+00
   36.600   0.0000E+00
   36.610   0.0000E+00
   36.620   0.0000E+00
   36.630   0.0000E+00
   36.640   0.0000E+00
   36.650   0.0000E+00
   36.660   0.0000E+00
   36.670   0.0000E+00
   36.680   0.0000E+00
   36.690   0.0000E+00
   36.700   0.0000E+00
   36.710   0.0000E+00
   36.720   0.0000E+00
   36.730   0.0000E+00
   36.740   0.0000E+00
   36.750   0.0000E+00
   36.760   0.0000E+00
   36.770   0.0000E+00
   36.780   0.0000E+00
   36.790   0.0000E+00
   36.800   0.0000E+00
   36.810   0.0000E+00
   36.820   0.0000E+00
   36.830   0.0000E+00
   36.840   0.0000E+00
   36.850   0.0000E+00
   36.860   0.0000E+00
   36.870   0.0000E+00
   36.880   0.0000E+00
   36.890   0.0000E+00
   36.900   0.0000E+00
   36.910   0.0000E+00
   36.920   0.0000E+00
   36.930   0.0000E+00
   36.940   0.0000E+00
   36.950   0.0000E+00
   36.960   0.0000E+00
   36.970   0.0000E+00
   36.980   0.0000E+00
   36.990   0.0000E+00
   37.000   0.0000E+00
   37.010   0.0000E+00
   37.020   0.0000E+00
   37.030   0.0000E+00
   37.040   0.0000E+00
   37.050   0.0000E+00
   37.060   0.0000E+00
   37.070   0.0000E+00
   37.080   0.0000E+00
   37.090   0.0000E+00
   37.100   0.0000E+00
   37.110   0.0000E+00
   37.120   0.0000E+00
   37.130   0.0000E+00
   37.140   0.0000E+00
   37.150   0.0000E+00
   37.160   0.0000E+00
   37.170   0.0000E+00
   37.180   0.0000E+00
   37.190   0.0000E+00
   37.200   0.0000E+00
   37.210   0.0000E+00
   37.220   0.0000E+00
   37.230   0.0000E+00
   37.240   0.0000E+00
   37.250   0.0000E+00
   37.260   0.0000E+00
   37.270   0.0000E+00
   37.280   0.0000E+00
   37.290   0.0000E+00
   37.300   0.0000E+00
   37.310   0.0000E+00
   37.320   0.0000E+00
   37.330   0.0000E+00
   37.340   0.0000E+00
   37.350   0.0000E+00
   37.360   0.0000E+00
   37.370   0.0000E+00
   37.380   0.0000E+00
   37.390   0.0000E+00
   37.400   0.0000E+00
   37.410   0.0000E+00
   37.420   0.0000E+00
   37.430   0.0000E+00
   37.440   0.0000E+00
   37.450   0.0000E+00
   37.460   0.0000E+00
   37.470   0.0000E+00
   37.480   0.0000E+00
   37.490   0.0000E+00
   37.500   0.0000E+00
   37.510   0.0000E+00
   37.520   0.0000E+00
   37.530   0.0000E+00
   37.540   0.0000E+00
   37.550   0.0000E+00
   37.560   0.0000E+00
   37.570   0.0000E+00
   37.580   0.0000E+00
   37.590   0.0000E+00
   37.600   0.0000E+00
   37.610   0.0000E+00
   37.620   0.0000E+00
   37.630   0.0000E+00
   37.640   0.0000E+00
   37.650   0.0000E+00
   37.660   0.0000E+00
   37.670   0.0000E+00
   37.680   0.0000E+00
   37.690   0.0000E+00
   37.700   0.0000E+00
   37.710   0.0000E+00
   37.720   0.0000E+00
   37.730   0.0000E+00
   37.740   0.0000E+00
   37.750   0.0000E+00
   37.760   0.0000E+00
   37.770   0.0000E+00
   37.780   0.0000E+00
   37.790   0.0000E+00
   37.800   0.0000E+00
   37.810   0.0000E+00
   37.820   0.0000E+00
   37.830   0.0000E+00
   37.840   0.0000E+00
   37.850   0.0000E+00
   37.860   0.0000E+00
   37.870   0.0000E+00
   37.880   0.0000E+00
   37.890   0.0000E+00
   37.900   0.0000E+00
   37.910   0.0000E+00
   37.920   0.0000E+00
   37.930   0.0000E+00
   37.940   0.0000E+00
   37.950   0.0000E+00
   37.960   0.0000E+00
   37.970   0.0000E+00
   37.980   0.0000E+00
   37.990   0.0000E+00
   38.000   0.0000E+00
   38.010   0.0000E+00
   38.020   0.0000E+00
   38.030   0.0000E+00
   38.040   0.0000E+00
   38.050   0.0000E+00
   38.060   0.0000E+00
   38.070   0.0000E+00
   38.080   0.0000E+00
   38.090   0.0000E+00
   38.100   0.0000E+00
   38.110   0.0000E+00
   38.120   0.0000E+00
   38.130   0.0000E+00
   38.140   0.0000E+00
   38.150   0.0000E+00
   38.160   0.0000E+00
   38.170   0.0000E+00
   38.180   0.0000E+00
   38.190   0.0000E+00
   38.200   0.0000E+00
   38.210   0.0000E+00
   38.220   0.0000E+00
   38.230   0.0000E+00
   38.240   0.0000E+00
   38.250   0.0000E+00
   38.260   0.0000E+00
   38.270   0.0000E+00
   38.280   0.0000E+00
   38.290   0.0000E+00
   38.300   0.0000E+00
   38.310   0.0000E+00
   38.320   0.0000E+00
   38.330   0.0000E+00
   38.340   0.0000E+00
   38.350   0.0000E+00
   38.360   0.0000E+00
   38.370   0.0000E+00
   38.380   0.0000E+00
   38.390   0.0000E+00
   38.400   0.0000E+00
   38.410   0.0000E+00
   38.420   0.0000E+00
   38.430   0.0000E+00
   38.440   0.0000E+00
   38.450   0.0000E+00
   38.460   0.0000E+00
   38.470   0.0000E+00
   38.480   0.0000E+00
   38.490   0.0000E+00
   38.500   0.0000E+00
   38.510   0.0000E+00
   38.520   0.0000E+00
   38.530   0.0000E+00
   38.540   0.0000E+00
   38.550   0.0000E+00
   38.560   0.0000E+00
   38.570   0.0000E+00
   38.580   0.0000E+00
   38.590   0.0000E+00
   38.600   0.0000E+00
   38.610   0.0000E+00
   38.620   0.0000E+00
   38.630   0.0000E+00
   38.640   0.0000E+00
   38.650   0.0000E+00
   38.660   0.0000E+00
   38.670   0.0000E+00
   38.680   0.0000E+00
   38.690   0.0000E+00
   38.700   0.0000E+00
   38.710   0.0000E+00
   38.720   0.0000E+00
   38.730   0.0000E+00
   38.740   0.0000E+00
   38.750   0.0000E+00
   38.760   0.0000E+00
   38.770   0.0000E+00
   38.780   0.0000E+00
   38.790   0.0000E+00
   38.800   0.0000E+00
   38.810   0.0000E+00
   38.820   0.0000E+00
   38.830   0.0000E+00
   38.840   0.0000E+00
   38.850   0.0000E+00
   38.860   0.0000E+00
   38.870   0.0000E+00
   38.880   0.0000E+00
   38.890   0.0000E+00
   38.900   0.0000E+00
   38.910   0.0000E+00
   38.920   0.0000E+00
   38.930   0.0000E+00
   38.940   0.0000E+00
   38.950   0.0000E+00
   38.960   0.0000E+00
   38.970   0.0000E+00
   38.980   0.0000E+00
   38.990   0.0000E+00
   39.000   0.0000E+00
   39.010   0.0000E+00
   39.020   0.0000E+00
   39.030   0.0000E+00
   39.040   0.0000E+00
   39.050   0.0000E+00
   39.060   0.0000E+00
   39.070   0.0000E+00
   39.080   0.0000E+00
   39.090   0.0000E+00
   39.100   0.0000E+00
   39.110   0.0000E+00
   39.120   0.0000E+00
   39.130   0.0000E+00
   39.140   0.0000E+00
   39.150   0.0000E+00
   39.160   0.0000E+00
   39.170   0.0000E+00
   39.180   0.0000E+00
   39.190   0.0000E+00
   39.200   0.0000E+00
   39.210   0.0000E+00
   39.220   0.0000E+00
   39.230   0.0000E+00
   39.240   0.0000E+00
   39.250   0.0000E+00
   39.260   0.0000E+00
   39.270   0.0000E+00
   39.280   0.0000E+00
   39.290   0.0000E+00
   39.300   0.0000E+00
   39.310   0.0000E+00
   39.320   0.0000E+00
   39.330   0.0000E+00
   39.340   0.0000E+00
   39.350   0.0000E+00
   39.360   0.0000E+00
   39.370   0.0000E+00
   39.380   0.0000E+00
   39.390   0.0000E+00
   39.400   0.0000E+00
   39.410   0.0000E+00
   39.420   0.0000E+00
   39.430   0.0000E+00
   39.440   0.0000E+00
   39.450   0.0000E+00
   39.460   0.0000E+00
   39.470   0.0000E+00
   39.480   0.0000E+00
   39.490   0.0000E+00
   39.500   0.0000E+00
   39.510   0.0000E+00
   39.520   0.0000E+00
   39.530   0.0000E+00
   39.540   0.0000E+00
   39.550   0.0000E+00
   39.560   0.0000E+00
   39.570   0.0000E+00
   39.580   0.0000E+00
   39.590   0.0000E+00
   39.600   0.0000E+00
   39.610   0.0000E+00
   39.620   0.0000E+00
   39.630   0.0000E+00
   39.640   0.0000E+00
   39.650   0.0000E+00
   39.660   0.0000E+00
   39.670   0.0000E+00
   39.680   0.0000E+00
   39.690   0.0000E+00
   39.700   0.0000E+00
   39.710   0.0000E+00
   39.720   0.0000E+00
   39.730   0.0000E+00
   39.740   0.0000E+00
   39.750   0.0000E+00
   39.760   0.0000E+00
   39.770   0.0000E+00
   39.780   0.0000E+00
   39.790   0.0000E+00
   39.800   0.0000E+00
   39.810   0.0000E+00
   39.820   0.0000E+00
   39.830   0.0000E+00
   39.840   0.0000E+00
   39.850   0.0000E+00
   39.860   0.0000E+00
   39.870   0.0000E+00
   39.880   0.0000E+00
   39.890   0.0000E+00
   39.900   0.0000E+00
   39.910   0.0000E+00
   39.920   0.0000E+00
   39.930   0.0000E+00
   39.940   0.0000E+00
   39.950   0.0000E+00
   39.960   0.0000E+00
   39.970   0.0000E+00
   39.980   0.0000E+00
   39.990   0.0000E+00
   40.000   0.0000E+00
   40.010   0.0000E+00
   40.020   0.0000E+00
   40.030   0.0000E+00
   40.040   0.0000E+00
   40.050   0.0000E+00
   40.060   0.0000E+00
   40.070   0.0000E+00
   40.080   0.0000E+00
   40.090   0.0000E+00
   40.100   0.0000E+00
   40.110   0.0000E+00
   40.120   0.0000E+00
   40.130   0.0000E+00
   40.140   0.0000E+00
   40.150   0.0000E+00
   40.160   0.0000E+00
   40.170   0.0000E+00
   40.180   0.0000E+00
   40.190   0.0000E+00
   40.200   0.0000E+00
   40.210   0.0000E+00
   40.220   0.0000E+00
   40.230   0.0000E+00
   40.240   0.0000E+00
   40.250   0.0000E+00
   40.260   0.0000E+00
   40.270   0.0000E+00
   40.280   0.0000E+00
   40.290   0.0000E+00
   40.300   0.0000E+00
   40.310   0.0000E+00
   40.320   0.0000E+00
   40.330   0.0000E+00
   40.340   0.0000E+00
   40.350   0.0000E+00
   40.360   0.0000E+00
   40.370   0.0000E+00
   40.380   0.0000E+00
   40.390   0.0000E+00
   40.400   0.0000E+00
   40.410   0.0000E+00
   40.420   0.0000E+00
   40.430   0.0000E+00
   40.440   0.0000E+00
   40.450   0.0000E+00
   40.460   0.0000E+00
   40.470   0.0000E+00
   40.480   0.0000E+00
   40.490   0.0000E+00
   40.500   0.0000E+00
   40.510   0.0000E+00
   40.520   0.0000E+00
   40.530   0.0000E+00
   40.540   0.0000E+00
   40.550   0.0000E+00
   40.560   0.0000E+00
   40.570   0.0000E+00
   40.580   0.0000E+00
   40.590   0.0000E+00
   40.600   0.0000E+00
   40.610   0.0000E+00
   40.620   0.0000E+00
   40.630   0.0000E+00
   40.640   0.0000E+00
   40.650   0.0000E+00
   40.660   0.0000E+00
   40.670   0.0000E+00
   40.680   0.0000E+00
   40.690   0.0000E+00
   40.700   0.0000E+00
   40.710   0.0000E+00
   40.720   0.0000E+00
   40.730   0.0000E+00
   40.740   0.0000E+00
   40.750   0.0000E+00
   40.760   0.0000E+00
   40.770   0.0000E+00
   40.780   0.0000E+00
   40.790   0.0000E+00
   40.800   0.0000E+00
   40.810   0.0000E+00
   40.820   0.0000E+00
   40.830   0.0000E+00
   40.840   0.0000E+00
   40.850   0.0000E+00
   40.860   0.0000E+00
   40.870   0.0000E+00
   40.880   0.0000E+00
   40.890   0.0000E+00
   40.900   0.0000E+00
   40.910   0.0000E+00
   40.920   0.0000E+00
   40.930   0.0000E+00
   40.940   0.0000E+00
   40.950   0.0000E+00
