**********************************************
*******  Acceleration Time Series ************
*** Site #   1
*** trial   20
Input Parameters file =  aqv_0604__parameters.out                                                                                                
  4096 samples
dt:  0.010 sec
data format: (1x,f8.3,1p,2x,e11.4)
maximum absolute acceleration: 282.72
fault Dis.(km)=    6.43
Hypo  Dis.(km)=   12.05
  time(s) acc(cm/s**2)
    0.000   0.0000E+00
    0.010   0.0000E+00
    0.020   0.0000E+00
    0.030   0.0000E+00
    0.040   0.0000E+00
    0.050   0.0000E+00
    0.060   0.0000E+00
    0.070   0.0000E+00
    0.080   0.0000E+00
    0.090   0.0000E+00
    0.100   0.0000E+00
    0.110   0.0000E+00
    0.120   0.0000E+00
    0.130   0.0000E+00
    0.140   0.0000E+00
    0.150   0.0000E+00
    0.160   0.0000E+00
    0.170   0.0000E+00
    0.180   0.0000E+00
    0.190   0.0000E+00
    0.200   0.0000E+00
    0.210   0.0000E+00
    0.220   0.0000E+00
    0.230   0.0000E+00
    0.240   0.0000E+00
    0.250   0.0000E+00
    0.260   0.0000E+00
    0.270   0.0000E+00
    0.280   0.0000E+00
    0.290   0.0000E+00
    0.300   0.0000E+00
    0.310   0.0000E+00
    0.320   0.0000E+00
    0.330   0.0000E+00
    0.340   0.0000E+00
    0.350   0.0000E+00
    0.360   0.0000E+00
    0.370   0.0000E+00
    0.380   0.0000E+00
    0.390   0.0000E+00
    0.400   0.0000E+00
    0.410   0.0000E+00
    0.420   0.0000E+00
    0.430   0.0000E+00
    0.440   0.0000E+00
    0.450  -2.2244E-01
    0.460  -1.9254E-01
    0.470  -1.4545E-01
    0.480  -9.0177E-02
    0.490  -3.4127E-02
    0.500   1.4918E-02
    0.510   4.7112E-02
    0.520   5.4311E-02
    0.530   3.6142E-02
    0.540   1.4593E-03
    0.550  -3.5042E-02
    0.560  -5.7029E-02
    0.570  -5.0344E-02
    0.580  -2.5267E-01
    0.590  -1.7642E-01
    0.600  -8.1937E-02
    0.610   1.3653E-02
    0.620   1.0131E-01
    0.630   1.7617E-01
    0.640   2.3378E-01
    0.650   2.7324E-01
    0.660   3.0029E-01
    0.670   3.2150E-01
    0.680   3.3480E-01
    0.690   3.2956E-01
    0.700   2.9695E-01
    0.710   2.3815E-01
    0.720   1.6158E-01
    0.730   7.6284E-02
    0.740  -1.0428E-02
    0.750  -9.2351E-02
    0.760  -1.6586E-01
    0.770  -2.3059E-01
    0.780   4.0708E-01
    0.790   7.0509E-02
    0.800   7.3434E-02
    0.810   7.8727E-02
    0.820   6.6035E-02
    0.830   2.5801E-02
    0.840  -3.3901E-02
    0.850  -1.0209E-01
    0.860  -2.1142E-01
    0.870  -3.1536E-01
    0.880  -8.0218E-01
    0.890  -9.3247E-01
    0.900  -1.0572E+00
    0.910  -1.1640E+00
    0.920  -1.2274E+00
    0.930  -1.2199E+00
    0.940  -1.1375E+00
    0.950  -1.0032E+00
    0.960  -8.4113E-01
    0.970  -6.5530E-01
    0.980  -3.6618E-01
    0.990  -9.9732E-02
    1.000   1.6857E-01
    1.010   6.1689E-01
    1.020   2.0294E-01
    1.030   3.8125E-01
    1.040   5.0683E-01
    1.050   5.9525E-01
    1.060   6.7733E-01
    1.070   7.6908E-01
    1.080   8.5937E-01
    1.090   9.3044E-01
    1.100   9.8029E-01
    1.110   1.0198E+00
    1.120   1.0593E+00
    1.130   1.1106E+00
    1.140   1.1934E+00
    1.150   1.3198E+00
    1.160   1.4690E+00
    1.170   1.4079E+00
    1.180   1.5103E+00
    1.190   1.5498E+00
    1.200   1.4748E+00
    1.210   1.4212E+00
    1.220   1.1108E+00
    1.230   8.9796E-01
    1.240   4.7629E-01
    1.250   1.0156E-01
    1.260  -8.7659E-02
    1.270  -2.8414E-01
    1.280  -3.6000E-01
    1.290  -3.4013E-01
    1.300  -2.8982E-01
    1.310  -2.7645E-01
    1.320  -3.2755E-01
    1.330  -4.2466E-01
    1.340  -5.2501E-01
    1.350  -5.8035E-01
    1.360  -5.5433E-01
    1.370  -4.4653E-01
    1.380  -3.0163E-01
    1.390  -1.7463E-01
    1.400  -8.1488E-02
    1.410   5.0302E-03
    1.420   1.0942E-01
    1.430   2.2274E-01
    1.440   3.2435E-01
    1.450   4.1308E-01
    1.460   4.9442E-01
    1.470   5.4906E-01
    1.480   5.4067E-01
    1.490   4.3651E-01
    1.500   2.9660E-01
    1.510   1.6553E-01
    1.520   1.0448E-01
    1.530   3.3020E-02
    1.540   3.7798E-03
    1.550  -4.2582E-03
    1.560  -3.0983E-02
    1.570   8.5356E-02
    1.580  -3.8187E-02
    1.590  -2.3183E-01
    1.600  -6.7300E-01
    1.610  -8.6722E-01
    1.620  -1.0381E+00
    1.630  -1.1624E+00
    1.640  -1.3008E+00
    1.650  -1.3514E+00
    1.660  -1.4620E+00
    1.670  -1.6744E+00
    1.680  -1.9850E+00
    1.690  -2.3608E+00
    1.700  -2.7473E+00
    1.710  -3.0663E+00
    1.720  -3.2380E+00
    1.730  -3.3153E+00
    1.740  -3.1037E+00
    1.750  -2.8324E+00
    1.760  -2.3344E+00
    1.770  -1.7430E+00
    1.780  -1.1269E+00
    1.790  -5.7091E-01
    1.800  -1.4036E-01
    1.810   1.3589E-01
    1.820   2.5657E-01
    1.830   2.4237E-01
    1.840   1.3783E-01
    1.850   5.0503E-04
    1.860  -2.2525E-01
    1.870  -5.6988E-02
    1.880  -1.9423E-02
    1.890   5.2358E-03
    1.900  -1.6301E-01
    1.910  -2.2288E-01
    1.920  -2.1233E-01
    1.930  -1.1482E-02
    1.940   1.4225E-01
    1.950   3.6102E-01
    1.960   6.0158E-01
    1.970   7.4774E-01
    1.980   7.8329E-01
    1.990   6.8993E-01
    2.000   7.1781E-01
    2.010   7.3763E-01
    2.020   7.0271E-01
    2.030   5.7518E-01
    2.040   6.2050E-01
    2.050   2.6232E-01
    2.060  -1.1779E-01
    2.070  -4.4119E-01
    2.080  -6.4383E-01
    2.090  -6.9581E-01
    2.100  -3.7657E-01
    2.110  -2.6280E-01
    2.120   3.3722E-02
    2.130   4.0612E-01
    2.140   7.7565E-01
    2.150   1.1173E+00
    2.160   1.4014E+00
    2.170   1.7629E+00
    2.180   2.4052E+00
    2.190   3.4114E+00
    2.200   3.6698E+00
    2.210   3.8619E+00
    2.220   4.1963E+00
    2.230   4.1926E+00
    2.240   4.0509E+00
    2.250   3.8063E+00
    2.260   3.2349E+00
    2.270   2.4779E+00
    2.280   1.6697E+00
    2.290   9.4187E-01
    2.300   3.7179E-01
    2.310  -5.8310E-01
    2.320  -8.8651E-01
    2.330  -1.2198E+00
    2.340  -1.2399E+00
    2.350  -1.0788E+00
    2.360  -7.5804E-01
    2.370  -3.4140E-01
    2.380   3.2994E-02
    2.390   3.7487E-01
    2.400   6.1538E-01
    2.410   6.7823E-01
    2.420   5.5507E-01
    2.430   2.6126E-01
    2.440  -1.5439E-01
    2.450  -6.3799E-01
    2.460  -8.6283E-01
    2.470  -8.9751E-01
    2.480  -8.0042E-01
    2.490  -6.7589E-01
    2.500  -5.0017E-01
    2.510  -4.3641E-01
    2.520  -4.7534E-01
    2.530  -5.9646E-01
    2.540  -7.5531E-01
    2.550  -6.0400E-01
    2.560  -7.1222E-01
    2.570  -8.5400E-01
    2.580  -8.8330E-01
    2.590  -8.0346E-01
    2.600  -8.9701E-01
    2.610  -7.5639E-01
    2.620  -2.4078E-01
    2.630  -3.2975E-01
    2.640  -8.6513E-01
    2.650  -1.5190E+00
    2.660  -2.3455E+00
    2.670  -3.2290E+00
    2.680  -4.0074E+00
    2.690  -4.5625E+00
    2.700  -4.8805E+00
    2.710  -5.0385E+00
    2.720  -5.1452E+00
    2.730  -5.3230E+00
    2.740  -5.6273E+00
    2.750  -5.9778E+00
    2.760  -5.5466E+00
    2.770  -5.7359E+00
    2.780  -5.7429E+00
    2.790  -5.4172E+00
    2.800  -4.8263E+00
    2.810  -3.7575E+00
    2.820  -2.4577E+00
    2.830  -1.1462E+00
    2.840  -5.6982E-02
    2.850   6.4914E-01
    2.860   3.7643E-01
    2.870   3.9085E-01
    2.880  -2.0899E-01
    2.890  -4.8393E-01
    2.900  -7.3368E-01
    2.910  -9.2705E-01
    2.920  -1.0544E+00
    2.930  -1.0801E+00
    2.940  -9.4517E-01
    2.950  -6.0680E-01
    2.960  -2.2175E-02
    2.970   7.7299E-01
    2.980   1.7017E+00
    2.990   2.1324E+00
    3.000   2.7905E+00
    3.010   3.0998E+00
    3.020   3.0443E+00
    3.030   2.7535E+00
    3.040   2.3845E+00
    3.050   2.0416E+00
    3.060   1.7721E+00
    3.070   1.5468E+00
    3.080   1.5368E+00
    3.090   1.6726E+00
    3.100   1.0550E+00
    3.110   8.9971E-01
    3.120   7.2893E-01
    3.130   5.5172E-01
    3.140   9.0553E-01
    3.150   9.9293E-01
    3.160   1.2771E+00
    3.170   1.7394E+00
    3.180   2.2583E+00
    3.190   2.7262E+00
    3.200   3.1739E+00
    3.210   4.0092E+00
    3.220   4.8011E+00
    3.230   5.8118E+00
    3.240   6.8565E+00
    3.250   7.7022E+00
    3.260   7.9971E+00
    3.270   7.9872E+00
    3.280   7.8154E+00
    3.290   7.6527E+00
    3.300   7.5360E+00
    3.310   7.4835E+00
    3.320   7.3454E+00
    3.330   7.0430E+00
    3.340   6.5277E+00
    3.350   5.6014E+00
    3.360   4.5751E+00
    3.370   3.3240E+00
    3.380   2.0390E+00
    3.390   9.8029E-01
    3.400   4.5315E-01
    3.410   4.0265E-01
    3.420   8.8721E-01
    3.430   1.5910E+00
    3.440   2.5225E+00
    3.450   3.3373E+00
    3.460   3.8184E+00
    3.470   3.8793E+00
    3.480   3.1916E+00
    3.490   2.1916E+00
    3.500   4.4671E-01
    3.510  -1.4536E+00
    3.520  -3.2200E+00
    3.530  -4.5991E+00
    3.540  -5.4562E+00
    3.550  -5.6976E+00
    3.560  -5.3122E+00
    3.570  -4.5948E+00
    3.580  -3.7963E+00
    3.590  -3.0930E+00
    3.600  -2.3098E+00
    3.610  -1.0796E+00
    3.620  -1.1247E-01
    3.630   1.0663E+00
    3.640   2.2728E+00
    3.650   3.3924E+00
    3.660   4.0685E+00
    3.670   4.0660E+00
    3.680   2.9998E+00
    3.690   1.5416E+00
    3.700  -1.9001E-01
    3.710  -1.8605E+00
    3.720  -2.8045E+00
    3.730  -4.0344E+00
    3.740  -5.1570E+00
    3.750  -6.4592E+00
    3.760  -7.6930E+00
    3.770  -9.0580E+00
    3.780  -1.0408E+01
    3.790  -1.1406E+01
    3.800  -1.1711E+01
    3.810  -1.0525E+01
    3.820  -8.8214E+00
    3.830  -6.9996E+00
    3.840  -5.5934E+00
    3.850  -4.9922E+00
    3.860  -5.2504E+00
    3.870  -6.0391E+00
    3.880  -6.9444E+00
    3.890  -7.6200E+00
    3.900  -7.7302E+00
    3.910  -7.0199E+00
    3.920  -5.6158E+00
    3.930  -4.1212E+00
    3.940  -3.2263E+00
    3.950  -3.2370E+00
    3.960  -4.0477E+00
    3.970  -5.4357E+00
    3.980  -7.1929E+00
    3.990  -9.0200E+00
    4.000  -1.0522E+01
    4.010  -1.1376E+01
    4.020  -1.1919E+01
    4.030  -1.1024E+01
    4.040  -9.1578E+00
    4.050  -6.5282E+00
    4.060  -3.5563E+00
    4.070  -6.7604E-01
    4.080   1.6534E+00
    4.090   3.0823E+00
    4.100   3.5362E+00
    4.110   3.3272E+00
    4.120   2.9468E+00
    4.130   2.6996E+00
    4.140   2.5933E+00
    4.150   2.4708E+00
    4.160   1.9416E+00
    4.170   7.9616E-01
    4.180  -9.2659E-01
    4.190  -3.0511E+00
    4.200  -5.1095E+00
    4.210  -6.5327E+00
    4.220  -6.5525E+00
    4.230  -5.6904E+00
    4.240  -3.5913E+00
    4.250  -1.0023E+00
    4.260   1.5206E+00
    4.270   3.5931E+00
    4.280   5.0011E+00
    4.290   5.2347E+00
    4.300   5.7688E+00
    4.310   6.3073E+00
    4.320   7.2342E+00
    4.330   8.6780E+00
    4.340   1.0339E+01
    4.350   1.1754E+01
    4.360   1.2701E+01
    4.370   1.3967E+01
    4.380   1.4312E+01
    4.390   1.4639E+01
    4.400   1.5112E+01
    4.410   1.5738E+01
    4.420   1.6418E+01
    4.430   1.6955E+01
    4.440   1.7130E+01
    4.450   1.6693E+01
    4.460   1.5472E+01
    4.470   1.3634E+01
    4.480   1.1697E+01
    4.490   1.0163E+01
    4.500   9.2917E+00
    4.510   9.3219E+00
    4.520   1.0589E+01
    4.530   1.3110E+01
    4.540   1.6095E+01
    4.550   1.8250E+01
    4.560   1.9135E+01
    4.570   1.8686E+01
    4.580   1.7144E+01
    4.590   1.5453E+01
    4.600   1.3505E+01
    4.610   1.1757E+01
    4.620   1.0067E+01
    4.630   8.2975E+00
    4.640   6.6934E+00
    4.650   5.9002E+00
    4.660   6.2949E+00
    4.670   7.5867E+00
    4.680   9.1470E+00
    4.690   1.0453E+01
    4.700   1.1130E+01
    4.710   1.0983E+01
    4.720   1.0267E+01
    4.730   9.6502E+00
    4.740   9.5945E+00
    4.750   9.9976E+00
    4.760   1.0226E+01
    4.770   9.7845E+00
    4.780   8.5212E+00
    4.790   6.4559E+00
    4.800   3.8345E+00
    4.810   1.0436E+00
    4.820  -1.6243E+00
    4.830  -4.0166E+00
    4.840  -5.8738E+00
    4.850  -6.8362E+00
    4.860  -6.8811E+00
    4.870  -6.2857E+00
    4.880  -6.3621E+00
    4.890  -7.0633E+00
    4.900  -8.2382E+00
    4.910  -9.8941E+00
    4.920  -1.2172E+01
    4.930  -1.5101E+01
    4.940  -1.8319E+01
    4.950  -2.1719E+01
    4.960  -2.4808E+01
    4.970  -2.6759E+01
    4.980  -2.6967E+01
    4.990  -2.5532E+01
    5.000  -2.2993E+01
    5.010  -1.9961E+01
    5.020  -1.7320E+01
    5.030  -1.5021E+01
    5.040  -1.3262E+01
    5.050  -1.1424E+01
    5.060  -9.2757E+00
    5.070  -7.6160E+00
    5.080  -7.3286E+00
    5.090  -8.0101E+00
    5.100  -7.4925E+00
    5.110  -6.9876E+00
    5.120  -6.6057E+00
    5.130  -7.0012E+00
    5.140  -7.4608E+00
    5.150  -7.0186E+00
    5.160  -5.8359E+00
    5.170  -4.7940E+00
    5.180  -4.3199E+00
    5.190  -4.3922E+00
    5.200  -5.1452E+00
    5.210  -6.5292E+00
    5.220  -8.2078E+00
    5.230  -9.3105E+00
    5.240  -9.2009E+00
    5.250  -7.5606E+00
    5.260  -4.3082E+00
    5.270  -1.3714E-01
    5.280   3.1422E+00
    5.290   3.7946E+00
    5.300   2.0722E+00
    5.310  -1.6698E-01
    5.320  -1.0437E+00
    5.330  -4.3043E-01
    5.340   8.2920E-01
    5.350   2.2415E+00
    5.360   3.5671E+00
    5.370   4.3093E+00
    5.380   4.2349E+00
    5.390   2.5994E+00
    5.400   9.3798E-01
    5.410   6.8789E-01
    5.420   2.6372E+00
    5.430   7.0360E+00
    5.440   1.3371E+01
    5.450   2.0765E+01
    5.460   2.8845E+01
    5.470   3.6803E+01
    5.480   4.3030E+01
    5.490   4.9267E+01
    5.500   5.6312E+01
    5.510   6.1019E+01
    5.520   6.1248E+01
    5.530   5.6458E+01
    5.540   4.7397E+01
    5.550   3.6257E+01
    5.560   2.6024E+01
    5.570   1.8553E+01
    5.580   1.5533E+01
    5.590   1.5468E+01
    5.600   1.4487E+01
    5.610   1.3958E+01
    5.620   1.6482E+01
    5.630   2.0956E+01
    5.640   2.6104E+01
    5.650   2.8244E+01
    5.660   2.7029E+01
    5.670   2.6467E+01
    5.680   2.8584E+01
    5.690   3.2136E+01
    5.700   3.3407E+01
    5.710   3.0898E+01
    5.720   2.5674E+01
    5.730   1.8728E+01
    5.740   1.1281E+01
    5.750   5.5115E+00
    5.760   2.1585E+00
    5.770   1.6049E+00
    5.780   1.5277E+00
    5.790   2.1176E-01
    5.800  -1.9777E+00
    5.810  -2.4822E+00
    5.820  -1.1861E+00
    5.830   3.4892E+00
    5.840   1.4714E+01
    5.850   2.6901E+01
    5.860   3.1372E+01
    5.870   2.6820E+01
    5.880   1.9099E+01
    5.890   1.4495E+01
    5.900   1.3586E+01
    5.910   1.6602E+01
    5.920   2.2091E+01
    5.930   2.7646E+01
    5.940   3.1344E+01
    5.950   3.2341E+01
    5.960   2.9437E+01
    5.970   1.8394E+01
    5.980   1.1804E+00
    5.990  -1.8924E+01
    6.000  -3.8997E+01
    6.010  -5.6189E+01
    6.020  -6.7252E+01
    6.030  -7.2034E+01
    6.040  -7.4183E+01
    6.050  -8.0357E+01
    6.060  -9.1164E+01
    6.070  -1.0302E+02
    6.080  -1.1200E+02
    6.090  -1.1476E+02
    6.100  -1.0991E+02
    6.110  -1.0065E+02
    6.120  -9.0553E+01
    6.130  -8.1881E+01
    6.140  -7.5343E+01
    6.150  -6.9258E+01
    6.160  -6.5431E+01
    6.170  -6.7342E+01
    6.180  -7.2694E+01
    6.190  -7.6009E+01
    6.200  -7.2596E+01
    6.210  -6.4052E+01
    6.220  -5.6326E+01
    6.230  -5.2613E+01
    6.240  -5.3710E+01
    6.250  -6.1941E+01
    6.260  -7.9548E+01
    6.270  -1.0050E+02
    6.280  -1.1655E+02
    6.290  -1.2234E+02
    6.300  -1.2061E+02
    6.310  -1.1198E+02
    6.320  -9.0146E+01
    6.330  -6.1393E+01
    6.340  -4.0196E+01
    6.350  -2.7677E+01
    6.360  -1.8096E+01
    6.370  -1.0501E+01
    6.380  -2.6913E-01
    6.390   2.1205E+00
    6.400  -2.9521E+00
    6.410  -4.1972E+00
    6.420  -5.1092E+00
    6.430  -1.0386E+01
    6.440  -1.9350E+01
    6.450  -3.4641E+01
    6.460  -5.3925E+01
    6.470  -7.2819E+01
    6.480  -8.5066E+01
    6.490  -8.9882E+01
    6.500  -8.5893E+01
    6.510  -7.6614E+01
    6.520  -5.9405E+01
    6.530  -2.9702E+01
    6.540   2.8540E+00
    6.550   2.9756E+01
    6.560   5.1910E+01
    6.570   7.3728E+01
    6.580   9.1376E+01
    6.590   9.6453E+01
    6.600   9.2035E+01
    6.610   8.3271E+01
    6.620   7.7945E+01
    6.630   7.3870E+01
    6.640   6.6630E+01
    6.650   5.8607E+01
    6.660   5.7210E+01
    6.670   6.7923E+01
    6.680   8.7882E+01
    6.690   1.0151E+02
    6.700   1.0179E+02
    6.710   9.9473E+01
    6.720   1.0087E+02
    6.730   1.0684E+02
    6.740   1.1300E+02
    6.750   1.0950E+02
    6.760   9.6462E+01
    6.770   8.2518E+01
    6.780   7.3333E+01
    6.790   6.8686E+01
    6.800   6.9514E+01
    6.810   7.6963E+01
    6.820   9.2283E+01
    6.830   1.0975E+02
    6.840   1.1870E+02
    6.850   1.1577E+02
    6.860   1.0693E+02
    6.870   9.0443E+01
    6.880   5.9349E+01
    6.890   2.3768E+01
    6.900  -1.6589E+00
    6.910  -1.5632E+01
    6.920  -2.2413E+01
    6.930  -1.7311E+01
    6.940   1.6913E+00
    6.950   2.9395E+01
    6.960   5.4664E+01
    6.970   7.2136E+01
    6.980   8.2865E+01
    6.990   8.3263E+01
    7.000   6.6661E+01
    7.010   3.2535E+01
    7.020  -2.5448E+00
    7.030  -2.1261E+01
    7.040  -2.0343E+01
    7.050  -3.6997E+00
    7.060   1.3962E+01
    7.070   1.0124E+01
    7.080  -2.2797E+01
    7.090  -7.0052E+01
    7.100  -1.2312E+02
    7.110  -1.7294E+02
    7.120  -2.0044E+02
    7.130  -1.9967E+02
    7.140  -1.8304E+02
    7.150  -1.6143E+02
    7.160  -1.3717E+02
    7.170  -1.1108E+02
    7.180  -7.9145E+01
    7.190  -4.0254E+01
    7.200  -9.2414E+00
    7.210  -6.0325E-01
    7.220  -2.1515E+01
    7.230  -6.7121E+01
    7.240  -1.2420E+02
    7.250  -1.7076E+02
    7.260  -1.9779E+02
    7.270  -2.1128E+02
    7.280  -2.1320E+02
    7.290  -2.1525E+02
    7.300  -2.2456E+02
    7.310  -2.3211E+02
    7.320  -2.3398E+02
    7.330  -2.3248E+02
    7.340  -2.2627E+02
    7.350  -2.0809E+02
    7.360  -1.7395E+02
    7.370  -1.3336E+02
    7.380  -9.6217E+01
    7.390  -6.4863E+01
    7.400  -3.7216E+01
    7.410  -2.0898E+01
    7.420  -1.3549E+01
    7.430   2.2098E-01
    7.440   2.1684E+01
    7.450   5.2003E+01
    7.460   9.0581E+01
    7.470   1.2156E+02
    7.480   1.3152E+02
    7.490   1.2028E+02
    7.500   8.7073E+01
    7.510   4.4731E+01
    7.520   1.3595E+01
    7.530  -3.6141E+00
    7.540  -3.9240E+00
    7.550   9.8958E+00
    7.560   3.0998E+01
    7.570   5.6030E+01
    7.580   7.2680E+01
    7.590   6.9855E+01
    7.600   6.2779E+01
    7.610   6.4033E+01
    7.620   6.6739E+01
    7.630   7.1902E+01
    7.640   1.0268E+02
    7.650   1.5901E+02
    7.660   2.0592E+02
    7.670   2.2611E+02
    7.680   2.2084E+02
    7.690   2.0000E+02
    7.700   1.7843E+02
    7.710   1.5298E+02
    7.720   1.1963E+02
    7.730   8.9275E+01
    7.740   6.2027E+01
    7.750   3.8937E+01
    7.760   3.5868E+01
    7.770   4.4069E+01
    7.780   4.7234E+01
    7.790   4.8229E+01
    7.800   6.3675E+01
    7.810   9.1495E+01
    7.820   1.0882E+02
    7.830   1.0107E+02
    7.840   8.6346E+01
    7.850   7.6077E+01
    7.860   6.3151E+01
    7.870   5.1455E+01
    7.880   5.6328E+01
    7.890   6.9790E+01
    7.900   7.1654E+01
    7.910   5.9581E+01
    7.920   4.7740E+01
    7.930   3.9024E+01
    7.940   3.1589E+01
    7.950   2.3076E+01
    7.960   1.7577E+01
    7.970   2.1433E+01
    7.980   2.4769E+01
    7.990   2.5592E+01
    8.000   2.6748E+01
    8.010   3.0150E+01
    8.020   3.5540E+01
    8.030   4.4309E+01
    8.040   6.4989E+01
    8.050   9.9186E+01
    8.060   1.2205E+02
    8.070   1.1782E+02
    8.080   1.0421E+02
    8.090   8.9860E+01
    8.100   6.3452E+01
    8.110   1.9071E+01
    8.120  -2.5872E+01
    8.130  -5.2469E+01
    8.140  -5.7512E+01
    8.150  -4.3023E+01
    8.160  -2.3267E+01
    8.170  -1.2803E+00
    8.180   6.5290E+00
    8.190  -1.3602E+01
    8.200  -3.8042E+01
    8.210  -5.7110E+01
    8.220  -8.1446E+01
    8.230  -1.0805E+02
    8.240  -1.3171E+02
    8.250  -1.5330E+02
    8.260  -1.6484E+02
    8.270  -1.6260E+02
    8.280  -1.3689E+02
    8.290  -9.6591E+01
    8.300  -6.9439E+01
    8.310  -6.8340E+01
    8.320  -8.3351E+01
    8.330  -1.0232E+02
    8.340  -1.1922E+02
    8.350  -1.2154E+02
    8.360  -1.0123E+02
    8.370  -7.4287E+01
    8.380  -5.8793E+01
    8.390  -5.5300E+01
    8.400  -5.2975E+01
    8.410  -4.9982E+01
    8.420  -5.0717E+01
    8.430  -5.3348E+01
    8.440  -5.3954E+01
    8.450  -5.3289E+01
    8.460  -5.0015E+01
    8.470  -4.1176E+01
    8.480  -3.1135E+01
    8.490  -1.8088E+01
    8.500   7.1639E+00
    8.510   4.0711E+01
    8.520   6.6532E+01
    8.530   8.4056E+01
    8.540   1.0108E+02
    8.550   1.1551E+02
    8.560   1.2966E+02
    8.570   1.4365E+02
    8.580   1.4565E+02
    8.590   1.2720E+02
    8.600   1.0558E+02
    8.610   9.8113E+01
    8.620   9.0777E+01
    8.630   8.0127E+01
    8.640   6.6992E+01
    8.650   5.0880E+01
    8.660   4.0821E+01
    8.670   4.6416E+01
    8.680   6.7322E+01
    8.690   9.5294E+01
    8.700   1.0796E+02
    8.710   8.7914E+01
    8.720   5.8459E+01
    8.730   4.2702E+01
    8.740   4.1755E+01
    8.750   4.8443E+01
    8.760   5.1652E+01
    8.770   5.0334E+01
    8.780   5.3649E+01
    8.790   7.0239E+01
    8.800   1.0553E+02
    8.810   1.5872E+02
    8.820   2.0895E+02
    8.830   2.4211E+02
    8.840   2.4910E+02
    8.850   2.3049E+02
    8.860   2.0114E+02
    8.870   1.7505E+02
    8.880   1.6533E+02
    8.890   1.5615E+02
    8.900   1.3407E+02
    8.910   1.0179E+02
    8.920   7.5933E+01
    8.930   6.3740E+01
    8.940   5.8174E+01
    8.950   4.6415E+01
    8.960   2.2952E+01
    8.970  -6.2632E-01
    8.980  -1.6461E+01
    8.990  -1.7841E+01
    9.000  -1.3248E+01
    9.010  -2.9366E+01
    9.020  -5.9386E+01
    9.030  -7.5401E+01
    9.040  -7.9502E+01
    9.050  -7.9082E+01
    9.060  -7.0560E+01
    9.070  -5.8085E+01
    9.080  -5.2314E+01
    9.090  -5.3313E+01
    9.100  -4.8627E+01
    9.110  -3.6139E+01
    9.120  -3.1303E+01
    9.130  -3.8734E+01
    9.140  -6.0451E+01
    9.150  -8.9750E+01
    9.160  -1.1628E+02
    9.170  -1.3899E+02
    9.180  -1.6032E+02
    9.190  -1.7436E+02
    9.200  -1.7881E+02
    9.210  -1.7672E+02
    9.220  -1.7518E+02
    9.230  -1.7724E+02
    9.240  -1.6873E+02
    9.250  -1.4688E+02
    9.260  -1.1222E+02
    9.270  -7.5645E+01
    9.280  -5.8153E+01
    9.290  -5.9412E+01
    9.300  -6.5066E+01
    9.310  -6.3700E+01
    9.320  -5.2608E+01
    9.330  -2.7414E+01
    9.340   9.9995E+00
    9.350   3.5195E+01
    9.360   2.8819E+01
    9.370  -7.1466E+00
    9.380  -5.3976E+01
    9.390  -8.3302E+01
    9.400  -9.2161E+01
    9.410  -9.6241E+01
    9.420  -9.1902E+01
    9.430  -6.4912E+01
    9.440  -2.3970E+01
    9.450   2.1881E+01
    9.460   7.1422E+01
    9.470   1.1642E+02
    9.480   1.4146E+02
    9.490   1.2774E+02
    9.500   9.2177E+01
    9.510   5.8601E+01
    9.520   2.9764E+01
    9.530   9.6949E+00
    9.540  -5.0436E+00
    9.550  -1.1377E+01
    9.560  -3.3582E+00
    9.570   8.5150E+00
    9.580   6.7828E+00
    9.590  -1.7381E+01
    9.600  -4.5499E+01
    9.610  -5.7456E+01
    9.620  -5.1887E+01
    9.630  -2.7534E+01
    9.640   9.9733E+00
    9.650   4.3707E+01
    9.660   6.9630E+01
    9.670   8.9118E+01
    9.680   1.0281E+02
    9.690   1.1368E+02
    9.700   1.2567E+02
    9.710   1.3720E+02
    9.720   1.6031E+02
    9.730   1.9665E+02
    9.740   2.3040E+02
    9.750   2.4522E+02
    9.760   2.3401E+02
    9.770   1.9446E+02
    9.780   1.4066E+02
    9.790   9.4513E+01
    9.800   6.6214E+01
    9.810   4.9658E+01
    9.820   3.1789E+01
    9.830   1.8915E+01
    9.840   1.9641E+01
    9.850   1.8799E+01
    9.860   1.6841E+01
    9.870   7.4754E+00
    9.880  -1.2729E+01
    9.890  -3.0578E+01
    9.900  -2.9038E+01
    9.910  -1.2813E+01
    9.920   7.4011E+00
    9.930   2.2318E+01
    9.940   1.8053E+01
    9.950   2.6745E-01
    9.960  -2.7243E+01
    9.970  -5.3878E+01
    9.980  -7.2616E+01
    9.990  -9.9987E+01
   10.000  -1.5090E+02
   10.010  -2.1450E+02
   10.020  -2.6819E+02
   10.030  -2.8272E+02
   10.040  -2.5305E+02
   10.050  -1.9629E+02
   10.060  -1.3683E+02
   10.070  -1.0195E+02
   10.080  -9.5908E+01
   10.090  -1.0476E+02
   10.100  -1.2290E+02
   10.110  -1.4301E+02
   10.120  -1.5397E+02
   10.130  -1.5710E+02
   10.140  -1.5568E+02
   10.150  -1.3955E+02
   10.160  -1.0729E+02
   10.170  -7.5445E+01
   10.180  -5.5906E+01
   10.190  -3.1505E+01
   10.200  -1.7858E+00
   10.210   1.7157E+01
   10.220   2.5559E+01
   10.230   3.2150E+01
   10.240   3.0910E+01
   10.250   1.8951E+01
   10.260   7.2571E+00
   10.270  -1.0630E+01
   10.280  -4.4089E+01
   10.290  -8.5108E+01
   10.300  -1.2153E+02
   10.310  -1.3990E+02
   10.320  -1.4077E+02
   10.330  -1.3468E+02
   10.340  -1.2417E+02
   10.350  -1.0290E+02
   10.360  -6.4353E+01
   10.370  -2.5898E+01
   10.380  -1.4007E+01
   10.390  -2.7844E+01
   10.400  -6.2741E+01
   10.410  -1.0449E+02
   10.420  -1.3351E+02
   10.430  -1.4471E+02
   10.440  -1.4157E+02
   10.450  -1.1947E+02
   10.460  -8.3228E+01
   10.470  -4.4047E+01
   10.480  -9.0450E+00
   10.490   3.0425E+01
   10.500   6.7908E+01
   10.510   8.9253E+01
   10.520   8.7098E+01
   10.530   7.2643E+01
   10.540   7.3131E+01
   10.550   1.0266E+02
   10.560   1.4143E+02
   10.570   1.6575E+02
   10.580   1.7093E+02
   10.590   1.7039E+02
   10.600   1.6494E+02
   10.610   1.4789E+02
   10.620   1.1815E+02
   10.630   7.6218E+01
   10.640   2.6884E+01
   10.650  -1.5953E+01
   10.660  -4.3618E+01
   10.670  -5.4805E+01
   10.680  -5.1277E+01
   10.690  -3.9236E+01
   10.700  -2.0249E+01
   10.710   4.1379E+00
   10.720   2.1488E+01
   10.730   1.3142E+01
   10.740  -9.9477E+00
   10.750  -3.5342E+01
   10.760  -5.6302E+01
   10.770  -6.4350E+01
   10.780  -6.0624E+01
   10.790  -4.6949E+01
   10.800  -2.6430E+01
   10.810  -1.0638E+01
   10.820  -1.8938E-01
   10.830   1.0466E+01
   10.840   9.4067E+00
   10.850  -3.9741E+00
   10.860  -2.4599E+01
   10.870  -5.1113E+01
   10.880  -7.8877E+01
   10.890  -1.0810E+02
   10.900  -1.3137E+02
   10.910  -1.3804E+02
   10.920  -1.2051E+02
   10.930  -8.2970E+01
   10.940  -3.7153E+01
   10.950   2.0117E+01
   10.960   9.5574E+01
   10.970   1.6130E+02
   10.980   1.9171E+02
   10.990   1.8033E+02
   11.000   1.4191E+02
   11.010   9.4859E+01
   11.020   6.1024E+01
   11.030   4.2550E+01
   11.040   2.1142E+01
   11.050  -1.2123E+01
   11.060  -3.5264E+01
   11.070  -3.2697E+01
   11.080  -2.8066E+01
   11.090  -3.9948E+01
   11.100  -6.9941E+01
   11.110  -1.0392E+02
   11.120  -1.2870E+02
   11.130  -1.3882E+02
   11.140  -1.3259E+02
   11.150  -1.1307E+02
   11.160  -8.2522E+01
   11.170  -4.5988E+01
   11.180  -7.1574E+00
   11.190   3.4216E+01
   11.200   6.8523E+01
   11.210   9.2746E+01
   11.220   1.0164E+02
   11.230   9.6496E+01
   11.240   7.3158E+01
   11.250   3.4376E+01
   11.260  -8.6686E-01
   11.270  -1.7876E+01
   11.280  -2.1004E+01
   11.290  -2.2640E+01
   11.300  -2.1959E+01
   11.310  -1.8819E+01
   11.320  -2.1223E+01
   11.330  -3.9697E+01
   11.340  -7.4901E+01
   11.350  -1.1211E+02
   11.360  -1.3670E+02
   11.370  -1.4773E+02
   11.380  -1.4734E+02
   11.390  -1.3940E+02
   11.400  -1.2489E+02
   11.410  -1.0099E+02
   11.420  -6.2206E+01
   11.430  -4.9745E+00
   11.440   5.3079E+01
   11.450   9.0588E+01
   11.460   1.0013E+02
   11.470   8.1410E+01
   11.480   4.2888E+01
   11.490  -6.7952E-01
   11.500  -4.0622E+01
   11.510  -7.2364E+01
   11.520  -9.4818E+01
   11.530  -1.0079E+02
   11.540  -8.5123E+01
   11.550  -5.4421E+01
   11.560  -1.7369E+01
   11.570   1.6335E+01
   11.580   4.2763E+01
   11.590   6.9328E+01
   11.600   9.2076E+01
   11.610   1.0135E+02
   11.620   9.3679E+01
   11.630   8.4742E+01
   11.640   8.2437E+01
   11.650   7.6605E+01
   11.660   5.6978E+01
   11.670   3.4386E+01
   11.680   2.2228E+01
   11.690   1.4758E+01
   11.700   4.2173E+00
   11.710  -9.6841E+00
   11.720  -1.8323E+01
   11.730  -1.0503E+01
   11.740   1.2979E+01
   11.750   3.7283E+01
   11.760   5.2447E+01
   11.770   5.4259E+01
   11.780   4.7373E+01
   11.790   4.3917E+01
   11.800   5.2489E+01
   11.810   7.3691E+01
   11.820   9.5348E+01
   11.830   1.0627E+02
   11.840   1.0018E+02
   11.850   7.9394E+01
   11.860   5.7577E+01
   11.870   5.3286E+01
   11.880   6.8177E+01
   11.890   9.1610E+01
   11.900   1.0854E+02
   11.910   1.1512E+02
   11.920   1.1176E+02
   11.930   1.0652E+02
   11.940   1.0497E+02
   11.950   1.1044E+02
   11.960   1.2213E+02
   11.970   1.3124E+02
   11.980   1.2542E+02
   11.990   1.0758E+02
   12.000   9.7367E+01
   12.010   1.0029E+02
   12.020   1.1647E+02
   12.030   1.4730E+02
   12.040   1.8080E+02
   12.050   2.0363E+02
   12.060   2.1482E+02
   12.070   2.1558E+02
   12.080   2.0084E+02
   12.090   1.6774E+02
   12.100   1.2403E+02
   12.110   7.7640E+01
   12.120   3.4085E+01
   12.130   1.4488E+00
   12.140  -1.4083E+01
   12.150  -1.2674E+01
   12.160  -5.2426E+00
   12.170  -5.9427E-01
   12.180  -1.1808E+01
   12.190  -4.0250E+01
   12.200  -6.4445E+01
   12.210  -7.3904E+01
   12.220  -7.7299E+01
   12.230  -8.3882E+01
   12.240  -8.7547E+01
   12.250  -7.6657E+01
   12.260  -5.4765E+01
   12.270  -3.5904E+01
   12.280  -2.9384E+01
   12.290  -3.7332E+01
   12.300  -5.6082E+01
   12.310  -7.3880E+01
   12.320  -8.7516E+01
   12.330  -9.6426E+01
   12.340  -9.8723E+01
   12.350  -9.6116E+01
   12.360  -9.3590E+01
   12.370  -8.8763E+01
   12.380  -7.7027E+01
   12.390  -6.0842E+01
   12.400  -4.2040E+01
   12.410  -2.5441E+01
   12.420  -1.3730E+01
   12.430  -7.3514E+00
   12.440  -5.4056E+00
   12.450  -9.1269E+00
   12.460  -1.9563E+01
   12.470  -3.2271E+01
   12.480  -4.0889E+01
   12.490  -4.1853E+01
   12.500  -3.6075E+01
   12.510  -3.1867E+01
   12.520  -3.3817E+01
   12.530  -4.2101E+01
   12.540  -4.8315E+01
   12.550  -5.1226E+01
   12.560  -5.4870E+01
   12.570  -6.3416E+01
   12.580  -7.6148E+01
   12.590  -9.2162E+01
   12.600  -1.0541E+02
   12.610  -1.1405E+02
   12.620  -1.1600E+02
   12.630  -1.0878E+02
   12.640  -9.4266E+01
   12.650  -7.3475E+01
   12.660  -4.8255E+01
   12.670  -2.5087E+01
   12.680  -6.7099E+00
   12.690   5.8877E+00
   12.700   4.2614E+00
   12.710  -1.1474E+00
   12.720   1.6482E+00
   12.730   1.5364E+01
   12.740   3.5926E+01
   12.750   5.0638E+01
   12.760   5.3612E+01
   12.770   5.6180E+01
   12.780   6.8733E+01
   12.790   8.2881E+01
   12.800   8.6956E+01
   12.810   7.8831E+01
   12.820   6.4895E+01
   12.830   4.8737E+01
   12.840   3.2602E+01
   12.850   2.1921E+01
   12.860   1.8597E+01
   12.870   1.9801E+01
   12.880   2.1663E+01
   12.890   2.2696E+01
   12.900   2.3753E+01
   12.910   1.8001E+01
   12.920  -2.2665E+00
   12.930  -3.0655E+01
   12.940  -5.3483E+01
   12.950  -6.4643E+01
   12.960  -6.4797E+01
   12.970  -6.2175E+01
   12.980  -6.4385E+01
   12.990  -6.9738E+01
   13.000  -7.4610E+01
   13.010  -7.1461E+01
   13.020  -6.2157E+01
   13.030  -6.1298E+01
   13.040  -7.4264E+01
   13.050  -8.3592E+01
   13.060  -7.6047E+01
   13.070  -5.9159E+01
   13.080  -4.7786E+01
   13.090  -4.7411E+01
   13.100  -5.6340E+01
   13.110  -6.7616E+01
   13.120  -6.6540E+01
   13.130  -4.1738E+01
   13.140  -2.1952E+00
   13.150   3.2894E+01
   13.160   5.5849E+01
   13.170   6.5203E+01
   13.180   6.3803E+01
   13.190   5.9541E+01
   13.200   5.7717E+01
   13.210   5.3916E+01
   13.220   3.9907E+01
   13.230   1.9944E+01
   13.240   8.2623E+00
   13.250   1.1548E+01
   13.260   1.8046E+01
   13.270   2.1994E+01
   13.280   2.1393E+01
   13.290   1.8823E+01
   13.300   2.3155E+01
   13.310   3.1871E+01
   13.320   4.1484E+01
   13.330   4.7338E+01
   13.340   4.7307E+01
   13.350   4.6068E+01
   13.360   4.2204E+01
   13.370   3.0966E+01
   13.380   1.7304E+01
   13.390   9.0098E+00
   13.400   3.7740E+00
   13.410  -5.8154E+00
   13.420  -2.2093E+01
   13.430  -3.8984E+01
   13.440  -4.6625E+01
   13.450  -4.0415E+01
   13.460  -2.7859E+01
   13.470  -1.5859E+01
   13.480  -3.1797E+00
   13.490   1.3423E+01
   13.500   3.0969E+01
   13.510   4.4375E+01
   13.520   5.1553E+01
   13.530   5.6631E+01
   13.540   5.5832E+01
   13.550   4.2107E+01
   13.560   2.2532E+01
   13.570   6.1643E+00
   13.580  -3.7717E+00
   13.590  -6.2688E+00
   13.600  -6.8361E+00
   13.610  -1.1508E+01
   13.620  -1.9526E+01
   13.630  -2.1753E+01
   13.640  -1.2906E+01
   13.650   1.0507E+00
   13.660   1.1566E+01
   13.670   1.7257E+01
   13.680   1.7445E+01
   13.690   8.9901E+00
   13.700   5.5953E-02
   13.710  -1.0305E+00
   13.720   6.0009E+00
   13.730   1.6583E+01
   13.740   2.7171E+01
   13.750   3.8357E+01
   13.760   4.9560E+01
   13.770   5.8512E+01
   13.780   6.0517E+01
   13.790   4.9550E+01
   13.800   3.0645E+01
   13.810   1.5094E+01
   13.820   9.8895E+00
   13.830   1.2673E+01
   13.840   1.7436E+01
   13.850   1.7409E+01
   13.860   7.7297E+00
   13.870  -5.1839E+00
   13.880  -1.4860E+01
   13.890  -2.2301E+01
   13.900  -2.5236E+01
   13.910  -1.6172E+01
   13.920   3.7894E+00
   13.930   2.5881E+01
   13.940   4.2868E+01
   13.950   4.9398E+01
   13.960   4.7212E+01
   13.970   4.2422E+01
   13.980   3.6688E+01
   13.990   2.7041E+01
   14.000   1.3719E+01
   14.010   5.1051E+00
   14.020   6.0501E+00
   14.030   8.7305E+00
   14.040   1.1650E+01
   14.050   1.4194E+01
   14.060   1.2870E+01
   14.070   3.9529E+00
   14.080  -1.3660E+01
   14.090  -3.3754E+01
   14.100  -4.7154E+01
   14.110  -5.2765E+01
   14.120  -5.4872E+01
   14.130  -5.4797E+01
   14.140  -4.9342E+01
   14.150  -3.4156E+01
   14.160  -1.5625E+01
   14.170  -2.1083E+00
   14.180   5.7109E+00
   14.190   1.1012E+01
   14.200   1.8207E+01
   14.210   2.6575E+01
   14.220   3.1356E+01
   14.230   2.9366E+01
   14.240   2.6003E+01
   14.250   2.3009E+01
   14.260   1.9533E+01
   14.270   1.6106E+01
   14.280   1.3677E+01
   14.290   1.1173E+01
   14.300   3.5516E+00
   14.310  -9.0864E+00
   14.320  -2.5081E+01
   14.330  -3.5596E+01
   14.340  -3.5595E+01
   14.350  -2.7198E+01
   14.360  -2.0094E+01
   14.370  -2.3187E+01
   14.380  -3.0739E+01
   14.390  -3.4673E+01
   14.400  -3.4916E+01
   14.410  -3.4437E+01
   14.420  -3.4736E+01
   14.430  -3.5142E+01
   14.440  -3.4569E+01
   14.450  -3.4384E+01
   14.460  -3.7437E+01
   14.470  -4.4732E+01
   14.480  -5.2075E+01
   14.490  -5.4344E+01
   14.500  -4.6419E+01
   14.510  -3.2067E+01
   14.520  -1.7345E+01
   14.530  -2.8222E+00
   14.540   1.0542E+01
   14.550   1.7057E+01
   14.560   1.1705E+01
   14.570  -1.0074E+00
   14.580  -1.2041E+01
   14.590  -1.8024E+01
   14.600  -1.9319E+01
   14.610  -1.5275E+01
   14.620  -6.9450E+00
   14.630   1.9621E+00
   14.640   9.7475E+00
   14.650   1.5294E+01
   14.660   1.9115E+01
   14.670   2.3886E+01
   14.680   2.8766E+01
   14.690   3.1668E+01
   14.700   2.9587E+01
   14.710   2.3617E+01
   14.720   1.5985E+01
   14.730   7.2815E+00
   14.740  -8.6372E-01
   14.750  -4.0062E+00
   14.760  -1.6266E+00
   14.770   3.8981E+00
   14.780   1.1283E+01
   14.790   1.8552E+01
   14.800   2.4170E+01
   14.810   2.6802E+01
   14.820   2.4266E+01
   14.830   1.6737E+01
   14.840   9.0053E+00
   14.850   6.0239E+00
   14.860   7.4804E+00
   14.870   1.2574E+01
   14.880   1.6447E+01
   14.890   1.3916E+01
   14.900   5.3932E+00
   14.910  -4.6894E+00
   14.920  -8.7167E+00
   14.930  -5.1984E+00
   14.940  -4.9620E-01
   14.950   3.0031E+00
   14.960   7.0364E+00
   14.970   1.0585E+01
   14.980   1.2721E+01
   14.990   1.2989E+01
   15.000   1.2629E+01
   15.010   1.3982E+01
   15.020   1.7786E+01
   15.030   1.8964E+01
   15.040   1.4052E+01
   15.050   6.7273E+00
   15.060   1.1147E+00
   15.070  -4.7325E+00
   15.080  -1.3363E+01
   15.090  -2.1526E+01
   15.100  -2.4708E+01
   15.110  -2.1777E+01
   15.120  -1.5585E+01
   15.130  -8.4357E+00
   15.140  -1.0460E+00
   15.150   3.7560E+00
   15.160   6.2093E+00
   15.170   8.1117E+00
   15.180   9.1807E+00
   15.190   7.9803E+00
   15.200   2.7064E+00
   15.210  -4.8457E+00
   15.220  -1.1862E+01
   15.230  -1.5648E+01
   15.240  -1.5920E+01
   15.250  -1.4768E+01
   15.260  -1.3323E+01
   15.270  -1.0350E+01
   15.280  -6.5736E+00
   15.290  -4.8591E+00
   15.300  -6.6977E+00
   15.310  -1.0854E+01
   15.320  -1.4024E+01
   15.330  -1.4044E+01
   15.340  -1.2075E+01
   15.350  -1.0368E+01
   15.360  -8.4593E+00
   15.370  -7.8602E+00
   15.380  -9.1489E+00
   15.390  -1.1507E+01
   15.400  -1.2705E+01
   15.410  -1.2133E+01
   15.420  -1.1568E+01
   15.430  -1.1838E+01
   15.440  -1.0565E+01
   15.450  -7.3255E+00
   15.460  -5.4835E+00
   15.470  -7.0483E+00
   15.480  -1.2904E+01
   15.490  -1.9582E+01
   15.500  -2.3760E+01
   15.510  -2.5284E+01
   15.520  -2.3039E+01
   15.530  -1.8293E+01
   15.540  -1.4057E+01
   15.550  -1.0596E+01
   15.560  -7.3118E+00
   15.570  -5.8497E+00
   15.580  -5.9925E+00
   15.590  -5.0264E+00
   15.600  -1.2001E+00
   15.610   4.0156E+00
   15.620   8.9383E+00
   15.630   1.2014E+01
   15.640   1.1136E+01
   15.650   6.1057E+00
   15.660   7.6638E-01
   15.670  -6.7859E-01
   15.680   2.7448E+00
   15.690   8.7379E+00
   15.700   1.4828E+01
   15.710   1.7601E+01
   15.720   1.4274E+01
   15.730   7.0612E+00
   15.740   2.5166E+00
   15.750   3.6319E+00
   15.760   9.0874E+00
   15.770   1.4361E+01
   15.780   1.5729E+01
   15.790   1.4319E+01
   15.800   1.2925E+01
   15.810   1.3393E+01
   15.820   1.5518E+01
   15.830   1.8230E+01
   15.840   2.0267E+01
   15.850   2.1808E+01
   15.860   2.2093E+01
   15.870   1.9951E+01
   15.880   1.5153E+01
   15.890   6.5251E+00
   15.900  -3.9717E+00
   15.910  -1.2810E+01
   15.920  -1.7418E+01
   15.930  -1.7374E+01
   15.940  -1.3954E+01
   15.950  -1.1368E+01
   15.960  -1.1892E+01
   15.970  -1.4211E+01
   15.980  -1.5369E+01
   15.990  -1.2965E+01
   16.000  -8.7339E+00
   16.010  -4.2374E+00
   16.020   1.4770E+00
   16.030   7.2559E+00
   16.040   1.1772E+01
   16.050   1.4730E+01
   16.060   1.5273E+01
   16.070   1.3196E+01
   16.080   1.1248E+01
   16.090   1.0914E+01
   16.100   1.1020E+01
   16.110   1.1079E+01
   16.120   9.9242E+00
   16.130   6.9897E+00
   16.140   4.6256E+00
   16.150   3.0420E+00
   16.160   8.1932E-01
   16.170  -1.5310E+00
   16.180  -2.9939E+00
   16.190  -2.8914E+00
   16.200  -1.5682E+00
   16.210  -4.4148E-01
   16.220  -1.2300E+00
   16.230  -3.9729E+00
   16.240  -6.9906E+00
   16.250  -8.7372E+00
   16.260  -8.1783E+00
   16.270  -5.6526E+00
   16.280  -1.9591E+00
   16.290   1.9595E+00
   16.300   5.3883E+00
   16.310   7.6603E+00
   16.320   8.5017E+00
   16.330   8.5802E+00
   16.340   7.7469E+00
   16.350   5.1079E+00
   16.360   1.7813E-01
   16.370  -6.4295E+00
   16.380  -1.1019E+01
   16.390  -1.2683E+01
   16.400  -1.4466E+01
   16.410  -1.7039E+01
   16.420  -1.7635E+01
   16.430  -1.3159E+01
   16.440  -3.8074E+00
   16.450   7.4653E+00
   16.460   1.8089E+01
   16.470   2.5086E+01
   16.480   2.6441E+01
   16.490   2.2713E+01
   16.500   1.6733E+01
   16.510   1.0388E+01
   16.520   4.6581E+00
   16.530   2.1425E-01
   16.540  -3.4896E+00
   16.550  -5.5998E+00
   16.560  -6.3970E+00
   16.570  -6.4330E+00
   16.580  -6.0526E+00
   16.590  -6.2127E+00
   16.600  -5.8555E+00
   16.610  -3.4785E+00
   16.620   1.5578E-01
   16.630   2.4030E+00
   16.640   3.7561E+00
   16.650   3.8366E+00
   16.660   2.2224E+00
   16.670  -1.5433E-02
   16.680  -2.8904E+00
   16.690  -5.8827E+00
   16.700  -7.6821E+00
   16.710  -8.2889E+00
   16.720  -8.5398E+00
   16.730  -7.7997E+00
   16.740  -6.2432E+00
   16.750  -5.1624E+00
   16.760  -4.6978E+00
   16.770  -3.9743E+00
   16.780  -2.3293E+00
   16.790   3.0394E-02
   16.800   2.3551E+00
   16.810   3.8987E+00
   16.820   4.3426E+00
   16.830   3.8066E+00
   16.840   2.6997E+00
   16.850   9.8022E-01
   16.860  -1.2520E+00
   16.870  -2.9384E+00
   16.880  -4.0168E+00
   16.890  -4.0339E+00
   16.900  -1.2237E+00
   16.910   3.2432E+00
   16.920   7.6590E+00
   16.930   1.0678E+01
   16.940   1.2367E+01
   16.950   1.3286E+01
   16.960   1.3846E+01
   16.970   1.4005E+01
   16.980   1.1163E+01
   16.990   5.1651E+00
   17.000  -1.4979E+00
   17.010  -6.6309E+00
   17.020  -9.7605E+00
   17.030  -1.0373E+01
   17.040  -8.9064E+00
   17.050  -6.3319E+00
   17.060  -4.1846E+00
   17.070  -3.1950E+00
   17.080  -2.0592E+00
   17.090   3.2947E-02
   17.100   1.8855E+00
   17.110   3.4435E+00
   17.120   5.1721E+00
   17.130   7.3251E+00
   17.140   9.1212E+00
   17.150   9.6624E+00
   17.160   8.2985E+00
   17.170   5.5419E+00
   17.180   2.5757E+00
   17.190   5.3312E-01
   17.200  -2.1660E-02
   17.210   1.0320E+00
   17.220   2.8983E+00
   17.230   4.3329E+00
   17.240   4.2267E+00
   17.250   2.6768E+00
   17.260   2.7442E-01
   17.270  -2.6413E+00
   17.280  -5.4218E+00
   17.290  -7.3597E+00
   17.300  -7.8341E+00
   17.310  -7.1987E+00
   17.320  -6.3762E+00
   17.330  -5.4358E+00
   17.340  -4.6532E+00
   17.350  -4.4733E+00
   17.360  -5.0775E+00
   17.370  -6.4598E+00
   17.380  -8.3994E+00
   17.390  -1.0102E+01
   17.400  -1.1262E+01
   17.410  -1.2126E+01
   17.420  -1.1694E+01
   17.430  -9.8205E+00
   17.440  -8.2894E+00
   17.450  -7.6935E+00
   17.460  -7.9510E+00
   17.470  -8.5147E+00
   17.480  -9.0060E+00
   17.490  -9.6403E+00
   17.500  -9.9725E+00
   17.510  -9.1950E+00
   17.520  -7.6058E+00
   17.530  -4.8873E+00
   17.540  -9.9879E-01
   17.550   2.7683E+00
   17.560   5.5532E+00
   17.570   7.0662E+00
   17.580   7.3796E+00
   17.590   6.2391E+00
   17.600   4.2203E+00
   17.610   2.5974E+00
   17.620   2.0731E+00
   17.630   2.3473E+00
   17.640   2.5997E+00
   17.650   2.2355E+00
   17.660   1.2199E+00
   17.670  -1.7189E-01
   17.680  -1.7846E+00
   17.690  -2.5117E+00
   17.700  -1.6226E+00
   17.710   1.8526E-01
   17.720   2.2428E+00
   17.730   4.1453E+00
   17.740   5.0003E+00
   17.750   4.6075E+00
   17.760   3.3415E+00
   17.770   1.5321E+00
   17.780  -1.8463E-02
   17.790  -9.8172E-01
   17.800  -1.6783E+00
   17.810  -2.0853E+00
   17.820  -2.1090E+00
   17.830  -2.1066E+00
   17.840  -2.0535E+00
   17.850  -1.7726E+00
   17.860  -1.2319E+00
   17.870  -4.8681E-01
   17.880   4.1715E-01
   17.890   1.4096E+00
   17.900   2.4423E+00
   17.910   3.3903E+00
   17.920   4.0394E+00
   17.930   4.4116E+00
   17.940   4.5917E+00
   17.950   4.6810E+00
   17.960   4.5590E+00
   17.970   4.0534E+00
   17.980   3.2871E+00
   17.990   2.7566E+00
   18.000   2.8581E+00
   18.010   3.4133E+00
   18.020   3.9857E+00
   18.030   4.2809E+00
   18.040   4.4942E+00
   18.050   4.8560E+00
   18.060   5.0794E+00
   18.070   4.7576E+00
   18.080   3.9025E+00
   18.090   2.5905E+00
   18.100   1.1395E+00
   18.110  -1.7184E-01
   18.120  -1.0984E+00
   18.130  -1.2408E+00
   18.140  -7.1213E-01
   18.150   5.9464E-02
   18.160   6.5999E-01
   18.170   8.8442E-01
   18.180   7.5299E-01
   18.190   4.0350E-01
   18.200   1.3623E-01
   18.210   2.1466E-01
   18.220   7.3913E-01
   18.230   1.5232E+00
   18.240   2.2316E+00
   18.250   2.5652E+00
   18.260   2.5472E+00
   18.270   2.3977E+00
   18.280   2.0249E+00
   18.290   1.4578E+00
   18.300   9.1606E-01
   18.310   4.4848E-01
   18.320   1.2888E-01
   18.330   3.0222E-02
   18.340  -2.1020E-02
   18.350  -2.4847E-02
   18.360   2.1758E-02
   18.370   3.8439E-02
   18.380  -2.5165E-03
   18.390  -9.9489E-02
   18.400  -8.3966E-02
   18.410   1.0204E-01
   18.420   2.0588E-01
   18.430   1.6869E-01
   18.440  -5.4960E-02
   18.450  -6.1341E-01
   18.460  -1.3860E+00
   18.470  -1.9531E+00
   18.480  -2.1947E+00
   18.490  -2.2398E+00
   18.500  -2.2117E+00
   18.510  -2.0575E+00
   18.520  -1.7151E+00
   18.530  -1.3383E+00
   18.540  -1.1694E+00
   18.550  -1.2994E+00
   18.560  -1.6475E+00
   18.570  -2.0243E+00
   18.580  -2.1405E+00
   18.590  -1.9754E+00
   18.600  -1.6190E+00
   18.610  -1.1738E+00
   18.620  -7.8046E-01
   18.630  -4.3082E-01
   18.640  -3.2278E-02
   18.650   5.2830E-01
   18.660   1.2515E+00
   18.670   1.9594E+00
   18.680   2.3827E+00
   18.690   2.4195E+00
   18.700   2.1207E+00
   18.710   1.6066E+00
   18.720   1.0782E+00
   18.730   6.8357E-01
   18.740   4.6348E-01
   18.750   3.5678E-01
   18.760   2.3081E-01
   18.770  -5.9605E-02
   18.780  -5.2877E-01
   18.790  -1.0972E+00
   18.800  -1.7052E+00
   18.810  -2.3079E+00
   18.820  -2.7553E+00
   18.830  -2.9139E+00
   18.840  -2.7995E+00
   18.850  -2.5674E+00
   18.860  -2.3547E+00
   18.870  -2.1347E+00
   18.880  -1.7862E+00
   18.890  -1.3199E+00
   18.900  -8.5974E-01
   18.910  -5.6485E-01
   18.920  -4.2292E-01
   18.930  -2.9926E-01
   18.940  -1.5682E-01
   18.950  -1.3253E-02
   18.960   9.0114E-02
   18.970   1.6657E-01
   18.980   3.3655E-01
   18.990   7.1503E-01
   19.000   1.3142E+00
   19.010   1.9365E+00
   19.020   2.2947E+00
   19.030   2.3555E+00
   19.040   2.1869E+00
   19.050   1.8344E+00
   19.060   1.4185E+00
   19.070   1.0262E+00
   19.080   7.1304E-01
   19.090   5.0892E-01
   19.100   4.5554E-01
   19.110   5.4475E-01
   19.120   7.4674E-01
   19.130   1.0802E+00
   19.140   1.4959E+00
   19.150   1.8128E+00
   19.160   1.9423E+00
   19.170   1.9030E+00
   19.180   1.6528E+00
   19.190   1.1549E+00
   19.200   4.7265E-01
   19.210  -2.4109E-01
   19.220  -8.0095E-01
   19.230  -1.0848E+00
   19.240  -1.1423E+00
   19.250  -1.1473E+00
   19.260  -1.2564E+00
   19.270  -1.5193E+00
   19.280  -1.8777E+00
   19.290  -2.2421E+00
   19.300  -2.5109E+00
   19.310  -2.5923E+00
   19.320  -2.4694E+00
   19.330  -2.1590E+00
   19.340  -1.6621E+00
   19.350  -1.0119E+00
   19.360  -3.2874E-01
   19.370   2.4439E-01
   19.380   6.3991E-01
   19.390   9.0288E-01
   19.400   1.1116E+00
   19.410   1.2829E+00
   19.420   1.3733E+00
   19.430   1.3609E+00
   19.440   1.2773E+00
   19.450   1.1811E+00
   19.460   1.0902E+00
   19.470   9.7995E-01
   19.480   8.5027E-01
   19.490   7.4959E-01
   19.500   7.3373E-01
   19.510   7.6918E-01
   19.520   7.6572E-01
   19.530   6.5572E-01
   19.540   4.5187E-01
   19.550   2.2386E-01
   19.560   5.3254E-02
   19.570  -1.1416E-02
   19.580   3.0229E-02
   19.590   1.3928E-01
   19.600   2.5213E-01
   19.610   3.0434E-01
   19.620   2.6179E-01
   19.630   1.0531E-01
   19.640  -1.6043E-01
   19.650  -4.6270E-01
   19.660  -7.1889E-01
   19.670  -9.0473E-01
   19.680  -1.0316E+00
   19.690  -1.0998E+00
   19.700  -1.0689E+00
   19.710  -9.1048E-01
   19.720  -6.8419E-01
   19.730  -4.6729E-01
   19.740  -2.7120E-01
   19.750  -8.5777E-02
   19.760   1.6239E-02
   19.770  -6.5024E-02
   19.780  -3.4300E-01
   19.790  -7.1365E-01
   19.800  -1.0114E+00
   19.810  -1.1184E+00
   19.820  -1.0101E+00
   19.830  -7.2281E-01
   19.840  -3.3641E-01
   19.850   3.4519E-02
   19.860   2.9379E-01
   19.870   4.0369E-01
   19.880   3.7629E-01
   19.890   2.4873E-01
   19.900   1.1637E-01
   19.910   1.0652E-01
   19.920   2.8139E-01
   19.930   5.6757E-01
   19.940   7.9382E-01
   19.950   8.5275E-01
   19.960   7.5650E-01
   19.970   5.7560E-01
   19.980   3.5236E-01
   19.990   8.0025E-02
   20.000  -2.4298E-01
   20.010  -5.6275E-01
   20.020  -7.9871E-01
   20.030  -8.9911E-01
   20.040  -8.8444E-01
   20.050  -8.2412E-01
   20.060  -7.5234E-01
   20.070  -6.6407E-01
   20.080  -5.5135E-01
   20.090  -4.2385E-01
   20.100  -2.9608E-01
   20.110  -1.6507E-01
   20.120  -1.3187E-02
   20.130   1.5215E-01
   20.140   2.9126E-01
   20.150   3.7584E-01
   20.160   4.1085E-01
   20.170   4.2729E-01
   20.180   4.8839E-01
   20.190   6.4431E-01
   20.200   8.8082E-01
   20.210   1.1004E+00
   20.220   1.1748E+00
   20.230   1.0433E+00
   20.240   7.2829E-01
   20.250   2.6694E-01
   20.260  -2.8786E-01
   20.270  -8.3945E-01
   20.280  -1.2870E+00
   20.290  -1.5772E+00
   20.300  -1.6788E+00
   20.310  -1.5540E+00
   20.320  -1.1808E+00
   20.330  -6.1028E-01
   20.340   2.3812E-02
   20.350   5.7215E-01
   20.360   9.4038E-01
   20.370   1.1191E+00
   20.380   1.1897E+00
   20.390   1.2958E+00
   20.400   1.5541E+00
   20.410   1.9665E+00
   20.420   2.4411E+00
   20.430   2.8922E+00
   20.440   3.2753E+00
   20.450   3.5212E+00
   20.460   3.5021E+00
   20.470   3.1192E+00
   20.480   2.4069E+00
   20.490   1.5250E+00
   20.500   6.6418E-01
   20.510  -2.2700E-02
   20.520  -4.3853E-01
   20.530  -5.5428E-01
   20.540  -4.2242E-01
   20.550  -1.5698E-01
   20.560   1.1533E-01
   20.570   2.9541E-01
   20.580   3.2890E-01
   20.590   2.1035E-01
   20.600  -2.4573E-02
   20.610  -3.1828E-01
   20.620  -6.1096E-01
   20.630  -8.5470E-01
   20.640  -1.0277E+00
   20.650  -1.1373E+00
   20.660  -1.1986E+00
   20.670  -1.2177E+00
   20.680  -1.2165E+00
   20.690  -1.2628E+00
   20.700  -1.4356E+00
   20.710  -1.7447E+00
   20.720  -2.1099E+00
   20.730  -2.4353E+00
   20.740  -2.6734E+00
   20.750  -2.8031E+00
   20.760  -2.7800E+00
   20.770  -2.5494E+00
   20.780  -2.1005E+00
   20.790  -1.4844E+00
   20.800  -7.8818E-01
   20.810  -1.1059E-01
   20.820   4.5245E-01
   20.830   8.3247E-01
   20.840   1.0100E+00
   20.850   1.0107E+00
   20.860   8.9149E-01
   20.870   7.3385E-01
   20.880   6.2004E-01
   20.890   5.8478E-01
   20.900   5.9696E-01
   20.910   6.0755E-01
   20.920   6.0126E-01
   20.930   8.0294E-01
   20.940   7.1083E-01
   20.950   5.1114E-01
   20.960   1.9278E-01
   20.970  -2.1510E-01
   20.980  -6.7465E-01
   20.990  -1.1441E+00
   21.000  -1.5460E+00
   21.010  -1.7716E+00
   21.020  -1.7494E+00
   21.030  -1.5037E+00
   21.040  -1.1399E+00
   21.050  -7.9187E-01
   21.060  -3.4922E-01
   21.070  -4.2463E-01
   21.080  -8.3182E-01
   21.090  -1.5060E+00
   21.100  -2.2628E+00
   21.110  -2.8873E+00
   21.120  -3.2406E+00
   21.130  -3.2949E+00
   21.140  -3.0904E+00
   21.150  -2.6917E+00
   21.160  -2.1890E+00
   21.170  -1.6992E+00
   21.180  -1.3178E+00
   21.190  -1.0610E+00
   21.200  -8.7480E-01
   21.210  -6.9891E-01
   21.220  -5.0120E-01
   21.230  -2.5301E-01
   21.240   8.4687E-02
   21.250   5.2284E-01
   21.260   3.1585E-01
   21.270   1.0517E+00
   21.280   1.3312E+00
   21.290   1.4165E+00
   21.300   1.2715E+00
   21.310   9.2000E-01
   21.320   4.7466E-01
   21.330   9.5034E-02
   21.340  -7.3057E-02
   21.350  -6.4572E-02
   21.360   4.6121E-01
   21.370   7.1134E-01
   21.380   9.9095E-01
   21.390   1.2537E+00
   21.400   1.4653E+00
   21.410   1.6126E+00
   21.420   1.6994E+00
   21.430   1.7280E+00
   21.440   1.6776E+00
   21.450   1.5026E+00
   21.460   1.0961E+00
   21.470   6.1964E-01
   21.480   1.5966E-01
   21.490  -3.3839E-01
   21.500   2.0666E-01
   21.510   2.7295E-01
   21.520   4.1151E-01
   21.530   5.5950E-01
   21.540   6.6519E-01
   21.550   6.6702E-01
   21.560   5.2747E-01
   21.570   2.8305E-01
   21.580   2.6943E-02
   21.590  -1.6706E-01
   21.600  -2.8561E-01
   21.610  -3.3841E-01
   21.620  -3.0998E-01
   21.630  -1.7677E-01
   21.640   3.3391E-02
   21.650   4.1125E-01
   21.660   4.4329E-01
   21.670   3.0853E-01
   21.680   9.0559E-02
   21.690  -2.9989E-01
   21.700  -5.3256E-01
   21.710  -8.6383E-01
   21.720  -8.4485E-01
   21.730  -6.1769E-01
   21.740  -2.9809E-01
   21.750   2.4938E-01
   21.760   7.9815E-01
   21.770   1.2456E+00
   21.780   1.5130E+00
   21.790   1.5680E+00
   21.800   1.4499E+00
   21.810   1.2592E+00
   21.820   1.1001E+00
   21.830   1.0254E+00
   21.840   1.0330E+00
   21.850   1.0967E+00
   21.860   1.1898E+00
   21.870   1.2797E+00
   21.880   1.3242E+00
   21.890   1.2872E+00
   21.900   1.1602E+00
   21.910   9.5525E-01
   21.920   6.7256E-01
   21.930   2.9082E-01
   21.940  -1.9216E-01
   21.950  -7.1529E-01
   21.960  -1.1774E+00
   21.970  -1.4899E+00
   21.980  -1.6801E+00
   21.990  -1.7592E+00
   22.000  -1.7354E+00
   22.010  -1.4962E+00
   22.020  -1.1606E+00
   22.030  -8.7947E-01
   22.040  -7.8157E-01
   22.050  -1.0669E+00
   22.060  -1.2515E+00
   22.070  -1.3765E+00
   22.080  -1.2077E+00
   22.090  -1.2427E+00
   22.100  -1.2542E+00
   22.110  -1.2428E+00
   22.120  -1.1618E+00
   22.130  -1.1908E+00
   22.140  -1.2664E+00
   22.150  -1.3661E+00
   22.160  -1.4429E+00
   22.170  -1.4538E+00
   22.180  -1.3698E+00
   22.190  -1.1658E+00
   22.200  -8.2309E-01
   22.210  -2.5787E-01
   22.220   2.7794E-01
   22.230   9.2075E-01
   22.240   1.4214E+00
   22.250   1.8168E+00
   22.260   2.0318E+00
   22.270   2.0127E+00
   22.280   1.7879E+00
   22.290   1.4732E+00
   22.300   1.2040E+00
   22.310   1.0608E+00
   22.320   1.0495E+00
   22.330   1.1247E+00
   22.340   1.3142E+00
   22.350   1.0746E+00
   22.360   8.7511E-01
   22.370   5.8698E-01
   22.380   4.1957E-01
   22.390   1.1117E-01
   22.400  -2.6529E-01
   22.410  -7.9503E-01
   22.420  -1.2147E+00
   22.430  -1.6421E+00
   22.440  -2.0741E+00
   22.450  -2.4292E+00
   22.460  -2.6673E+00
   22.470  -2.6760E+00
   22.480  -2.5983E+00
   22.490  -2.2690E+00
   22.500  -1.7218E+00
   22.510  -1.0787E+00
   22.520  -7.5626E-01
   22.530  -2.4813E-01
   22.540   8.4457E-02
   22.550   2.3269E-01
   22.560   2.1359E-01
   22.570   9.3352E-02
   22.580  -2.2414E-01
   22.590  -5.4066E-02
   22.600   2.0668E-01
   22.610   4.9963E-01
   22.620   6.9206E-01
   22.630   7.2395E-01
   22.640   7.1088E-01
   22.650   6.5347E-01
   22.660   4.0605E-01
   22.670  -1.3372E-01
   22.680   1.1023E-01
   22.690   4.1327E-01
   22.700   4.9468E-01
   22.710   7.6161E-01
   22.720   9.7744E-01
   22.730   1.0752E+00
   22.740   1.2052E+00
   22.750   1.1704E+00
   22.760   9.1635E-01
   22.770   5.2939E-01
   22.780   1.4324E-01
   22.790   3.9291E-01
   22.800   2.5031E-01
   22.810   4.0198E-01
   22.820   5.0379E-01
   22.830   6.3051E-01
   22.840   6.9390E-01
   22.850   6.4735E-01
   22.860   5.4722E-01
   22.870   3.3429E-01
   22.880   6.6734E-02
   22.890  -1.5656E-01
   22.900  -3.0678E-01
   22.910  -3.9422E-01
   22.920  -4.3487E-01
   22.930  -3.8691E-01
   22.940  -4.6653E-01
   22.950  -5.6116E-01
   22.960  -6.5080E-01
   22.970  -7.0121E-01
   22.980  -7.9738E-01
   22.990  -8.1313E-01
   23.000  -7.4460E-01
   23.010  -5.3681E-01
   23.020  -1.5791E-01
   23.030   2.9579E-02
   23.040   4.8779E-01
   23.050   8.9465E-01
   23.060   1.0950E+00
   23.070   1.1279E+00
   23.080   1.2754E+00
   23.090   1.0946E+00
   23.100   4.3550E-01
   23.110   3.0516E-01
   23.120   5.4576E-01
   23.130   7.6838E-01
   23.140   9.6882E-01
   23.150   1.0702E+00
   23.160   1.0520E+00
   23.170   9.4522E-01
   23.180   8.0043E-01
   23.190   6.7015E-01
   23.200   5.9875E-01
   23.210   6.4146E-01
   23.220   8.0065E-01
   23.230   9.9313E-01
   23.240   4.6082E-01
   23.250   6.9959E-01
   23.260   9.3693E-01
   23.270   9.8442E-01
   23.280   8.9514E-01
   23.290   5.1573E-01
   23.300   1.3326E-01
   23.310  -1.3394E-01
   23.320  -2.7596E-01
   23.330  -3.3023E-01
   23.340   2.4020E-01
   23.350   2.3664E-01
   23.360   6.7531E-01
   23.370   7.1909E-01
   23.380   7.2713E-01
   23.390   6.8503E-01
   23.400   5.9650E-01
   23.410   4.8361E-01
   23.420   3.8179E-01
   23.430   3.2112E-01
   23.440   2.7161E-01
   23.450   2.2547E-01
   23.460   1.5498E-01
   23.470   5.1231E-01
   23.480   3.6792E-01
   23.490   1.9107E-01
   23.500   6.1217E-02
   23.510   2.1888E-02
   23.520   7.6125E-02
   23.530   2.1359E-01
   23.540   4.2794E-01
   23.550   7.3954E-01
   23.560   9.0379E-01
   23.570   8.8583E-01
   23.580   1.5220E+00
   23.590   1.6010E+00
   23.600   1.6279E+00
   23.610   1.6143E+00
   23.620   1.0746E+00
   23.630   9.1563E-01
   23.640   7.7131E-01
   23.650   6.4078E-01
   23.660   5.1279E-01
   23.670   3.8564E-01
   23.680   2.6321E-01
   23.690  -1.1566E-01
   23.700  -2.0901E-01
   23.710  -3.0673E-01
   23.720  -3.7629E-01
   23.730  -3.8061E-01
   23.740  -1.2531E-01
   23.750   1.0253E-01
   23.760   2.7478E-01
   23.770   4.1341E-01
   23.780   5.7348E-01
   23.790   6.3042E-01
   23.800   5.4252E-01
   23.810   3.0939E-01
   23.820   4.5814E-02
   23.830   2.0174E-02
   23.840  -9.5524E-02
   23.850  -1.8314E-01
   23.860  -2.9505E-01
   23.870  -4.2189E-01
   23.880  -6.0540E-01
   23.890  -6.4034E-01
   23.900  -5.7657E-01
   23.910  -2.2529E-01
   23.920   1.6825E-01
   23.930   6.6306E-01
   23.940   1.1947E+00
   23.950   1.5839E+00
   23.960   1.9397E+00
   23.970   1.7648E+00
   23.980   1.6823E+00
   23.990   1.4853E+00
   24.000   1.2744E+00
   24.010   1.0711E+00
   24.020   9.0751E-01
   24.030   7.7226E-01
   24.040   5.9744E-01
   24.050   4.4102E-01
   24.060   2.3409E-01
   24.070  -4.3024E-02
   24.080  -5.0641E-01
   24.090  -1.2792E+00
   24.100  -1.4405E+00
   24.110  -1.4626E+00
   24.120  -1.3740E+00
   24.130  -1.3666E+00
   24.140  -1.3734E+00
   24.150  -1.3658E+00
   24.160  -1.0063E+00
   24.170  -7.8906E-01
   24.180  -5.0218E-01
   24.190  -2.0623E-01
   24.200  -4.9425E-01
   24.210  -4.1956E-01
   24.220  -4.4633E-01
   24.230  -3.4309E-01
   24.240  -4.2738E-01
   24.250  -5.0193E-01
   24.260  -5.2040E-01
   24.270  -4.5961E-01
   24.280  -3.2179E-01
   24.290  -7.5513E-01
   24.300  -9.2614E-01
   24.310  -8.9238E-01
   24.320  -7.7505E-01
   24.330  -6.7465E-01
   24.340  -5.4741E-01
   24.350  -3.5003E-01
   24.360  -1.1649E-01
   24.370   5.5092E-02
   24.380   1.0784E-01
   24.390   8.8436E-02
   24.400   9.1076E-02
   24.410   1.7188E-01
   24.420   3.3974E-01
   24.430   5.9181E-01
   24.440   9.0911E-01
   24.450   1.2262E+00
   24.460   1.4525E+00
   24.470   1.5395E+00
   24.480   1.5096E+00
   24.490   1.4181E+00
   24.500   1.8059E+00
   24.510   1.6509E+00
   24.520   1.4595E+00
   24.530   1.3051E+00
   24.540   1.2415E+00
   24.550   1.2105E+00
   24.560   1.1887E+00
   24.570   1.1673E+00
   24.580   1.1457E+00
   24.590   1.1112E+00
   24.600   1.0439E+00
   24.610   9.2058E-01
   24.620   6.9458E-01
   24.630   3.4761E-01
   24.640   1.1929E-01
   24.650   8.2455E-02
   24.660   1.1406E-01
   24.670   1.9147E-01
   24.680   2.9762E-01
   24.690   4.0911E-01
   24.700   1.5436E-01
   24.710   2.1099E-01
   24.720   9.3617E-02
   24.730   1.0014E-01
   24.740   1.7193E-01
   24.750   2.4487E-01
   24.760   4.1244E-01
   24.770   1.2620E+00
   24.780   1.4684E+00
   24.790   1.6062E+00
   24.800   1.6563E+00
   24.810   1.6427E+00
   24.820   1.6063E+00
   24.830   1.5625E+00
   24.840   1.4677E+00
   24.850   5.5887E-01
   24.860   2.4969E-01
   24.870  -1.4481E-01
   24.880  -5.8934E-01
   24.890  -1.0012E+00
   24.900  -1.3410E+00
   24.910  -1.5384E+00
   24.920  -1.5532E+00
   24.930  -1.4272E+00
   24.940  -1.2525E+00
   24.950  -1.1006E+00
   24.960  -9.9471E-01
   24.970  -9.4288E-01
   24.980  -9.5838E-01
   24.990  -1.0277E+00
   25.000  -1.0777E+00
   25.010  -1.0438E+00
   25.020  -8.8520E-01
   25.030  -5.1871E-01
   25.040  -2.7617E-01
   25.050  -8.5975E-02
   25.060   2.0742E-01
   25.070   8.9042E-02
   25.080   9.2903E-02
   25.090   6.1590E-02
   25.100   8.1242E-02
   25.110   9.4804E-02
   25.120   5.6800E-02
   25.130  -5.4617E-02
   25.140  -2.0789E-01
   25.150  -3.4695E-01
   25.160  -4.4868E-01
   25.170  -5.3727E-01
   25.180  -6.4004E-01
   25.190  -7.5317E-01
   25.200  -8.5926E-01
   25.210  -9.4863E-01
   25.220  -1.0039E+00
   25.230  -1.1033E+00
   25.240  -1.2100E+00
   25.250  -1.3039E+00
   25.260  -1.4064E+00
   25.270  -1.4763E+00
   25.280  -1.4819E+00
   25.290  -1.4012E+00
   25.300  -1.2477E+00
   25.310  -1.0641E+00
   25.320  -8.9110E-01
   25.330  -7.3447E-01
   25.340  -6.1593E-01
   25.350  -8.6232E-01
   25.360  -8.6053E-01
   25.370  -8.5432E-01
   25.380  -8.3811E-01
   25.390  -7.8991E-01
   25.400  -7.2395E-01
   25.410  -6.0810E-01
   25.420  -5.9012E-01
   25.430  -4.7268E-01
   25.440  -2.6412E-01
   25.450  -6.8725E-02
   25.460   3.7210E-02
   25.470   6.0243E-02
   25.480  -1.0189E-02
   25.490  -1.4068E-01
   25.500   5.1933E-03
   25.510  -9.1831E-02
   25.520  -1.9340E-01
   25.530  -2.9636E-01
   25.540  -3.6465E-01
   25.550  -3.8701E-01
   25.560  -3.9384E-01
   25.570  -3.8299E-01
   25.580  -1.1881E+00
   25.590  -1.1515E+00
   25.600  -1.0676E+00
   25.610  -9.2149E-01
   25.620  -7.3069E-01
   25.630  -5.2253E-01
   25.640  -3.4566E-01
   25.650  -2.5146E-01
   25.660  -2.5519E-01
   25.670  -2.7298E-01
   25.680  -2.3674E-01
   25.690  -3.3596E-01
   25.700  -4.6832E-01
   25.710  -5.7453E-01
   25.720  -5.5615E-01
   25.730  -3.6647E-01
   25.740  -2.4039E-02
   25.750   4.1843E-01
   25.760   8.9450E-01
   25.770   1.3714E+00
   25.780   1.7292E+00
   25.790   2.0687E+00
   25.800   2.2389E+00
   25.810   2.2260E+00
   25.820   2.0727E+00
   25.830   1.7917E+00
   25.840   1.4589E+00
   25.850   1.1285E+00
   25.860   4.7810E-01
   25.870   3.5810E-01
   25.880   2.3457E-01
   25.890   3.3625E-02
   25.900  -2.0332E-02
   25.910   3.1816E-02
   25.920   9.3972E-02
   25.930   1.1670E-01
   25.940   1.0510E-01
   25.950   5.7112E-02
   25.960  -1.3957E-02
   25.970  -1.1036E-01
   25.980  -2.3891E-01
   25.990  -3.4711E-01
   26.000  -4.7377E-01
   26.010  -5.4996E-01
   26.020  -5.7275E-01
   26.030  -5.6120E-01
   26.040  -5.2404E-01
   26.050  -4.5414E-01
   26.060  -3.4601E-01
   26.070  -2.0478E-01
   26.080  -3.5134E-02
   26.090   1.6732E-01
   26.100   4.0289E-01
   26.110   6.4567E-01
   26.120   8.4217E-01
   26.130   9.4013E-01
   26.140   9.2284E-01
   26.150   4.1654E-01
   26.160   2.8999E-01
   26.170   2.1804E-01
   26.180   1.1825E-01
   26.190   7.1185E-02
   26.200  -2.1235E-02
   26.210   9.0081E-02
   26.220   2.8140E-01
   26.230   4.8757E-01
   26.240   8.0492E-01
   26.250   9.2908E-01
   26.260   9.8634E-01
   26.270   9.7326E-01
   26.280   8.6712E-01
   26.290   6.7228E-01
   26.300   4.0105E-01
   26.310   7.0435E-02
   26.320  -2.8976E-01
   26.330  -6.0605E-01
   26.340  -8.6987E-01
   26.350  -1.0283E+00
   26.360  -6.5685E-01
   26.370  -6.0531E-01
   26.380  -5.4155E-01
   26.390  -4.6787E-01
   26.400  -3.8187E-01
   26.410  -2.8338E-01
   26.420  -1.7515E-01
   26.430  -1.2775E-01
   26.440  -3.9775E-02
   26.450   1.8809E-02
   26.460   3.4491E-02
   26.470   1.2708E-02
   26.480  -4.4027E-02
   26.490  -7.2547E-02
   26.500  -1.7277E-02
   26.510  -1.9169E-01
   26.520  -2.0009E-02
   26.530   2.0324E-01
   26.540   4.4669E-01
   26.550   6.6252E-01
   26.560   8.1075E-01
   26.570   9.0667E-01
   26.580   9.0048E-01
   26.590   8.5872E-01
   26.600   7.7991E-01
   26.610   6.5881E-01
   26.620   5.0795E-01
   26.630   3.5727E-01
   26.640   2.3318E-01
   26.650   1.4531E-01
   26.660   9.5253E-02
   26.670   9.0173E-02
   26.680   1.3733E-01
   26.690   2.2461E-01
   26.700   3.1478E-01
   26.710   3.6661E-01
   26.720   3.6120E-01
   26.730   3.0510E-01
   26.740   2.1176E-01
   26.750   1.0530E-01
   26.760  -9.9602E-02
   26.770  -2.9085E-01
   26.780  -4.6108E-01
   26.790  -5.4676E-01
   26.800  -6.7566E-01
   26.810  -7.6128E-01
   26.820  -7.8708E-01
   26.830  -7.5280E-01
   26.840  -6.7683E-01
   26.850  -4.7859E-01
   26.860  -3.9946E-01
   26.870   1.3328E-01
   26.880   2.5851E-01
   26.890   3.5756E-01
   26.900   4.1702E-01
   26.910   4.3448E-01
   26.920   4.3083E-01
   26.930   3.8977E-01
   26.940   3.5040E-01
   26.950   3.0100E-01
   26.960   2.6660E-01
   26.970   2.5330E-01
   26.980   2.6430E-01
   26.990   2.9810E-01
   27.000   3.4608E-01
   27.010   4.5900E-01
   27.020   5.0714E-01
   27.030   5.4172E-01
   27.040   5.5652E-01
   27.050   5.4566E-01
   27.060   5.1117E-01
   27.070   4.6546E-01
   27.080   4.2371E-01
   27.090   3.9568E-01
   27.100   3.8346E-01
   27.110   3.6712E-01
   27.120   3.8061E-01
   27.130   3.6275E-01
   27.140   3.1177E-01
   27.150   2.3636E-01
   27.160   1.6150E-01
   27.170   1.0619E-01
   27.180   7.0472E-02
   27.190   4.4971E-02
   27.200   2.5835E-02
   27.210   1.4518E-02
   27.220   8.1413E-03
   27.230  -2.3524E-05
   27.240  -1.0412E-02
   27.250  -1.6393E-02
   27.260  -7.1718E-03
   27.270  -1.3752E-03
   27.280  -8.3901E-03
   27.290   3.5820E-01
   27.300   3.2860E-01
   27.310   2.7384E-01
   27.320   1.9831E-01
   27.330   1.1722E-01
   27.340   5.2022E-02
   27.350   1.4180E-02
   27.360  -2.3811E-03
   27.370  -4.6650E-02
   27.380  -5.4927E-02
   27.390  -6.7295E-02
   27.400  -9.3345E-02
   27.410  -1.3811E-01
   27.420  -1.6679E-01
   27.430  -2.0861E-01
   27.440  -2.1964E-01
   27.450  -2.0146E-01
   27.460  -1.6946E-01
   27.470  -1.3690E-01
   27.480  -1.0746E-01
   27.490  -7.8710E-02
   27.500  -4.7059E-02
   27.510  -4.4438E-02
   27.520  -8.2572E-03
   27.530   2.9971E-02
   27.540   6.4791E-02
   27.550   9.3313E-02
   27.560   1.1625E-01
   27.570   1.3496E-01
   27.580   1.4928E-01
   27.590   1.6082E-01
   27.600   1.6848E-01
   27.610   1.7667E-01
   27.620   1.3696E-01
   27.630   1.8229E-01
   27.640   1.9746E-01
   27.650   9.4858E-02
   27.660   7.7046E-02
   27.670   6.3234E-02
   27.680   6.2671E-02
   27.690   7.8334E-02
   27.700   1.0516E-01
   27.710   1.3192E-01
   27.720   1.4218E-01
   27.730   1.4421E-01
   27.740   1.3079E-01
   27.750   9.9265E-02
   27.760   5.5617E-02
   27.770   5.5312E-03
   27.780  -4.6843E-02
   27.790  -1.0289E-01
   27.800  -1.6607E-01
   27.810  -2.3246E-01
   27.820  -2.8709E-01
   27.830  -3.1208E-01
   27.840  -2.6076E-01
   27.850  -2.1636E-01
   27.860  -1.5161E-01
   27.870  -7.4115E-02
   27.880  -1.2875E-02
   27.890   4.0163E-02
   27.900   4.5877E-02
   27.910   2.2146E-02
   27.920  -1.4679E-02
   27.930  -4.7809E-02
   27.940   6.2248E-02
   27.950   7.1297E-02
   27.960   7.3541E-02
   27.970   6.5732E-02
   27.980   3.8217E-02
   27.990   1.9851E-03
   28.000  -3.1515E-02
   28.010  -5.0074E-02
   28.020  -5.2486E-02
   28.030  -4.5708E-02
   28.040  -3.6565E-02
   28.050  -2.8636E-02
   28.060   5.5976E-02
   28.070   4.4537E-02
   28.080   2.3108E-02
   28.090  -8.9297E-03
   28.100  -5.4414E-02
   28.110  -1.1421E-01
   28.120  -1.8197E-01
   28.130  -2.9190E-01
   28.140  -3.3562E-01
   28.150  -3.5386E-01
   28.160  -3.5145E-01
   28.170  -3.0228E-01
   28.180  -2.8871E-01
   28.190  -2.7327E-01
   28.200  -2.4489E-01
   28.210  -2.3660E-01
   28.220  -2.2605E-01
   28.230  -2.2707E-01
   28.240  -1.9198E-01
   28.250  -1.6265E-01
   28.260  -1.3970E-01
   28.270  -1.2098E-01
   28.280  -1.0677E-01
   28.290  -9.8110E-02
   28.300  -8.9977E-02
   28.310  -7.1495E-02
   28.320  -3.6303E-02
   28.330   9.7857E-03
   28.340   5.4306E-02
   28.350   8.9126E-02
   28.360   1.1290E-01
   28.370   1.2500E-01
   28.380   1.2249E-01
   28.390   1.0400E-01
   28.400   1.8220E-02
   28.410  -1.2035E-02
   28.420  -3.9708E-02
   28.430  -6.0541E-02
   28.440  -7.2316E-02
   28.450  -7.5308E-02
   28.460  -7.1048E-02
   28.470  -6.3917E-02
   28.480  -5.6985E-02
   28.490  -5.3688E-02
   28.500  -3.5150E-03
   28.510  -5.5894E-03
   28.520  -3.7874E-03
   28.530   8.1099E-04
   28.540   2.7096E-03
   28.550   7.1536E-03
   28.560  -1.2057E-02
   28.570  -3.9731E-02
   28.580  -7.1951E-02
   28.590  -1.0137E-01
   28.600  -1.2169E-01
   28.610  -1.3052E-01
   28.620  -1.1285E-01
   28.630  -1.1239E-01
   28.640  -1.0982E-01
   28.650  -1.0315E-01
   28.660  -9.0672E-02
   28.670  -7.3967E-02
   28.680  -5.4473E-02
   28.690  -3.0079E-02
   28.700  -7.4665E-02
   28.710  -7.6209E-02
   28.720  -8.0217E-02
   28.730  -8.4329E-02
   28.740  -8.3973E-02
   28.750  -7.6453E-02
   28.760  -6.4627E-02
   28.770  -4.5496E-02
   28.780  -3.7675E-02
   28.790  -2.9424E-02
   28.800  -1.6183E-02
   28.810   2.8276E-03
   28.820   3.3108E-02
   28.830   6.4218E-02
   28.840   9.6008E-02
   28.850   2.8266E-02
   28.860   2.5402E-02
   28.870   2.2945E-02
   28.880   2.1559E-02
   28.890   2.0992E-02
   28.900   2.0307E-02
   28.910   1.8660E-02
   28.920   1.5636E-02
   28.930   1.0898E-02
   28.940   4.0045E-03
   28.950  -5.0501E-03
   28.960  -1.5237E-02
   28.970  -2.5590E-02
   28.980  -3.2911E-02
   28.990  -3.7060E-02
   29.000  -3.8212E-02
   29.010  -3.7073E-02
   29.020  -3.4248E-02
   29.030  -2.9794E-02
   29.040  -2.3364E-02
   29.050  -1.5000E-02
   29.060   3.5367E-03
   29.070   1.2021E-02
   29.080   1.8060E-02
   29.090   2.1905E-02
   29.100   2.4354E-02
   29.110   2.4635E-02
   29.120   2.4457E-02
   29.130   2.3490E-02
   29.140   2.2804E-02
   29.150   2.2889E-02
   29.160   2.3149E-02
   29.170   2.2815E-02
   29.180   2.2040E-02
   29.190   2.1810E-02
   29.200   2.2957E-02
   29.210   2.5478E-02
   29.220   2.8596E-02
   29.230   3.0673E-02
   29.240   3.0747E-02
   29.250   2.8570E-02
   29.260   2.4114E-02
   29.270   1.7947E-02
   29.280   1.0807E-02
   29.290   3.3308E-03
   29.300  -3.8945E-03
   29.310  -1.0269E-02
   29.320  -1.5437E-02
   29.330  -1.9529E-02
   29.340  -2.2984E-02
   29.350  -2.6147E-02
   29.360  -2.9164E-02
   29.370  -3.2188E-02
   29.380  -3.5365E-02
   29.390  -3.8540E-02
   29.400  -4.1228E-02
   29.410  -4.3385E-02
   29.420  -4.4588E-02
   29.430  -4.5346E-02
   29.440  -1.6422E-02
   29.450  -1.4346E-02
   29.460  -1.1883E-02
   29.470  -8.7824E-03
   29.480  -4.8797E-03
   29.490  -1.9554E-04
   29.500   4.9119E-03
   29.510   9.7675E-03
   29.520   1.3683E-02
   29.530   1.6319E-02
   29.540   1.7817E-02
   29.550   1.8703E-02
   29.560   1.9611E-02
   29.570   2.0898E-02
   29.580   2.2386E-02
   29.590   2.3543E-02
   29.600   2.1154E-02
   29.610   2.0541E-02
   29.620   1.9506E-02
   29.630   1.7907E-02
   29.640   1.5315E-02
   29.650   1.1482E-02
   29.660   6.6688E-03
   29.670   1.4782E-03
   29.680  -3.5005E-03
   29.690  -9.4906E-03
   29.700  -1.2891E-02
   29.710  -1.4799E-02
   29.720  -1.4975E-02
   29.730  -9.2489E-03
   29.740  -8.1245E-03
   29.750  -6.5583E-03
   29.760  -4.6522E-03
   29.770  -2.8042E-03
   29.780  -1.6349E-03
   29.790  -1.4259E-03
   29.800  -1.7696E-03
   29.810  -1.9147E-03
   29.820  -1.3511E-03
   29.830   7.5964E-05
   29.840   2.4272E-03
   29.850   5.7057E-03
   29.860   9.6303E-03
   29.870   1.3686E-02
   29.880   1.7519E-02
   29.890   2.1076E-02
   29.900   2.4238E-02
   29.910   2.6548E-02
   29.920   2.7526E-02
   29.930   2.7156E-02
   29.940   2.5856E-02
   29.950   2.4033E-02
   29.960   2.1812E-02
   29.970   1.9117E-02
   29.980   1.5807E-02
   29.990   1.1729E-02
   30.000   6.8260E-03
   30.010   1.2957E-03
   30.020  -4.4513E-03
   30.030  -1.0012E-02
   30.040  -1.5131E-02
   30.050  -1.9696E-02
   30.060  -2.3770E-02
   30.070  -2.7598E-02
   30.080  -3.1230E-02
   30.090  -3.4761E-02
   30.100  -3.7567E-02
   30.110  -3.9269E-02
   30.120  -3.9738E-02
   30.130  -3.8767E-02
   30.140  -2.4065E-02
   30.150  -2.0647E-02
   30.160  -1.6900E-02
   30.170  -1.3800E-02
   30.180  -1.1663E-02
   30.190  -9.9867E-03
   30.200  -8.1684E-03
   30.210  -6.1132E-03
   30.220  -4.0689E-03
   30.230  -2.1984E-03
   30.240  -5.6753E-04
   30.250   6.7428E-04
   30.260  -3.4406E-03
   30.270  -2.9806E-03
   30.280  -2.4823E-03
   30.290  -1.9717E-03
   30.300  -1.4280E-03
   30.310  -7.8087E-04
   30.320   4.3855E-06
   30.330   8.6024E-04
   30.340   1.6683E-03
   30.350   2.3507E-03
   30.360   2.8650E-03
   30.370   3.1382E-03
   30.380   3.0850E-03
   30.390   2.7124E-03
   30.400   2.1517E-03
   30.410   1.5636E-03
   30.420   1.0435E-03
   30.430   6.3240E-04
   30.440   3.6129E-04
   30.450   2.2998E-04
   30.460   1.6654E-04
   30.470   5.2372E-04
   30.480   6.5879E-04
   30.490   7.9448E-04
   30.500   9.1626E-04
   30.510   9.4147E-04
   30.520   7.9917E-04
   30.530   4.9698E-04
   30.540   1.1872E-04
   30.550  -2.1542E-04
   30.560  -3.9294E-04
   30.570  -3.6136E-04
   30.580  -1.6744E-04
   30.590   6.9264E-05
   30.600   2.4498E-04
   30.610   3.3426E-04
   30.620   3.6148E-04
   30.630   3.2833E-04
   30.640   1.9278E-04
   30.650  -7.9863E-05
   30.660  -4.6132E-04
   30.670  -8.6198E-04
   30.680  -1.1801E-03
   30.690  -1.3484E-03
   30.700  -1.3468E-03
   30.710  -1.1915E-03
   30.720  -9.2183E-04
   30.730  -5.9420E-04
   30.740  -2.7410E-04
   30.750  -1.8863E-05
   30.760   1.4212E-04
   30.770   2.1943E-04
   30.780   2.5908E-04
   30.790   3.1558E-04
   30.800   4.0681E-04
   30.810   4.8206E-04
   30.820   4.4345E-04
   30.830   2.1740E-04
   30.840  -1.8647E-04
   30.850  -6.8448E-04
   30.860  -1.1796E-03
   30.870  -1.6122E-03
   30.880  -1.9678E-03
   30.890  -2.2551E-03
   30.900  -2.4742E-03
   30.910  -2.5927E-03
   30.920  -2.5549E-03
   30.930  -2.3302E-03
   30.940  -1.9523E-03
   30.950  -1.4981E-03
   30.960  -1.0341E-03
   30.970  -6.0332E-04
   30.980  -2.5548E-04
   30.990  -4.5868E-05
   31.000   1.2365E-05
   31.010  -3.1361E-05
   31.020  -1.1037E-04
   31.030  -1.8081E-04
   31.040  -1.9798E-04
   31.050  -9.2023E-05
   31.060   1.8224E-04
   31.070   5.7717E-04
   31.080   9.7320E-04
   31.090   1.2678E-03
   31.100   4.0814E-04
   31.110   7.7433E-04
   31.120   1.1129E-03
   31.130   1.4102E-03
   31.140   1.6555E-03
   31.150   1.8315E-03
   31.160   1.9078E-03
   31.170   1.8695E-03
   31.180   1.7506E-03
   31.190   1.6157E-03
   31.200   1.5071E-03
   31.210   1.4242E-03
   31.220   1.3496E-03
   31.230   1.2705E-03
   31.240   1.1636E-03
   31.250   9.8499E-04
   31.260   7.0139E-04
   31.270   0.0000E+00
   31.280   0.0000E+00
   31.290   0.0000E+00
   31.300   0.0000E+00
   31.310   0.0000E+00
   31.320   0.0000E+00
   31.330   0.0000E+00
   31.340   0.0000E+00
   31.350   0.0000E+00
   31.360   0.0000E+00
   31.370   0.0000E+00
   31.380   0.0000E+00
   31.390   0.0000E+00
   31.400   0.0000E+00
   31.410   0.0000E+00
   31.420   0.0000E+00
   31.430   0.0000E+00
   31.440   0.0000E+00
   31.450   0.0000E+00
   31.460   0.0000E+00
   31.470   0.0000E+00
   31.480   0.0000E+00
   31.490   0.0000E+00
   31.500   0.0000E+00
   31.510   0.0000E+00
   31.520   0.0000E+00
   31.530   0.0000E+00
   31.540   0.0000E+00
   31.550   0.0000E+00
   31.560   0.0000E+00
   31.570   0.0000E+00
   31.580   0.0000E+00
   31.590   0.0000E+00
   31.600   0.0000E+00
   31.610   0.0000E+00
   31.620   0.0000E+00
   31.630   0.0000E+00
   31.640   0.0000E+00
   31.650   0.0000E+00
   31.660   0.0000E+00
   31.670   0.0000E+00
   31.680   0.0000E+00
   31.690   0.0000E+00
   31.700   0.0000E+00
   31.710   0.0000E+00
   31.720   0.0000E+00
   31.730   0.0000E+00
   31.740   0.0000E+00
   31.750   0.0000E+00
   31.760   0.0000E+00
   31.770   0.0000E+00
   31.780   0.0000E+00
   31.790   0.0000E+00
   31.800   0.0000E+00
   31.810   0.0000E+00
   31.820   0.0000E+00
   31.830   0.0000E+00
   31.840   0.0000E+00
   31.850   0.0000E+00
   31.860   0.0000E+00
   31.870   0.0000E+00
   31.880   0.0000E+00
   31.890   0.0000E+00
   31.900   0.0000E+00
   31.910   0.0000E+00
   31.920   0.0000E+00
   31.930   0.0000E+00
   31.940   0.0000E+00
   31.950   0.0000E+00
   31.960   0.0000E+00
   31.970   0.0000E+00
   31.980   0.0000E+00
   31.990   0.0000E+00
   32.000   0.0000E+00
   32.010   0.0000E+00
   32.020   0.0000E+00
   32.030   0.0000E+00
   32.040   0.0000E+00
   32.050   0.0000E+00
   32.060   0.0000E+00
   32.070   0.0000E+00
   32.080   0.0000E+00
   32.090   0.0000E+00
   32.100   0.0000E+00
   32.110   0.0000E+00
   32.120   0.0000E+00
   32.130   0.0000E+00
   32.140   0.0000E+00
   32.150   0.0000E+00
   32.160   0.0000E+00
   32.170   0.0000E+00
   32.180   0.0000E+00
   32.190   0.0000E+00
   32.200   0.0000E+00
   32.210   0.0000E+00
   32.220   0.0000E+00
   32.230   0.0000E+00
   32.240   0.0000E+00
   32.250   0.0000E+00
   32.260   0.0000E+00
   32.270   0.0000E+00
   32.280   0.0000E+00
   32.290   0.0000E+00
   32.300   0.0000E+00
   32.310   0.0000E+00
   32.320   0.0000E+00
   32.330   0.0000E+00
   32.340   0.0000E+00
   32.350   0.0000E+00
   32.360   0.0000E+00
   32.370   0.0000E+00
   32.380   0.0000E+00
   32.390   0.0000E+00
   32.400   0.0000E+00
   32.410   0.0000E+00
   32.420   0.0000E+00
   32.430   0.0000E+00
   32.440   0.0000E+00
   32.450   0.0000E+00
   32.460   0.0000E+00
   32.470   0.0000E+00
   32.480   0.0000E+00
   32.490   0.0000E+00
   32.500   0.0000E+00
   32.510   0.0000E+00
   32.520   0.0000E+00
   32.530   0.0000E+00
   32.540   0.0000E+00
   32.550   0.0000E+00
   32.560   0.0000E+00
   32.570   0.0000E+00
   32.580   0.0000E+00
   32.590   0.0000E+00
   32.600   0.0000E+00
   32.610   0.0000E+00
   32.620   0.0000E+00
   32.630   0.0000E+00
   32.640   0.0000E+00
   32.650   0.0000E+00
   32.660   0.0000E+00
   32.670   0.0000E+00
   32.680   0.0000E+00
   32.690   0.0000E+00
   32.700   0.0000E+00
   32.710   0.0000E+00
   32.720   0.0000E+00
   32.730   0.0000E+00
   32.740   0.0000E+00
   32.750   0.0000E+00
   32.760   0.0000E+00
   32.770   0.0000E+00
   32.780   0.0000E+00
   32.790   0.0000E+00
   32.800   0.0000E+00
   32.810   0.0000E+00
   32.820   0.0000E+00
   32.830   0.0000E+00
   32.840   0.0000E+00
   32.850   0.0000E+00
   32.860   0.0000E+00
   32.870   0.0000E+00
   32.880   0.0000E+00
   32.890   0.0000E+00
   32.900   0.0000E+00
   32.910   0.0000E+00
   32.920   0.0000E+00
   32.930   0.0000E+00
   32.940   0.0000E+00
   32.950   0.0000E+00
   32.960   0.0000E+00
   32.970   0.0000E+00
   32.980   0.0000E+00
   32.990   0.0000E+00
   33.000   0.0000E+00
   33.010   0.0000E+00
   33.020   0.0000E+00
   33.030   0.0000E+00
   33.040   0.0000E+00
   33.050   0.0000E+00
   33.060   0.0000E+00
   33.070   0.0000E+00
   33.080   0.0000E+00
   33.090   0.0000E+00
   33.100   0.0000E+00
   33.110   0.0000E+00
   33.120   0.0000E+00
   33.130   0.0000E+00
   33.140   0.0000E+00
   33.150   0.0000E+00
   33.160   0.0000E+00
   33.170   0.0000E+00
   33.180   0.0000E+00
   33.190   0.0000E+00
   33.200   0.0000E+00
   33.210   0.0000E+00
   33.220   0.0000E+00
   33.230   0.0000E+00
   33.240   0.0000E+00
   33.250   0.0000E+00
   33.260   0.0000E+00
   33.270   0.0000E+00
   33.280   0.0000E+00
   33.290   0.0000E+00
   33.300   0.0000E+00
   33.310   0.0000E+00
   33.320   0.0000E+00
   33.330   0.0000E+00
   33.340   0.0000E+00
   33.350   0.0000E+00
   33.360   0.0000E+00
   33.370   0.0000E+00
   33.380   0.0000E+00
   33.390   0.0000E+00
   33.400   0.0000E+00
   33.410   0.0000E+00
   33.420   0.0000E+00
   33.430   0.0000E+00
   33.440   0.0000E+00
   33.450   0.0000E+00
   33.460   0.0000E+00
   33.470   0.0000E+00
   33.480   0.0000E+00
   33.490   0.0000E+00
   33.500   0.0000E+00
   33.510   0.0000E+00
   33.520   0.0000E+00
   33.530   0.0000E+00
   33.540   0.0000E+00
   33.550   0.0000E+00
   33.560   0.0000E+00
   33.570   0.0000E+00
   33.580   0.0000E+00
   33.590   0.0000E+00
   33.600   0.0000E+00
   33.610   0.0000E+00
   33.620   0.0000E+00
   33.630   0.0000E+00
   33.640   0.0000E+00
   33.650   0.0000E+00
   33.660   0.0000E+00
   33.670   0.0000E+00
   33.680   0.0000E+00
   33.690   0.0000E+00
   33.700   0.0000E+00
   33.710   0.0000E+00
   33.720   0.0000E+00
   33.730   0.0000E+00
   33.740   0.0000E+00
   33.750   0.0000E+00
   33.760   0.0000E+00
   33.770   0.0000E+00
   33.780   0.0000E+00
   33.790   0.0000E+00
   33.800   0.0000E+00
   33.810   0.0000E+00
   33.820   0.0000E+00
   33.830   0.0000E+00
   33.840   0.0000E+00
   33.850   0.0000E+00
   33.860   0.0000E+00
   33.870   0.0000E+00
   33.880   0.0000E+00
   33.890   0.0000E+00
   33.900   0.0000E+00
   33.910   0.0000E+00
   33.920   0.0000E+00
   33.930   0.0000E+00
   33.940   0.0000E+00
   33.950   0.0000E+00
   33.960   0.0000E+00
   33.970   0.0000E+00
   33.980   0.0000E+00
   33.990   0.0000E+00
   34.000   0.0000E+00
   34.010   0.0000E+00
   34.020   0.0000E+00
   34.030   0.0000E+00
   34.040   0.0000E+00
   34.050   0.0000E+00
   34.060   0.0000E+00
   34.070   0.0000E+00
   34.080   0.0000E+00
   34.090   0.0000E+00
   34.100   0.0000E+00
   34.110   0.0000E+00
   34.120   0.0000E+00
   34.130   0.0000E+00
   34.140   0.0000E+00
   34.150   0.0000E+00
   34.160   0.0000E+00
   34.170   0.0000E+00
   34.180   0.0000E+00
   34.190   0.0000E+00
   34.200   0.0000E+00
   34.210   0.0000E+00
   34.220   0.0000E+00
   34.230   0.0000E+00
   34.240   0.0000E+00
   34.250   0.0000E+00
   34.260   0.0000E+00
   34.270   0.0000E+00
   34.280   0.0000E+00
   34.290   0.0000E+00
   34.300   0.0000E+00
   34.310   0.0000E+00
   34.320   0.0000E+00
   34.330   0.0000E+00
   34.340   0.0000E+00
   34.350   0.0000E+00
   34.360   0.0000E+00
   34.370   0.0000E+00
   34.380   0.0000E+00
   34.390   0.0000E+00
   34.400   0.0000E+00
   34.410   0.0000E+00
   34.420   0.0000E+00
   34.430   0.0000E+00
   34.440   0.0000E+00
   34.450   0.0000E+00
   34.460   0.0000E+00
   34.470   0.0000E+00
   34.480   0.0000E+00
   34.490   0.0000E+00
   34.500   0.0000E+00
   34.510   0.0000E+00
   34.520   0.0000E+00
   34.530   0.0000E+00
   34.540   0.0000E+00
   34.550   0.0000E+00
   34.560   0.0000E+00
   34.570   0.0000E+00
   34.580   0.0000E+00
   34.590   0.0000E+00
   34.600   0.0000E+00
   34.610   0.0000E+00
   34.620   0.0000E+00
   34.630   0.0000E+00
   34.640   0.0000E+00
   34.650   0.0000E+00
   34.660   0.0000E+00
   34.670   0.0000E+00
   34.680   0.0000E+00
   34.690   0.0000E+00
   34.700   0.0000E+00
   34.710   0.0000E+00
   34.720   0.0000E+00
   34.730   0.0000E+00
   34.740   0.0000E+00
   34.750   0.0000E+00
   34.760   0.0000E+00
   34.770   0.0000E+00
   34.780   0.0000E+00
   34.790   0.0000E+00
   34.800   0.0000E+00
   34.810   0.0000E+00
   34.820   0.0000E+00
   34.830   0.0000E+00
   34.840   0.0000E+00
   34.850   0.0000E+00
   34.860   0.0000E+00
   34.870   0.0000E+00
   34.880   0.0000E+00
   34.890   0.0000E+00
   34.900   0.0000E+00
   34.910   0.0000E+00
   34.920   0.0000E+00
   34.930   0.0000E+00
   34.940   0.0000E+00
   34.950   0.0000E+00
   34.960   0.0000E+00
   34.970   0.0000E+00
   34.980   0.0000E+00
   34.990   0.0000E+00
   35.000   0.0000E+00
   35.010   0.0000E+00
   35.020   0.0000E+00
   35.030   0.0000E+00
   35.040   0.0000E+00
   35.050   0.0000E+00
   35.060   0.0000E+00
   35.070   0.0000E+00
   35.080   0.0000E+00
   35.090   0.0000E+00
   35.100   0.0000E+00
   35.110   0.0000E+00
   35.120   0.0000E+00
   35.130   0.0000E+00
   35.140   0.0000E+00
   35.150   0.0000E+00
   35.160   0.0000E+00
   35.170   0.0000E+00
   35.180   0.0000E+00
   35.190   0.0000E+00
   35.200   0.0000E+00
   35.210   0.0000E+00
   35.220   0.0000E+00
   35.230   0.0000E+00
   35.240   0.0000E+00
   35.250   0.0000E+00
   35.260   0.0000E+00
   35.270   0.0000E+00
   35.280   0.0000E+00
   35.290   0.0000E+00
   35.300   0.0000E+00
   35.310   0.0000E+00
   35.320   0.0000E+00
   35.330   0.0000E+00
   35.340   0.0000E+00
   35.350   0.0000E+00
   35.360   0.0000E+00
   35.370   0.0000E+00
   35.380   0.0000E+00
   35.390   0.0000E+00
   35.400   0.0000E+00
   35.410   0.0000E+00
   35.420   0.0000E+00
   35.430   0.0000E+00
   35.440   0.0000E+00
   35.450   0.0000E+00
   35.460   0.0000E+00
   35.470   0.0000E+00
   35.480   0.0000E+00
   35.490   0.0000E+00
   35.500   0.0000E+00
   35.510   0.0000E+00
   35.520   0.0000E+00
   35.530   0.0000E+00
   35.540   0.0000E+00
   35.550   0.0000E+00
   35.560   0.0000E+00
   35.570   0.0000E+00
   35.580   0.0000E+00
   35.590   0.0000E+00
   35.600   0.0000E+00
   35.610   0.0000E+00
   35.620   0.0000E+00
   35.630   0.0000E+00
   35.640   0.0000E+00
   35.650   0.0000E+00
   35.660   0.0000E+00
   35.670   0.0000E+00
   35.680   0.0000E+00
   35.690   0.0000E+00
   35.700   0.0000E+00
   35.710   0.0000E+00
   35.720   0.0000E+00
   35.730   0.0000E+00
   35.740   0.0000E+00
   35.750   0.0000E+00
   35.760   0.0000E+00
   35.770   0.0000E+00
   35.780   0.0000E+00
   35.790   0.0000E+00
   35.800   0.0000E+00
   35.810   0.0000E+00
   35.820   0.0000E+00
   35.830   0.0000E+00
   35.840   0.0000E+00
   35.850   0.0000E+00
   35.860   0.0000E+00
   35.870   0.0000E+00
   35.880   0.0000E+00
   35.890   0.0000E+00
   35.900   0.0000E+00
   35.910   0.0000E+00
   35.920   0.0000E+00
   35.930   0.0000E+00
   35.940   0.0000E+00
   35.950   0.0000E+00
   35.960   0.0000E+00
   35.970   0.0000E+00
   35.980   0.0000E+00
   35.990   0.0000E+00
   36.000   0.0000E+00
   36.010   0.0000E+00
   36.020   0.0000E+00
   36.030   0.0000E+00
   36.040   0.0000E+00
   36.050   0.0000E+00
   36.060   0.0000E+00
   36.070   0.0000E+00
   36.080   0.0000E+00
   36.090   0.0000E+00
   36.100   0.0000E+00
   36.110   0.0000E+00
   36.120   0.0000E+00
   36.130   0.0000E+00
   36.140   0.0000E+00
   36.150   0.0000E+00
   36.160   0.0000E+00
   36.170   0.0000E+00
   36.180   0.0000E+00
   36.190   0.0000E+00
   36.200   0.0000E+00
   36.210   0.0000E+00
   36.220   0.0000E+00
   36.230   0.0000E+00
   36.240   0.0000E+00
   36.250   0.0000E+00
   36.260   0.0000E+00
   36.270   0.0000E+00
   36.280   0.0000E+00
   36.290   0.0000E+00
   36.300   0.0000E+00
   36.310   0.0000E+00
   36.320   0.0000E+00
   36.330   0.0000E+00
   36.340   0.0000E+00
   36.350   0.0000E+00
   36.360   0.0000E+00
   36.370   0.0000E+00
   36.380   0.0000E+00
   36.390   0.0000E+00
   36.400   0.0000E+00
   36.410   0.0000E+00
   36.420   0.0000E+00
   36.430   0.0000E+00
   36.440   0.0000E+00
   36.450   0.0000E+00
   36.460   0.0000E+00
   36.470   0.0000E+00
   36.480   0.0000E+00
   36.490   0.0000E+00
   36.500   0.0000E+00
   36.510   0.0000E+00
   36.520   0.0000E+00
   36.530   0.0000E+00
   36.540   0.0000E+00
   36.550   0.0000E+00
   36.560   0.0000E+00
   36.570   0.0000E+00
   36.580   0.0000E+00
   36.590   0.0000E+00
   36.600   0.0000E+00
   36.610   0.0000E+00
   36.620   0.0000E+00
   36.630   0.0000E+00
   36.640   0.0000E+00
   36.650   0.0000E+00
   36.660   0.0000E+00
   36.670   0.0000E+00
   36.680   0.0000E+00
   36.690   0.0000E+00
   36.700   0.0000E+00
   36.710   0.0000E+00
   36.720   0.0000E+00
   36.730   0.0000E+00
   36.740   0.0000E+00
   36.750   0.0000E+00
   36.760   0.0000E+00
   36.770   0.0000E+00
   36.780   0.0000E+00
   36.790   0.0000E+00
   36.800   0.0000E+00
   36.810   0.0000E+00
   36.820   0.0000E+00
   36.830   0.0000E+00
   36.840   0.0000E+00
   36.850   0.0000E+00
   36.860   0.0000E+00
   36.870   0.0000E+00
   36.880   0.0000E+00
   36.890   0.0000E+00
   36.900   0.0000E+00
   36.910   0.0000E+00
   36.920   0.0000E+00
   36.930   0.0000E+00
   36.940   0.0000E+00
   36.950   0.0000E+00
   36.960   0.0000E+00
   36.970   0.0000E+00
   36.980   0.0000E+00
   36.990   0.0000E+00
   37.000   0.0000E+00
   37.010   0.0000E+00
   37.020   0.0000E+00
   37.030   0.0000E+00
   37.040   0.0000E+00
   37.050   0.0000E+00
   37.060   0.0000E+00
   37.070   0.0000E+00
   37.080   0.0000E+00
   37.090   0.0000E+00
   37.100   0.0000E+00
   37.110   0.0000E+00
   37.120   0.0000E+00
   37.130   0.0000E+00
   37.140   0.0000E+00
   37.150   0.0000E+00
   37.160   0.0000E+00
   37.170   0.0000E+00
   37.180   0.0000E+00
   37.190   0.0000E+00
   37.200   0.0000E+00
   37.210   0.0000E+00
   37.220   0.0000E+00
   37.230   0.0000E+00
   37.240   0.0000E+00
   37.250   0.0000E+00
   37.260   0.0000E+00
   37.270   0.0000E+00
   37.280   0.0000E+00
   37.290   0.0000E+00
   37.300   0.0000E+00
   37.310   0.0000E+00
   37.320   0.0000E+00
   37.330   0.0000E+00
   37.340   0.0000E+00
   37.350   0.0000E+00
   37.360   0.0000E+00
   37.370   0.0000E+00
   37.380   0.0000E+00
   37.390   0.0000E+00
   37.400   0.0000E+00
   37.410   0.0000E+00
   37.420   0.0000E+00
   37.430   0.0000E+00
   37.440   0.0000E+00
   37.450   0.0000E+00
   37.460   0.0000E+00
   37.470   0.0000E+00
   37.480   0.0000E+00
   37.490   0.0000E+00
   37.500   0.0000E+00
   37.510   0.0000E+00
   37.520   0.0000E+00
   37.530   0.0000E+00
   37.540   0.0000E+00
   37.550   0.0000E+00
   37.560   0.0000E+00
   37.570   0.0000E+00
   37.580   0.0000E+00
   37.590   0.0000E+00
   37.600   0.0000E+00
   37.610   0.0000E+00
   37.620   0.0000E+00
   37.630   0.0000E+00
   37.640   0.0000E+00
   37.650   0.0000E+00
   37.660   0.0000E+00
   37.670   0.0000E+00
   37.680   0.0000E+00
   37.690   0.0000E+00
   37.700   0.0000E+00
   37.710   0.0000E+00
   37.720   0.0000E+00
   37.730   0.0000E+00
   37.740   0.0000E+00
   37.750   0.0000E+00
   37.760   0.0000E+00
   37.770   0.0000E+00
   37.780   0.0000E+00
   37.790   0.0000E+00
   37.800   0.0000E+00
   37.810   0.0000E+00
   37.820   0.0000E+00
   37.830   0.0000E+00
   37.840   0.0000E+00
   37.850   0.0000E+00
   37.860   0.0000E+00
   37.870   0.0000E+00
   37.880   0.0000E+00
   37.890   0.0000E+00
   37.900   0.0000E+00
   37.910   0.0000E+00
   37.920   0.0000E+00
   37.930   0.0000E+00
   37.940   0.0000E+00
   37.950   0.0000E+00
   37.960   0.0000E+00
   37.970   0.0000E+00
   37.980   0.0000E+00
   37.990   0.0000E+00
   38.000   0.0000E+00
   38.010   0.0000E+00
   38.020   0.0000E+00
   38.030   0.0000E+00
   38.040   0.0000E+00
   38.050   0.0000E+00
   38.060   0.0000E+00
   38.070   0.0000E+00
   38.080   0.0000E+00
   38.090   0.0000E+00
   38.100   0.0000E+00
   38.110   0.0000E+00
   38.120   0.0000E+00
   38.130   0.0000E+00
   38.140   0.0000E+00
   38.150   0.0000E+00
   38.160   0.0000E+00
   38.170   0.0000E+00
   38.180   0.0000E+00
   38.190   0.0000E+00
   38.200   0.0000E+00
   38.210   0.0000E+00
   38.220   0.0000E+00
   38.230   0.0000E+00
   38.240   0.0000E+00
   38.250   0.0000E+00
   38.260   0.0000E+00
   38.270   0.0000E+00
   38.280   0.0000E+00
   38.290   0.0000E+00
   38.300   0.0000E+00
   38.310   0.0000E+00
   38.320   0.0000E+00
   38.330   0.0000E+00
   38.340   0.0000E+00
   38.350   0.0000E+00
   38.360   0.0000E+00
   38.370   0.0000E+00
   38.380   0.0000E+00
   38.390   0.0000E+00
   38.400   0.0000E+00
   38.410   0.0000E+00
   38.420   0.0000E+00
   38.430   0.0000E+00
   38.440   0.0000E+00
   38.450   0.0000E+00
   38.460   0.0000E+00
   38.470   0.0000E+00
   38.480   0.0000E+00
   38.490   0.0000E+00
   38.500   0.0000E+00
   38.510   0.0000E+00
   38.520   0.0000E+00
   38.530   0.0000E+00
   38.540   0.0000E+00
   38.550   0.0000E+00
   38.560   0.0000E+00
   38.570   0.0000E+00
   38.580   0.0000E+00
   38.590   0.0000E+00
   38.600   0.0000E+00
   38.610   0.0000E+00
   38.620   0.0000E+00
   38.630   0.0000E+00
   38.640   0.0000E+00
   38.650   0.0000E+00
   38.660   0.0000E+00
   38.670   0.0000E+00
   38.680   0.0000E+00
   38.690   0.0000E+00
   38.700   0.0000E+00
   38.710   0.0000E+00
   38.720   0.0000E+00
   38.730   0.0000E+00
   38.740   0.0000E+00
   38.750   0.0000E+00
   38.760   0.0000E+00
   38.770   0.0000E+00
   38.780   0.0000E+00
   38.790   0.0000E+00
   38.800   0.0000E+00
   38.810   0.0000E+00
   38.820   0.0000E+00
   38.830   0.0000E+00
   38.840   0.0000E+00
   38.850   0.0000E+00
   38.860   0.0000E+00
   38.870   0.0000E+00
   38.880   0.0000E+00
   38.890   0.0000E+00
   38.900   0.0000E+00
   38.910   0.0000E+00
   38.920   0.0000E+00
   38.930   0.0000E+00
   38.940   0.0000E+00
   38.950   0.0000E+00
   38.960   0.0000E+00
   38.970   0.0000E+00
   38.980   0.0000E+00
   38.990   0.0000E+00
   39.000   0.0000E+00
   39.010   0.0000E+00
   39.020   0.0000E+00
   39.030   0.0000E+00
   39.040   0.0000E+00
   39.050   0.0000E+00
   39.060   0.0000E+00
   39.070   0.0000E+00
   39.080   0.0000E+00
   39.090   0.0000E+00
   39.100   0.0000E+00
   39.110   0.0000E+00
   39.120   0.0000E+00
   39.130   0.0000E+00
   39.140   0.0000E+00
   39.150   0.0000E+00
   39.160   0.0000E+00
   39.170   0.0000E+00
   39.180   0.0000E+00
   39.190   0.0000E+00
   39.200   0.0000E+00
   39.210   0.0000E+00
   39.220   0.0000E+00
   39.230   0.0000E+00
   39.240   0.0000E+00
   39.250   0.0000E+00
   39.260   0.0000E+00
   39.270   0.0000E+00
   39.280   0.0000E+00
   39.290   0.0000E+00
   39.300   0.0000E+00
   39.310   0.0000E+00
   39.320   0.0000E+00
   39.330   0.0000E+00
   39.340   0.0000E+00
   39.350   0.0000E+00
   39.360   0.0000E+00
   39.370   0.0000E+00
   39.380   0.0000E+00
   39.390   0.0000E+00
   39.400   0.0000E+00
   39.410   0.0000E+00
   39.420   0.0000E+00
   39.430   0.0000E+00
   39.440   0.0000E+00
   39.450   0.0000E+00
   39.460   0.0000E+00
   39.470   0.0000E+00
   39.480   0.0000E+00
   39.490   0.0000E+00
   39.500   0.0000E+00
   39.510   0.0000E+00
   39.520   0.0000E+00
   39.530   0.0000E+00
   39.540   0.0000E+00
   39.550   0.0000E+00
   39.560   0.0000E+00
   39.570   0.0000E+00
   39.580   0.0000E+00
   39.590   0.0000E+00
   39.600   0.0000E+00
   39.610   0.0000E+00
   39.620   0.0000E+00
   39.630   0.0000E+00
   39.640   0.0000E+00
   39.650   0.0000E+00
   39.660   0.0000E+00
   39.670   0.0000E+00
   39.680   0.0000E+00
   39.690   0.0000E+00
   39.700   0.0000E+00
   39.710   0.0000E+00
   39.720   0.0000E+00
   39.730   0.0000E+00
   39.740   0.0000E+00
   39.750   0.0000E+00
   39.760   0.0000E+00
   39.770   0.0000E+00
   39.780   0.0000E+00
   39.790   0.0000E+00
   39.800   0.0000E+00
   39.810   0.0000E+00
   39.820   0.0000E+00
   39.830   0.0000E+00
   39.840   0.0000E+00
   39.850   0.0000E+00
   39.860   0.0000E+00
   39.870   0.0000E+00
   39.880   0.0000E+00
   39.890   0.0000E+00
   39.900   0.0000E+00
   39.910   0.0000E+00
   39.920   0.0000E+00
   39.930   0.0000E+00
   39.940   0.0000E+00
   39.950   0.0000E+00
   39.960   0.0000E+00
   39.970   0.0000E+00
   39.980   0.0000E+00
   39.990   0.0000E+00
   40.000   0.0000E+00
   40.010   0.0000E+00
   40.020   0.0000E+00
   40.030   0.0000E+00
   40.040   0.0000E+00
   40.050   0.0000E+00
   40.060   0.0000E+00
   40.070   0.0000E+00
   40.080   0.0000E+00
   40.090   0.0000E+00
   40.100   0.0000E+00
   40.110   0.0000E+00
   40.120   0.0000E+00
   40.130   0.0000E+00
   40.140   0.0000E+00
   40.150   0.0000E+00
   40.160   0.0000E+00
   40.170   0.0000E+00
   40.180   0.0000E+00
   40.190   0.0000E+00
   40.200   0.0000E+00
   40.210   0.0000E+00
   40.220   0.0000E+00
   40.230   0.0000E+00
   40.240   0.0000E+00
   40.250   0.0000E+00
   40.260   0.0000E+00
   40.270   0.0000E+00
   40.280   0.0000E+00
   40.290   0.0000E+00
   40.300   0.0000E+00
   40.310   0.0000E+00
   40.320   0.0000E+00
   40.330   0.0000E+00
   40.340   0.0000E+00
   40.350   0.0000E+00
   40.360   0.0000E+00
   40.370   0.0000E+00
   40.380   0.0000E+00
   40.390   0.0000E+00
   40.400   0.0000E+00
   40.410   0.0000E+00
   40.420   0.0000E+00
   40.430   0.0000E+00
   40.440   0.0000E+00
   40.450   0.0000E+00
   40.460   0.0000E+00
   40.470   0.0000E+00
   40.480   0.0000E+00
   40.490   0.0000E+00
   40.500   0.0000E+00
   40.510   0.0000E+00
   40.520   0.0000E+00
   40.530   0.0000E+00
   40.540   0.0000E+00
   40.550   0.0000E+00
   40.560   0.0000E+00
   40.570   0.0000E+00
   40.580   0.0000E+00
   40.590   0.0000E+00
   40.600   0.0000E+00
   40.610   0.0000E+00
   40.620   0.0000E+00
   40.630   0.0000E+00
   40.640   0.0000E+00
   40.650   0.0000E+00
   40.660   0.0000E+00
   40.670   0.0000E+00
   40.680   0.0000E+00
   40.690   0.0000E+00
   40.700   0.0000E+00
   40.710   0.0000E+00
   40.720   0.0000E+00
   40.730   0.0000E+00
   40.740   0.0000E+00
   40.750   0.0000E+00
   40.760   0.0000E+00
   40.770   0.0000E+00
   40.780   0.0000E+00
   40.790   0.0000E+00
   40.800   0.0000E+00
   40.810   0.0000E+00
   40.820   0.0000E+00
   40.830   0.0000E+00
   40.840   0.0000E+00
   40.850   0.0000E+00
   40.860   0.0000E+00
   40.870   0.0000E+00
   40.880   0.0000E+00
   40.890   0.0000E+00
   40.900   0.0000E+00
   40.910   0.0000E+00
   40.920   0.0000E+00
   40.930   0.0000E+00
   40.940   0.0000E+00
   40.950   0.0000E+00
