  0.0000000000000000e+000                      Inf                      NaN                      Inf                      NaN
  5.0000000000000003e-002  2.1312755293512731e-002  5.3345461991574764e-002  2.1990526937175722e-002  6.5672060404825872e-002
  1.0000000000000001e-001  1.3176428856559425e-001  5.0002425092271721e-002  1.3711399970150928e-001  5.6664345378026171e-002
  1.5000000000000002e-001  3.5773760735967719e-001  5.5449847896593962e-002  3.6273443907097391e-001  6.4657645895175309e-002
  2.0000000000000001e-001  6.4075117633948309e-001  7.7793684087277368e-002  6.9532775750174081e-001  8.1613591201489810e-002
  2.5000000000000000e-001  8.7644651932368878e-001  5.9199018639919214e-002  9.4814937109449438e-001  6.1501550150563918e-002
  3.0000000000000004e-001  1.3480224725053518e+000  9.0347084879233500e-002  1.3758756034575601e+000  7.5356604385872522e-002
  3.5000000000000003e-001  2.4410995093541685e+000  1.2564386277959441e-001  2.5422711375328531e+000  9.1835275305744715e-002
  4.0000000000000002e-001  2.5322080156056668e+000  1.2745233936505265e-001  2.8976295650546531e+000  1.0429354528375114e-001
  4.5000000000000001e-001  2.3942474818873700e+000  1.2046647614981655e-001  2.7231785262686650e+000  8.5493232957396997e-002
  5.0000000000000000e-001  2.5666490197335579e+000  1.0609764734742369e-001  3.0362922675646260e+000  1.1716872245689568e-001
  5.5000000000000004e-001  2.8492256488771996e+000  9.4574613961430271e-002  3.2040137970019855e+000  1.0062891220084341e-001
  6.0000000000000009e-001  3.5062854218340509e+000  1.1208369461859433e-001  3.6843522918945824e+000  1.0171946721372138e-001
  6.5000000000000002e-001  4.3588510968483059e+000  9.7732705894887362e-002  4.4414157670290093e+000  1.2387154226154973e-001
  7.0000000000000007e-001  5.5689371493096065e+000  8.1959061620462570e-002  5.5898268846213277e+000  1.2441469785877422e-001
  7.5000000000000000e-001  6.5212561683522718e+000  7.5791963508964666e-002  6.7476269454055720e+000  1.2481744577141138e-001
  8.0000000000000004e-001  7.4663877354279773e+000  7.9296627610988768e-002  7.7370553350107407e+000  1.3428718381581495e-001
  8.5000000000000009e-001  8.7649344289065088e+000  1.1667559108685478e-001  9.1099910162426738e+000  1.3688528960985966e-001
  9.0000000000000002e-001  1.0611827956582880e+001  1.1739318882108569e-001  1.1346819276899273e+001  1.3048336306234171e-001
  9.5000000000000007e-001  1.1986879977074128e+001  1.2720909130950622e-001  1.3569929781649858e+001  1.4893411699989079e-001
  1.0000000000000000e+000  1.3373243488484379e+001  1.3501916141610174e-001  1.5287482854800805e+001  1.7567789186759170e-001
  1.0500000000000000e+000  1.4660979112421721e+001  1.4933140846098425e-001  1.6674313116316263e+001  2.0143339014722028e-001
  1.1000000000000001e+000  1.5732948715145051e+001  1.5762819348938886e-001  1.7631384145365782e+001  2.1869496346180256e-001
  1.1500000000000001e+000  1.6254653626112194e+001  1.6002159335476579e-001  1.8246390370729493e+001  2.1802607007518074e-001
  1.2000000000000002e+000  1.6743535133956826e+001  1.4400680936277871e-001  1.7985244694828975e+001  2.0716001239396600e-001
  1.2500000000000000e+000  1.6781329231202246e+001  1.3387757591564917e-001  1.7106458705755326e+001  1.9179230798358160e-001
  1.3000000000000000e+000  1.6069325059937139e+001  1.2513038224055531e-001  1.6494281467571177e+001  1.6838374987716534e-001
  1.3500000000000001e+000  1.5160411691266562e+001  1.1794987731537496e-001  1.6286445974853986e+001  1.4819202107908794e-001
  1.4000000000000001e+000  1.4327849605896807e+001  1.2154960184854759e-001  1.6124293807406843e+001  1.3443015874719180e-001
  1.4500000000000002e+000  1.3848995100094667e+001  1.3016417197568975e-001  1.6260289684919755e+001  1.1967186440082934e-001
  1.5000000000000000e+000  1.3770520417960245e+001  1.3763134120081144e-001  1.6509727969143569e+001  1.0747514420548480e-001
  1.5500000000000000e+000  1.3934156914070593e+001  1.4822552134819861e-001  1.6981247294832475e+001  1.0211685157417152e-001
  1.6000000000000001e+000  1.4292183500436959e+001  1.5593055614177195e-001  1.7438261114360618e+001  1.1029950775391711e-001
  1.6500000000000001e+000  1.4773267761038985e+001  1.5799341025175648e-001  1.7927662206414599e+001  1.2470833766839234e-001
  1.7000000000000002e+000  1.5143186231051747e+001  1.6524669186751784e-001  1.8551794602173118e+001  1.3331616144213554e-001
  1.7500000000000000e+000  1.5560695792724902e+001  1.6722124256360693e-001  1.9095523462632315e+001  1.4087675673460132e-001
  1.8000000000000000e+000  1.5937573089377866e+001  1.7060809084777026e-001  1.9469121437764965e+001  1.4784531528635919e-001
  1.8500000000000001e+000  1.6378163749897332e+001  1.7510224765929047e-001  1.9829628339006298e+001  1.5236486389229986e-001
  1.9000000000000001e+000  1.6665382209715073e+001  1.7811998750647165e-001  2.0125858028744133e+001  1.5593689566158611e-001
  1.9500000000000002e+000  1.6775729979595130e+001  1.8255696814832054e-001  2.0372749598087950e+001  1.6009496838332385e-001
  2.0000000000000000e+000  1.6793330410206423e+001  1.9021901177209299e-001  2.0623422941237806e+001  1.6284356916347970e-001
  2.0500000000000003e+000  1.7053105744112361e+001  1.9405215582527385e-001  2.0791086422937628e+001  1.6425496552223426e-001
  2.1000000000000001e+000  1.7523211800787525e+001  1.8877049192048428e-001  2.0789788132521096e+001  1.6406732676573024e-001
  2.1499999999999999e+000  1.7960245224618948e+001  1.8484883465796351e-001  2.0773712862382446e+001  1.6470497028972125e-001
  2.2000000000000002e+000  1.8197245567700190e+001  1.8407018839433964e-001  2.0799870632241994e+001  1.6618002999669165e-001
  2.2500000000000000e+000  1.8394536798331117e+001  1.8387204209166089e-001  2.0803900360489436e+001  1.6949006461566621e-001
  2.3000000000000003e+000  1.8502512997997446e+001  1.8503846365348453e-001  2.0740761770091513e+001  1.7554454174062681e-001
  2.3500000000000001e+000  1.8670460987324233e+001  1.8165280827634289e-001  2.0661807368121998e+001  1.7930332406967353e-001
  2.4000000000000004e+000  1.8795605930191023e+001  1.7758703909342061e-001  2.0590848482124635e+001  1.8175016872790947e-001
  2.4500000000000002e+000  1.8866738043618561e+001  1.7397614527436384e-001  2.0556358774601613e+001  1.8121242984776692e-001
  2.5000000000000000e+000  1.8896938193675975e+001  1.7086227006899579e-001  2.0686711086315260e+001  1.7931594034612200e-001
  2.5500000000000003e+000  1.8905931692489389e+001  1.6876206372641311e-001  2.0824445394349461e+001  1.7713448179654084e-001
  2.6000000000000001e+000  1.8930465116221299e+001  1.6643162507422671e-001  2.0881675097595792e+001  1.7633406925346315e-001
  2.6500000000000004e+000  1.9107423170919862e+001  1.6418813921156819e-001  2.0892098154011524e+001  1.7544972296367981e-001
  2.7000000000000002e+000  1.9348753789775056e+001  1.6132416912209979e-001  2.0896527316229680e+001  1.7183311378591867e-001
  2.7500000000000000e+000  1.9571123686719154e+001  1.5954797348478317e-001  2.0877909873290314e+001  1.6840227340600356e-001
  2.8000000000000003e+000  1.9756011828767562e+001  1.5827321387960824e-001  2.0896884866076981e+001  1.6440408406495277e-001
  2.8500000000000001e+000  1.9872055054805827e+001  1.5912138324026118e-001  2.0861468994814580e+001  1.6013165422638634e-001
  2.9000000000000004e+000  1.9965874244094142e+001  1.5986135880107535e-001  2.0750993412695220e+001  1.5681509391774121e-001
  2.9500000000000002e+000  2.0098744425368753e+001  1.6005868123691425e-001  2.0594220655716075e+001  1.5368574235072024e-001
  3.0000000000000000e+000  2.0248675651135834e+001  1.5911343571110037e-001  2.0474286931907262e+001  1.5146805557320955e-001
  3.0500000000000003e+000  2.0437912287026201e+001  1.5981954776928675e-001  2.0343827905226462e+001  1.5071610875350469e-001
  3.1000000000000001e+000  2.0658520728188630e+001  1.5890811816966888e-001  2.0182415715848965e+001  1.5201119953982517e-001
  3.1500000000000004e+000  2.0814033296085391e+001  1.5876520473934530e-001  2.0007616150780645e+001  1.5475925715217234e-001
  3.2000000000000002e+000  2.0919618845484056e+001  1.5902735173687571e-001  1.9941664088747970e+001  1.5674690256619744e-001
  3.2500000000000000e+000  2.1026163201576885e+001  1.5836704192860793e-001  1.9832159906484200e+001  1.5935142429062332e-001
  3.3000000000000003e+000  2.1086229997091575e+001  1.5830396239450170e-001  1.9707322666595104e+001  1.6159507413852911e-001
  3.3500000000000001e+000  2.1120824615388617e+001  1.5866383054326411e-001  1.9646574263729917e+001  1.6225221455850289e-001
  3.4000000000000004e+000  2.1118593255591648e+001  1.5893914851503038e-001  1.9549068289659413e+001  1.6274698704128801e-001
  3.4500000000000002e+000  2.1145105604639554e+001  1.5734642176235555e-001  1.9430097317592288e+001  1.6266845889589526e-001
  3.5000000000000000e+000  2.1179171063375399e+001  1.5690889859252993e-001  1.9274569390699352e+001  1.6280988777296276e-001
  3.5500000000000003e+000  2.1279451925363702e+001  1.5494639119543846e-001  1.9150296849750511e+001  1.6279952870397435e-001
  3.6000000000000001e+000  2.1336999501878633e+001  1.5330368743416098e-001  1.9059460015321019e+001  1.6195061433602417e-001
  3.6500000000000004e+000  2.1357490421459719e+001  1.5208832587080176e-001  1.8974624642960933e+001  1.5968318885607691e-001
  3.7000000000000002e+000  2.1337185264381414e+001  1.5137762661600807e-001  1.8860960378239049e+001  1.5730036651777732e-001
  3.7500000000000000e+000  2.1265279417046159e+001  1.5147240456221189e-001  1.8725056592603917e+001  1.5508031229910579e-001
  3.8000000000000003e+000  2.1154507075253640e+001  1.5238362588585891e-001  1.8591648895115757e+001  1.5370047539687687e-001
  3.8500000000000001e+000  2.1014216863248286e+001  1.5413386797075193e-001  1.8466617450079092e+001  1.5261876740143271e-001
  3.9000000000000004e+000  2.0857578457607001e+001  1.5593648278375452e-001  1.8399040282690997e+001  1.5064147159958916e-001
  3.9500000000000002e+000  2.0690295995822098e+001  1.5745852270500782e-001  1.8431793852841185e+001  1.4667472396031506e-001
  4.0000000000000000e+000  2.0567181852766371e+001  1.5764410585823591e-001  1.8444434741371317e+001  1.4297982167924889e-001
  4.0499999999999998e+000  2.0449816279294520e+001  1.5929787813774718e-001  1.8448821949201623e+001  1.3914749922348169e-001
  4.1000000000000005e+000  2.0429971966110433e+001  1.5966022063669583e-001  1.8446814024179332e+001  1.3572648620814726e-001
  4.1500000000000004e+000  2.0424471626600393e+001  1.6006787116845206e-001  1.8435123972352287e+001  1.3285966068609889e-001
  4.2000000000000002e+000  2.0462508234409519e+001  1.6165264149586275e-001  1.8409897679137771e+001  1.3037848012112727e-001
  4.2500000000000000e+000  2.0529411912946504e+001  1.6298388238242023e-001  1.8411224746128340e+001  1.2806603950298917e-001
  4.2999999999999998e+000  2.0566332024333054e+001  1.6466373988375477e-001  1.8440650009472357e+001  1.2572612848900447e-001
  4.3500000000000005e+000  2.0570277026288235e+001  1.6661080429884062e-001  1.8470374467782008e+001  1.2239045688811245e-001
  4.4000000000000004e+000  2.0549954343920511e+001  1.6852893863503454e-001  1.8496094270948333e+001  1.1925195068655269e-001
  4.4500000000000002e+000  2.0525906045249403e+001  1.7022252483711814e-001  1.8529554644961635e+001  1.1657067288453986e-001
  4.5000000000000000e+000  2.0488489352406457e+001  1.7169367960841556e-001  1.8579478347564557e+001  1.1384041986708643e-001
  4.5499999999999998e+000  2.0470960937272860e+001  1.7234315070024844e-001  1.8617470976444658e+001  1.1150510887375044e-001
  4.6000000000000005e+000  2.0434857485276030e+001  1.7318582762772475e-001  1.8671840236273781e+001  1.1009873044833859e-001
  4.6500000000000004e+000  2.0406912710619007e+001  1.7435203901645752e-001  1.8728240758285683e+001  1.0942741288958466e-001
  4.7000000000000002e+000  2.0385248936536385e+001  1.7612922959422828e-001  1.8763035266887041e+001  1.0906164867146763e-001
  4.7500000000000000e+000  2.0372839118103443e+001  1.7830563116632459e-001  1.8792656720100879e+001  1.0934692178400104e-001
  4.8000000000000007e+000  2.0409234104816900e+001  1.7905260595718173e-001  1.8805176244282340e+001  1.0999678369218824e-001
  4.8500000000000005e+000  2.0434258923397628e+001  1.7985908258784264e-001  1.8838626395097464e+001  1.0868127915948261e-001
  4.9000000000000004e+000  2.0438870915802966e+001  1.8065583981105424e-001  1.8870748484942570e+001  1.0727858914817337e-001
  4.9500000000000002e+000  2.0428680984727350e+001  1.8145793291318082e-001  1.8894982754147595e+001  1.0614033000431657e-001
  5.0000000000000000e+000  2.0403630340236266e+001  1.8222798471432380e-001  1.8910601773918344e+001  1.0524615890256653e-001
  5.0500000000000007e+000  2.0401446743164840e+001  1.8315106877201981e-001  1.8910018051201078e+001  1.0444886548501846e-001
  5.1000000000000005e+000  2.0418399448670396e+001  1.8391724598673992e-001  1.8894635325161222e+001  1.0375181723875752e-001
  5.1500000000000004e+000  2.0430886161602281e+001  1.8456224836920146e-001  1.8884401055949631e+001  1.0333220168984976e-001
  5.2000000000000002e+000  2.0446811399655271e+001  1.8538713724862524e-001  1.8871785170009534e+001  1.0290186948191167e-001
  5.2500000000000000e+000  2.0451188147182279e+001  1.8618937053463155e-001  1.8845050035825491e+001  1.0249269234069093e-001
  5.3000000000000007e+000  2.0451772842413035e+001  1.8697093822825059e-001  1.8810301185281990e+001  1.0220678268394492e-001
  5.3500000000000005e+000  2.0438861291568966e+001  1.8772810169659832e-001  1.8766146847379961e+001  1.0200303747861425e-001
  5.4000000000000004e+000  2.0417528655596627e+001  1.8846138408242874e-001  1.8728186932341707e+001  1.0170390480848364e-001
  5.4500000000000002e+000  2.0392527163657832e+001  1.8905545174458324e-001  1.8679105603711299e+001  1.0144763016057717e-001
  5.5000000000000000e+000  2.0359579834480655e+001  1.8953468292865439e-001  1.8618556004746850e+001  1.0123769292570776e-001
  5.5500000000000007e+000  2.0315290049317980e+001  1.8992185359722374e-001  1.8547399389218860e+001  1.0109217163310685e-001
  5.6000000000000005e+000  2.0259203505260494e+001  1.9020770607802548e-001  1.8466194025789832e+001  1.0100961054667440e-001
  5.6500000000000004e+000  2.0194676764198753e+001  1.9046327139375110e-001  1.8385546698467721e+001  1.0116799072960020e-001
  5.7000000000000002e+000  2.0120373119935337e+001  1.9065817160010048e-001  1.8331880852702174e+001  1.0164384033169606e-001
  5.7500000000000000e+000  2.0040921554778070e+001  1.9081436744092270e-001  1.8272253113492763e+001  1.0224885834591445e-001
  5.8000000000000007e+000  1.9956892570023712e+001  1.9092617127670791e-001  1.8204468564805705e+001  1.0297738526891581e-001
  5.8500000000000005e+000  1.9864171371888020e+001  1.9096018113905133e-001  1.8133174127027278e+001  1.0382020970368053e-001
  5.9000000000000004e+000  1.9782104625264921e+001  1.9110857110961943e-001  1.8077188063772478e+001  1.0478128152353249e-001
  5.9500000000000002e+000  1.9699188071139591e+001  1.9077990294743383e-001  1.8013887159039207e+001  1.0581689273876557e-001
  6.0000000000000000e+000  1.9608645817494644e+001  1.9041337806822134e-001  1.7943837961774573e+001  1.0690739454962243e-001
  6.0500000000000007e+000  1.9512183600572648e+001  1.9003785846504756e-001  1.7867374565791199e+001  1.0805885331696161e-001
  6.1000000000000005e+000  1.9416385991121491e+001  1.8976909400153580e-001  1.7816891747029487e+001  1.0946994205755491e-001
  6.1500000000000004e+000  1.9315879592436417e+001  1.8951463859562981e-001  1.7760650052366035e+001  1.1089167146355378e-001
  6.2000000000000002e+000  1.9211459129139055e+001  1.8928380407720910e-001  1.7699254876730713e+001  1.1232356502017556e-001
  6.2500000000000000e+000  1.9101387030303830e+001  1.8901770297232542e-001  1.7633241334428362e+001  1.1373629059159680e-001
  6.3000000000000007e+000  1.8985222888957949e+001  1.8870671652631940e-001  1.7574851644241956e+001  1.1462990907919422e-001
  6.3500000000000005e+000  1.8879451526793442e+001  1.8867083887663597e-001  1.7518117568475049e+001  1.1525156211445328e-001
  6.4000000000000004e+000  1.8792574406471079e+001  1.8878340034479629e-001  1.7463808057935765e+001  1.1554660069747366e-001
  6.4500000000000002e+000  1.8702504127992459e+001  1.8889168975418411e-001  1.7408389874162413e+001  1.1571460100574373e-001
  6.5000000000000000e+000  1.8608913799742314e+001  1.8898486297545863e-001  1.7348307602946118e+001  1.1592425607563327e-001
  6.5500000000000007e+000  1.8511940916349314e+001  1.8906053942331716e-001  1.7285849828722480e+001  1.1616909923453113e-001
  6.6000000000000005e+000  1.8411915334577284e+001  1.8912067456099124e-001  1.7226408168186644e+001  1.1641736374461166e-001
  6.6500000000000004e+000  1.8316233547096683e+001  1.8907721855866294e-001  1.7163395095606013e+001  1.1666311297996833e-001
  6.7000000000000002e+000  1.8220220156692903e+001  1.8899744750346176e-001  1.7113557851342424e+001  1.1660584972932908e-001
  6.7500000000000000e+000  1.8120052378015082e+001  1.8889742344939481e-001  1.7066400414240064e+001  1.1627433757658745e-001
  6.8000000000000007e+000  1.8025595903215351e+001  1.8843868490120014e-001  1.7014381987263821e+001  1.1598669329570070e-001
  6.8500000000000005e+000  1.7928825014172109e+001  1.8794330722629091e-001  1.6961328354778001e+001  1.1580215192502170e-001
  6.9000000000000004e+000  1.7845208655406047e+001  1.8727659193726851e-001  1.6909726744933785e+001  1.1575493099341912e-001
  6.9500000000000002e+000  1.7768610122016256e+001  1.8665558856656514e-001  1.6854183949183444e+001  1.1575410092117898e-001
  7.0000000000000000e+000  1.7697871891628523e+001  1.8605533544928596e-001  1.6799137082200488e+001  1.1576612335809974e-001
  7.0500000000000007e+000  1.7628252686220232e+001  1.8540322184305746e-001  1.6756509227169840e+001  1.1570983585662964e-001
  7.1000000000000005e+000  1.7561251691575873e+001  1.8490453625468470e-001  1.6710326947715647e+001  1.1568869303051599e-001
  7.1500000000000004e+000  1.7493649719558086e+001  1.8447182771923826e-001  1.6664751579907790e+001  1.1557819048934954e-001
  7.2000000000000002e+000  1.7423374060809742e+001  1.8404592235475642e-001  1.6618138339127810e+001  1.1544355231566353e-001
  7.2500000000000000e+000  1.7350582037998283e+001  1.8362301108792073e-001  1.6568882334205043e+001  1.1533936098828695e-001
  7.3000000000000007e+000  1.7275450790693721e+001  1.8320190699120792e-001  1.6518728216562014e+001  1.1526449518966005e-001
  7.3500000000000005e+000  1.7209054730909450e+001  1.8282357986460551e-001  1.6482326888981461e+001  1.1538628040665004e-001
  7.4000000000000004e+000  1.7150305492575580e+001  1.8270560031110289e-001  1.6446025202265094e+001  1.1553027486816102e-001
  7.4500000000000002e+000  1.7090332110421887e+001  1.8261641285719871e-001  1.6416294781147965e+001  1.1570614212621963e-001
  7.5000000000000000e+000  1.7028313739150256e+001  1.8252619556736141e-001  1.6383998894836076e+001  1.1587598783413475e-001
  7.5500000000000007e+000  1.6964263900053851e+001  1.8243548138747265e-001  1.6349306793033996e+001  1.1603809101405978e-001
  7.6000000000000005e+000  1.6899005202351166e+001  1.8230344711995081e-001  1.6312307950986746e+001  1.1619223500968194e-001
  7.6500000000000004e+000  1.6836079753842814e+001  1.8186686456691709e-001  1.6273204573614329e+001  1.1634315535971410e-001
  7.7000000000000002e+000  1.6774974586726895e+001  1.8147318570136325e-001  1.6231924974897364e+001  1.1649081194609891e-001
  7.7500000000000000e+000  1.6716807527716870e+001  1.8114584195901015e-001  1.6192142455631593e+001  1.1665481381777068e-001
  7.8000000000000007e+000  1.6657470857973557e+001  1.8081486099028962e-001  1.6152963132961002e+001  1.1681638934092579e-001
  7.8500000000000005e+000  1.6596930758613610e+001  1.8048055909062258e-001  1.6113071273715725e+001  1.1691324811249872e-001
  7.9000000000000004e+000  1.6535277637540560e+001  1.8014534301054572e-001  1.6071217785239387e+001  1.1703648526968333e-001
  7.9500000000000002e+000  1.6472497774951915e+001  1.7980671939936430e-001  1.6028014070093963e+001  1.1717223305766751e-001
  8.0000000000000000e+000  1.6417573128334794e+001  1.7963830773640008e-001  1.5985209575482658e+001  1.1726461235454590e-001
  8.0500000000000007e+000  1.6377691106171131e+001  1.7933253620365255e-001  1.5940778390091348e+001  1.1737794880058884e-001
  8.0999999999999996e+000  1.6337522006565056e+001  1.7901407446597886e-001  1.5894793703019703e+001  1.1751289198788621e-001
  8.1500000000000004e+000  1.6296650954079535e+001  1.7870381640050870e-001  1.5847260284204621e+001  1.1766724804583331e-001
  8.2000000000000011e+000  1.6254581897515092e+001  1.7839177858977784e-001  1.5798359498095754e+001  1.1784247458292496e-001
  8.2500000000000000e+000  1.6211351853247258e+001  1.7807670752318061e-001  1.5748105649711279e+001  1.1803781668898890e-001
  8.3000000000000007e+000  1.6167076506810137e+001  1.7776256219856298e-001  1.5696743560118636e+001  1.1825293396355967e-001
  8.3499999999999996e+000  1.6121807229912587e+001  1.7745154008559072e-001  1.5644613978168232e+001  1.1847087874048849e-001
  8.4000000000000004e+000  1.6075586695704516e+001  1.7714074765777321e-001  1.5591643501620077e+001  1.1869604520789862e-001
  8.4500000000000011e+000  1.6028827504261447e+001  1.7682688878122954e-001  1.5538526084424337e+001  1.1888226213942107e-001
  8.5000000000000000e+000  1.5983007523523192e+001  1.7649099698578094e-001  1.5484554406993812e+001  1.1907730974053175e-001
  8.5500000000000007e+000  1.5936378390309498e+001  1.7616153207034249e-001  1.5430487925941961e+001  1.1926030136461271e-001
  8.5999999999999996e+000  1.5888970425655200e+001  1.7583632103807131e-001  1.5388876489281939e+001  1.1916244681698150e-001
  8.6500000000000004e+000  1.5840787826456936e+001  1.7551766093966062e-001  1.5347115131017443e+001  1.1907308388659830e-001
  8.7000000000000011e+000  1.5800487811002482e+001  1.7513485803988346e-001  1.5306463128015082e+001  1.1904747775441846e-001
  8.7500000000000000e+000  1.5767391945988175e+001  1.7474397981709897e-001  1.5267428871040764e+001  1.1910168942842708e-001
  8.8000000000000007e+000  1.5733686948621214e+001  1.7435915562330734e-001  1.5227754679601309e+001  1.1917134687042999e-001
  8.8499999999999996e+000  1.5699374321094863e+001  1.7398044238047522e-001  1.5187525401866187e+001  1.1925404704473747e-001
  8.9000000000000004e+000  1.5664472600245141e+001  1.7360479683905050e-001  1.5146797655547804e+001  1.1935081560964518e-001
  8.9500000000000011e+000  1.5629047129754582e+001  1.7323154203048596e-001  1.5105576378415899e+001  1.1946385496887141e-001
  9.0000000000000000e+000  1.5593036892117674e+001  1.7286190281465746e-001  1.5067162303616906e+001  1.1950142598173656e-001
  9.0500000000000007e+000  1.5556535049893323e+001  1.7249667094598695e-001  1.5033371028201113e+001  1.1941295677522473e-001
  9.0999999999999996e+000  1.5519605747608217e+001  1.7213567554426501e-001  1.5001333576658352e+001  1.1937521899159188e-001
  9.1500000000000004e+000  1.5482196220482223e+001  1.7177861094032876e-001  1.4970923237090773e+001  1.1937271402473783e-001
  9.2000000000000011e+000  1.5444377477018779e+001  1.7142518751957819e-001  1.4943446085717417e+001  1.1935939274871768e-001
  9.2500000000000000e+000  1.5406233522526019e+001  1.7107548040605219e-001  1.4915534784349706e+001  1.1935817383688521e-001
  9.3000000000000007e+000  1.5367800298355888e+001  1.7073166265874209e-001  1.4887163839459619e+001  1.1936892857704597e-001
  9.3499999999999996e+000  1.5329026128570213e+001  1.7039301007175767e-001  1.4858364561125068e+001  1.1939092087216446e-001
  9.4000000000000004e+000  1.5292519816599670e+001  1.7001602989476455e-001  1.4829184900298817e+001  1.1942230857263772e-001
  9.4500000000000011e+000  1.5257355013564815e+001  1.6961734628269265e-001  1.4801755394880756e+001  1.1946549963146175e-001
  9.5000000000000000e+000  1.5221907709896701e+001  1.6922329038951328e-001  1.4774562739979661e+001  1.1951972106709037e-001
  9.5500000000000007e+000  1.5186200080596990e+001  1.6883397706175154e-001  1.4746925776914177e+001  1.1958516271953429e-001
  9.6000000000000014e+000  1.5150254953596962e+001  1.6844951554811108e-001  1.4718946795836777e+001  1.1966215944831742e-001
  9.6500000000000004e+000  1.5114928003623515e+001  1.6807677525256143e-001  1.4692933503413990e+001  1.1967686838976321e-001
  9.7000000000000011e+000  1.5079544976195313e+001  1.6771036178308776e-001  1.4667020766407605e+001  1.1969180195679256e-001
  9.7500000000000000e+000  1.5044001435687333e+001  1.6734909745322710e-001  1.4640553592844016e+001  1.1972550758557413e-001
  9.8000000000000007e+000  1.5008297653622522e+001  1.6699388536054299e-001  1.4613589733018719e+001  1.1977796258561482e-001
  9.8500000000000014e+000  1.4972867114694020e+001  1.6665322231419188e-001  1.4586148455717961e+001  1.1984792970442504e-001
  9.9000000000000004e+000  1.4937980586993106e+001  1.6633194232095766e-001  1.4558327425937890e+001  1.1993137767693073e-001
  9.9500000000000011e+000  1.4903505460082030e+001  1.6602187176569005e-001  1.4530056536070614e+001  1.2003152592516862e-001
  1.0000000000000000e+001  1.4869394139960011e+001  1.6571858992482458e-001  1.4506031651665822e+001  1.1983476943426262e-001
  1.0049999999999999e+001  1.4835152614608823e+001  1.6541935025523224e-001  1.4482950958413529e+001  1.1956274465965004e-001
  1.0100000000000000e+001  1.4800776846576184e+001  1.6512381511008897e-001  1.4459563268461082e+001  1.1930002761814235e-001
  1.0149999999999999e+001  1.4766319473651512e+001  1.6483214807874150e-001  1.4436827383071712e+001  1.1897927785911314e-001
  1.0199999999999999e+001  1.4731783014939682e+001  1.6454449106489188e-001  1.4414959903044911e+001  1.1864171356968091e-001
  1.0250000000000000e+001  1.4697200276333016e+001  1.6426094658007914e-001  1.4393660315576057e+001  1.1830758950612975e-001
  1.0299999999999999e+001  1.4662523713651145e+001  1.6398112776870541e-001  1.4373043444459020e+001  1.1800132271141037e-001
  1.0350000000000000e+001  1.4627816831310591e+001  1.6370522225913986e-001  1.4354639443199339e+001  1.1775634440807096e-001
  1.0399999999999999e+001  1.4593071486794356e+001  1.6343327296099061e-001  1.4335901710837462e+001  1.1751580389204450e-001
  1.0449999999999999e+001  1.4558292134070994e+001  1.6316621133302167e-001  1.4316825810290643e+001  1.1728008352293923e-001
  1.0500000000000000e+001  1.4526573755722755e+001  1.6291120407207429e-001  1.4297479714321964e+001  1.1704664302565534e-001
  1.0549999999999999e+001  1.4496638995474607e+001  1.6265036540515540e-001  1.4278231866889421e+001  1.1679036719734034e-001
  1.0600000000000000e+001  1.4468081089139325e+001  1.6237426863518367e-001  1.4258714273584024e+001  1.1653918316877886e-001
  1.0650000000000000e+001  1.4439405135127865e+001  1.6210525288573915e-001  1.4238973609692447e+001  1.1629233657993077e-001
  1.0699999999999999e+001  1.4410617911033789e+001  1.6184331826259771e-001  1.4218989484361098e+001  1.1604975031475250e-001
  1.0750000000000000e+001  1.4381710321111159e+001  1.6158807269160883e-001  1.4200468302370789e+001  1.1585051502433615e-001
  1.0799999999999999e+001  1.4352694120230151e+001  1.6133943477794394e-001  1.4182614121042697e+001  1.1567741565967841e-001
  1.0850000000000000e+001  1.4323597292726198e+001  1.6109789425399468e-001  1.4164548883746235e+001  1.1551047530123286e-001
  1.0900000000000000e+001  1.4299404731540394e+001  1.6091832991360208e-001  1.4146283470872783e+001  1.1534961175066767e-001
  1.0949999999999999e+001  1.4276778313032500e+001  1.6076018453192276e-001  1.4127828424262040e+001  1.1519474353605771e-001
  1.1000000000000000e+001  1.4254053379949484e+001  1.6060467033119258e-001  1.4109213363096337e+001  1.1504625005857923e-001
  1.1049999999999999e+001  1.4231231060598635e+001  1.6045163865680007e-001  1.4090441772422951e+001  1.1490396658625089e-001
  1.1100000000000000e+001  1.4208324847193865e+001  1.6030099959492583e-001  1.4071542421501809e+001  1.1476667769047703e-001
  1.1150000000000000e+001  1.4185387133014750e+001  1.6015351063118016e-001  1.4052501761049859e+001  1.1463457558234419e-001
  1.1199999999999999e+001  1.4162378923594453e+001  1.6000829163193514e-001  1.4033342025821364e+001  1.1450731001042841e-001
  1.1250000000000000e+001  1.4139304052877787e+001  1.5986507121503093e-001  1.4014052268728646e+001  1.1438555161391246e-001
  1.1299999999999999e+001  1.4116192275986236e+001  1.5972393939731006e-001  1.3994651846117463e+001  1.1426949193336257e-001
  1.1350000000000000e+001  1.4095549476448682e+001  1.5958637075206403e-001  1.3975146790627608e+001  1.1415896305651546e-001
  1.1400000000000000e+001  1.4075201894604055e+001  1.5944985512578977e-001  1.3955533593467960e+001  1.1405377179206014e-001
  1.1449999999999999e+001  1.4054756804680993e+001  1.5931401417020152e-001  1.3935817008280356e+001  1.1395381725481209e-001
  1.1500000000000000e+001  1.4034222899420660e+001  1.5917882620482957e-001  1.3916004459852150e+001  1.1385902473751112e-001
  1.1549999999999999e+001  1.4013618540702907e+001  1.5904430817887347e-001  1.3896103129479632e+001  1.1376932038691673e-001
  1.1600000000000000e+001  1.3992944647756181e+001  1.5891029681007349e-001  1.3876149615223895e+001  1.1368402839853264e-001
  1.1650000000000000e+001  1.3972219150686213e+001  1.5877700289843660e-001  1.3856136575312227e+001  1.1360385076847783e-001
  1.1699999999999999e+001  1.3951429822046080e+001  1.5864429814456441e-001  1.3837678350069204e+001  1.1349792504201350e-001
  1.1750000000000000e+001  1.3930585290862789e+001  1.5851212804489076e-001  1.3819802404587904e+001  1.1338468633099703e-001
  1.1799999999999999e+001  1.3909699239731015e+001  1.5838044298883328e-001  1.3801863853544235e+001  1.1327635028283964e-001
  1.1850000000000000e+001  1.3888774214836976e+001  1.5824939472904864e-001  1.3784545456342038e+001  1.1316384593326115e-001
  1.1900000000000000e+001  1.3867813272360644e+001  1.5811896215892740e-001  1.3768694689399611e+001  1.1303558896133314e-001
  1.1949999999999999e+001  1.3846828134126209e+001  1.5798919137264894e-001  1.3752801938520133e+001  1.1291151378644798e-001
  1.2000000000000000e+001  1.3825834162927206e+001  1.5786046128229284e-001  1.3736878333548683e+001  1.1279164556215947e-001
  1.2050000000000001e+001  1.3804836483573524e+001  1.5773280362912179e-001  1.3720932807087006e+001  1.1267603484974868e-001
  1.2100000000000000e+001  1.3783842838425128e+001  1.5760599475291923e-001  1.3704965998723381e+001  1.1256472908166344e-001
  1.2149999999999999e+001  1.3762832577312077e+001  1.5747997262304303e-001  1.3688980925756120e+001  1.1245764869720559e-001
  1.2199999999999999e+001  1.3742925401147083e+001  1.5736236552203614e-001  1.3672993902299069e+001  1.1235398582070788e-001
  1.2250000000000000e+001  1.3723620281440759e+001  1.5724952707688641e-001  1.3657038579187198e+001  1.1225482042729858e-001
  1.2300000000000001e+001  1.3704297451582152e+001  1.5713723899785123e-001  1.3641096953120279e+001  1.1215988683097319e-001
  1.2350000000000000e+001  1.3684964950108395e+001  1.5702552636919781e-001  1.3625143565295048e+001  1.1206868219151883e-001
  1.2399999999999999e+001  1.3665620823753674e+001  1.5691438581550801e-001  1.3609187301060572e+001  1.1198105586750702e-001
  1.2449999999999999e+001  1.3646268295040411e+001  1.5680383146061128e-001  1.3593225092984907e+001  1.1189707101716913e-001
  1.2500000000000000e+001  1.3626910470913385e+001  1.5669387844611901e-001  1.3577268024511877e+001  1.1181680873183700e-001
  1.2550000000000001e+001  1.3607552296164631e+001  1.5658455781824232e-001  1.3561316242866525e+001  1.1174017280181203e-001
  1.2600000000000000e+001  1.3588201085579772e+001  1.5647592173334657e-001  1.3545367610368503e+001  1.1166703072377859e-001
  1.2649999999999999e+001  1.3568854583730694e+001  1.5636794014747779e-001  1.3529425017930821e+001  1.1159733525200198e-001
  1.2699999999999999e+001  1.3549800507898086e+001  1.5626094380666047e-001  1.3513491251634910e+001  1.1153103972231239e-001
  1.2750000000000000e+001  1.3531507872293012e+001  1.5615556623001431e-001  1.3498546491336679e+001  1.1144174390835085e-001
  1.2800000000000001e+001  1.3513212208426184e+001  1.5605104326616587e-001  1.3484056297337535e+001  1.1134358567915136e-001
  1.2850000000000000e+001  1.3494910922277786e+001  1.5594738429870764e-001  1.3469597695447309e+001  1.1124796834572648e-001
  1.2899999999999999e+001  1.3476606734215093e+001  1.5584460534546243e-001  1.3455172292573888e+001  1.1115485692929573e-001
  1.2949999999999999e+001  1.3458309131249226e+001  1.5574275648986052e-001  1.3440794040188287e+001  1.1106360464277165e-001
  1.3000000000000000e+001  1.3440015364472496e+001  1.5564182950819658e-001  1.3426452876804056e+001  1.1097475093399313e-001
  1.3050000000000001e+001  1.3421726124866916e+001  1.5554183329940596e-001  1.3412149170433807e+001  1.1088831367858487e-001
  1.3100000000000000e+001  1.3403443771182941e+001  1.5544278561225280e-001  1.3397884280770256e+001  1.1080425911678136e-001
  1.3149999999999999e+001  1.3385181672618515e+001  1.5534490169496215e-001  1.3383659509759472e+001  1.1072255389912397e-001
  1.3199999999999999e+001  1.3366942502020432e+001  1.5524825799282968e-001  1.3369480504817446e+001  1.1064307892440726e-001
  1.3250000000000000e+001  1.3348718949329275e+001  1.5515270812477383e-001  1.3355347904394598e+001  1.1056581259322734e-001
  1.3300000000000001e+001  1.3330510388022525e+001  1.5505816913737719e-001  1.3343167287667747e+001  1.1045268891699775e-001
  1.3350000000000000e+001  1.3312318793588609e+001  1.5496465973821902e-001  1.3331302691355379e+001  1.1033544057434232e-001
  1.3399999999999999e+001  1.3294146069765381e+001  1.5487219869134564e-001  1.3319433091169561e+001  1.1022168892381121e-001
  1.3449999999999999e+001  1.3275994050830619e+001  1.5478080477822589e-001  1.3307554585902858e+001  1.1011160845537882e-001
  1.3500000000000000e+001  1.3257864503813583e+001  1.5469049676061664e-001  1.3295668539426341e+001  1.1000518752764195e-001
  1.3550000000000001e+001  1.3239759130644201e+001  1.5460129334631373e-001  1.3283777048397162e+001  1.0990235548725019e-001
  1.3600000000000000e+001  1.3221679570161292e+001  1.5451321315616015e-001  1.3273782603107239e+001  1.0987712334764173e-001
  1.3649999999999999e+001  1.3203627400267173e+001  1.5442627469497458e-001  1.3264576986117344e+001  1.0988630612978624e-001
  1.3699999999999999e+001  1.3185604139776842e+001  1.5434049632237512e-001  1.3255363160461851e+001  1.0989875077631896e-001
  1.3750000000000000e+001  1.3167611250299665e+001  1.5425589622672761e-001  1.3246144014300427e+001  1.0991444176265258e-001
  1.3800000000000001e+001  1.3149650138076190e+001  1.5417249240049338e-001  1.3237597311487336e+001  1.0991416894433750e-001
  1.3850000000000000e+001  1.3131722155758846e+001  1.5409030261747655e-001  1.3230820976608683e+001  1.0986701106366062e-001
  1.3899999999999999e+001  1.3113828604078599e+001  1.5400934441148162e-001  1.3224019504937843e+001  1.0982284766124913e-001
  1.3949999999999999e+001  1.3095970733498740e+001  1.5392963505638743e-001  1.3217194699793900e+001  1.0978161627184245e-001
  1.4000000000000000e+001  1.3078149745897774e+001  1.5385119154851215e-001  1.3210351103468415e+001  1.0974336900570003e-001
  1.4050000000000001e+001  1.3060366795874980e+001  1.5377403058850903e-001  1.3203490139355043e+001  1.0970803372224026e-001
  1.4100000000000000e+001  1.3042622992647056e+001  1.5369816856769111e-001  1.3196610833492000e+001  1.0967544448099729e-001
  1.4149999999999999e+001  1.3026520323278000e+001  1.5367960285164356e-001  1.3189714781086030e+001  1.0964554305359457e-001
  1.4199999999999999e+001  1.3010785368002738e+001  1.5367380816955617e-001  1.3182803528361289e+001  1.0961827222991301e-001
  1.4250000000000000e+001  1.2995077769547281e+001  1.5366880411773251e-001  1.3175878573748401e+001  1.0959357580857756e-001
  1.4300000000000001e+001  1.2979398500177652e+001  1.5366460893247327e-001  1.3168941369201026e+001  1.0957139858754854e-001
  1.4350000000000000e+001  1.2963748496498487e+001  1.5366124052142593e-001  1.3161993321432210e+001  1.0955168635461528e-001
  1.4399999999999999e+001  1.2948310716963661e+001  1.5366093063526218e-001  1.3155035793132663e+001  1.0953438587691379e-001
  1.4449999999999999e+001  1.2932999218960957e+001  1.5366261455738339e-001  1.3148070104175243e+001  1.0951944489053758e-001
  1.4500000000000000e+001  1.2917718264620076e+001  1.5366522998635224e-001  1.3141102884162375e+001  1.0950676265861582e-001
  1.4550000000000001e+001  1.2902468284168103e+001  1.5366877424246267e-001  1.3135556494321746e+001  1.0946986201706292e-001
  1.4600000000000000e+001  1.2887373943901910e+001  1.5367162596177050e-001  1.3130240085875934e+001  1.0943051429723556e-001
  1.4649999999999999e+001  1.2874635744959569e+001  1.5364748226229466e-001  1.3124910935400308e+001  1.0939318173620573e-001
  1.4699999999999999e+001  1.2861918274671316e+001  1.5362435189725934e-001  1.3119570199345185e+001  1.0935782270998026e-001
  1.4750000000000000e+001  1.2849222275430792e+001  1.5360224867623037e-001  1.3114218998886999e+001  1.0932439638090409e-001
  1.4800000000000001e+001  1.2836551313905826e+001  1.5358123838343490e-001  1.3108858420833890e+001  1.0929286268640116e-001
  1.4850000000000000e+001  1.2823912074770172e+001  1.5356144321046880e-001  1.3103489518574598e+001  1.0926318232765508e-001
  1.4899999999999999e+001  1.2811296194678876e+001  1.5354270929841873e-001  1.3098118417984452e+001  1.0923538459930578e-001
  1.4949999999999999e+001  1.2798704319363097e+001  1.5352504889804169e-001  1.3092741440578154e+001  1.0920936797611833e-001
  1.5000000000000000e+001  1.2786137071184633e+001  1.5350847386041527e-001  1.3087359013022542e+001  1.0918508826293351e-001
  1.5050000000000001e+001  1.2773595050101081e+001  1.5349299563576713e-001  1.3081977915594759e+001  1.0916243366778404e-001
  1.5100000000000000e+001  1.2761078834074734e+001  1.5347862527221129e-001  1.3076629903279454e+001  1.0914109288644880e-001
  1.5149999999999999e+001  1.2748588979884973e+001  1.5346537341503430e-001  1.3072332967473386e+001  1.0910985805339289e-001
  1.5199999999999999e+001  1.2736126023552522e+001  1.5345325030663273e-001  1.3068096594931740e+001  1.0907820827311637e-001
  1.5250000000000000e+001  1.2723690481332067e+001  1.5344226578714348e-001  1.3063849414320448e+001  1.0904848354743985e-001
  1.5300000000000001e+001  1.2711282849865798e+001  1.5343242929460651e-001  1.3059589307015290e+001  1.0902071789688562e-001
  1.5350000000000000e+001  1.2698903607038435e+001  1.5342374986665866e-001  1.3055316958717146e+001  1.0899487445884885e-001
  1.5399999999999999e+001  1.2687680737717166e+001  1.5338837097557748e-001  1.3051035613930690e+001  1.0897085899746332e-001
  1.5449999999999999e+001  1.2676675045847269e+001  1.5334957482487827e-001  1.3046754268487369e+001  1.0894831032714743e-001
  1.5500000000000000e+001  1.2665698060644672e+001  1.5331204218539585e-001  1.3042463213842783e+001  1.0892757200062822e-001
  1.5550000000000001e+001  1.2654750107177627e+001  1.5327578317486537e-001  1.3038163294127786e+001  1.0890860619854838e-001
  1.5600000000000000e+001  1.2643831496153563e+001  1.5324080744825400e-001  1.3033855328527995e+001  1.0889137583243395e-001
  1.5649999999999999e+001  1.2632942524111328e+001  1.5320712420110338e-001  1.3029540111826062e+001  1.0887584453207319e-001
  1.5699999999999999e+001  1.2622083474187528e+001  1.5317474217495325e-001  1.3025218415179445e+001  1.0886197663362551e-001
  1.5750000000000000e+001  1.2611254616208287e+001  1.5314366966065202e-001  1.3020890986596424e+001  1.0884973716736643e-001
  1.5800000000000001e+001  1.2600456207378040e+001  1.5311391450422140e-001  1.3016558551664634e+001  1.0883909184573895e-001
  1.5850000000000000e+001  1.2589690495765019e+001  1.5308548815222325e-001  1.3012221814076524e+001  1.0883000705140021e-001
  1.5899999999999999e+001  1.2578957082773179e+001  1.5305839637634402e-001  1.3007881456240618e+001  1.0882244982562274e-001
  1.5949999999999999e+001  1.2568254781996655e+001  1.5303264290537247e-001  1.3003588461469608e+001  1.0881499748000613e-001
  1.6000000000000000e+001  1.2557583803824739e+001  1.5300823386553378e-001  1.2999582135906532e+001  1.0880091003803391e-001
  1.6050000000000001e+001  1.2546944347809221e+001  1.5298517496376893e-001  1.2995581190834786e+001  1.0878807952642676e-001
  1.6100000000000001e+001  1.2536336602961079e+001  1.5296347149358352e-001  1.2991585906539466e+001  1.0877648427460875e-001
  1.6149999999999999e+001  1.2525760748258644e+001  1.5294312834128262e-001  1.2987596676629959e+001  1.0876610060515479e-001
  1.6199999999999999e+001  1.2515216952704062e+001  1.5292414999117507e-001  1.2983613880600490e+001  1.0875690528856857e-001
  1.6250000000000000e+001  1.2504705375917485e+001  1.5290654053241501e-001  1.2979637884357462e+001  1.0874887553491307e-001
  1.6300000000000001e+001  1.2494226168198644e+001  1.5289030366452722e-001  1.2975669040508333e+001  1.0874198898481691e-001
  1.6350000000000001e+001  1.2483779470962602e+001  1.5287544270377615e-001  1.2971707688802280e+001  1.0873622370144920e-001
  1.6399999999999999e+001  1.2473365416973543e+001  1.5286196058971166e-001  1.2967754156480883e+001  1.0873155816185426e-001
  1.6449999999999999e+001  1.2462984130578942e+001  1.5284985989096261e-001  1.2963808758627081e+001  1.0872797124913827e-001
  1.6500000000000000e+001  1.2452635728046211e+001  1.5283914281201566e-001  1.2959871798537282e+001  1.0872544224423500e-001
  1.6550000000000001e+001  1.2444277109200371e+001  1.5263945905195320e-001  1.2955943568085733e+001  1.0872395081811370e-001
  1.6600000000000001e+001  1.2436601166069810e+001  1.5237756175608580e-001  1.2952024347997344e+001  1.0872347702417130e-001
  1.6649999999999999e+001  1.2428955965081528e+001  1.5211682563972209e-001  1.2948114408196544e+001  1.0872400129068197e-001
  1.6699999999999999e+001  1.2421341395376956e+001  1.5185727570406340e-001  1.2944214008128782e+001  1.0872550441330295e-001
  1.6750000000000000e+001  1.2415087450659019e+001  1.5161847291705813e-001  1.2940323397077155e+001  1.0872796754770087e-001
  1.6800000000000001e+001  1.2409643216075342e+001  1.5139222678733452e-001  1.2936442814439889e+001  1.0873137220279215e-001
  1.6850000000000001e+001  1.2404219618638193e+001  1.5116694236242620e-001  1.2932572490015104e+001  1.0873570023326683e-001
  1.6899999999999999e+001  1.2398816585813890e+001  1.5094264102168148e-001  1.2928712644264859e+001  1.0874093383310635e-001
  1.6949999999999999e+001  1.2393434044329203e+001  1.5071934346576948e-001  1.2924863488659327e+001  1.0874705552871555e-001
  1.7000000000000000e+001  1.2388071920124789e+001  1.5049706972413573e-001  1.2921025225853343e+001  1.0875404817220899e-001
  1.7050000000000001e+001  1.2382730138548599e+001  1.5027583917258938e-001  1.2917198050038529e+001  1.0876189493508262e-001
  1.7100000000000001e+001  1.2377410931757654e+001  1.5005569231454705e-001  1.2913382147097607e+001  1.0877057930188855e-001
  1.7149999999999999e+001  1.2372114967275101e+001  1.4983665454223807e-001  1.2909577694887476e+001  1.0878008506398329e-001
  1.7199999999999999e+001  1.2366839057434063e+001  1.4961871407913349e-001  1.2905784863514207e+001  1.0879039631324321e-001
  1.7250000000000000e+001  1.2361583126406012e+001  1.4940188779485059e-001  1.2902003815529557e+001  1.0880149743633906e-001
  1.7300000000000001e+001  1.2356347097921171e+001  1.4918619196021785e-001  1.2898234706133014e+001  1.0881337310880938e-001
  1.7350000000000001e+001  1.2351130895385525e+001  1.4897164226122098e-001  1.2894477683432353e+001  1.0882600828923576e-001
  1.7399999999999999e+001  1.2345934441877091e+001  1.4875825380851759e-001  1.2890732888630502e+001  1.0883938821368891e-001
  1.7449999999999999e+001  1.2340757660191791e+001  1.4854604114903536e-001  1.2887000456224257e+001  1.0885349839034739e-001
  1.7500000000000000e+001  1.2335600472916310e+001  1.4833501827784307e-001  1.2883280514238383e+001  1.0886832459368057e-001
  1.7550000000000001e+001  1.2330462802492095e+001  1.4812519865043908e-001  1.2879573184436289e+001  1.0888385285942058e-001
  1.7600000000000001e+001  1.2325344571085349e+001  1.4791659518667599e-001  1.2875878582378879e+001  1.0890006947969411e-001
  1.7649999999999999e+001  1.2320249573717184e+001  1.4770924155258691e-001  1.2872196817802557e+001  1.0891696099732695e-001
  1.7699999999999999e+001  1.2315174490621850e+001  1.4750313055493139e-001  1.2868527994635837e+001  1.0893451420116956e-001
  1.7750000000000000e+001  1.2310118550724656e+001  1.4729826969706314e-001  1.2864872211277321e+001  1.0895271612130190e-001
  1.7800000000000001e+001  1.2305081676795627e+001  1.4709466990626310e-001  1.2861229560664638e+001  1.0897155402431061e-001
  1.7850000000000001e+001  1.2300063791716610e+001  1.4689234163527204e-001  1.2857600130600002e+001  1.0899101540803662e-001
  1.7899999999999999e+001  1.2295064818203324e+001  1.4669129486104029e-001  1.2853984003688085e+001  1.0901108799784831e-001
  1.7949999999999999e+001  1.2290084679146943e+001  1.4649153910628551e-001  1.2850381257720121e+001  1.0903175974139653e-001
  1.8000000000000000e+001  1.2285123297386988e+001  1.4629308343997982e-001  1.2846791965649633e+001  1.0905301880482421e-001
  1.8050000000000001e+001  1.2280180595851151e+001  1.4609593649100655e-001  1.2843216195815206e+001  1.0907485356802121e-001
  1.8100000000000001e+001  1.2275256497602534e+001  1.4590010645847493e-001  1.2839654012117142e+001  1.0909725262049710e-001
  1.8149999999999999e+001  1.2270350925765122e+001  1.4570560111798136e-001  1.2836107211480964e+001  1.0912017465441719e-001
  1.8199999999999999e+001  1.2265464171426984e+001  1.4551243369570002e-001  1.2832577261249471e+001  1.0914358485791632e-001
  1.8250000000000000e+001  1.2260600663272253e+001  1.4532066045584918e-001  1.2829061018748881e+001  1.0916752806302102e-001
  1.8300000000000001e+001  1.2256509313579151e+001  1.4506290862301932e-001  1.2825558531795776e+001  1.0919199362801450e-001
  1.8350000000000001e+001  1.2252836668520050e+001  1.4477043175311979e-001  1.2822069844391077e+001  1.0921697110150748e-001
  1.8399999999999999e+001  1.2249167579528352e+001  1.4448026767806840e-001  1.2818594996867891e+001  1.0924245021849151e-001
  1.8449999999999999e+001  1.2245502141708640e+001  1.4419241266678437e-001  1.2815134025921866e+001  1.0926842089731501e-001
  1.8500000000000000e+001  1.2241840448451315e+001  1.4390686277982770e-001  1.2811687420462491e+001  1.0929489954568376e-001
  1.8550000000000001e+001  1.2238182591494862e+001  1.4362361387809078e-001  1.2808258267780362e+001  1.0932205325396302e-001
  1.8600000000000001e+001  1.2234528660923548e+001  1.4334266162427514e-001  1.2804843045552795e+001  1.0934966781033049e-001
  1.8649999999999999e+001  1.2230878745145294e+001  1.4306400148494111e-001  1.2801441777603344e+001  1.0937773383918692e-001
  1.8699999999999999e+001  1.2227232931018047e+001  1.4278762874132830e-001  1.2798056706897759e+001  1.0940637102656496e-001
  1.8750000000000000e+001  1.2223591303771752e+001  1.4251353848762444e-001  1.2794686782331366e+001  1.0943550899461452e-001
  1.8800000000000001e+001  1.2219953947090705e+001  1.4224172563857759e-001  1.2791330840109822e+001  1.0946507060530757e-001
  1.8850000000000001e+001  1.2216320943082994e+001  1.4197218493044342e-001  1.2787988892638719e+001  1.0949504712365990e-001
  1.8899999999999999e+001  1.2212692372372777e+001  1.4170491092970885e-001  1.2784660949672167e+001  1.0952542996823839e-001
  1.8949999999999999e+001  1.2209068314049649e+001  1.4143989803258850e-001  1.2781347018330397e+001  1.0955621070846482e-001
  1.9000000000000000e+001  1.2205449109116607e+001  1.4117714586355856e-001  1.2778047103247880e+001  1.0958738106142814e-001
  1.9050000000000001e+001  1.2201836849957640e+001  1.4091669010271060e-001  1.2774761206592615e+001  1.0961893288950944e-001
  1.9100000000000001e+001  1.2198229311862262e+001  1.4065847787317928e-001  1.2771489328222300e+001  1.0965085819696779e-001
  1.9149999999999999e+001  1.2194627116896944e+001  1.4040250556679990e-001  1.2768231465693292e+001  1.0968314912774887e-001
  1.9199999999999999e+001  1.2191030311398528e+001  1.4014876662930498e-001  1.2764987614371869e+001  1.0971579796274707e-001
  1.9250000000000000e+001  1.2187438429336854e+001  1.3989725193594579e-001  1.2761757767503044e+001  1.0974879711704538e-001
  1.9300000000000001e+001  1.2183851540275134e+001  1.3964795481142264e-001  1.2758542341016291e+001  1.0978213783463601e-001
  1.9350000000000001e+001  1.2180269712494812e+001  1.3940086844523239e-001  1.2755341243286392e+001  1.0981581282194476e-001
  1.9399999999999999e+001  1.2176693012843076e+001  1.3915598588654737e-001  1.2752154093311937e+001  1.0984981595880688e-001
  1.9449999999999999e+001  1.2173121506910928e+001  1.3891330005616603e-001  1.2748980876908416e+001  1.0988414018518375e-001
  1.9500000000000000e+001  1.2169555259051231e+001  1.3867280375087848e-001  1.2745821578159488e+001  1.0991877856236944e-001
  1.9550000000000001e+001  1.2165994332204445e+001  1.3843448963374247e-001  1.2742676179293552e+001  1.0995372427218639e-001
  1.9600000000000001e+001  1.2162438788177003e+001  1.3819835025472396e-001  1.2739544660995069e+001  1.0998897061275129e-001
  1.9649999999999999e+001  1.2158888687465613e+001  1.3796437804083575e-001  1.2736427002274379e+001  1.1002451099768304e-001
  1.9699999999999999e+001  1.2156842726000832e+001  1.3773665457455203e-001  1.2734053191866090e+001  1.1005709881622143e-001
  1.9750000000000000e+001  1.2155352065571480e+001  1.3751245834953496e-001  1.2732614992873472e+001  1.1008583096326365e-001
  1.9800000000000001e+001  1.2153858161818313e+001  1.3729023522607103e-001  1.2731182966359128e+001  1.1011485641376874e-001
  1.9850000000000001e+001  1.2152361112984265e+001  1.3706997467133764e-001  1.2729757122418938e+001  1.1014416728636070e-001
  1.9899999999999999e+001  1.2150861016008747e+001  1.3685166613950858e-001  1.2728337469788084e+001  1.1017375585484171e-001
  1.9949999999999999e+001  1.2149357966530943e+001  1.3663529907323382e-001  1.2726924015872299e+001  1.1020361454538177e-001
  2.0000000000000000e+001  1.2147852658309782e+001  1.3642086532328232e-001  1.2725516766837496e+001  1.1023373593283907e-001
