**********************************************
*******  Acceleration Time Series ************
*** Site #   1
*** trial   17
Input Parameters file =  aqu_0604_z_parameters.out                                                                                               
  4096 samples
dt:  0.010 sec
data format: (1x,f8.3,1p,2x,e11.4)
maximum absolute acceleration: 438.03
fault Dis.(km)=    4.28
Hypo  Dis.(km)=   11.58
  time(s) acc(cm/s**2)
    0.000   0.0000E+00
    0.010   0.0000E+00
    0.020   0.0000E+00
    0.030   0.0000E+00
    0.040   0.0000E+00
    0.050   0.0000E+00
    0.060   0.0000E+00
    0.070   0.0000E+00
    0.080   0.0000E+00
    0.090   0.0000E+00
    0.100   0.0000E+00
    0.110   0.0000E+00
    0.120   0.0000E+00
    0.130   0.0000E+00
    0.140   0.0000E+00
    0.150   0.0000E+00
    0.160   0.0000E+00
    0.170   0.0000E+00
    0.180   0.0000E+00
    0.190   0.0000E+00
    0.200   0.0000E+00
    0.210   0.0000E+00
    0.220   0.0000E+00
    0.230   0.0000E+00
    0.240   0.0000E+00
    0.250   0.0000E+00
    0.260   0.0000E+00
    0.270   0.0000E+00
    0.280   0.0000E+00
    0.290   0.0000E+00
    0.300   0.0000E+00
    0.310   0.0000E+00
    0.320   0.0000E+00
    0.330   0.0000E+00
    0.340   0.0000E+00
    0.350   0.0000E+00
    0.360   0.0000E+00
    0.370   0.0000E+00
    0.380   0.0000E+00
    0.390   0.0000E+00
    0.400   0.0000E+00
    0.410   0.0000E+00
    0.420   0.0000E+00
    0.430   0.0000E+00
    0.440   4.6333E-01
    0.450   2.2824E-01
    0.460   1.0785E-01
    0.470  -1.3809E-02
    0.480  -1.3979E-01
    0.490  -2.7652E-01
    0.500  -4.2417E-01
    0.510  -5.7252E-01
    0.520  -7.0856E-01
    0.530  -8.2531E-01
    0.540  -9.2081E-01
    0.550  -9.9150E-01
    0.560  -1.0318E+00
    0.570  -1.0390E+00
    0.580  -1.0131E+00
    0.590  -9.4951E-01
    0.600  -8.3722E-01
    0.610  -7.4169E-01
    0.620  -3.1392E-01
    0.630   1.3699E-01
    0.640   5.7836E-01
    0.650   9.8696E-01
    0.660   1.3356E+00
    0.670   1.5893E+00
    0.680   1.3386E+00
    0.690   1.3102E+00
    0.700   1.2089E+00
    0.710   1.0482E+00
    0.720   8.3759E-01
    0.730   5.8724E-01
    0.740   3.0229E-01
    0.750  -2.6522E-02
    0.760  -4.1137E-01
    0.770  -8.4054E-01
    0.780  -1.2727E+00
    0.790  -1.6641E+00
    0.800  -1.9947E+00
    0.810  -2.2610E+00
    0.820  -2.9702E+00
    0.830  -3.0002E+00
    0.840  -2.9175E+00
    0.850  -2.7476E+00
    0.860  -3.3022E+00
    0.870  -2.8749E+00
    0.880  -2.4202E+00
    0.890  -1.9631E+00
    0.900  -1.5389E+00
    0.910  -1.1772E+00
    0.920  -8.8958E-01
    0.930  -6.6321E-01
    0.940  -3.7878E-01
    0.950  -1.4676E-01
    0.960   1.0552E-01
    0.970   3.9220E-01
    0.980   8.4201E-01
    0.990   1.0378E+00
    1.000   1.1624E+00
    1.010   1.2161E+00
    1.020   1.2171E+00
    1.030   1.2004E+00
    1.040   1.1996E+00
    1.050   6.9795E-01
    1.060   8.8918E-01
    1.070   7.7873E-01
    1.080   6.0935E-01
    1.090   4.0884E-01
    1.100   1.6922E-01
    1.110  -1.1451E-01
    1.120  -4.7035E-01
    1.130  -8.7484E-01
    1.140  -1.3063E+00
    1.150  -1.7351E+00
    1.160  -2.1095E+00
    1.170  -2.0600E+00
    1.180  -2.3749E+00
    1.190  -1.3203E+00
    1.200  -1.7019E+00
    1.210  -2.4866E+00
    1.220  -2.5285E+00
    1.230  -2.3374E+00
    1.240  -1.9705E+00
    1.250  -1.5050E+00
    1.260  -9.9290E-01
    1.270  -4.6616E-01
    1.280   5.2666E-02
    1.290   5.7077E-01
    1.300   1.1409E+00
    1.310   1.8237E+00
    1.320   2.6227E+00
    1.330   3.5247E+00
    1.340   4.4402E+00
    1.350   5.3729E+00
    1.360   6.2645E+00
    1.370   7.4806E+00
    1.380   8.2866E+00
    1.390   8.8490E+00
    1.400   9.0756E+00
    1.410   8.9090E+00
    1.420   7.2620E+00
    1.430   6.2800E+00
    1.440   5.0236E+00
    1.450   3.5697E+00
    1.460   2.0140E+00
    1.470   4.7462E-01
    1.480  -9.2746E-01
    1.490  -2.1051E+00
    1.500  -3.0280E+00
    1.510  -3.7163E+00
    1.520  -4.2154E+00
    1.530  -4.5697E+00
    1.540  -4.8028E+00
    1.550  -4.9082E+00
    1.560  -4.9151E+00
    1.570  -4.6605E+00
    1.580  -3.9242E+00
    1.590  -3.2653E+00
    1.600  -2.2575E+00
    1.610  -1.2038E+00
    1.620   2.2422E-01
    1.630   1.7770E+00
    1.640   3.3284E+00
    1.650   4.7161E+00
    1.660   5.7612E+00
    1.670   6.3193E+00
    1.680   6.3451E+00
    1.690   5.9158E+00
    1.700   5.1814E+00
    1.710   4.2790E+00
    1.720   3.2936E+00
    1.730   3.4453E+00
    1.740   2.3739E+00
    1.750   1.3106E+00
    1.760   3.0296E-01
    1.770  -6.4010E-01
    1.780  -6.1101E-01
    1.790  -1.5945E+00
    1.800  -2.5548E+00
    1.810  -3.4842E+00
    1.820  -4.2358E+00
    1.830  -5.0468E+00
    1.840  -5.6577E+00
    1.850  -6.0350E+00
    1.860  -6.1623E+00
    1.870  -6.0209E+00
    1.880  -5.6432E+00
    1.890  -4.9868E+00
    1.900  -4.2182E+00
    1.910  -3.3226E+00
    1.920  -2.3867E+00
    1.930  -1.4775E+00
    1.940  -6.5719E-01
    1.950   9.6792E-02
    1.960   5.2843E-01
    1.970   9.2445E-01
    1.980   1.1109E+00
    1.990   1.2639E+00
    2.000   2.7860E+00
    2.010   2.9019E+00
    2.020   3.0962E+00
    2.030   3.1700E+00
    2.040   3.1805E+00
    2.050   3.1112E+00
    2.060   3.3726E+00
    2.070   3.1250E+00
    2.080   2.4878E+00
    2.090   1.7770E+00
    2.100   1.0757E+00
    2.110   4.0942E-01
    2.120  -4.5350E-01
    2.130  -1.1816E+00
    2.140  -1.6908E+00
    2.150  -2.2807E+00
    2.160  -2.8465E+00
    2.170  -2.7549E+00
    2.180  -3.3520E+00
    2.190  -3.9950E+00
    2.200  -4.7236E+00
    2.210  -5.5188E+00
    2.220  -6.1511E+00
    2.230  -6.9431E+00
    2.240  -7.6443E+00
    2.250  -8.1331E+00
    2.260  -8.7825E+00
    2.270  -7.9355E+00
    2.280  -7.0341E+00
    2.290  -5.6925E+00
    2.300  -3.9658E+00
    2.310  -1.9847E+00
    2.320   1.4082E-01
    2.330   2.2779E+00
    2.340   4.2552E+00
    2.350   5.9073E+00
    2.360   7.1222E+00
    2.370   7.8530E+00
    2.380   8.1327E+00
    2.390   8.0841E+00
    2.400   7.8471E+00
    2.410   7.4981E+00
    2.420   7.4678E+00
    2.430   6.0800E+00
    2.440   4.9761E+00
    2.450   3.3611E+00
    2.460   1.2649E+00
    2.470  -1.2328E+00
    2.480  -4.1195E+00
    2.490  -7.0081E+00
    2.500  -9.6747E+00
    2.510  -1.1870E+01
    2.520  -1.3305E+01
    2.530  -1.3510E+01
    2.540  -1.3333E+01
    2.550  -1.2790E+01
    2.560  -1.2039E+01
    2.570  -1.1059E+01
    2.580  -9.7496E+00
    2.590  -7.9449E+00
    2.600  -6.0766E+00
    2.610  -3.6624E+00
    2.620  -1.6391E+00
    2.630   8.9899E-02
    2.640   1.4682E+00
    2.650   2.5077E+00
    2.660   3.4441E+00
    2.670   4.5866E+00
    2.680   5.8593E+00
    2.690   6.6510E+00
    2.700   7.8922E+00
    2.710   8.8720E+00
    2.720   9.4737E+00
    2.730   9.6764E+00
    2.740   9.2888E+00
    2.750   8.5117E+00
    2.760   7.2895E+00
    2.770   5.7263E+00
    2.780   3.9972E+00
    2.790   2.3517E+00
    2.800   1.0504E+00
    2.810   2.3288E-01
    2.820  -8.7894E-01
    2.830  -9.8399E-01
    2.840  -6.2857E-01
    2.850  -6.8020E-01
    2.860  -8.8723E-01
    2.870  -1.2990E+00
    2.880  -1.7988E+00
    2.890  -2.2161E+00
    2.900  -2.4413E+00
    2.910  -2.2948E+00
    2.920  -2.2185E+00
    2.930  -1.8759E+00
    2.940  -1.1102E+00
    2.950  -4.5840E-01
    2.960   4.4845E-02
    2.970   3.9244E-01
    2.980   4.6197E-01
    2.990   4.4281E-01
    3.000   5.0347E-01
    3.010   8.5154E-01
    3.020   1.6269E+00
    3.030   2.7392E+00
    3.040   3.5827E+00
    3.050   4.3926E+00
    3.060   4.7514E+00
    3.070   4.8715E+00
    3.080   4.8731E+00
    3.090   4.9175E+00
    3.100   5.2223E+00
    3.110   5.3088E+00
    3.120   5.2619E+00
    3.130   4.7024E+00
    3.140   3.6555E+00
    3.150   3.1201E+00
    3.160   1.4455E+00
    3.170  -5.6175E-01
    3.180  -2.3704E+00
    3.190  -4.0565E+00
    3.200  -5.4830E+00
    3.210  -6.0305E+00
    3.220  -6.8895E+00
    3.230  -7.5238E+00
    3.240  -7.8783E+00
    3.250  -8.0350E+00
    3.260  -8.4243E+00
    3.270  -1.0144E+01
    3.280  -1.1122E+01
    3.290  -1.2262E+01
    3.300  -1.2498E+01
    3.310  -1.1515E+01
    3.320  -9.3189E+00
    3.330  -6.2726E+00
    3.340  -2.8382E+00
    3.350   5.2259E-01
    3.360   3.3001E+00
    3.370   5.0146E+00
    3.380   5.9508E+00
    3.390   6.0105E+00
    3.400   5.6064E+00
    3.410   4.6799E+00
    3.420   3.6067E+00
    3.430   3.6551E+00
    3.440   2.6091E+00
    3.450   1.8935E+00
    3.460   1.4023E+00
    3.470   6.1147E-01
    3.480  -1.5410E-01
    3.490  -9.4700E-01
    3.500  -8.9950E-01
    3.510  -1.3118E+00
    3.520  -1.5067E+00
    3.530  -1.5630E+00
    3.540  -1.6220E+00
    3.550  -1.9370E+00
    3.560  -2.7387E+00
    3.570  -4.6537E+00
    3.580  -6.0017E+00
    3.590  -7.0987E+00
    3.600  -7.3933E+00
    3.610  -6.8945E+00
    3.620  -5.2807E+00
    3.630  -2.6763E+00
    3.640   4.0713E-01
    3.650   3.2164E+00
    3.660   5.0427E+00
    3.670   7.0014E+00
    3.680   5.9901E+00
    3.690   3.8868E+00
    3.700   1.5338E+00
    3.710  -2.7717E-01
    3.720  -1.1309E+00
    3.730  -1.2442E+00
    3.740  -1.1987E+00
    3.750  -1.4814E+00
    3.760  -2.2098E+00
    3.770  -3.4260E+00
    3.780  -5.1295E+00
    3.790  -7.2476E+00
    3.800  -9.1392E+00
    3.810  -9.8392E+00
    3.820  -8.8415E+00
    3.830  -6.5252E+00
    3.840  -3.9086E+00
    3.850  -1.7839E+00
    3.860  -5.9496E-01
    3.870  -6.4576E-01
    3.880  -2.0388E+00
    3.890  -4.3525E+00
    3.900  -6.7490E+00
    3.910  -8.6217E+00
    3.920  -9.9683E+00
    3.930  -1.1110E+01
    3.940  -1.2164E+01
    3.950  -1.3135E+01
    3.960  -1.4160E+01
    3.970  -1.5388E+01
    3.980  -1.6618E+01
    3.990  -1.7244E+01
    4.000  -1.6557E+01
    4.010  -1.4060E+01
    4.020  -9.6485E+00
    4.030  -3.8656E+00
    4.040   2.3425E+00
    4.050   7.1217E+00
    4.060   1.0078E+01
    4.070   1.1170E+01
    4.080   1.0887E+01
    4.090   9.8856E+00
    4.100   8.9685E+00
    4.110   8.9774E+00
    4.120   1.0365E+01
    4.130   1.2796E+01
    4.140   1.5310E+01
    4.150   1.6889E+01
    4.160   1.6937E+01
    4.170   1.5387E+01
    4.180   1.2580E+01
    4.190   9.1406E+00
    4.200   5.9273E+00
    4.210   4.8347E+00
    4.220   4.6755E+00
    4.230   6.8438E+00
    4.240   1.0389E+01
    4.250   1.4295E+01
    4.260   1.7424E+01
    4.270   1.9291E+01
    4.280   1.9785E+01
    4.290   1.9041E+01
    4.300   1.7050E+01
    4.310   1.4471E+01
    4.320   1.1717E+01
    4.330   9.5811E+00
    4.340   8.2324E+00
    4.350   7.5537E+00
    4.360   7.1076E+00
    4.370   5.9323E+00
    4.380   3.8015E+00
    4.390   1.0697E+00
    4.400  -1.4219E+00
    4.410  -2.9996E+00
    4.420  -3.5944E+00
    4.430  -3.5570E+00
    4.440  -3.5213E+00
    4.450  -4.1195E+00
    4.460  -5.6638E+00
    4.470  -8.3001E+00
    4.480  -1.2457E+01
    4.490  -1.7232E+01
    4.500  -2.2163E+01
    4.510  -2.6025E+01
    4.520  -2.7790E+01
    4.530  -2.6809E+01
    4.540  -2.3236E+01
    4.550  -1.8123E+01
    4.560  -1.3137E+01
    4.570  -9.6789E+00
    4.580  -8.1551E+00
    4.590  -7.2781E+00
    4.600  -4.1875E+00
    4.610   9.8967E-01
    4.620   7.5719E+00
    4.630   1.4205E+01
    4.640   1.9959E+01
    4.650   2.3936E+01
    4.660   2.4535E+01
    4.670   2.2220E+01
    4.680   1.8129E+01
    4.690   1.3834E+01
    4.700   9.6696E+00
    4.710   5.1506E+00
    4.720   8.7069E-01
    4.730  -2.0021E+00
    4.740  -2.8131E+00
    4.750  -2.6017E+00
    4.760  -2.8374E+00
    4.770  -4.3357E+00
    4.780  -7.1707E+00
    4.790  -9.7307E+00
    4.800  -1.1645E+01
    4.810  -1.1941E+01
    4.820  -1.0069E+01
    4.830  -6.7521E+00
    4.840  -3.8043E+00
    4.850  -2.9682E+00
    4.860  -5.1034E+00
    4.870  -1.0273E+01
    4.880  -1.7861E+01
    4.890  -2.6278E+01
    4.900  -3.3529E+01
    4.910  -3.8697E+01
    4.920  -4.1220E+01
    4.930  -4.1932E+01
    4.940  -4.1064E+01
    4.950  -3.8012E+01
    4.960  -3.3670E+01
    4.970  -2.9549E+01
    4.980  -2.6847E+01
    4.990  -2.5537E+01
    5.000  -2.4570E+01
    5.010  -2.2832E+01
    5.020  -1.9967E+01
    5.030  -1.6363E+01
    5.040  -1.2983E+01
    5.050  -1.0698E+01
    5.060  -1.0627E+01
    5.070  -1.3429E+01
    5.080  -1.9385E+01
    5.090  -2.7274E+01
    5.100  -3.5904E+01
    5.110  -4.2579E+01
    5.120  -4.8145E+01
    5.130  -5.3261E+01
    5.140  -5.7502E+01
    5.150  -5.9018E+01
    5.160  -5.6651E+01
    5.170  -5.0832E+01
    5.180  -4.3529E+01
    5.190  -3.6656E+01
    5.200  -3.1034E+01
    5.210  -2.5916E+01
    5.220  -2.0516E+01
    5.230  -1.4671E+01
    5.240  -9.1040E+00
    5.250  -4.5085E+00
    5.260  -7.1158E-01
    5.270   2.8573E+00
    5.280   6.3206E+00
    5.290   9.6533E+00
    5.300   1.3362E+01
    5.310   2.0129E+01
    5.320   3.0069E+01
    5.330   4.1911E+01
    5.340   5.3154E+01
    5.350   6.1529E+01
    5.360   6.5427E+01
    5.370   6.3637E+01
    5.380   5.5712E+01
    5.390   4.2498E+01
    5.400   2.6404E+01
    5.410   9.8171E+00
    5.420  -5.3307E+00
    5.430  -1.8402E+01
    5.440  -3.0718E+01
    5.450  -4.4900E+01
    5.460  -6.1724E+01
    5.470  -7.8000E+01
    5.480  -9.0568E+01
    5.490  -9.8453E+01
    5.500  -1.0269E+02
    5.510  -1.0161E+02
    5.520  -9.2555E+01
    5.530  -7.7377E+01
    5.540  -6.1596E+01
    5.550  -4.8421E+01
    5.560  -3.6808E+01
    5.570  -2.4898E+01
    5.580  -1.4284E+01
    5.590  -7.7908E+00
    5.600  -1.1348E+00
    5.610   1.0709E+01
    5.620   2.6701E+01
    5.630   4.1972E+01
    5.640   5.1798E+01
    5.650   5.9506E+01
    5.660   6.2676E+01
    5.670   5.5451E+01
    5.680   4.2877E+01
    5.690   3.3249E+01
    5.700   2.9128E+01
    5.710   3.4023E+01
    5.720   5.0300E+01
    5.730   7.6475E+01
    5.740   1.0627E+02
    5.750   1.3038E+02
    5.760   1.4416E+02
    5.770   1.5065E+02
    5.780   1.5312E+02
    5.790   1.4971E+02
    5.800   1.3876E+02
    5.810   1.2057E+02
    5.820   9.8276E+01
    5.830   8.0630E+01
    5.840   7.1843E+01
    5.850   6.8447E+01
    5.860   6.4241E+01
    5.870   5.3830E+01
    5.880   3.8162E+01
    5.890   2.2250E+01
    5.900   9.7976E+00
    5.910   4.5223E+00
    5.920   1.1413E+01
    5.930   3.4623E+01
    5.940   6.8281E+01
    5.950   1.0194E+02
    5.960   1.3158E+02
    5.970   1.5940E+02
    5.980   1.8573E+02
    5.990   2.0950E+02
    6.000   2.2345E+02
    6.010   2.1946E+02
    6.020   1.9798E+02
    6.030   1.6785E+02
    6.040   1.3761E+02
    6.050   1.1139E+02
    6.060   8.9888E+01
    6.070   6.5717E+01
    6.080   3.5446E+01
    6.090   5.7050E+00
    6.100  -1.9046E+01
    6.110  -3.7852E+01
    6.120  -4.6896E+01
    6.130  -4.5832E+01
    6.140  -4.6142E+01
    6.150  -5.2853E+01
    6.160  -7.0117E+01
    6.170  -1.0336E+02
    6.180  -1.4597E+02
    6.190  -1.8398E+02
    6.200  -2.0528E+02
    6.210  -2.0656E+02
    6.220  -1.9200E+02
    6.230  -1.5972E+02
    6.240  -1.0978E+02
    6.250  -5.4057E+01
    6.260  -6.6970E+00
    6.270   2.1860E+01
    6.280   2.9911E+01
    6.290   2.6690E+01
    6.300   2.3712E+01
    6.310   2.8808E+01
    6.320   3.9248E+01
    6.330   5.6187E+01
    6.340   8.0342E+01
    6.350   1.0606E+02
    6.360   1.2814E+02
    6.370   1.4182E+02
    6.380   1.4029E+02
    6.390   1.2388E+02
    6.400   9.8651E+01
    6.410   6.7152E+01
    6.420   3.5985E+01
    6.430   1.1491E+01
    6.440  -1.4973E+00
    6.450  -1.0302E+01
    6.460  -3.1873E+01
    6.470  -6.6985E+01
    6.480  -1.0057E+02
    6.490  -1.2063E+02
    6.500  -1.3344E+02
    6.510  -1.4388E+02
    6.520  -1.4696E+02
    6.530  -1.3561E+02
    6.540  -1.1212E+02
    6.550  -8.3259E+01
    6.560  -5.8299E+01
    6.570  -4.2446E+01
    6.580  -4.1716E+01
    6.590  -5.8887E+01
    6.600  -8.4413E+01
    6.610  -9.7285E+01
    6.620  -8.2961E+01
    6.630  -4.9079E+01
    6.640  -1.1343E+01
    6.650   1.6402E+01
    6.660   2.8074E+01
    6.670   2.3865E+01
    6.680   6.6498E+00
    6.690  -1.2695E+01
    6.700  -1.9587E+01
    6.710  -9.6610E+00
    6.720   7.1448E+00
    6.730   2.0309E+01
    6.740   2.6230E+01
    6.750   2.2570E+01
    6.760   1.5663E+01
    6.770   1.3144E+01
    6.780   2.5395E+00
    6.790  -3.1421E+01
    6.800  -8.4888E+01
    6.810  -1.3628E+02
    6.820  -1.7578E+02
    6.830  -2.0937E+02
    6.840  -2.3829E+02
    6.850  -2.6336E+02
    6.860  -2.7924E+02
    6.870  -2.7913E+02
    6.880  -2.6423E+02
    6.890  -2.3513E+02
    6.900  -1.9409E+02
    6.910  -1.4818E+02
    6.920  -9.7962E+01
    6.930  -4.4208E+01
    6.940   4.1872E+00
    6.950   4.0179E+01
    6.960   6.2897E+01
    6.970   7.6481E+01
    6.980   8.0985E+01
    6.990   7.6902E+01
    7.000   7.4980E+01
    7.010   9.2475E+01
    7.020   1.3798E+02
    7.030   1.9622E+02
    7.040   2.4263E+02
    7.050   2.6116E+02
    7.060   2.5744E+02
    7.070   2.4689E+02
    7.080   2.3289E+02
    7.090   2.0820E+02
    7.100   1.6901E+02
    7.110   1.2682E+02
    7.120   9.3082E+01
    7.130   7.1092E+01
    7.140   5.6174E+01
    7.150   4.5392E+01
    7.160   2.7382E+01
    7.170  -6.1658E+00
    7.180  -5.1660E+01
    7.190  -1.0517E+02
    7.200  -1.6210E+02
    7.210  -2.1347E+02
    7.220  -2.4233E+02
    7.230  -2.4668E+02
    7.240  -2.4109E+02
    7.250  -2.2834E+02
    7.260  -2.0225E+02
    7.270  -1.6250E+02
    7.280  -1.1042E+02
    7.290  -4.7596E+01
    7.300   1.7381E+01
    7.310   6.0822E+01
    7.320   7.8158E+01
    7.330   8.5522E+01
    7.340   8.9545E+01
    7.350   1.0620E+02
    7.360   1.4547E+02
    7.370   1.8513E+02
    7.380   1.8490E+02
    7.390   1.3745E+02
    7.400   6.6094E+01
    7.410  -6.6542E+00
    7.420  -5.8302E+01
    7.430  -7.8650E+01
    7.440  -7.1177E+01
    7.450  -4.3665E+01
    7.460   6.0554E+00
    7.470   6.6987E+01
    7.480   1.2002E+02
    7.490   1.5706E+02
    7.500   1.8302E+02
    7.510   1.9320E+02
    7.520   1.8994E+02
    7.530   1.9176E+02
    7.540   2.0908E+02
    7.550   2.3526E+02
    7.560   2.5662E+02
    7.570   2.6593E+02
    7.580   2.7485E+02
    7.590   2.8782E+02
    7.600   2.8776E+02
    7.610   2.6243E+02
    7.620   2.2093E+02
    7.630   1.8835E+02
    7.640   1.7714E+02
    7.650   1.8391E+02
    7.660   2.0050E+02
    7.670   2.0684E+02
    7.680   1.9850E+02
    7.690   1.9422E+02
    7.700   2.0159E+02
    7.710   2.1332E+02
    7.720   2.1178E+02
    7.730   1.8442E+02
    7.740   1.3459E+02
    7.750   8.3000E+01
    7.760   4.1411E+01
    7.770   8.7516E+00
    7.780  -1.0782E+01
    7.790  -2.5444E+01
    7.800  -4.9398E+01
    7.810  -9.1412E+01
    7.820  -1.4310E+02
    7.830  -1.8906E+02
    7.840  -2.1426E+02
    7.850  -2.1045E+02
    7.860  -1.9926E+02
    7.870  -1.9215E+02
    7.880  -1.8179E+02
    7.890  -1.6007E+02
    7.900  -1.3415E+02
    7.910  -1.2198E+02
    7.920  -1.2690E+02
    7.930  -1.2946E+02
    7.940  -1.1496E+02
    7.950  -9.3142E+01
    7.960  -8.1764E+01
    7.970  -7.9577E+01
    7.980  -8.6210E+01
    7.990  -9.1187E+01
    8.000  -7.5248E+01
    8.010  -4.5033E+01
    8.020  -1.9386E+01
    8.030  -7.2822E+00
    8.040   1.9074E+00
    8.050   2.6167E+01
    8.060   6.6114E+01
    8.070   1.0995E+02
    8.080   1.4787E+02
    8.090   1.6229E+02
    8.100   1.4400E+02
    8.110   1.0569E+02
    8.120   5.5680E+01
    8.130  -6.7324E+00
    8.140  -7.6574E+01
    8.150  -1.2708E+02
    8.160  -1.4968E+02
    8.170  -1.4837E+02
    8.180  -1.2407E+02
    8.190  -8.4666E+01
    8.200  -5.5063E+01
    8.210  -4.8582E+01
    8.220  -6.0549E+01
    8.230  -7.1951E+01
    8.240  -6.4040E+01
    8.250  -3.4008E+01
    8.260  -5.1900E-01
    8.270   2.4046E+01
    8.280   4.5882E+01
    8.290   5.6842E+01
    8.300   4.5939E+01
    8.310   1.7988E+01
    8.320  -2.1061E+01
    8.330  -6.5658E+01
    8.340  -1.1369E+02
    8.350  -1.6071E+02
    8.360  -2.0211E+02
    8.370  -2.4004E+02
    8.380  -2.8069E+02
    8.390  -3.3016E+02
    8.400  -3.8108E+02
    8.410  -4.1889E+02
    8.420  -4.3767E+02
    8.430  -4.3803E+02
    8.440  -4.2561E+02
    8.450  -3.9025E+02
    8.460  -3.3093E+02
    8.470  -2.6796E+02
    8.480  -2.2776E+02
    8.490  -2.1952E+02
    8.500  -2.2576E+02
    8.510  -2.2245E+02
    8.520  -2.0784E+02
    8.530  -1.9643E+02
    8.540  -1.9929E+02
    8.550  -2.1934E+02
    8.560  -2.4588E+02
    8.570  -2.6213E+02
    8.580  -2.5479E+02
    8.590  -2.2906E+02
    8.600  -2.0739E+02
    8.610  -2.0242E+02
    8.620  -1.9971E+02
    8.630  -1.7694E+02
    8.640  -1.2219E+02
    8.650  -4.9966E+01
    8.660   1.4704E+01
    8.670   6.7949E+01
    8.680   1.2506E+02
    8.690   1.9130E+02
    8.700   2.4662E+02
    8.710   2.8515E+02
    8.720   3.1408E+02
    8.730   3.2274E+02
    8.740   3.0049E+02
    8.750   2.6021E+02
    8.760   2.3054E+02
    8.770   2.2436E+02
    8.780   2.2211E+02
    8.790   2.0206E+02
    8.800   1.6589E+02
    8.810   1.4457E+02
    8.820   1.5085E+02
    8.830   1.6922E+02
    8.840   1.7516E+02
    8.850   1.4907E+02
    8.860   1.0643E+02
    8.870   6.2785E+01
    8.880   3.1036E+01
    8.890   4.8044E+00
    8.900  -2.7407E+01
    8.910  -5.4506E+01
    8.920  -6.7854E+01
    8.930  -7.2173E+01
    8.940  -8.3598E+01
    8.950  -1.1191E+02
    8.960  -1.4681E+02
    8.970  -1.7375E+02
    8.980  -1.8405E+02
    8.990  -1.7616E+02
    9.000  -1.6565E+02
    9.010  -1.5123E+02
    9.020  -1.2532E+02
    9.030  -9.5101E+01
    9.040  -6.0411E+01
    9.050  -2.1989E+01
    9.060   2.1011E+01
    9.070   6.4192E+01
    9.080   9.7447E+01
    9.090   1.2207E+02
    9.100   1.3885E+02
    9.110   1.5256E+02
    9.120   1.6647E+02
    9.130   1.6923E+02
    9.140   1.4817E+02
    9.150   1.2311E+02
    9.160   1.0402E+02
    9.170   8.9058E+01
    9.180   8.7520E+01
    9.190   9.5475E+01
    9.200   9.8175E+01
    9.210   9.0416E+01
    9.220   8.1516E+01
    9.230   8.4447E+01
    9.240   1.0792E+02
    9.250   1.4760E+02
    9.260   1.8005E+02
    9.270   1.8938E+02
    9.280   1.8994E+02
    9.290   2.0167E+02
    9.300   2.2321E+02
    9.310   2.3596E+02
    9.320   2.2888E+02
    9.330   2.0591E+02
    9.340   1.7895E+02
    9.350   1.6145E+02
    9.360   1.5299E+02
    9.370   1.5481E+02
    9.380   1.5669E+02
    9.390   1.4138E+02
    9.400   1.1769E+02
    9.410   1.0274E+02
    9.420   1.0874E+02
    9.430   1.2696E+02
    9.440   1.4090E+02
    9.450   1.4419E+02
    9.460   1.3789E+02
    9.470   1.2830E+02
    9.480   1.1033E+02
    9.490   7.5965E+01
    9.500   3.6247E+01
    9.510   1.7261E+01
    9.520   2.3482E+01
    9.530   2.9286E+01
    9.540   1.9050E+01
    9.550  -7.9294E+00
    9.560  -4.4466E+01
    9.570  -7.6612E+01
    9.580  -1.0442E+02
    9.590  -1.2788E+02
    9.600  -1.3417E+02
    9.610  -1.2582E+02
    9.620  -1.2415E+02
    9.630  -1.3158E+02
    9.640  -1.3959E+02
    9.650  -1.4702E+02
    9.660  -1.5768E+02
    9.670  -1.7701E+02
    9.680  -2.0101E+02
    9.690  -2.0648E+02
    9.700  -1.8131E+02
    9.710  -1.3940E+02
    9.720  -9.1671E+01
    9.730  -4.9544E+01
    9.740  -2.3858E+01
    9.750  -2.2891E+01
    9.760  -4.1762E+01
    9.770  -5.5366E+01
    9.780  -4.7473E+01
    9.790  -1.9247E+01
    9.800   1.0537E+01
    9.810   2.5957E+01
    9.820   2.4216E+01
    9.830   9.0063E-01
    9.840  -3.1433E+01
    9.850  -5.2595E+01
    9.860  -7.2069E+01
    9.870  -1.1102E+02
    9.880  -1.6853E+02
    9.890  -2.3221E+02
    9.900  -2.8717E+02
    9.910  -3.2764E+02
    9.920  -3.5067E+02
    9.930  -3.5509E+02
    9.940  -3.5416E+02
    9.950  -3.6318E+02
    9.960  -3.8419E+02
    9.970  -4.0182E+02
    9.980  -3.9322E+02
    9.990  -3.5150E+02
   10.000  -2.9174E+02
   10.010  -2.3251E+02
   10.020  -1.8051E+02
   10.030  -1.3829E+02
   10.040  -1.0407E+02
   10.050  -7.3174E+01
   10.060  -5.0935E+01
   10.070  -4.5638E+01
   10.080  -5.2185E+01
   10.090  -5.8801E+01
   10.100  -6.2167E+01
   10.110  -7.0485E+01
   10.120  -9.0145E+01
   10.130  -1.1349E+02
   10.140  -1.2860E+02
   10.150  -1.2881E+02
   10.160  -1.0770E+02
   10.170  -6.9473E+01
   10.180  -2.5649E+01
   10.190   1.8467E+01
   10.200   5.9713E+01
   10.210   9.1941E+01
   10.220   1.1024E+02
   10.230   1.1729E+02
   10.240   1.2036E+02
   10.250   1.2942E+02
   10.260   1.4872E+02
   10.270   1.5253E+02
   10.280   1.2912E+02
   10.290   8.5931E+01
   10.300   4.1762E+01
   10.310   1.3599E+01
   10.320   7.7412E+00
   10.330   2.7221E+01
   10.340   6.6383E+01
   10.350   1.1842E+02
   10.360   1.7984E+02
   10.370   2.2285E+02
   10.380   2.3507E+02
   10.390   2.4236E+02
   10.400   2.6344E+02
   10.410   2.8974E+02
   10.420   3.0611E+02
   10.430   3.1844E+02
   10.440   3.3737E+02
   10.450   3.5372E+02
   10.460   3.4425E+02
   10.470   3.0495E+02
   10.480   2.5061E+02
   10.490   1.9322E+02
   10.500   1.4699E+02
   10.510   1.1496E+02
   10.520   9.0569E+01
   10.530   7.5980E+01
   10.540   6.8332E+01
   10.550   6.0004E+01
   10.560   4.4497E+01
   10.570   2.3319E+01
   10.580   5.3690E+00
   10.590   1.1513E+00
   10.600   1.3936E+01
   10.610   3.7681E+01
   10.620   5.3579E+01
   10.630   4.7161E+01
   10.640   2.8595E+01
   10.650   6.7165E+00
   10.660  -1.4093E+01
   10.670  -2.8157E+01
   10.680  -3.8904E+01
   10.690  -4.7880E+01
   10.700  -5.5473E+01
   10.710  -6.9488E+01
   10.720  -9.6572E+01
   10.730  -1.3364E+02
   10.740  -1.6345E+02
   10.750  -1.6415E+02
   10.760  -1.3064E+02
   10.770  -8.3802E+01
   10.780  -4.4114E+01
   10.790  -1.0343E+01
   10.800   1.7971E+01
   10.810   3.9869E+01
   10.820   5.0076E+01
   10.830   3.8503E+01
   10.840   9.7571E+00
   10.850  -3.0977E+01
   10.860  -7.8605E+01
   10.870  -1.1963E+02
   10.880  -1.4726E+02
   10.890  -1.5269E+02
   10.900  -1.3330E+02
   10.910  -9.4800E+01
   10.920  -5.3441E+01
   10.930  -1.8448E+01
   10.940   1.1782E+01
   10.950   3.9029E+01
   10.960   6.7638E+01
   10.970   1.0623E+02
   10.980   1.5190E+02
   10.990   1.8853E+02
   11.000   2.0652E+02
   11.010   2.0541E+02
   11.020   1.9528E+02
   11.030   1.8447E+02
   11.040   1.6789E+02
   11.050   1.4421E+02
   11.060   1.1819E+02
   11.070   9.6172E+01
   11.080   8.0811E+01
   11.090   7.2842E+01
   11.100   7.1646E+01
   11.110   7.7886E+01
   11.120   9.3526E+01
   11.130   1.1914E+02
   11.140   1.5732E+02
   11.150   2.0476E+02
   11.160   2.4007E+02
   11.170   2.4187E+02
   11.180   2.1895E+02
   11.190   2.0367E+02
   11.200   2.0578E+02
   11.210   2.0299E+02
   11.220   1.7915E+02
   11.230   1.3844E+02
   11.240   9.7818E+01
   11.250   6.8242E+01
   11.260   4.2345E+01
   11.270   1.0059E+01
   11.280  -3.3049E+01
   11.290  -8.1672E+01
   11.300  -1.2151E+02
   11.310  -1.4157E+02
   11.320  -1.4550E+02
   11.330  -1.4160E+02
   11.340  -1.3032E+02
   11.350  -1.1181E+02
   11.360  -9.4332E+01
   11.370  -8.4847E+01
   11.380  -8.1636E+01
   11.390  -7.9447E+01
   11.400  -7.3269E+01
   11.410  -5.7276E+01
   11.420  -4.3713E+01
   11.430  -3.9879E+01
   11.440  -4.7005E+01
   11.450  -7.5917E+01
   11.460  -1.2141E+02
   11.470  -1.6253E+02
   11.480  -1.7465E+02
   11.490  -1.4905E+02
   11.500  -9.4470E+01
   11.510  -2.9015E+01
   11.520   2.7439E+01
   11.530   5.8814E+01
   11.540   6.5457E+01
   11.550   6.1517E+01
   11.560   5.9806E+01
   11.570   6.4572E+01
   11.580   7.1513E+01
   11.590   6.7459E+01
   11.600   4.3650E+01
   11.610   2.3178E+00
   11.620  -4.4860E+01
   11.630  -8.2994E+01
   11.640  -1.0760E+02
   11.650  -1.1746E+02
   11.660  -1.1507E+02
   11.670  -1.0537E+02
   11.680  -8.9436E+01
   11.690  -7.0927E+01
   11.700  -5.7927E+01
   11.710  -5.0108E+01
   11.720  -3.7744E+01
   11.730  -1.9542E+01
   11.740  -8.0714E+00
   11.750  -1.3113E+01
   11.760  -3.0919E+01
   11.770  -4.5607E+01
   11.780  -4.1205E+01
   11.790  -2.2423E+01
   11.800  -3.0295E+00
   11.810   9.2524E+00
   11.820   1.2787E+01
   11.830   7.1880E+00
   11.840  -8.0639E+00
   11.850  -2.5607E+01
   11.860  -4.4054E+01
   11.870  -5.5214E+01
   11.880  -4.7238E+01
   11.890  -2.2340E+01
   11.900   1.5061E+01
   11.910   5.8252E+01
   11.920   8.8548E+01
   11.930   9.8606E+01
   11.940   9.4766E+01
   11.950   8.2477E+01
   11.960   7.5254E+01
   11.970   7.3016E+01
   11.980   6.0503E+01
   11.990   3.7499E+01
   12.000   1.1408E+01
   12.010  -1.6266E+01
   12.020  -3.9496E+01
   12.030  -5.7241E+01
   12.040  -7.7337E+01
   12.050  -1.0309E+02
   12.060  -1.2951E+02
   12.070  -1.4341E+02
   12.080  -1.3310E+02
   12.090  -1.0350E+02
   12.100  -7.2574E+01
   12.110  -4.8264E+01
   12.120  -2.5741E+01
   12.130  -3.5780E+00
   12.140   2.0265E+01
   12.150   4.0793E+01
   12.160   4.9222E+01
   12.170   4.6650E+01
   12.180   3.8768E+01
   12.190   2.7052E+01
   12.200   7.0299E+00
   12.210  -1.6849E+01
   12.220  -3.5700E+01
   12.230  -4.4522E+01
   12.240  -4.3428E+01
   12.250  -3.0896E+01
   12.260  -3.1735E+00
   12.270   3.4521E+01
   12.280   6.7469E+01
   12.290   8.4606E+01
   12.300   9.8379E+01
   12.310   1.1775E+02
   12.320   1.3059E+02
   12.330   1.1946E+02
   12.340   7.9765E+01
   12.350   2.7175E+01
   12.360  -1.7260E+01
   12.370  -4.8941E+01
   12.380  -6.2110E+01
   12.390  -4.9874E+01
   12.400  -2.9494E+01
   12.410  -2.8423E+01
   12.420  -4.8351E+01
   12.430  -7.4668E+01
   12.440  -9.8542E+01
   12.450  -1.0637E+02
   12.460  -9.4055E+01
   12.470  -7.8889E+01
   12.480  -7.4178E+01
   12.490  -8.0483E+01
   12.500  -9.0066E+01
   12.510  -9.2795E+01
   12.520  -8.8455E+01
   12.530  -7.9520E+01
   12.540  -7.3001E+01
   12.550  -7.3487E+01
   12.560  -8.1134E+01
   12.570  -8.7639E+01
   12.580  -8.0528E+01
   12.590  -5.5810E+01
   12.600  -1.9686E+01
   12.610   1.6855E+01
   12.620   4.6125E+01
   12.630   6.3564E+01
   12.640   6.8650E+01
   12.650   6.9502E+01
   12.660   7.2434E+01
   12.670   7.9859E+01
   12.680   9.1066E+01
   12.690   1.0172E+02
   12.700   1.0812E+02
   12.710   1.0897E+02
   12.720   1.0187E+02
   12.730   8.0176E+01
   12.740   4.3629E+01
   12.750   6.9340E-01
   12.760  -3.0467E+01
   12.770  -4.0107E+01
   12.780  -3.3683E+01
   12.790  -2.1246E+01
   12.800  -1.1204E+01
   12.810  -5.2696E+00
   12.820   1.9071E-01
   12.830  -2.2539E-01
   12.840  -1.0089E+01
   12.850  -2.5689E+01
   12.860  -4.3094E+01
   12.870  -5.7239E+01
   12.880  -6.0763E+01
   12.890  -5.3215E+01
   12.900  -4.4946E+01
   12.910  -4.2287E+01
   12.920  -4.1044E+01
   12.930  -3.8989E+01
   12.940  -3.6657E+01
   12.950  -3.4573E+01
   12.960  -3.2121E+01
   12.970  -3.1981E+01
   12.980  -3.6376E+01
   12.990  -4.7140E+01
   13.000  -5.7096E+01
   13.010  -5.5655E+01
   13.020  -4.2629E+01
   13.030  -2.6558E+01
   13.040  -1.1089E+01
   13.050   6.8339E+00
   13.060   2.4240E+01
   13.070   3.6377E+01
   13.080   4.7817E+01
   13.090   6.0424E+01
   13.100   6.8514E+01
   13.110   6.5558E+01
   13.120   4.7323E+01
   13.130   1.7976E+01
   13.140  -1.3204E+01
   13.150  -4.1007E+01
   13.160  -6.6268E+01
   13.170  -8.7472E+01
   13.180  -9.8860E+01
   13.190  -9.5921E+01
   13.200  -7.9924E+01
   13.210  -5.5128E+01
   13.220  -2.9883E+01
   13.230  -1.6833E+01
   13.240  -2.2117E+01
   13.250  -3.5339E+01
   13.260  -3.5551E+01
   13.270  -1.4348E+01
   13.280   1.8825E+01
   13.290   5.0288E+01
   13.300   7.2249E+01
   13.310   8.3974E+01
   13.320   8.7759E+01
   13.330   8.6373E+01
   13.340   8.1895E+01
   13.350   7.5695E+01
   13.360   7.0763E+01
   13.370   6.8685E+01
   13.380   6.7096E+01
   13.390   6.6304E+01
   13.400   7.1585E+01
   13.410   8.5724E+01
   13.420   1.0283E+02
   13.430   1.1572E+02
   13.440   1.1912E+02
   13.450   1.1141E+02
   13.460   9.6226E+01
   13.470   7.6739E+01
   13.480   5.6078E+01
   13.490   3.7362E+01
   13.500   2.2508E+01
   13.510   1.4573E+01
   13.520   1.0053E+01
   13.530   3.0229E+00
   13.540  -8.9969E+00
   13.550  -2.7062E+01
   13.560  -4.7186E+01
   13.570  -6.5207E+01
   13.580  -7.6857E+01
   13.590  -7.7452E+01
   13.600  -6.9761E+01
   13.610  -5.9541E+01
   13.620  -4.9853E+01
   13.630  -4.1003E+01
   13.640  -3.3649E+01
   13.650  -2.7984E+01
   13.660  -2.1088E+01
   13.670  -1.1635E+01
   13.680  -2.5620E+00
   13.690   4.7084E+00
   13.700   1.1284E+01
   13.710   1.4686E+01
   13.720   1.0431E+01
   13.730  -9.9003E-02
   13.740  -1.1522E+01
   13.750  -1.9127E+01
   13.760  -1.9505E+01
   13.770  -1.5862E+01
   13.780  -1.2451E+01
   13.790  -8.9268E+00
   13.800  -7.2028E+00
   13.810  -7.8363E+00
   13.820  -9.7513E+00
   13.830  -1.2810E+01
   13.840  -1.5282E+01
   13.850  -1.7977E+01
   13.860  -2.1743E+01
   13.870  -2.5956E+01
   13.880  -3.1524E+01
   13.890  -3.5578E+01
   13.900  -3.4225E+01
   13.910  -2.7263E+01
   13.920  -1.6541E+01
   13.930  -7.3047E+00
   13.940  -2.7608E+00
   13.950  -3.3094E-01
   13.960   3.5752E+00
   13.970   1.0064E+01
   13.980   1.8882E+01
   13.990   2.9876E+01
   14.000   4.1617E+01
   14.010   5.1403E+01
   14.020   5.6125E+01
   14.030   5.5306E+01
   14.040   4.8611E+01
   14.050   3.6277E+01
   14.060   2.3072E+01
   14.070   1.5800E+01
   14.080   1.7094E+01
   14.090   2.5299E+01
   14.100   2.9907E+01
   14.110   1.8718E+01
   14.120  -4.5168E+00
   14.130  -2.6816E+01
   14.140  -4.2651E+01
   14.150  -5.3442E+01
   14.160  -5.7478E+01
   14.170  -5.2739E+01
   14.180  -4.3639E+01
   14.190  -3.7233E+01
   14.200  -3.8124E+01
   14.210  -4.5472E+01
   14.220  -5.1042E+01
   14.230  -5.0523E+01
   14.240  -4.6653E+01
   14.250  -4.3363E+01
   14.260  -4.2275E+01
   14.270  -4.4721E+01
   14.280  -5.2103E+01
   14.290  -6.1209E+01
   14.300  -6.6667E+01
   14.310  -6.6786E+01
   14.320  -6.1785E+01
   14.330  -5.2987E+01
   14.340  -4.1923E+01
   14.350  -2.9985E+01
   14.360  -1.7523E+01
   14.370  -3.1371E+00
   14.380   1.3543E+01
   14.390   3.4447E+01
   14.400   5.6125E+01
   14.410   7.2794E+01
   14.420   8.2978E+01
   14.430   8.5463E+01
   14.440   8.0530E+01
   14.450   7.0036E+01
   14.460   5.8329E+01
   14.470   4.8937E+01
   14.480   4.3001E+01
   14.490   3.8583E+01
   14.500   3.3655E+01
   14.510   2.6975E+01
   14.520   2.0362E+01
   14.530   1.4963E+01
   14.540   1.1541E+01
   14.550   1.1218E+01
   14.560   1.5059E+01
   14.570   2.3772E+01
   14.580   3.5646E+01
   14.590   4.7399E+01
   14.600   5.5040E+01
   14.610   5.6871E+01
   14.620   5.2138E+01
   14.630   4.3211E+01
   14.640   3.4375E+01
   14.650   2.6640E+01
   14.660   2.1055E+01
   14.670   1.8954E+01
   14.680   1.9613E+01
   14.690   2.1613E+01
   14.700   2.3639E+01
   14.710   2.3857E+01
   14.720   2.2745E+01
   14.730   2.1355E+01
   14.740   1.8892E+01
   14.750   1.4735E+01
   14.760   9.1306E+00
   14.770   4.6746E+00
   14.780   2.6655E+00
   14.790   4.0380E+00
   14.800   8.6577E+00
   14.810   1.4115E+01
   14.820   1.7950E+01
   14.830   1.8034E+01
   14.840   1.3883E+01
   14.850   6.0167E+00
   14.860  -4.2430E+00
   14.870  -1.4194E+01
   14.880  -2.1318E+01
   14.890  -2.2877E+01
   14.900  -1.8414E+01
   14.910  -1.0233E+01
   14.920  -1.5213E+00
   14.930   4.0242E+00
   14.940   5.0901E+00
   14.950   4.5440E+00
   14.960   5.4922E+00
   14.970   7.5870E+00
   14.980   9.3315E+00
   14.990   9.6683E+00
   15.000   8.9054E+00
   15.010   7.7378E+00
   15.020   5.7313E+00
   15.030   3.4334E+00
   15.040   1.5801E+00
   15.050   1.7519E+00
   15.060   4.6514E+00
   15.070   8.8799E+00
   15.080   1.2758E+01
   15.090   1.4230E+01
   15.100   1.2924E+01
   15.110   1.0895E+01
   15.120   9.9189E+00
   15.130   9.3736E+00
   15.140   8.9238E+00
   15.150   9.1086E+00
   15.160   1.0371E+01
   15.170   1.2029E+01
   15.180   1.2702E+01
   15.190   1.2848E+01
   15.200   1.2522E+01
   15.210   1.0258E+01
   15.220   4.6057E+00
   15.230  -4.5130E+00
   15.240  -1.5453E+01
   15.250  -2.6021E+01
   15.260  -3.4412E+01
   15.270  -3.9813E+01
   15.280  -4.2021E+01
   15.290  -3.9977E+01
   15.300  -3.3641E+01
   15.310  -2.5555E+01
   15.320  -1.9126E+01
   15.330  -1.6106E+01
   15.340  -1.5649E+01
   15.350  -1.6171E+01
   15.360  -1.6390E+01
   15.370  -1.6144E+01
   15.380  -1.5496E+01
   15.390  -1.4040E+01
   15.400  -1.2330E+01
   15.410  -1.1997E+01
   15.420  -1.4109E+01
   15.430  -1.8500E+01
   15.440  -2.4201E+01
   15.450  -2.9337E+01
   15.460  -3.1883E+01
   15.470  -3.0697E+01
   15.480  -2.6120E+01
   15.490  -1.9529E+01
   15.500  -1.2551E+01
   15.510  -7.5131E+00
   15.520  -5.7849E+00
   15.530  -6.4912E+00
   15.540  -8.1812E+00
   15.550  -9.1583E+00
   15.560  -9.3612E+00
   15.570  -9.8504E+00
   15.580  -1.0467E+01
   15.590  -1.0222E+01
   15.600  -8.9160E+00
   15.610  -7.0264E+00
   15.620  -5.3568E+00
   15.630  -4.7316E+00
   15.640  -5.3309E+00
   15.650  -6.9376E+00
   15.660  -8.6701E+00
   15.670  -9.4933E+00
   15.680  -8.5583E+00
   15.690  -5.7784E+00
   15.700  -2.3546E+00
   15.710   5.3361E-01
   15.720   3.1254E+00
   15.730   5.3212E+00
   15.740   6.0987E+00
   15.750   5.1601E+00
   15.760   2.9217E+00
   15.770   5.6130E-01
   15.780  -5.9811E-01
   15.790   4.3385E-01
   15.800   3.3128E+00
   15.810   6.8142E+00
   15.820   9.9817E+00
   15.830   1.2472E+01
   15.840   1.4291E+01
   15.850   1.5396E+01
   15.860   1.5749E+01
   15.870   1.5788E+01
   15.880   1.5900E+01
   15.890   1.6167E+01
   15.900   1.6604E+01
   15.910   1.6615E+01
   15.920   1.5230E+01
   15.930   1.1918E+01
   15.940   7.7098E+00
   15.950   4.0243E+00
   15.960   4.9820E-01
   15.970  -3.5883E+00
   15.980  -8.0861E+00
   15.990  -1.2267E+01
   16.000  -1.5604E+01
   16.010  -1.7953E+01
   16.020  -1.9092E+01
   16.030  -1.9023E+01
   16.040  -1.7710E+01
   16.050  -1.5222E+01
   16.060  -1.2079E+01
   16.070  -8.9178E+00
   16.080  -6.1612E+00
   16.090  -3.8048E+00
   16.100  -1.9613E+00
   16.110  -5.3197E-01
   16.120   6.1233E-01
   16.130   1.5811E+00
   16.140   2.0982E+00
   16.150   1.5668E+00
   16.160   3.3265E-01
   16.170  -4.0499E-01
   16.180   3.3732E-01
   16.190   2.5375E+00
   16.200   5.1688E+00
   16.210   7.1687E+00
   16.220   8.2547E+00
   16.230   9.0085E+00
   16.240   1.0111E+01
   16.250   1.1564E+01
   16.260   1.2655E+01
   16.270   1.3053E+01
   16.280   1.3133E+01
   16.290   1.3548E+01
   16.300   1.4514E+01
   16.310   1.5636E+01
   16.320   1.6433E+01
   16.330   1.6600E+01
   16.340   1.5954E+01
   16.350   1.4577E+01
   16.360   1.3025E+01
   16.370   1.1874E+01
   16.380   1.1197E+01
   16.390   1.0547E+01
   16.400   9.6103E+00
   16.410   8.8184E+00
   16.420   8.4061E+00
   16.430   7.8446E+00
   16.440   6.7457E+00
   16.450   5.1534E+00
   16.460   3.5152E+00
   16.470   2.5005E+00
   16.480   2.5716E+00
   16.490   3.5164E+00
   16.500   4.7888E+00
   16.510   5.7551E+00
   16.520   5.8266E+00
   16.530   4.7743E+00
   16.540   2.5912E+00
   16.550  -5.4217E-01
   16.560  -3.7656E+00
   16.570  -6.3632E+00
   16.580  -8.2095E+00
   16.590  -9.2938E+00
   16.600  -9.6637E+00
   16.610  -9.3736E+00
   16.620  -8.9285E+00
   16.630  -8.7475E+00
   16.640  -8.8422E+00
   16.650  -9.2741E+00
   16.660  -9.9461E+00
   16.670  -1.0738E+01
   16.680  -1.1684E+01
   16.690  -1.2861E+01
   16.700  -1.4272E+01
   16.710  -1.5627E+01
   16.720  -1.6752E+01
   16.730  -1.7655E+01
   16.740  -1.7999E+01
   16.750  -1.7623E+01
   16.760  -1.6762E+01
   16.770  -1.5521E+01
   16.780  -1.3791E+01
   16.790  -1.1580E+01
   16.800  -9.0055E+00
   16.810  -6.1768E+00
   16.820  -3.2405E+00
   16.830  -5.6930E-01
   16.840   1.3412E+00
   16.850   2.2858E+00
   16.860   2.5086E+00
   16.870   2.4891E+00
   16.880   2.5341E+00
   16.890   2.6094E+00
   16.900   2.4563E+00
   16.910   2.0589E+00
   16.920   1.6354E+00
   16.930   1.3437E+00
   16.940   1.0925E+00
   16.950   8.0366E-01
   16.960   6.2010E-01
   16.970   8.0473E-01
   16.980   1.3766E+00
   16.990   2.0351E+00
   17.000   2.3894E+00
   17.010   2.2317E+00
   17.020   1.6033E+00
   17.030   5.8325E-01
   17.040  -5.4189E-01
   17.050  -1.4166E+00
   17.060  -1.8881E+00
   17.070  -2.0810E+00
   17.080  -2.2064E+00
   17.090  -2.4923E+00
   17.100  -2.9911E+00
   17.110  -3.5624E+00
   17.120  -4.1250E+00
   17.130  -4.6496E+00
   17.140  -5.1449E+00
   17.150  -5.6348E+00
   17.160  -6.0157E+00
   17.170  -6.1888E+00
   17.180  -6.0166E+00
   17.190  -5.5115E+00
   17.200  -4.8481E+00
   17.210  -4.2215E+00
   17.220  -3.6886E+00
   17.230  -3.2508E+00
   17.240  -2.9005E+00
   17.250  -2.5793E+00
   17.260  -2.2065E+00
   17.270  -1.6128E+00
   17.280  -6.0798E-01
   17.290   8.6126E-01
   17.300   2.5928E+00
   17.310   4.1867E+00
   17.320   5.2892E+00
   17.330   5.7335E+00
   17.340   5.6311E+00
   17.350   5.2146E+00
   17.360   4.7131E+00
   17.370   4.3514E+00
   17.380   4.2377E+00
   17.390   4.3600E+00
   17.400   4.6479E+00
   17.410   5.0258E+00
   17.420   5.3272E+00
   17.430   5.3261E+00
   17.440   4.8654E+00
   17.450   3.9872E+00
   17.460   2.9235E+00
   17.470   1.9868E+00
   17.480   1.4001E+00
   17.490   1.2141E+00
   17.500   1.3631E+00
   17.510   1.6746E+00
   17.520   2.0324E+00
   17.530   2.4355E+00
   17.540   2.9014E+00
   17.550   3.4118E+00
   17.560   3.8894E+00
   17.570   4.2950E+00
   17.580   4.6253E+00
   17.590   4.8909E+00
   17.600   5.1178E+00
   17.610   5.2630E+00
   17.620   5.2453E+00
   17.630   5.0021E+00
   17.640   4.5034E+00
   17.650   3.7696E+00
   17.660   2.8532E+00
   17.670   1.8660E+00
   17.680   1.0360E+00
   17.690   5.7883E-01
   17.700   5.5584E-01
   17.710   8.3467E-01
   17.720   1.1607E+00
   17.730   1.3147E+00
   17.740   1.2895E+00
   17.750   1.2228E+00
   17.760   1.2317E+00
   17.770   1.3402E+00
   17.780   1.5272E+00
   17.790   1.7675E+00
   17.800   1.9648E+00
   17.810   1.9980E+00
   17.820   1.7668E+00
   17.830   1.2549E+00
   17.840   5.4831E-01
   17.850  -2.4795E-01
   17.860  -1.0395E+00
   17.870  -1.7332E+00
   17.880  -2.2341E+00
   17.890  -2.4705E+00
   17.900  -2.4546E+00
   17.910  -2.2715E+00
   17.920  -2.0121E+00
   17.930  -1.7296E+00
   17.940  -1.4225E+00
   17.950  -1.0478E+00
   17.960  -5.8990E-01
   17.970  -9.0885E-02
   17.980   4.0940E-01
   17.990   8.9611E-01
   18.000   1.3995E+00
   18.010   1.9297E+00
   18.020   2.4010E+00
   18.030   2.6809E+00
   18.040   2.6794E+00
   18.050   2.4128E+00
   18.060   2.0231E+00
   18.070   1.6851E+00
   18.080   1.4740E+00
   18.090   1.3535E+00
   18.100   1.2339E+00
   18.110   1.0205E+00
   18.120   6.3198E-01
   18.130   2.6630E-02
   18.140  -7.6224E-01
   18.150  -1.6482E+00
   18.160  -2.5099E+00
   18.170  -3.2040E+00
   18.180  -3.6166E+00
   18.190  -3.7254E+00
   18.200  -3.6054E+00
   18.210  -3.3874E+00
   18.220  -3.1498E+00
   18.230  -2.9109E+00
   18.240  -2.6816E+00
   18.250  -2.5259E+00
   18.260  -2.5073E+00
   18.270  -2.5749E+00
   18.280  -2.5929E+00
   18.290  -2.4716E+00
   18.300  -2.2310E+00
   18.310  -1.9823E+00
   18.320  -1.8410E+00
   18.330  -1.8523E+00
   18.340  -1.9875E+00
   18.350  -2.1620E+00
   18.360  -2.3075E+00
   18.370  -2.4545E+00
   18.380  -2.6759E+00
   18.390  -3.0096E+00
   18.400  -3.4008E+00
   18.410  -3.7164E+00
   18.420  -3.8682E+00
   18.430  -3.8695E+00
   18.440  -3.8042E+00
   18.450  -3.7483E+00
   18.460  -3.7461E+00
   18.470  -3.7443E+00
   18.480  -3.6440E+00
   18.490  -3.4308E+00
   18.500  -3.1594E+00
   18.510  -2.8716E+00
   18.520  -2.5741E+00
   18.530  -2.3163E+00
   18.540  -2.2147E+00
   18.550  -2.3311E+00
   18.560  -2.5749E+00
   18.570  -2.7372E+00
   18.580  -2.6263E+00
   18.590  -2.1958E+00
   18.600  -1.5482E+00
   18.610  -8.3449E-01
   18.620  -1.8488E-01
   18.630   2.9511E-01
   18.640   5.3397E-01
   18.650   5.8061E-01
   18.660   6.1645E-01
   18.670   7.9682E-01
   18.680   1.1332E+00
   18.690   1.5374E+00
   18.700   1.9749E+00
   18.710   2.5287E+00
   18.720   3.3080E+00
   18.730   4.2480E+00
   18.740   5.1144E+00
   18.750   5.6705E+00
   18.760   5.7821E+00
   18.770   5.4769E+00
   18.780   4.8662E+00
   18.790   4.0864E+00
   18.800   3.2697E+00
   18.810   2.5460E+00
   18.820   1.9773E+00
   18.830   1.5266E+00
   18.840   1.1081E+00
   18.850   6.3615E-01
   18.860   7.8808E-02
   18.870  -5.1289E-01
   18.880  -1.0239E+00
   18.890  -1.3268E+00
   18.900  -1.3789E+00
   18.910  -1.2703E+00
   18.920  -1.1303E+00
   18.930  -1.0220E+00
   18.940  -9.3815E-01
   18.950  -8.6608E-01
   18.960  -8.0848E-01
   18.970  -7.4477E-01
   18.980  -6.2176E-01
   18.990  -3.9223E-01
   19.000  -5.8340E-02
   19.010   2.9902E-01
   19.020   5.2206E-01
   19.030   4.9052E-01
   19.040   2.5394E-01
   19.050   1.5067E-03
   19.060  -1.0011E-01
   19.070  -2.0328E-02
   19.080   1.4670E-01
   19.090   2.9381E-01
   19.100   4.1503E-01
   19.110   5.5614E-01
   19.120   6.9505E-01
   19.130   7.2778E-01
   19.140   5.9911E-01
   19.150   3.6999E-01
   19.160   1.5722E-01
   19.170   4.1912E-02
   19.180   6.6813E-02
   19.190   2.8614E-01
   19.200   7.2973E-01
   19.210   1.3534E+00
   19.220   2.0355E+00
   19.230   2.6435E+00
   19.240   3.1034E+00
   19.250   3.3911E+00
   19.260   3.5146E+00
   19.270   3.5099E+00
   19.280   3.4349E+00
   19.290   3.3482E+00
   19.300   3.2854E+00
   19.310   3.2480E+00
   19.320   3.2039E+00
   19.330   3.1044E+00
   19.340   2.9251E+00
   19.350   2.6978E+00
   19.360   2.4928E+00
   19.370   2.3644E+00
   19.380   2.3268E+00
   19.390   2.3794E+00
   19.400   2.5276E+00
   19.410   2.7573E+00
   19.420   3.0001E+00
   19.430   3.1466E+00
   19.440   3.1080E+00
   19.450   2.8707E+00
   19.460   2.5114E+00
   19.470   2.1614E+00
   19.480   1.9280E+00
   19.490   1.8051E+00
   19.500   1.6553E+00
   19.510   1.3082E+00
   19.520   7.0635E-01
   19.530  -5.2510E-02
   19.540  -8.2670E-01
   19.550  -1.5762E+00
   19.560  -2.3720E+00
   19.570  -3.2652E+00
   19.580  -4.1784E+00
   19.590  -4.9508E+00
   19.600  -5.4652E+00
   19.610  -5.6937E+00
   19.620  -5.6289E+00
   19.630  -5.2388E+00
   19.640  -4.5320E+00
   19.650  -3.6394E+00
   19.660  -2.7660E+00
   19.670  -2.0473E+00
   19.680  -1.4745E+00
   19.690  -9.6080E-01
   19.700  -4.4794E-01
   19.710   5.5388E-02
   19.720   4.8936E-01
   19.730   7.6511E-01
   19.740   8.0880E-01
   19.750   6.3678E-01
   19.760   3.8556E-01
   19.770   2.2858E-01
   19.780   2.5290E-01
   19.790   4.2920E-01
   19.800   6.8335E-01
   19.810   9.5345E-01
   19.820   1.1793E+00
   19.830   1.2985E+00
   19.840   1.3036E+00
   19.850   1.2870E+00
   19.860   1.3851E+00
   19.870   1.6613E+00
   19.880   2.0452E+00
   19.890   2.3786E+00
   19.900   2.5138E+00
   19.910   2.3875E+00
   19.920   2.0360E+00
   19.930   1.5519E+00
   19.940   1.0219E+00
   19.950   4.9857E-01
   19.960   1.9462E-02
   19.970  -3.7747E-01
   19.980  -6.8102E-01
   19.990  -9.2904E-01
   20.000  -1.1663E+00
   20.010  -1.3826E+00
   20.020  -1.5306E+00
   20.030  -1.6155E+00
   20.040  -1.7242E+00
   20.050  -1.9318E+00
   20.060  -2.2045E+00
   20.070  -2.4355E+00
   20.080  -2.5673E+00
   20.090  -2.6393E+00
   20.100  -2.7079E+00
   20.110  -2.7627E+00
   20.120  -2.7485E+00
   20.130  -2.6458E+00
   20.140  -2.4974E+00
   20.150  -2.3564E+00
   20.160  -2.2342E+00
   20.170  -2.1085E+00
   20.180  -1.9724E+00
   20.190  -1.8681E+00
   20.200  -1.8704E+00
   20.210  -2.0287E+00
   20.220  -2.3085E+00
   20.230  -2.5902E+00
   20.240  -2.7385E+00
   20.250  -2.6854E+00
   20.260  -2.4506E+00
   20.270  -2.0948E+00
   20.280  -1.6746E+00
   20.290  -1.2464E+00
   20.300  -8.8301E-01
   20.310  -6.4728E-01
   20.320  -5.3542E-01
   20.330  -4.5715E-01
   20.340  -2.8169E-01
   20.350   9.0824E-02
   20.360   6.8577E-01
   20.370   1.4478E+00
   20.380   2.2652E+00
   20.390   3.0278E+00
   20.400   3.7001E+00
   20.410   4.3424E+00
   20.420   5.0366E+00
   20.430   5.7774E+00
   20.440   6.4476E+00
   20.450   6.8977E+00
   20.460   7.0266E+00
   20.470   6.7870E+00
   20.480   6.1700E+00
   20.490   5.2395E+00
   20.500   4.1642E+00
   20.510   3.1511E+00
   20.520   2.3203E+00
   20.530   1.6632E+00
   20.540   1.1144E+00
   20.550   6.0982E-01
   20.560   6.5116E-02
   20.570  -6.2495E-01
   20.580  -1.4883E+00
   20.590  -2.4021E+00
   20.600  -3.1857E+00
   20.610  -3.7728E+00
   20.620  -4.2364E+00
   20.630  -4.6421E+00
   20.640  -4.9394E+00
   20.650  -5.0275E+00
   20.660  -4.8779E+00
   20.670  -4.5591E+00
   20.680  -4.1794E+00
   20.690  -3.8521E+00
   20.700  -3.6774E+00
   20.710  -3.6830E+00
   20.720  -3.7689E+00
   20.730  -3.7593E+00
   20.740  -3.5358E+00
   20.750  -3.1144E+00
   20.760  -2.5998E+00
   20.770  -2.0958E+00
   20.780  -1.6529E+00
   20.790  -1.2596E+00
   20.800  -8.5400E-01
   20.810  -3.6994E-01
   20.820   2.0480E-01
   20.830   8.1942E-01
   20.840   1.4166E+00
   20.850   1.9755E+00
   20.860   2.4891E+00
   20.870   2.9294E+00
   20.880   3.2717E+00
   20.890   3.5410E+00
   20.900   3.7976E+00
   20.910   4.0721E+00
   20.920   3.8851E+00
   20.930   4.3881E+00
   20.940   4.7887E+00
   20.950   5.1865E+00
   20.960   5.4595E+00
   20.970   5.4348E+00
   20.980   5.0407E+00
   20.990   4.3965E+00
   21.000   3.7326E+00
   21.010   3.2175E+00
   21.020   2.8648E+00
   21.030   2.5895E+00
   21.040   2.3356E+00
   21.050   2.1487E+00
   21.060   2.1437E+00
   21.070   2.3959E+00
   21.080   2.8338E+00
   21.090   3.2967E+00
   21.100   3.1580E+00
   21.110   2.5852E+00
   21.120   1.7010E+00
   21.130   7.6226E-01
   21.140   4.2374E-03
   21.150  -4.4770E-01
   21.160  -2.0587E-01
   21.170  -1.1249E-01
   21.180  -6.0941E-02
   21.190  -2.3649E-01
   21.200  -6.7847E-01
   21.210  -1.2719E+00
   21.220  -1.8765E+00
   21.230  -2.4431E+00
   21.240  -2.9990E+00
   21.250  -3.5720E+00
   21.260  -4.1676E+00
   21.270  -4.7850E+00
   21.280  -5.3933E+00
   21.290  -5.8886E+00
   21.300  -5.6085E+00
   21.310  -5.5655E+00
   21.320  -5.2012E+00
   21.330  -4.5894E+00
   21.340  -3.0338E+00
   21.350  -2.3304E+00
   21.360  -1.5849E+00
   21.370  -8.1552E-01
   21.380  -3.3714E-02
   21.390   7.2523E-01
   21.400   1.4294E+00
   21.410   2.1082E+00
   21.420   2.7551E+00
   21.430   3.5432E+00
   21.440   4.3252E+00
   21.450   4.9471E+00
   21.460   5.2236E+00
   21.470   5.6228E+00
   21.480   5.9946E+00
   21.490   6.2513E+00
   21.500   6.2257E+00
   21.510   5.8094E+00
   21.520   5.0328E+00
   21.530   4.5682E+00
   21.540   3.4010E+00
   21.550   2.6782E+00
   21.560   2.2304E+00
   21.570   1.9869E+00
   21.580   1.8378E+00
   21.590   1.6997E+00
   21.600   1.6004E+00
   21.610   1.5548E+00
   21.620   1.5477E+00
   21.630   1.5311E+00
   21.640   1.4595E+00
   21.650   9.7809E-01
   21.660   8.3467E-01
   21.670  -7.8052E-01
   21.680  -1.0509E+00
   21.690  -8.5144E-01
   21.700  -1.1378E+00
   21.710  -1.3460E+00
   21.720  -1.5243E+00
   21.730  -1.7470E+00
   21.740  -2.0720E+00
   21.750  -2.5350E+00
   21.760  -3.1263E+00
   21.770  -3.7581E+00
   21.780  -4.3070E+00
   21.790  -4.7290E+00
   21.800  -5.1032E+00
   21.810  -5.5744E+00
   21.820  -6.0995E+00
   21.830  -6.5750E+00
   21.840  -6.8324E+00
   21.850  -7.2602E+00
   21.860  -7.2526E+00
   21.870  -7.0972E+00
   21.880  -6.7626E+00
   21.890  -6.2196E+00
   21.900  -4.4114E+00
   21.910  -3.5282E+00
   21.920  -2.6821E+00
   21.930  -1.9667E+00
   21.940  -1.3877E+00
   21.950  -8.4735E-01
   21.960  -2.2824E-01
   21.970   4.8292E-01
   21.980   1.1637E+00
   21.990   1.6557E+00
   22.000   1.8873E+00
   22.010   1.8999E+00
   22.020   1.7837E+00
   22.030   1.6230E+00
   22.040   1.5536E+00
   22.050   1.5189E+00
   22.060   1.3568E+00
   22.070   1.6119E+00
   22.080   1.8097E+00
   22.090   2.2223E+00
   22.100   2.4914E+00
   22.110   2.7729E+00
   22.120   3.0119E+00
   22.130   3.1523E+00
   22.140   3.1872E+00
   22.150   3.1548E+00
   22.160   3.1170E+00
   22.170   3.1539E+00
   22.180   3.3363E+00
   22.190   3.6408E+00
   22.200   3.8967E+00
   22.210   2.7059E+00
   22.220   2.3595E+00
   22.230   1.7307E+00
   22.240   9.3859E-01
   22.250   8.7200E-02
   22.260  -1.6712E+00
   22.270  -2.3014E+00
   22.280  -2.8056E+00
   22.290  -3.1981E+00
   22.300  -3.6396E+00
   22.310  -3.8667E+00
   22.320  -4.0724E+00
   22.330  -4.2061E+00
   22.340  -4.1753E+00
   22.350  -3.8711E+00
   22.360  -3.1862E+00
   22.370  -2.2196E+00
   22.380  -9.8313E-01
   22.390   2.8451E-01
   22.400   1.4451E+00
   22.410   2.3525E+00
   22.420   2.9244E+00
   22.430   3.1379E+00
   22.440   3.3702E+00
   22.450   3.4541E+00
   22.460   3.6072E+00
   22.470   3.6751E+00
   22.480   2.3308E+00
   22.490   2.4564E+00
   22.500   2.6351E+00
   22.510   3.0729E+00
   22.520   3.6679E+00
   22.530   4.3123E+00
   22.540   4.3840E+00
   22.550   4.5241E+00
   22.560   4.5814E+00
   22.570   4.4063E+00
   22.580   4.1536E+00
   22.590   3.9722E+00
   22.600   4.1783E+00
   22.610   4.4532E+00
   22.620   4.6300E+00
   22.630   4.8228E+00
   22.640   4.7488E+00
   22.650   3.7540E+00
   22.660   3.3212E+00
   22.670   2.9330E+00
   22.680   2.6153E+00
   22.690   2.2614E+00
   22.700   1.6293E+00
   22.710   1.1328E+00
   22.720   6.2933E-01
   22.730   9.1641E-02
   22.740   4.3193E-02
   22.750  -9.5668E-01
   22.760  -1.3193E+00
   22.770  -1.4852E+00
   22.780  -1.6122E+00
   22.790  -1.7982E+00
   22.800  -2.1195E+00
   22.810  -2.6258E+00
   22.820  -3.3074E+00
   22.830  -4.0350E+00
   22.840  -4.5694E+00
   22.850  -4.6860E+00
   22.860  -4.3182E+00
   22.870  -3.5777E+00
   22.880  -2.6286E+00
   22.890  -1.6224E+00
   22.900  -1.1673E+00
   22.910   1.6622E-01
   22.920   5.4951E-01
   22.930   7.3982E-01
   22.940   7.9672E-01
   22.950   7.8345E-01
   22.960   8.5810E-01
   22.970   8.6630E-01
   22.980   9.2150E-01
   22.990   1.1794E+00
   23.000   1.6624E+00
   23.010   1.9187E+00
   23.020   2.4601E+00
   23.030   2.8267E+00
   23.040   2.8826E+00
   23.050   2.6347E+00
   23.060   2.1998E+00
   23.070   1.5860E+00
   23.080   1.2477E+00
   23.090   6.0182E-01
   23.100   4.1226E-01
   23.110   3.9024E-01
   23.120   4.7733E-01
   23.130   7.1866E-01
   23.140   1.0707E+00
   23.150   1.3751E+00
   23.160   1.6728E+00
   23.170   2.3839E+00
   23.180   2.3685E+00
   23.190   2.1845E+00
   23.200   1.8208E+00
   23.210   1.1773E+00
   23.220   4.0158E-01
   23.230  -6.0059E-01
   23.240  -1.5418E+00
   23.250  -2.2601E+00
   23.260  -2.6781E+00
   23.270  -2.8081E+00
   23.280  -2.7196E+00
   23.290  -2.4833E+00
   23.300  -1.4016E+00
   23.310  -9.5299E-01
   23.320  -8.0713E-01
   23.330  -3.2848E-01
   23.340   3.9651E-02
   23.350   3.0648E-01
   23.360   5.1343E-01
   23.370   7.2742E-01
   23.380   9.8835E-01
   23.390   1.1451E+00
   23.400   1.6316E+00
   23.410   2.0829E+00
   23.420   2.2044E+00
   23.430   2.2607E+00
   23.440   2.0175E+00
   23.450   1.3812E+00
   23.460   5.7590E-01
   23.470  -3.4604E-01
   23.480  -1.2243E+00
   23.490  -1.9293E+00
   23.500  -2.4238E+00
   23.510  -2.7447E+00
   23.520  -2.6411E+00
   23.530  -2.6685E+00
   23.540  -2.5059E+00
   23.550  -2.2780E+00
   23.560  -1.9654E+00
   23.570  -1.6073E+00
   23.580  -1.3572E+00
   23.590  -8.2985E-01
   23.600  -4.0806E-01
   23.610  -5.7376E-02
   23.620   6.4699E-02
   23.630  -8.8957E-01
   23.640  -1.0104E+00
   23.650  -9.0712E-01
   23.660  -9.5411E-01
   23.670  -8.9257E-01
   23.680  -7.2568E-01
   23.690  -1.0969E+00
   23.700  -9.2709E-01
   23.710  -7.9038E-01
   23.720  -7.3188E-01
   23.730  -8.1846E-01
   23.740  -9.6081E-01
   23.750  -2.9550E-01
   23.760  -6.9362E-01
   23.770  -6.4979E-01
   23.780  -5.7264E-01
   23.790  -4.0845E-01
   23.800  -1.6756E-01
   23.810   1.6889E-01
   23.820   5.4238E-01
   23.830   8.7270E-01
   23.840   1.2184E+00
   23.850   1.7369E+00
   23.860   1.9907E+00
   23.870   2.1654E+00
   23.880   2.1588E+00
   23.890   2.3827E+00
   23.900   2.6891E+00
   23.910   1.9290E+00
   23.920   2.4193E+00
   23.930   2.7517E+00
   23.940   2.8438E+00
   23.950   2.9385E+00
   23.960   2.6389E+00
   23.970   2.2267E+00
   23.980   1.1059E+00
   23.990   6.3794E-01
   24.000   5.2144E-02
   24.010  -6.4446E-01
   24.020  -1.3611E+00
   24.030  -1.9692E+00
   24.040  -2.3549E+00
   24.050  -1.7997E+00
   24.060  -1.6432E+00
   24.070  -1.1576E+00
   24.080  -5.7350E-01
   24.090   3.0333E-01
   24.100   1.1565E+00
   24.110   1.8254E+00
   24.120   2.2240E+00
   24.130   2.3605E+00
   24.140   2.3024E+00
   24.150   5.7701E-01
   24.160   3.1029E-01
   24.170   6.3352E-02
   24.180  -2.4425E-01
   24.190  -6.2327E-01
   24.200  -1.0831E+00
   24.210  -1.5679E+00
   24.220  -2.0045E+00
   24.230  -2.3288E+00
   24.240  -2.5537E+00
   24.250  -2.6596E+00
   24.260  -2.7289E+00
   24.270  -2.7340E+00
   24.280  -2.6730E+00
   24.290  -2.5395E+00
   24.300  -2.3245E+00
   24.310  -2.0729E+00
   24.320  -1.7308E+00
   24.330  -1.2978E+00
   24.340  -7.5701E-01
   24.350  -9.7735E-02
   24.360   6.6191E-01
   24.370   1.4629E+00
   24.380   2.2268E+00
   24.390   2.8933E+00
   24.400   3.4149E+00
   24.410   3.7728E+00
   24.420   3.8989E+00
   24.430   3.7675E+00
   24.440   3.4337E+00
   24.450   3.0060E+00
   24.460   2.5832E+00
   24.470   2.2154E+00
   24.480   1.9151E+00
   24.490   1.6761E+00
   24.500   1.4427E+00
   24.510   1.1546E+00
   24.520   5.4324E-01
   24.530   1.6390E-01
   24.540  -2.8095E-01
   24.550  -6.2993E-01
   24.560  -7.7845E-01
   24.570  -6.6640E-01
   24.580  -3.3260E-01
   24.590   8.4628E-02
   24.600   4.2204E-01
   24.610   6.1484E-01
   24.620   7.0770E-01
   24.630   7.8434E-01
   24.640   8.8042E-01
   24.650   9.7337E-01
   24.660   1.0223E+00
   24.670   1.0035E+00
   24.680   9.2136E-01
   24.690  -8.6392E-02
   24.700   4.9062E-02
   24.710   1.4158E-01
   24.720   4.0330E-01
   24.730   5.4269E-01
   24.740   5.9386E-01
   24.750   5.5824E-01
   24.760   4.9536E-01
   24.770   3.2604E-01
   24.780   2.3444E-01
   24.790   1.9308E-02
   24.800  -7.1116E-02
   24.810  -2.5269E-01
   24.820  -4.0908E-01
   24.830  -5.1579E-01
   24.840  -6.0264E-01
   24.850  -3.4000E-01
   24.860   1.7338E-01
   24.870   8.9626E-01
   24.880   1.7013E+00
   24.890   2.4076E+00
   24.900   2.8495E+00
   24.910   2.8394E+00
   24.920   2.3936E+00
   24.930   1.6707E+00
   24.940   7.2702E-01
   24.950  -3.2207E-01
   24.960  -8.6413E-01
   24.970  -1.3879E+00
   24.980  -1.6284E+00
   24.990  -1.7927E+00
   25.000  -1.8678E+00
   25.010  -1.8806E+00
   25.020  -1.8233E+00
   25.030  -1.6729E+00
   25.040  -1.4091E+00
   25.050  -1.0722E+00
   25.060  -4.2807E-01
   25.070   5.9266E-01
   25.080   8.8860E-01
   25.090   1.2144E+00
   25.100   1.4219E+00
   25.110   1.5207E+00
   25.120   1.3372E+00
   25.130   7.7842E-01
   25.140   5.8935E-01
   25.150   3.5635E-01
   25.160   2.5326E-01
   25.170   1.6336E-01
   25.180   6.3200E-02
   25.190   1.7123E-02
   25.200  -2.2193E-01
   25.210  -5.3025E-01
   25.220  -8.7048E-01
   25.230  -1.1257E+00
   25.240  -1.3837E+00
   25.250  -1.5092E+00
   25.260  -1.0422E+00
   25.270  -8.8563E-01
   25.280  -6.4431E-01
   25.290  -3.8870E-01
   25.300  -1.7936E-01
   25.310  -3.4023E-02
   25.320   6.5461E-02
   25.330   1.4131E-01
   25.340   1.7601E-01
   25.350   1.6139E-01
   25.360   1.8205E-01
   25.370   2.6624E-01
   25.380   4.2308E-01
   25.390   9.1298E-01
   25.400   1.0344E+00
   25.410   1.0434E+00
   25.420   1.1345E+00
   25.430   8.7631E-01
   25.440   5.6960E-01
   25.450   3.1359E-01
   25.460   1.5560E-01
   25.470   8.1072E-02
   25.480   4.8405E-02
   25.490   2.7207E-02
   25.500   5.5265E-02
   25.510   7.2948E-02
   25.520   1.2605E-01
   25.530   1.0402E-01
   25.540   1.7867E-01
   25.550   1.5298E-01
   25.560   1.1422E-01
   25.570  -6.9981E-02
   25.580   3.8101E-01
   25.590   1.2103E-01
   25.600  -1.2762E-01
   25.610  -3.1698E-01
   25.620  -3.5047E-01
   25.630  -3.7231E-01
   25.640  -2.7670E-01
   25.650  -1.7074E-01
   25.660  -5.5010E-02
   25.670   5.5924E-02
   25.680   2.5911E-01
   25.690   3.3224E-01
   25.700   3.4571E-01
   25.710   2.4078E-01
   25.720  -1.4630E-02
   25.730  -3.8116E-01
   25.740  -7.9162E-01
   25.750  -1.1737E+00
   25.760  -1.4503E+00
   25.770  -1.5475E+00
   25.780  -1.0305E+00
   25.790  -9.6528E-01
   25.800  -8.2681E-01
   25.810  -7.3224E-01
   25.820  -7.0673E-01
   25.830  -7.3578E-01
   25.840  -7.9844E-01
   25.850  -8.5928E-01
   25.860  -8.9440E-01
   25.870  -8.4860E-01
   25.880  -9.4978E-01
   25.890  -1.0139E+00
   25.900  -9.6314E-01
   25.910  -9.6836E-01
   25.920  -1.0110E+00
   25.930  -1.0217E+00
   25.940  -9.9142E-01
   25.950  -9.3113E-01
   25.960  -8.4827E-01
   25.970  -7.3455E-01
   25.980  -5.2123E-01
   25.990  -3.4987E-01
   26.000  -2.7739E-01
   26.010  -1.8288E-01
   26.020  -1.2071E-01
   26.030  -7.0129E-02
   26.040  -4.0134E-02
   26.050  -3.1144E-02
   26.060  -3.8803E-02
   26.070  -4.9970E-02
   26.080  -5.4589E-02
   26.090  -5.1746E-02
   26.100  -4.6232E-02
   26.110  -4.5930E-02
   26.120  -6.2042E-02
   26.130  -1.0280E-01
   26.140  -1.6075E-01
   26.150  -2.0913E-01
   26.160  -2.1663E-01
   26.170  -1.6789E-01
   26.180  -6.9767E-02
   26.190   5.8814E-02
   26.200   1.9782E-01
   26.210   3.2814E-01
   26.220   4.3313E-01
   26.230   5.1054E-01
   26.240   5.8550E-01
   26.250   7.0239E-01
   26.260   8.9302E-01
   26.270   1.1495E+00
   26.280   1.4356E+00
   26.290   1.5120E+00
   26.300   1.7056E+00
   26.310   1.8133E+00
   26.320   1.7252E+00
   26.330   1.6139E+00
   26.340   1.4453E+00
   26.350   1.2624E+00
   26.360   1.0856E+00
   26.370   9.0611E-01
   26.380   6.6430E-01
   26.390   4.3827E-01
   26.400   2.0732E-01
   26.410  -1.0665E-01
   26.420  -2.7609E-01
   26.430  -4.3736E-01
   26.440  -3.9929E-01
   26.450  -5.2604E-01
   26.460  -6.3325E-01
   26.470  -7.3062E-01
   26.480  -8.4391E-01
   26.490  -9.9094E-01
   26.500  -1.1633E+00
   26.510  -1.3274E+00
   26.520  -1.4680E+00
   26.530  -1.5622E+00
   26.540  -1.6275E+00
   26.550  -1.5670E+00
   26.560  -1.4066E+00
   26.570  -1.1296E+00
   26.580  -8.2693E-01
   26.590  -5.0077E-01
   26.600  -1.9085E-01
   26.610  -5.8961E-01
   26.620  -2.9127E-01
   26.630  -1.9395E-01
   26.640  -8.7473E-02
   26.650   3.9770E-02
   26.660   1.6579E-01
   26.670   3.4519E-01
   26.680   2.4242E-01
   26.690   2.5321E-01
   26.700   2.2299E-01
   26.710   1.7791E-01
   26.720   1.6081E-01
   26.730   1.8489E-01
   26.740   2.1147E-01
   26.750   3.3115E-01
   26.760  -9.4273E-02
   26.770  -2.7559E-02
   26.780   5.2914E-02
   26.790   1.5014E-01
   26.800   2.5729E-01
   26.810   3.5575E-01
   26.820   4.1973E-01
   26.830   4.2810E-01
   26.840   3.7749E-01
   26.850   2.8592E-01
   26.860   1.8271E-01
   26.870   9.2486E-02
   26.880   2.4871E-02
   26.890  -2.4891E-02
   26.900  -6.7022E-02
   26.910  -1.2317E-01
   26.920  -1.2942E-01
   26.930  -1.5110E-01
   26.940  -1.8968E-01
   26.950  -2.3782E-01
   26.960  -2.8422E-01
   26.970  -3.1848E-01
   26.980  -3.3397E-01
   26.990  -3.3227E-01
   27.000  -3.1903E-01
   27.010  -2.9416E-01
   27.020  -2.6547E-01
   27.030  -3.1334E-01
   27.040  -2.8227E-01
   27.050  -2.5931E-01
   27.060  -2.3477E-01
   27.070  -2.0897E-01
   27.080  -1.7369E-01
   27.090  -1.1918E-01
   27.100  -4.7984E-02
   27.110   2.6473E-02
   27.120   8.9437E-02
   27.130   1.3319E-01
   27.140   1.5605E-01
   27.150   1.5751E-01
   27.160   1.3856E-01
   27.170   1.0591E-01
   27.180   5.0462E-02
   27.190   2.4632E-02
   27.200   1.1879E-01
   27.210   9.6963E-02
   27.220   6.2166E-02
   27.230   1.6833E-02
   27.240  -3.0592E-02
   27.250  -6.9206E-02
   27.260  -1.0090E-01
   27.270  -1.2727E-01
   27.280  -1.5631E-01
   27.290  -1.9455E-01
   27.300  -2.1406E-01
   27.310  -2.4960E-01
   27.320  -2.7499E-01
   27.330  -2.8330E-01
   27.340  -2.7143E-01
   27.350  -2.3740E-01
   27.360  -1.8216E-01
   27.370  -1.1355E-01
   27.380  -4.4718E-02
   27.390   1.3107E-02
   27.400   5.5333E-02
   27.410   8.1676E-02
   27.420   9.2281E-02
   27.430   8.8669E-02
   27.440   8.9407E-02
   27.450   7.7459E-02
   27.460   6.5578E-02
   27.470   6.1884E-02
   27.480   2.3972E-02
   27.490  -1.7195E-02
   27.500  -5.3837E-02
   27.510  -7.7691E-02
   27.520  -8.5368E-02
   27.530  -7.9539E-02
   27.540  -6.6606E-02
   27.550  -5.3670E-02
   27.560  -4.5557E-02
   27.570  -4.1291E-02
   27.580  -3.1823E-02
   27.590  -1.4374E-02
   27.600   1.5168E-02
   27.610   5.2791E-02
   27.620   8.9782E-02
   27.630   1.1489E-01
   27.640   1.2949E-01
   27.650   1.3084E-01
   27.660   1.2406E-01
   27.670   1.1691E-01
   27.680   1.1587E-01
   27.690   1.2162E-01
   27.700   1.2746E-01
   27.710   1.2408E-01
   27.720   1.0202E-01
   27.730   4.2691E-02
   27.740   4.0009E-02
   27.750   2.1160E-02
   27.760   2.1448E-02
   27.770   5.6500E-02
   27.780   4.5617E-02
   27.790   2.6771E-02
   27.800   3.5775E-03
   27.810  -2.9540E-02
   27.820  -4.2336E-02
   27.830  -4.6136E-02
   27.840  -4.1861E-02
   27.850  -3.1694E-02
   27.860  -1.2996E-02
   27.870  -9.3534E-03
   27.880  -1.1092E-02
   27.890  -1.3067E-02
   27.900  -1.8524E-02
   27.910  -2.5797E-02
   27.920  -3.1015E-02
   27.930  -3.0318E-02
   27.940  -2.2507E-02
   27.950  -9.3519E-03
   27.960   5.7776E-03
   27.970   1.9973E-02
   27.980   3.2096E-02
   27.990   3.8169E-02
   28.000   4.8858E-02
   28.010   5.9141E-02
   28.020   6.6437E-02
   28.030   6.7570E-02
   28.040   6.1189E-02
   28.050   4.8757E-02
   28.060   3.3337E-02
   28.070   1.7641E-02
   28.080   3.3130E-03
   28.090  -8.3516E-03
   28.100  -1.5788E-02
   28.110  -1.7886E-02
   28.120  -1.5343E-02
   28.130  -1.0832E-02
   28.140  -9.3782E-03
   28.150   9.4323E-03
   28.160   6.3171E-03
   28.170   3.4183E-03
   28.180   2.1516E-03
   28.190   4.2624E-03
   28.200   7.5208E-03
   28.210   1.1218E-02
   28.220   1.2073E-02
   28.230   6.8354E-03
   28.240  -5.8886E-03
   28.250   7.8279E-03
   28.260  -2.5714E-03
   28.270  -1.1542E-02
   28.280  -1.7153E-02
   28.290  -1.9532E-02
   28.300  -2.0216E-02
   28.310  -2.0643E-02
   28.320  -2.6195E-02
   28.330  -2.5064E-02
   28.340  -2.2622E-02
   28.350  -1.8559E-02
   28.360  -1.1081E-02
   28.370  -5.1488E-03
   28.380  -5.2035E-04
   28.390   2.1191E-03
   28.400   2.5924E-03
   28.410   6.7250E-04
   28.420  -4.1808E-03
   28.430  -1.2345E-02
   28.440  -2.3400E-02
   28.450  -3.6023E-02
   28.460  -4.8295E-02
   28.470  -5.8016E-02
   28.480  -6.3144E-02
   28.490  -6.2551E-02
   28.500  -5.6668E-02
   28.510  -4.8086E-02
   28.520  -3.5082E-02
   28.530  -2.3597E-02
   28.540  -1.6940E-02
   28.550  -1.6483E-02
   28.560  -2.0869E-02
   28.570  -2.6996E-02
   28.580  -3.2054E-02
   28.590  -3.4985E-02
   28.600  -3.6305E-02
   28.610  -3.6806E-02
   28.620  -3.6425E-02
   28.630  -3.4142E-02
   28.640  -2.8649E-02
   28.650  -1.9105E-02
   28.660  -5.5956E-03
   28.670   1.0591E-02
   28.680   2.6880E-02
   28.690   3.9866E-02
   28.700   4.6604E-02
   28.710   4.6163E-02
   28.720   4.0287E-02
   28.730   3.2496E-02
   28.740   2.6371E-02
   28.750   2.4312E-02
   28.760   2.7133E-02
   28.770   3.5012E-02
   28.780   4.3173E-02
   28.790   4.8883E-02
   28.800   4.9423E-02
   28.810   4.4344E-02
   28.820   3.4840E-02
   28.830   2.1861E-02
   28.840  -9.0536E-03
   28.850  -1.2406E-02
   28.860  -1.5613E-02
   28.870  -1.8177E-02
   28.880  -1.9861E-02
   28.890  -2.0727E-02
   28.900  -2.1026E-02
   28.910  -2.1076E-02
   28.920  -2.1172E-02
   28.930  -2.1429E-02
   28.940  -2.1687E-02
   28.950  -2.1643E-02
   28.960  -2.1143E-02
   28.970  -2.0286E-02
   28.980  -2.0315E-02
   28.990  -1.9431E-02
   29.000  -1.8232E-02
   29.010  -1.6888E-02
   29.020  -1.5507E-02
   29.030  -1.3836E-02
   29.040  -1.1328E-02
   29.050  -7.5906E-03
   29.060  -2.7508E-03
   29.070   2.6042E-03
   29.080   7.7625E-03
   29.090   1.2191E-02
   29.100   1.5663E-02
   29.110   1.8201E-02
   29.120   1.9858E-02
   29.130   2.0494E-02
   29.140   1.9825E-02
   29.150   1.7755E-02
   29.160   1.4625E-02
   29.170   1.1046E-02
   29.180   7.5057E-03
   29.190   4.2276E-03
   29.200   1.3644E-03
   29.210  -8.2430E-04
   29.220  -2.0618E-03
   29.230  -2.2273E-03
   29.240  -1.3694E-03
   29.250   3.6460E-04
   29.260   2.6911E-03
   29.270   1.2942E-03
   29.280   6.2533E-04
   29.290  -1.7125E-04
   29.300   3.3941E-03
   29.310   2.6251E-03
   29.320   1.6589E-03
   29.330   5.1767E-04
   29.340  -7.3741E-04
   29.350  -1.9595E-03
   29.360  -2.9227E-03
   29.370  -3.4234E-03
   29.380  -3.4117E-03
   29.390  -3.0308E-03
   29.400  -2.4970E-03
   29.410  -1.9114E-03
   29.420  -1.2085E-03
   29.430  -3.2807E-04
   29.440   5.8041E-04
   29.450   1.2079E-03
   29.460   1.3921E-03
   29.470   1.3225E-03
   29.480   1.3631E-03
   29.490   1.6845E-03
   29.500   2.1413E-03
   29.510   2.5100E-03
   29.520   2.7470E-03
   29.530   2.9533E-03
   29.540   3.1702E-03
   29.550   3.3359E-03
   29.560   3.4393E-03
   29.570   3.5884E-03
   29.580   3.8486E-03
   29.590   4.0913E-03
   29.600   4.1167E-03
   29.610   3.9249E-03
   29.620   3.7617E-03
   29.630   3.8555E-03
   29.640   4.1802E-03
   29.650   4.5315E-03
   29.660   4.7775E-03
   29.670   4.9548E-03
   29.680   5.1544E-03
   29.690   5.4111E-03
   29.700   5.7073E-03
   29.710   5.9832E-03
   29.720   6.0995E-03
   29.730   5.8800E-03
   29.740   5.2731E-03
   29.750   4.4454E-03
   29.760   3.6431E-03
   29.770   3.8034E-03
   29.780   3.6421E-03
   29.790   3.2067E-03
   29.800   2.3257E-03
   29.810   9.5636E-04
   29.820  -7.7684E-04
   29.830  -2.5559E-03
   29.840  -3.9455E-03
   29.850  -6.3697E-03
   29.860  -6.1447E-03
   29.870  -5.3544E-03
   29.880  -4.4163E-03
   29.890  -3.6913E-03
   29.900  -3.3686E-03
   29.910  -3.5344E-03
   29.920  -4.3531E-03
   29.930  -5.3700E-03
   29.940  -6.4322E-03
   29.950  -7.4039E-03
   29.960  -8.1416E-03
   29.970  -8.5009E-03
   29.980  -8.4025E-03
   29.990  -7.8972E-03
   30.000  -7.1529E-03
   30.010  -6.3695E-03
   30.020  -5.6974E-03
   30.030  -5.2068E-03
   30.040  -4.8982E-03
   30.050  -4.7266E-03
   30.060  -4.6250E-03
   30.070  -4.5243E-03
   30.080  -4.3695E-03
   30.090  -4.1289E-03
   30.100  -3.7835E-03
   30.110  -3.2932E-03
   30.120  -2.5708E-03
   30.130  -1.5097E-03
   30.140  -6.8782E-05
   30.150   1.6530E-03
   30.160   3.4303E-03
   30.170   5.0151E-03
   30.180   6.2369E-03
   30.190   7.0042E-03
   30.200   7.2380E-03
   30.210   6.8699E-03
   30.220   5.9723E-03
   30.230   4.8726E-03
   30.240   4.0258E-03
   30.250   3.6649E-03
   30.260   3.5679E-03
   30.270   3.2396E-03
   30.280   2.3650E-03
   30.290   1.0760E-03
   30.300  -2.1870E-04
   30.310  -1.2143E-03
   30.320  -1.9004E-03
   30.330  -2.4348E-03
   30.340  -2.9105E-03
   30.350  -3.2601E-03
   30.360  -3.3494E-03
   30.370  -3.1406E-03
   30.380  -2.7690E-03
   30.390  -2.4727E-03
   30.400  -2.4437E-03
   30.410  -2.7367E-03
   30.420  -3.2822E-03
   30.430  -3.9308E-03
   30.440  -4.4678E-03
   30.450  -4.6549E-03
   30.460  -4.3545E-03
   30.470  -3.6388E-03
   30.480  -2.7464E-03
   30.490  -1.9144E-03
   30.500  -1.2667E-03
   30.510  -8.2811E-04
   30.520  -5.6825E-04
   30.530  -4.0829E-04
   30.540  -2.4855E-04
   30.550   1.0672E-03
   30.560   1.8572E-03
   30.570   2.5166E-03
   30.580   3.0573E-03
   30.590   3.4427E-03
   30.600   3.5703E-03
   30.610   3.3497E-03
   30.620   2.8035E-03
   30.630   2.0831E-03
   30.640   1.3839E-03
   30.650   8.5133E-04
   30.660   5.4601E-04
   30.670   4.3678E-04
   30.680   3.9038E-04
   30.690   2.1404E-04
   30.700  -2.2136E-04
   30.710  -8.8554E-04
   30.720  -1.6437E-03
   30.730  -2.3930E-03
   30.740  -3.0990E-03
   30.750  -3.7050E-03
   30.760  -4.0827E-03
   30.770  -4.1193E-03
   30.780  -3.8263E-03
   30.790  -3.3238E-03
   30.800  -2.7412E-03
   30.810  -2.1618E-03
   30.820  -1.6336E-03
   30.830  -1.1831E-03
   30.840  -8.0931E-04
   30.850  -4.8879E-04
   30.860  -1.8604E-04
   30.870   1.4588E-04
   30.880   5.4559E-04
   30.890   9.9314E-04
   30.900   1.4008E-03
   30.910   1.6974E-03
   30.920   1.9178E-03
   30.930   2.1722E-03
   30.940   0.0000E+00
   30.950   0.0000E+00
   30.960   0.0000E+00
   30.970   0.0000E+00
   30.980   0.0000E+00
   30.990   0.0000E+00
   31.000   0.0000E+00
   31.010   0.0000E+00
   31.020   0.0000E+00
   31.030   0.0000E+00
   31.040   0.0000E+00
   31.050   0.0000E+00
   31.060   0.0000E+00
   31.070   0.0000E+00
   31.080   0.0000E+00
   31.090   0.0000E+00
   31.100   0.0000E+00
   31.110   0.0000E+00
   31.120   0.0000E+00
   31.130   0.0000E+00
   31.140   0.0000E+00
   31.150   0.0000E+00
   31.160   0.0000E+00
   31.170   0.0000E+00
   31.180   0.0000E+00
   31.190   0.0000E+00
   31.200   0.0000E+00
   31.210   0.0000E+00
   31.220   0.0000E+00
   31.230   0.0000E+00
   31.240   0.0000E+00
   31.250   0.0000E+00
   31.260   0.0000E+00
   31.270   0.0000E+00
   31.280   0.0000E+00
   31.290   0.0000E+00
   31.300   0.0000E+00
   31.310   0.0000E+00
   31.320   0.0000E+00
   31.330   0.0000E+00
   31.340   0.0000E+00
   31.350   0.0000E+00
   31.360   0.0000E+00
   31.370   0.0000E+00
   31.380   0.0000E+00
   31.390   0.0000E+00
   31.400   0.0000E+00
   31.410   0.0000E+00
   31.420   0.0000E+00
   31.430   0.0000E+00
   31.440   0.0000E+00
   31.450   0.0000E+00
   31.460   0.0000E+00
   31.470   0.0000E+00
   31.480   0.0000E+00
   31.490   0.0000E+00
   31.500   0.0000E+00
   31.510   0.0000E+00
   31.520   0.0000E+00
   31.530   0.0000E+00
   31.540   0.0000E+00
   31.550   0.0000E+00
   31.560   0.0000E+00
   31.570   0.0000E+00
   31.580   0.0000E+00
   31.590   0.0000E+00
   31.600   0.0000E+00
   31.610   0.0000E+00
   31.620   0.0000E+00
   31.630   0.0000E+00
   31.640   0.0000E+00
   31.650   0.0000E+00
   31.660   0.0000E+00
   31.670   0.0000E+00
   31.680   0.0000E+00
   31.690   0.0000E+00
   31.700   0.0000E+00
   31.710   0.0000E+00
   31.720   0.0000E+00
   31.730   0.0000E+00
   31.740   0.0000E+00
   31.750   0.0000E+00
   31.760   0.0000E+00
   31.770   0.0000E+00
   31.780   0.0000E+00
   31.790   0.0000E+00
   31.800   0.0000E+00
   31.810   0.0000E+00
   31.820   0.0000E+00
   31.830   0.0000E+00
   31.840   0.0000E+00
   31.850   0.0000E+00
   31.860   0.0000E+00
   31.870   0.0000E+00
   31.880   0.0000E+00
   31.890   0.0000E+00
   31.900   0.0000E+00
   31.910   0.0000E+00
   31.920   0.0000E+00
   31.930   0.0000E+00
   31.940   0.0000E+00
   31.950   0.0000E+00
   31.960   0.0000E+00
   31.970   0.0000E+00
   31.980   0.0000E+00
   31.990   0.0000E+00
   32.000   0.0000E+00
   32.010   0.0000E+00
   32.020   0.0000E+00
   32.030   0.0000E+00
   32.040   0.0000E+00
   32.050   0.0000E+00
   32.060   0.0000E+00
   32.070   0.0000E+00
   32.080   0.0000E+00
   32.090   0.0000E+00
   32.100   0.0000E+00
   32.110   0.0000E+00
   32.120   0.0000E+00
   32.130   0.0000E+00
   32.140   0.0000E+00
   32.150   0.0000E+00
   32.160   0.0000E+00
   32.170   0.0000E+00
   32.180   0.0000E+00
   32.190   0.0000E+00
   32.200   0.0000E+00
   32.210   0.0000E+00
   32.220   0.0000E+00
   32.230   0.0000E+00
   32.240   0.0000E+00
   32.250   0.0000E+00
   32.260   0.0000E+00
   32.270   0.0000E+00
   32.280   0.0000E+00
   32.290   0.0000E+00
   32.300   0.0000E+00
   32.310   0.0000E+00
   32.320   0.0000E+00
   32.330   0.0000E+00
   32.340   0.0000E+00
   32.350   0.0000E+00
   32.360   0.0000E+00
   32.370   0.0000E+00
   32.380   0.0000E+00
   32.390   0.0000E+00
   32.400   0.0000E+00
   32.410   0.0000E+00
   32.420   0.0000E+00
   32.430   0.0000E+00
   32.440   0.0000E+00
   32.450   0.0000E+00
   32.460   0.0000E+00
   32.470   0.0000E+00
   32.480   0.0000E+00
   32.490   0.0000E+00
   32.500   0.0000E+00
   32.510   0.0000E+00
   32.520   0.0000E+00
   32.530   0.0000E+00
   32.540   0.0000E+00
   32.550   0.0000E+00
   32.560   0.0000E+00
   32.570   0.0000E+00
   32.580   0.0000E+00
   32.590   0.0000E+00
   32.600   0.0000E+00
   32.610   0.0000E+00
   32.620   0.0000E+00
   32.630   0.0000E+00
   32.640   0.0000E+00
   32.650   0.0000E+00
   32.660   0.0000E+00
   32.670   0.0000E+00
   32.680   0.0000E+00
   32.690   0.0000E+00
   32.700   0.0000E+00
   32.710   0.0000E+00
   32.720   0.0000E+00
   32.730   0.0000E+00
   32.740   0.0000E+00
   32.750   0.0000E+00
   32.760   0.0000E+00
   32.770   0.0000E+00
   32.780   0.0000E+00
   32.790   0.0000E+00
   32.800   0.0000E+00
   32.810   0.0000E+00
   32.820   0.0000E+00
   32.830   0.0000E+00
   32.840   0.0000E+00
   32.850   0.0000E+00
   32.860   0.0000E+00
   32.870   0.0000E+00
   32.880   0.0000E+00
   32.890   0.0000E+00
   32.900   0.0000E+00
   32.910   0.0000E+00
   32.920   0.0000E+00
   32.930   0.0000E+00
   32.940   0.0000E+00
   32.950   0.0000E+00
   32.960   0.0000E+00
   32.970   0.0000E+00
   32.980   0.0000E+00
   32.990   0.0000E+00
   33.000   0.0000E+00
   33.010   0.0000E+00
   33.020   0.0000E+00
   33.030   0.0000E+00
   33.040   0.0000E+00
   33.050   0.0000E+00
   33.060   0.0000E+00
   33.070   0.0000E+00
   33.080   0.0000E+00
   33.090   0.0000E+00
   33.100   0.0000E+00
   33.110   0.0000E+00
   33.120   0.0000E+00
   33.130   0.0000E+00
   33.140   0.0000E+00
   33.150   0.0000E+00
   33.160   0.0000E+00
   33.170   0.0000E+00
   33.180   0.0000E+00
   33.190   0.0000E+00
   33.200   0.0000E+00
   33.210   0.0000E+00
   33.220   0.0000E+00
   33.230   0.0000E+00
   33.240   0.0000E+00
   33.250   0.0000E+00
   33.260   0.0000E+00
   33.270   0.0000E+00
   33.280   0.0000E+00
   33.290   0.0000E+00
   33.300   0.0000E+00
   33.310   0.0000E+00
   33.320   0.0000E+00
   33.330   0.0000E+00
   33.340   0.0000E+00
   33.350   0.0000E+00
   33.360   0.0000E+00
   33.370   0.0000E+00
   33.380   0.0000E+00
   33.390   0.0000E+00
   33.400   0.0000E+00
   33.410   0.0000E+00
   33.420   0.0000E+00
   33.430   0.0000E+00
   33.440   0.0000E+00
   33.450   0.0000E+00
   33.460   0.0000E+00
   33.470   0.0000E+00
   33.480   0.0000E+00
   33.490   0.0000E+00
   33.500   0.0000E+00
   33.510   0.0000E+00
   33.520   0.0000E+00
   33.530   0.0000E+00
   33.540   0.0000E+00
   33.550   0.0000E+00
   33.560   0.0000E+00
   33.570   0.0000E+00
   33.580   0.0000E+00
   33.590   0.0000E+00
   33.600   0.0000E+00
   33.610   0.0000E+00
   33.620   0.0000E+00
   33.630   0.0000E+00
   33.640   0.0000E+00
   33.650   0.0000E+00
   33.660   0.0000E+00
   33.670   0.0000E+00
   33.680   0.0000E+00
   33.690   0.0000E+00
   33.700   0.0000E+00
   33.710   0.0000E+00
   33.720   0.0000E+00
   33.730   0.0000E+00
   33.740   0.0000E+00
   33.750   0.0000E+00
   33.760   0.0000E+00
   33.770   0.0000E+00
   33.780   0.0000E+00
   33.790   0.0000E+00
   33.800   0.0000E+00
   33.810   0.0000E+00
   33.820   0.0000E+00
   33.830   0.0000E+00
   33.840   0.0000E+00
   33.850   0.0000E+00
   33.860   0.0000E+00
   33.870   0.0000E+00
   33.880   0.0000E+00
   33.890   0.0000E+00
   33.900   0.0000E+00
   33.910   0.0000E+00
   33.920   0.0000E+00
   33.930   0.0000E+00
   33.940   0.0000E+00
   33.950   0.0000E+00
   33.960   0.0000E+00
   33.970   0.0000E+00
   33.980   0.0000E+00
   33.990   0.0000E+00
   34.000   0.0000E+00
   34.010   0.0000E+00
   34.020   0.0000E+00
   34.030   0.0000E+00
   34.040   0.0000E+00
   34.050   0.0000E+00
   34.060   0.0000E+00
   34.070   0.0000E+00
   34.080   0.0000E+00
   34.090   0.0000E+00
   34.100   0.0000E+00
   34.110   0.0000E+00
   34.120   0.0000E+00
   34.130   0.0000E+00
   34.140   0.0000E+00
   34.150   0.0000E+00
   34.160   0.0000E+00
   34.170   0.0000E+00
   34.180   0.0000E+00
   34.190   0.0000E+00
   34.200   0.0000E+00
   34.210   0.0000E+00
   34.220   0.0000E+00
   34.230   0.0000E+00
   34.240   0.0000E+00
   34.250   0.0000E+00
   34.260   0.0000E+00
   34.270   0.0000E+00
   34.280   0.0000E+00
   34.290   0.0000E+00
   34.300   0.0000E+00
   34.310   0.0000E+00
   34.320   0.0000E+00
   34.330   0.0000E+00
   34.340   0.0000E+00
   34.350   0.0000E+00
   34.360   0.0000E+00
   34.370   0.0000E+00
   34.380   0.0000E+00
   34.390   0.0000E+00
   34.400   0.0000E+00
   34.410   0.0000E+00
   34.420   0.0000E+00
   34.430   0.0000E+00
   34.440   0.0000E+00
   34.450   0.0000E+00
   34.460   0.0000E+00
   34.470   0.0000E+00
   34.480   0.0000E+00
   34.490   0.0000E+00
   34.500   0.0000E+00
   34.510   0.0000E+00
   34.520   0.0000E+00
   34.530   0.0000E+00
   34.540   0.0000E+00
   34.550   0.0000E+00
   34.560   0.0000E+00
   34.570   0.0000E+00
   34.580   0.0000E+00
   34.590   0.0000E+00
   34.600   0.0000E+00
   34.610   0.0000E+00
   34.620   0.0000E+00
   34.630   0.0000E+00
   34.640   0.0000E+00
   34.650   0.0000E+00
   34.660   0.0000E+00
   34.670   0.0000E+00
   34.680   0.0000E+00
   34.690   0.0000E+00
   34.700   0.0000E+00
   34.710   0.0000E+00
   34.720   0.0000E+00
   34.730   0.0000E+00
   34.740   0.0000E+00
   34.750   0.0000E+00
   34.760   0.0000E+00
   34.770   0.0000E+00
   34.780   0.0000E+00
   34.790   0.0000E+00
   34.800   0.0000E+00
   34.810   0.0000E+00
   34.820   0.0000E+00
   34.830   0.0000E+00
   34.840   0.0000E+00
   34.850   0.0000E+00
   34.860   0.0000E+00
   34.870   0.0000E+00
   34.880   0.0000E+00
   34.890   0.0000E+00
   34.900   0.0000E+00
   34.910   0.0000E+00
   34.920   0.0000E+00
   34.930   0.0000E+00
   34.940   0.0000E+00
   34.950   0.0000E+00
   34.960   0.0000E+00
   34.970   0.0000E+00
   34.980   0.0000E+00
   34.990   0.0000E+00
   35.000   0.0000E+00
   35.010   0.0000E+00
   35.020   0.0000E+00
   35.030   0.0000E+00
   35.040   0.0000E+00
   35.050   0.0000E+00
   35.060   0.0000E+00
   35.070   0.0000E+00
   35.080   0.0000E+00
   35.090   0.0000E+00
   35.100   0.0000E+00
   35.110   0.0000E+00
   35.120   0.0000E+00
   35.130   0.0000E+00
   35.140   0.0000E+00
   35.150   0.0000E+00
   35.160   0.0000E+00
   35.170   0.0000E+00
   35.180   0.0000E+00
   35.190   0.0000E+00
   35.200   0.0000E+00
   35.210   0.0000E+00
   35.220   0.0000E+00
   35.230   0.0000E+00
   35.240   0.0000E+00
   35.250   0.0000E+00
   35.260   0.0000E+00
   35.270   0.0000E+00
   35.280   0.0000E+00
   35.290   0.0000E+00
   35.300   0.0000E+00
   35.310   0.0000E+00
   35.320   0.0000E+00
   35.330   0.0000E+00
   35.340   0.0000E+00
   35.350   0.0000E+00
   35.360   0.0000E+00
   35.370   0.0000E+00
   35.380   0.0000E+00
   35.390   0.0000E+00
   35.400   0.0000E+00
   35.410   0.0000E+00
   35.420   0.0000E+00
   35.430   0.0000E+00
   35.440   0.0000E+00
   35.450   0.0000E+00
   35.460   0.0000E+00
   35.470   0.0000E+00
   35.480   0.0000E+00
   35.490   0.0000E+00
   35.500   0.0000E+00
   35.510   0.0000E+00
   35.520   0.0000E+00
   35.530   0.0000E+00
   35.540   0.0000E+00
   35.550   0.0000E+00
   35.560   0.0000E+00
   35.570   0.0000E+00
   35.580   0.0000E+00
   35.590   0.0000E+00
   35.600   0.0000E+00
   35.610   0.0000E+00
   35.620   0.0000E+00
   35.630   0.0000E+00
   35.640   0.0000E+00
   35.650   0.0000E+00
   35.660   0.0000E+00
   35.670   0.0000E+00
   35.680   0.0000E+00
   35.690   0.0000E+00
   35.700   0.0000E+00
   35.710   0.0000E+00
   35.720   0.0000E+00
   35.730   0.0000E+00
   35.740   0.0000E+00
   35.750   0.0000E+00
   35.760   0.0000E+00
   35.770   0.0000E+00
   35.780   0.0000E+00
   35.790   0.0000E+00
   35.800   0.0000E+00
   35.810   0.0000E+00
   35.820   0.0000E+00
   35.830   0.0000E+00
   35.840   0.0000E+00
   35.850   0.0000E+00
   35.860   0.0000E+00
   35.870   0.0000E+00
   35.880   0.0000E+00
   35.890   0.0000E+00
   35.900   0.0000E+00
   35.910   0.0000E+00
   35.920   0.0000E+00
   35.930   0.0000E+00
   35.940   0.0000E+00
   35.950   0.0000E+00
   35.960   0.0000E+00
   35.970   0.0000E+00
   35.980   0.0000E+00
   35.990   0.0000E+00
   36.000   0.0000E+00
   36.010   0.0000E+00
   36.020   0.0000E+00
   36.030   0.0000E+00
   36.040   0.0000E+00
   36.050   0.0000E+00
   36.060   0.0000E+00
   36.070   0.0000E+00
   36.080   0.0000E+00
   36.090   0.0000E+00
   36.100   0.0000E+00
   36.110   0.0000E+00
   36.120   0.0000E+00
   36.130   0.0000E+00
   36.140   0.0000E+00
   36.150   0.0000E+00
   36.160   0.0000E+00
   36.170   0.0000E+00
   36.180   0.0000E+00
   36.190   0.0000E+00
   36.200   0.0000E+00
   36.210   0.0000E+00
   36.220   0.0000E+00
   36.230   0.0000E+00
   36.240   0.0000E+00
   36.250   0.0000E+00
   36.260   0.0000E+00
   36.270   0.0000E+00
   36.280   0.0000E+00
   36.290   0.0000E+00
   36.300   0.0000E+00
   36.310   0.0000E+00
   36.320   0.0000E+00
   36.330   0.0000E+00
   36.340   0.0000E+00
   36.350   0.0000E+00
   36.360   0.0000E+00
   36.370   0.0000E+00
   36.380   0.0000E+00
   36.390   0.0000E+00
   36.400   0.0000E+00
   36.410   0.0000E+00
   36.420   0.0000E+00
   36.430   0.0000E+00
   36.440   0.0000E+00
   36.450   0.0000E+00
   36.460   0.0000E+00
   36.470   0.0000E+00
   36.480   0.0000E+00
   36.490   0.0000E+00
   36.500   0.0000E+00
   36.510   0.0000E+00
   36.520   0.0000E+00
   36.530   0.0000E+00
   36.540   0.0000E+00
   36.550   0.0000E+00
   36.560   0.0000E+00
   36.570   0.0000E+00
   36.580   0.0000E+00
   36.590   0.0000E+00
   36.600   0.0000E+00
   36.610   0.0000E+00
   36.620   0.0000E+00
   36.630   0.0000E+00
   36.640   0.0000E+00
   36.650   0.0000E+00
   36.660   0.0000E+00
   36.670   0.0000E+00
   36.680   0.0000E+00
   36.690   0.0000E+00
   36.700   0.0000E+00
   36.710   0.0000E+00
   36.720   0.0000E+00
   36.730   0.0000E+00
   36.740   0.0000E+00
   36.750   0.0000E+00
   36.760   0.0000E+00
   36.770   0.0000E+00
   36.780   0.0000E+00
   36.790   0.0000E+00
   36.800   0.0000E+00
   36.810   0.0000E+00
   36.820   0.0000E+00
   36.830   0.0000E+00
   36.840   0.0000E+00
   36.850   0.0000E+00
   36.860   0.0000E+00
   36.870   0.0000E+00
   36.880   0.0000E+00
   36.890   0.0000E+00
   36.900   0.0000E+00
   36.910   0.0000E+00
   36.920   0.0000E+00
   36.930   0.0000E+00
   36.940   0.0000E+00
   36.950   0.0000E+00
   36.960   0.0000E+00
   36.970   0.0000E+00
   36.980   0.0000E+00
   36.990   0.0000E+00
   37.000   0.0000E+00
   37.010   0.0000E+00
   37.020   0.0000E+00
   37.030   0.0000E+00
   37.040   0.0000E+00
   37.050   0.0000E+00
   37.060   0.0000E+00
   37.070   0.0000E+00
   37.080   0.0000E+00
   37.090   0.0000E+00
   37.100   0.0000E+00
   37.110   0.0000E+00
   37.120   0.0000E+00
   37.130   0.0000E+00
   37.140   0.0000E+00
   37.150   0.0000E+00
   37.160   0.0000E+00
   37.170   0.0000E+00
   37.180   0.0000E+00
   37.190   0.0000E+00
   37.200   0.0000E+00
   37.210   0.0000E+00
   37.220   0.0000E+00
   37.230   0.0000E+00
   37.240   0.0000E+00
   37.250   0.0000E+00
   37.260   0.0000E+00
   37.270   0.0000E+00
   37.280   0.0000E+00
   37.290   0.0000E+00
   37.300   0.0000E+00
   37.310   0.0000E+00
   37.320   0.0000E+00
   37.330   0.0000E+00
   37.340   0.0000E+00
   37.350   0.0000E+00
   37.360   0.0000E+00
   37.370   0.0000E+00
   37.380   0.0000E+00
   37.390   0.0000E+00
   37.400   0.0000E+00
   37.410   0.0000E+00
   37.420   0.0000E+00
   37.430   0.0000E+00
   37.440   0.0000E+00
   37.450   0.0000E+00
   37.460   0.0000E+00
   37.470   0.0000E+00
   37.480   0.0000E+00
   37.490   0.0000E+00
   37.500   0.0000E+00
   37.510   0.0000E+00
   37.520   0.0000E+00
   37.530   0.0000E+00
   37.540   0.0000E+00
   37.550   0.0000E+00
   37.560   0.0000E+00
   37.570   0.0000E+00
   37.580   0.0000E+00
   37.590   0.0000E+00
   37.600   0.0000E+00
   37.610   0.0000E+00
   37.620   0.0000E+00
   37.630   0.0000E+00
   37.640   0.0000E+00
   37.650   0.0000E+00
   37.660   0.0000E+00
   37.670   0.0000E+00
   37.680   0.0000E+00
   37.690   0.0000E+00
   37.700   0.0000E+00
   37.710   0.0000E+00
   37.720   0.0000E+00
   37.730   0.0000E+00
   37.740   0.0000E+00
   37.750   0.0000E+00
   37.760   0.0000E+00
   37.770   0.0000E+00
   37.780   0.0000E+00
   37.790   0.0000E+00
   37.800   0.0000E+00
   37.810   0.0000E+00
   37.820   0.0000E+00
   37.830   0.0000E+00
   37.840   0.0000E+00
   37.850   0.0000E+00
   37.860   0.0000E+00
   37.870   0.0000E+00
   37.880   0.0000E+00
   37.890   0.0000E+00
   37.900   0.0000E+00
   37.910   0.0000E+00
   37.920   0.0000E+00
   37.930   0.0000E+00
   37.940   0.0000E+00
   37.950   0.0000E+00
   37.960   0.0000E+00
   37.970   0.0000E+00
   37.980   0.0000E+00
   37.990   0.0000E+00
   38.000   0.0000E+00
   38.010   0.0000E+00
   38.020   0.0000E+00
   38.030   0.0000E+00
   38.040   0.0000E+00
   38.050   0.0000E+00
   38.060   0.0000E+00
   38.070   0.0000E+00
   38.080   0.0000E+00
   38.090   0.0000E+00
   38.100   0.0000E+00
   38.110   0.0000E+00
   38.120   0.0000E+00
   38.130   0.0000E+00
   38.140   0.0000E+00
   38.150   0.0000E+00
   38.160   0.0000E+00
   38.170   0.0000E+00
   38.180   0.0000E+00
   38.190   0.0000E+00
   38.200   0.0000E+00
   38.210   0.0000E+00
   38.220   0.0000E+00
   38.230   0.0000E+00
   38.240   0.0000E+00
   38.250   0.0000E+00
   38.260   0.0000E+00
   38.270   0.0000E+00
   38.280   0.0000E+00
   38.290   0.0000E+00
   38.300   0.0000E+00
   38.310   0.0000E+00
   38.320   0.0000E+00
   38.330   0.0000E+00
   38.340   0.0000E+00
   38.350   0.0000E+00
   38.360   0.0000E+00
   38.370   0.0000E+00
   38.380   0.0000E+00
   38.390   0.0000E+00
   38.400   0.0000E+00
   38.410   0.0000E+00
   38.420   0.0000E+00
   38.430   0.0000E+00
   38.440   0.0000E+00
   38.450   0.0000E+00
   38.460   0.0000E+00
   38.470   0.0000E+00
   38.480   0.0000E+00
   38.490   0.0000E+00
   38.500   0.0000E+00
   38.510   0.0000E+00
   38.520   0.0000E+00
   38.530   0.0000E+00
   38.540   0.0000E+00
   38.550   0.0000E+00
   38.560   0.0000E+00
   38.570   0.0000E+00
   38.580   0.0000E+00
   38.590   0.0000E+00
   38.600   0.0000E+00
   38.610   0.0000E+00
   38.620   0.0000E+00
   38.630   0.0000E+00
   38.640   0.0000E+00
   38.650   0.0000E+00
   38.660   0.0000E+00
   38.670   0.0000E+00
   38.680   0.0000E+00
   38.690   0.0000E+00
   38.700   0.0000E+00
   38.710   0.0000E+00
   38.720   0.0000E+00
   38.730   0.0000E+00
   38.740   0.0000E+00
   38.750   0.0000E+00
   38.760   0.0000E+00
   38.770   0.0000E+00
   38.780   0.0000E+00
   38.790   0.0000E+00
   38.800   0.0000E+00
   38.810   0.0000E+00
   38.820   0.0000E+00
   38.830   0.0000E+00
   38.840   0.0000E+00
   38.850   0.0000E+00
   38.860   0.0000E+00
   38.870   0.0000E+00
   38.880   0.0000E+00
   38.890   0.0000E+00
   38.900   0.0000E+00
   38.910   0.0000E+00
   38.920   0.0000E+00
   38.930   0.0000E+00
   38.940   0.0000E+00
   38.950   0.0000E+00
   38.960   0.0000E+00
   38.970   0.0000E+00
   38.980   0.0000E+00
   38.990   0.0000E+00
   39.000   0.0000E+00
   39.010   0.0000E+00
   39.020   0.0000E+00
   39.030   0.0000E+00
   39.040   0.0000E+00
   39.050   0.0000E+00
   39.060   0.0000E+00
   39.070   0.0000E+00
   39.080   0.0000E+00
   39.090   0.0000E+00
   39.100   0.0000E+00
   39.110   0.0000E+00
   39.120   0.0000E+00
   39.130   0.0000E+00
   39.140   0.0000E+00
   39.150   0.0000E+00
   39.160   0.0000E+00
   39.170   0.0000E+00
   39.180   0.0000E+00
   39.190   0.0000E+00
   39.200   0.0000E+00
   39.210   0.0000E+00
   39.220   0.0000E+00
   39.230   0.0000E+00
   39.240   0.0000E+00
   39.250   0.0000E+00
   39.260   0.0000E+00
   39.270   0.0000E+00
   39.280   0.0000E+00
   39.290   0.0000E+00
   39.300   0.0000E+00
   39.310   0.0000E+00
   39.320   0.0000E+00
   39.330   0.0000E+00
   39.340   0.0000E+00
   39.350   0.0000E+00
   39.360   0.0000E+00
   39.370   0.0000E+00
   39.380   0.0000E+00
   39.390   0.0000E+00
   39.400   0.0000E+00
   39.410   0.0000E+00
   39.420   0.0000E+00
   39.430   0.0000E+00
   39.440   0.0000E+00
   39.450   0.0000E+00
   39.460   0.0000E+00
   39.470   0.0000E+00
   39.480   0.0000E+00
   39.490   0.0000E+00
   39.500   0.0000E+00
   39.510   0.0000E+00
   39.520   0.0000E+00
   39.530   0.0000E+00
   39.540   0.0000E+00
   39.550   0.0000E+00
   39.560   0.0000E+00
   39.570   0.0000E+00
   39.580   0.0000E+00
   39.590   0.0000E+00
   39.600   0.0000E+00
   39.610   0.0000E+00
   39.620   0.0000E+00
   39.630   0.0000E+00
   39.640   0.0000E+00
   39.650   0.0000E+00
   39.660   0.0000E+00
   39.670   0.0000E+00
   39.680   0.0000E+00
   39.690   0.0000E+00
   39.700   0.0000E+00
   39.710   0.0000E+00
   39.720   0.0000E+00
   39.730   0.0000E+00
   39.740   0.0000E+00
   39.750   0.0000E+00
   39.760   0.0000E+00
   39.770   0.0000E+00
   39.780   0.0000E+00
   39.790   0.0000E+00
   39.800   0.0000E+00
   39.810   0.0000E+00
   39.820   0.0000E+00
   39.830   0.0000E+00
   39.840   0.0000E+00
   39.850   0.0000E+00
   39.860   0.0000E+00
   39.870   0.0000E+00
   39.880   0.0000E+00
   39.890   0.0000E+00
   39.900   0.0000E+00
   39.910   0.0000E+00
   39.920   0.0000E+00
   39.930   0.0000E+00
   39.940   0.0000E+00
   39.950   0.0000E+00
   39.960   0.0000E+00
   39.970   0.0000E+00
   39.980   0.0000E+00
   39.990   0.0000E+00
   40.000   0.0000E+00
   40.010   0.0000E+00
   40.020   0.0000E+00
   40.030   0.0000E+00
   40.040   0.0000E+00
   40.050   0.0000E+00
   40.060   0.0000E+00
   40.070   0.0000E+00
   40.080   0.0000E+00
   40.090   0.0000E+00
   40.100   0.0000E+00
   40.110   0.0000E+00
   40.120   0.0000E+00
   40.130   0.0000E+00
   40.140   0.0000E+00
   40.150   0.0000E+00
   40.160   0.0000E+00
   40.170   0.0000E+00
   40.180   0.0000E+00
   40.190   0.0000E+00
   40.200   0.0000E+00
   40.210   0.0000E+00
   40.220   0.0000E+00
   40.230   0.0000E+00
   40.240   0.0000E+00
   40.250   0.0000E+00
   40.260   0.0000E+00
   40.270   0.0000E+00
   40.280   0.0000E+00
   40.290   0.0000E+00
   40.300   0.0000E+00
   40.310   0.0000E+00
   40.320   0.0000E+00
   40.330   0.0000E+00
   40.340   0.0000E+00
   40.350   0.0000E+00
   40.360   0.0000E+00
   40.370   0.0000E+00
   40.380   0.0000E+00
   40.390   0.0000E+00
   40.400   0.0000E+00
   40.410   0.0000E+00
   40.420   0.0000E+00
   40.430   0.0000E+00
   40.440   0.0000E+00
   40.450   0.0000E+00
   40.460   0.0000E+00
   40.470   0.0000E+00
   40.480   0.0000E+00
   40.490   0.0000E+00
   40.500   0.0000E+00
   40.510   0.0000E+00
   40.520   0.0000E+00
   40.530   0.0000E+00
   40.540   0.0000E+00
   40.550   0.0000E+00
   40.560   0.0000E+00
   40.570   0.0000E+00
   40.580   0.0000E+00
   40.590   0.0000E+00
   40.600   0.0000E+00
   40.610   0.0000E+00
   40.620   0.0000E+00
   40.630   0.0000E+00
   40.640   0.0000E+00
   40.650   0.0000E+00
   40.660   0.0000E+00
   40.670   0.0000E+00
   40.680   0.0000E+00
   40.690   0.0000E+00
   40.700   0.0000E+00
   40.710   0.0000E+00
   40.720   0.0000E+00
   40.730   0.0000E+00
   40.740   0.0000E+00
   40.750   0.0000E+00
   40.760   0.0000E+00
   40.770   0.0000E+00
   40.780   0.0000E+00
   40.790   0.0000E+00
   40.800   0.0000E+00
   40.810   0.0000E+00
   40.820   0.0000E+00
   40.830   0.0000E+00
   40.840   0.0000E+00
   40.850   0.0000E+00
   40.860   0.0000E+00
   40.870   0.0000E+00
   40.880   0.0000E+00
   40.890   0.0000E+00
   40.900   0.0000E+00
   40.910   0.0000E+00
   40.920   0.0000E+00
   40.930   0.0000E+00
   40.940   0.0000E+00
   40.950   0.0000E+00
