**********************************************
*******  Acceleration Time Series ************
*** Site #   1
*** trial   21
Input Parameters file =  aqu_0604_y_parameters.out                                                                                               
  4096 samples
dt:  0.010 sec
data format: (1x,f8.3,1p,2x,e11.4)
maximum absolute acceleration: 350.23
fault Dis.(km)=    4.28
Hypo  Dis.(km)=   11.58
  time(s) acc(cm/s**2)
    0.000   0.0000E+00
    0.010   0.0000E+00
    0.020   0.0000E+00
    0.030   0.0000E+00
    0.040   0.0000E+00
    0.050   0.0000E+00
    0.060   0.0000E+00
    0.070  -2.8537E-01
    0.080  -3.1630E-01
    0.090  -3.2646E-01
    0.100  -3.1592E-01
    0.110  -2.9053E-01
    0.120  -2.6078E-01
    0.130  -2.3866E-01
    0.140  -2.3405E-01
    0.150  -2.5009E-01
    0.160  -2.7991E-01
    0.170  -3.0871E-01
    0.180  -3.2195E-01
    0.190  -3.4941E-01
    0.200  -3.9264E-01
    0.210  -4.3911E-01
    0.220  -4.8421E-01
    0.230  -5.2198E-01
    0.240  -5.4509E-01
    0.250  -5.4219E-01
    0.260  -4.9683E-01
    0.270  -3.9327E-01
    0.280  -2.2817E-01
    0.290  -1.9182E-02
    0.300   1.9830E-01
    0.310   3.8636E-01
    0.320   5.2030E-01
    0.330   5.9361E-01
    0.340   6.1190E-01
    0.350   5.8593E-01
    0.360   5.2881E-01
    0.370   4.5249E-01
    0.380   3.6080E-01
    0.390   2.4711E-01
    0.400   1.0376E-01
    0.410  -6.5262E-02
    0.420  -2.4348E-01
    0.430  -4.1284E-01
    0.440  -5.6259E-01
    0.450  -6.8863E-01
    0.460  -7.9086E-01
    0.470  -8.7251E-01
    0.480  -9.3600E-01
    0.490  -9.7411E-01
    0.500  -9.6938E-01
    0.510  -9.0811E-01
    0.520  -7.9371E-01
    0.530  -6.4188E-01
    0.540  -4.6550E-01
    0.550  -2.7160E-01
    0.560  -7.2831E-02
    0.570   1.0781E-01
    0.580   2.5018E-01
    0.590   3.5246E-01
    0.600   4.3093E-01
    0.610   5.0792E-01
    0.620   6.0290E-01
    0.630   6.1391E-01
    0.640   7.6732E-01
    0.650   9.4861E-01
    0.660   1.1241E+00
    0.670   1.3530E+00
    0.680   1.0026E+00
    0.690   8.8928E-01
    0.700   6.8718E-01
    0.710   4.3267E-01
    0.720  -7.2764E-01
    0.730  -1.0004E+00
    0.740  -1.1502E+00
    0.750  -1.1799E+00
    0.760  -1.0934E+00
    0.770  -9.0261E-01
    0.780  -6.3901E-01
    0.790  -3.4290E-01
    0.800  -3.7792E-02
    0.810   2.7592E-01
    0.820   5.9972E-01
    0.830   9.1786E-01
    0.840   1.2065E+00
    0.850   1.4564E+00
    0.860   1.6754E+00
    0.870   1.8687E+00
    0.880   2.0245E+00
    0.890   2.3486E+00
    0.900   2.4197E+00
    0.910   2.3776E+00
    0.920   2.2094E+00
    0.930   1.9033E+00
    0.940   1.4674E+00
    0.950   9.3993E-01
    0.960   3.7266E-01
    0.970  -1.9178E-01
    0.980  -7.1646E-01
    0.990  -1.1513E+00
    1.000  -1.9359E+00
    1.010  -2.1462E+00
    1.020  -2.1576E+00
    1.030  -2.1366E+00
    1.040  -1.9031E+00
    1.050  -1.6041E+00
    1.060  -1.2879E+00
    1.070  -9.9284E-01
    1.080  -7.2513E-01
    1.090  -4.6095E-01
    1.100  -1.8387E-01
    1.110   7.5601E-02
    1.120   2.5800E-01
    1.130   2.8460E-01
    1.140   1.7216E-01
    1.150  -2.1405E-02
    1.160  -2.2625E-01
    1.170  -4.1238E-01
    1.180  -5.8960E-01
    1.190  -7.6778E-01
    1.200  -9.3636E-01
    1.210  -1.0868E+00
    1.220  -1.2330E+00
    1.230  -1.4307E+00
    1.240  -1.5828E+00
    1.250  -1.6887E+00
    1.260  -1.7218E+00
    1.270  -1.6060E+00
    1.280  -1.5845E+00
    1.290  -1.4483E+00
    1.300  -1.2254E+00
    1.310  -1.1229E+00
    1.320  -8.4374E-01
    1.330  -5.5471E-01
    1.340  -2.6163E-01
    1.350   1.2491E-02
    1.360   2.4519E-01
    1.370   4.2923E-01
    1.380   6.1868E-01
    1.390   7.6099E-01
    1.400   8.3181E-01
    1.410   8.6423E-01
    1.420   9.4441E-01
    1.430   1.6236E+00
    1.440   2.0054E+00
    1.450   2.3014E+00
    1.460   2.4263E+00
    1.470   2.2422E+00
    1.480   2.1456E+00
    1.490   1.8086E+00
    1.500   1.7003E+00
    1.510   2.1203E+00
    1.520   2.6393E+00
    1.530   2.9530E+00
    1.540   3.3103E+00
    1.550   3.6891E+00
    1.560   4.0838E+00
    1.570   4.4778E+00
    1.580   4.8348E+00
    1.590   5.0903E+00
    1.600   4.3521E+00
    1.610   3.9800E+00
    1.620   3.2816E+00
    1.630   2.2967E+00
    1.640   1.1555E+00
    1.650   7.1606E-04
    1.660  -1.0758E+00
    1.670  -2.0352E+00
    1.680  -2.8538E+00
    1.690  -3.4940E+00
    1.700  -5.0249E+00
    1.710  -5.1844E+00
    1.720  -5.0212E+00
    1.730  -4.5854E+00
    1.740  -3.9543E+00
    1.750  -3.7079E+00
    1.760  -2.8828E+00
    1.770  -1.7940E+00
    1.780  -6.9412E-01
    1.790   3.3092E-01
    1.800   1.2267E+00
    1.810   2.0006E+00
    1.820   2.6829E+00
    1.830   3.2523E+00
    1.840   3.6035E+00
    1.850   3.6435E+00
    1.860   3.3562E+00
    1.870   2.8070E+00
    1.880   2.0927E+00
    1.890   1.5700E+00
    1.900   8.2236E-01
    1.910   1.9838E-01
    1.920  -2.2265E-01
    1.930  -4.7781E-01
    1.940  -7.8331E-01
    1.950  -9.0027E-01
    1.960  -8.8205E-01
    1.970  -6.8517E-01
    1.980  -1.9274E-01
    1.990   4.9957E-01
    2.000   1.4022E+00
    2.010   2.2877E+00
    2.020   2.7629E+00
    2.030   2.8200E+00
    2.040   2.5948E+00
    2.050   2.2545E+00
    2.060   2.1349E+00
    2.070   1.8723E+00
    2.080   1.7873E+00
    2.090   1.7172E+00
    2.100   1.7419E+00
    2.110   1.7100E+00
    2.120   1.6458E+00
    2.130   1.6180E+00
    2.140   1.8365E+00
    2.150   2.0448E+00
    2.160   2.2786E+00
    2.170   2.4361E+00
    2.180   2.8472E+00
    2.190   2.3777E+00
    2.200   1.9569E+00
    2.210   1.4024E+00
    2.220   5.0278E-01
    2.230  -4.0134E-01
    2.240  -1.3151E+00
    2.250  -2.1060E+00
    2.260  -2.6511E+00
    2.270  -2.9377E+00
    2.280  -3.0195E+00
    2.290  -2.9217E+00
    2.300  -2.6227E+00
    2.310  -2.1121E+00
    2.320  -1.6787E+00
    2.330  -2.2485E+00
    2.340  -1.3905E+00
    2.350  -6.0270E-01
    2.360   6.2495E-02
    2.370   4.7550E-01
    2.380   6.6337E-01
    2.390   6.6313E-01
    2.400   1.0843E+00
    2.410   4.9347E-02
    2.420  -4.3685E-01
    2.430  -8.7615E-01
    2.440  -1.1262E+00
    2.450  -1.0854E+00
    2.460  -6.7135E-01
    2.470   1.8549E-01
    2.480   1.4506E+00
    2.490   3.0391E+00
    2.500   4.6334E+00
    2.510   6.0212E+00
    2.520   6.9986E+00
    2.530   7.5115E+00
    2.540   7.5096E+00
    2.550   6.8860E+00
    2.560   5.5778E+00
    2.570   3.3156E+00
    2.580   1.2607E+00
    2.590  -6.9728E-01
    2.600  -2.2905E+00
    2.610  -2.8041E+00
    2.620  -4.0657E+00
    2.630  -4.7232E+00
    2.640  -5.0696E+00
    2.650  -5.2582E+00
    2.660  -5.4572E+00
    2.670  -5.9110E+00
    2.680  -6.3003E+00
    2.690  -6.8285E+00
    2.700  -8.4977E+00
    2.710  -9.1118E+00
    2.720  -9.4525E+00
    2.730  -9.9682E+00
    2.740  -1.0108E+01
    2.750  -9.9963E+00
    2.760  -9.5072E+00
    2.770  -8.4825E+00
    2.780  -6.7532E+00
    2.790  -4.5941E+00
    2.800  -2.1639E+00
    2.810   7.4134E-02
    2.820   1.6723E+00
    2.830   2.5505E+00
    2.840   2.5016E+00
    2.850   1.8811E+00
    2.860   1.2418E+00
    2.870   8.7882E-01
    2.880   7.0710E-01
    2.890   6.5832E-01
    2.900   6.2874E-01
    2.910   5.7577E-01
    2.920   7.7278E-02
    2.930  -1.5230E-02
    2.940  -4.2413E-01
    2.950  -5.6030E-01
    2.960  -5.6958E-01
    2.970  -6.6231E-01
    2.980  -5.1225E-01
    2.990  -1.0485E-04
    3.000   3.1024E-01
    3.010   1.4384E+00
    3.020   2.7126E+00
    3.030   4.1306E+00
    3.040   5.6663E+00
    3.050   7.1849E+00
    3.060   8.5960E+00
    3.070   9.5558E+00
    3.080   1.1297E+01
    3.090   1.3204E+01
    3.100   1.4812E+01
    3.110   1.5530E+01
    3.120   1.5088E+01
    3.130   1.3465E+01
    3.140   1.1161E+01
    3.150   8.4699E+00
    3.160   5.8047E+00
    3.170   3.4231E+00
    3.180   1.4192E+00
    3.190  -2.1646E-01
    3.200  -9.9315E-02
    3.210  -2.2313E-01
    3.220   2.9012E-01
    3.230   1.3232E+00
    3.240   2.6907E+00
    3.250   4.2212E+00
    3.260   5.7249E+00
    3.270   6.9453E+00
    3.280   7.6195E+00
    3.290   7.5908E+00
    3.300   6.7965E+00
    3.310   5.3702E+00
    3.320   3.2236E+00
    3.330   2.9793E-01
    3.340  -3.2737E+00
    3.350  -7.0232E+00
    3.360  -1.0323E+01
    3.370  -1.3147E+01
    3.380  -1.4701E+01
    3.390  -1.5655E+01
    3.400  -1.5809E+01
    3.410  -1.4845E+01
    3.420  -1.2669E+01
    3.430  -9.4501E+00
    3.440  -6.0197E+00
    3.450  -2.8871E+00
    3.460  -3.9394E-01
    3.470   1.2469E+00
    3.480   2.0452E+00
    3.490   2.2925E+00
    3.500   2.2616E+00
    3.510   2.3316E+00
    3.520   2.5327E+00
    3.530   3.1322E+00
    3.540   4.4546E+00
    3.550   6.4286E+00
    3.560   8.6343E+00
    3.570   1.0533E+01
    3.580   1.1949E+01
    3.590   1.2930E+01
    3.600   1.3249E+01
    3.610   1.2545E+01
    3.620   1.0352E+01
    3.630   6.6548E+00
    3.640   2.1606E+00
    3.650  -2.4942E+00
    3.660  -6.4862E+00
    3.670  -9.2743E+00
    3.680  -1.0313E+01
    3.690  -9.4905E+00
    3.700  -7.0949E+00
    3.710  -4.5639E+00
    3.720  -2.2873E+00
    3.730  -2.9589E-01
    3.740   1.5785E+00
    3.750   3.9998E+00
    3.760   5.1282E+00
    3.770   5.3569E+00
    3.780   4.5758E+00
    3.790   3.3859E+00
    3.800   1.9901E+00
    3.810   5.3201E-01
    3.820  -1.0137E+00
    3.830  -2.7213E+00
    3.840  -4.5866E+00
    3.850  -6.4295E+00
    3.860  -7.9323E+00
    3.870  -8.8657E+00
    3.880  -9.2751E+00
    3.890  -9.4254E+00
    3.900  -9.4522E+00
    3.910  -9.5065E+00
    3.920  -9.3619E+00
    3.930  -9.7963E+00
    3.940  -1.0578E+01
    3.950  -1.1141E+01
    3.960  -1.1247E+01
    3.970  -1.0829E+01
    3.980  -9.2935E+00
    3.990  -7.1887E+00
    4.000  -5.0979E+00
    4.010  -3.7035E+00
    4.020  -3.3954E+00
    4.030  -4.7334E+00
    4.040  -5.9394E+00
    4.050  -7.3122E+00
    4.060  -8.4232E+00
    4.070  -8.6203E+00
    4.080  -8.0116E+00
    4.090  -6.6178E+00
    4.100  -5.2662E+00
    4.110  -3.6153E+00
    4.120  -2.6235E+00
    4.130  -2.7915E+00
    4.140  -2.8028E+00
    4.150  -2.7336E+00
    4.160  -2.2273E+00
    4.170  -1.0975E+00
    4.180   8.4629E-01
    4.190   3.9717E+00
    4.200   7.2794E+00
    4.210   1.0169E+01
    4.220   1.2775E+01
    4.230   1.5426E+01
    4.240   1.8007E+01
    4.250   1.9470E+01
    4.260   1.8708E+01
    4.270   1.5859E+01
    4.280   1.2281E+01
    4.290   9.3237E+00
    4.300   7.7390E+00
    4.310   6.6641E+00
    4.320   6.5043E+00
    4.330   6.9849E+00
    4.340   7.1922E+00
    4.350   6.6380E+00
    4.360   5.4395E+00
    4.370   3.5995E+00
    4.380   7.9882E-01
    4.390  -3.6133E+00
    4.400  -9.3963E+00
    4.410  -1.5166E+01
    4.420  -1.9606E+01
    4.430  -2.2531E+01
    4.440  -2.4218E+01
    4.450  -2.4486E+01
    4.460  -2.2455E+01
    4.470  -1.7809E+01
    4.480  -1.1206E+01
    4.490  -3.7140E+00
    4.500   3.8490E+00
    4.510   1.0848E+01
    4.520   1.6357E+01
    4.530   1.9184E+01
    4.540   1.8657E+01
    4.550   1.5495E+01
    4.560   1.1659E+01
    4.570   8.9439E+00
    4.580   7.6529E+00
    4.590   6.6591E+00
    4.600   5.7165E+00
    4.610   5.0059E+00
    4.620   4.9241E+00
    4.630   5.2443E+00
    4.640   5.2343E+00
    4.650   4.5710E+00
    4.660   4.1563E+00
    4.670   4.8012E+00
    4.680   6.9000E+00
    4.690   1.0280E+01
    4.700   1.4592E+01
    4.710   1.9236E+01
    4.720   2.3452E+01
    4.730   2.6586E+01
    4.740   2.8075E+01
    4.750   2.7699E+01
    4.760   2.6190E+01
    4.770   2.4836E+01
    4.780   2.5812E+01
    4.790   2.8747E+01
    4.800   3.1769E+01
    4.810   3.3170E+01
    4.820   3.2209E+01
    4.830   2.9431E+01
    4.840   2.2891E+01
    4.850   1.3919E+01
    4.860   5.5738E+00
    4.870  -1.5329E+00
    4.880  -5.2427E+00
    4.890  -5.7435E+00
    4.900  -3.3263E+00
    4.910  -1.1091E-02
    4.920   2.5492E+00
    4.930   2.9201E+00
    4.940   1.7804E+00
    4.950   1.9782E-01
    4.960  -1.2739E+00
    4.970  -2.9515E+00
    4.980  -5.0060E+00
    4.990  -7.1446E+00
    5.000  -9.3929E+00
    5.010  -1.2302E+01
    5.020  -1.6354E+01
    5.030  -2.1615E+01
    5.040  -2.7702E+01
    5.050  -3.3974E+01
    5.060  -3.9833E+01
    5.070  -4.5648E+01
    5.080  -5.3047E+01
    5.090  -6.2678E+01
    5.100  -7.1058E+01
    5.110  -7.3194E+01
    5.120  -6.8874E+01
    5.130  -6.3345E+01
    5.140  -6.0088E+01
    5.150  -5.7161E+01
    5.160  -5.1367E+01
    5.170  -4.3060E+01
    5.180  -3.4123E+01
    5.190  -2.4487E+01
    5.200  -1.3726E+01
    5.210  -4.0787E+00
    5.220   1.6051E+00
    5.230   5.9438E+00
    5.240   1.3619E+01
    5.250   2.6592E+01
    5.260   3.9313E+01
    5.270   4.5315E+01
    5.280   4.3533E+01
    5.290   3.6800E+01
    5.300   2.7334E+01
    5.310   1.5735E+01
    5.320   2.7859E+00
    5.330  -9.2079E+00
    5.340  -1.9294E+01
    5.350  -2.8131E+01
    5.360  -3.5929E+01
    5.370  -4.0695E+01
    5.380  -3.8529E+01
    5.390  -2.8343E+01
    5.400  -1.2940E+01
    5.410  -6.1103E-01
    5.420   3.8757E+00
    5.430   1.0812E+00
    5.440  -3.5969E+00
    5.450  -7.2138E+00
    5.460  -1.3261E+01
    5.470  -2.4303E+01
    5.480  -3.7714E+01
    5.490  -4.7501E+01
    5.500  -4.9359E+01
    5.510  -4.4471E+01
    5.520  -3.8307E+01
    5.530  -3.4287E+01
    5.540  -3.4090E+01
    5.550  -3.8903E+01
    5.560  -4.7905E+01
    5.570  -5.8805E+01
    5.580  -6.9612E+01
    5.590  -7.6621E+01
    5.600  -7.5960E+01
    5.610  -6.9923E+01
    5.620  -6.5887E+01
    5.630  -7.2150E+01
    5.640  -8.8881E+01
    5.650  -1.0943E+02
    5.660  -1.2454E+02
    5.670  -1.3091E+02
    5.680  -1.2826E+02
    5.690  -1.1791E+02
    5.700  -9.9489E+01
    5.710  -7.6969E+01
    5.720  -5.7800E+01
    5.730  -4.4877E+01
    5.740  -3.7111E+01
    5.750  -3.1791E+01
    5.760  -2.9147E+01
    5.770  -2.5811E+01
    5.780  -1.7919E+01
    5.790  -9.7529E+00
    5.800  -4.7351E+00
    5.810  -4.4235E+00
    5.820  -8.1957E+00
    5.830  -1.2664E+01
    5.840  -1.4446E+01
    5.850  -1.5146E+01
    5.860  -1.4799E+01
    5.870  -1.2278E+01
    5.880  -7.2105E+00
    5.890   4.7154E-01
    5.900   9.0530E+00
    5.910   1.5694E+01
    5.920   1.5458E+01
    5.930   1.0993E+01
    5.940   1.2333E+01
    5.950   2.1596E+01
    5.960   2.6501E+01
    5.970   2.0935E+01
    5.980   1.0765E+01
    5.990   6.5254E+00
    6.000   9.1395E+00
    6.010   9.7931E+00
    6.020   5.1181E+00
    6.030  -7.7073E-01
    6.040  -5.0763E+00
    6.050  -7.9956E+00
    6.060  -9.4334E+00
    6.070  -8.6699E+00
    6.080  -4.7365E+00
    6.090  -4.6950E+00
    6.100  -1.0351E+01
    6.110  -1.1339E+01
    6.120  -5.6159E+00
    6.130   2.8335E+00
    6.140   1.2246E+01
    6.150   2.1192E+01
    6.160   3.0058E+01
    6.170   4.1020E+01
    6.180   5.4920E+01
    6.190   7.0664E+01
    6.200   8.5933E+01
    6.210   1.0222E+02
    6.220   1.1355E+02
    6.230   1.0960E+02
    6.240   8.6601E+01
    6.250   5.2849E+01
    6.260   2.3584E+01
    6.270   1.0368E+01
    6.280   1.0035E+01
    6.290   1.2943E+01
    6.300   1.1812E+01
    6.310   7.5378E+00
    6.320   9.7921E+00
    6.330   2.4201E+01
    6.340   4.4096E+01
    6.350   5.0547E+01
    6.360   3.6212E+01
    6.370   1.4620E+01
    6.380  -5.8809E+00
    6.390  -2.5713E+01
    6.400  -3.7869E+01
    6.410  -3.5398E+01
    6.420  -2.0736E+01
    6.430   2.9635E+00
    6.440   2.9419E+01
    6.450   5.4060E+01
    6.460   7.8285E+01
    6.470   1.0486E+02
    6.480   1.4378E+02
    6.490   1.9501E+02
    6.500   2.3983E+02
    6.510   2.6410E+02
    6.520   2.6394E+02
    6.530   2.3663E+02
    6.540   1.9180E+02
    6.550   1.4120E+02
    6.560   8.3957E+01
    6.570   2.0790E+01
    6.580  -3.7978E+01
    6.590  -8.1870E+01
    6.600  -1.0869E+02
    6.610  -1.1767E+02
    6.620  -1.0864E+02
    6.630  -9.7038E+01
    6.640  -9.4429E+01
    6.650  -8.5990E+01
    6.660  -5.6056E+01
    6.670  -6.1346E+00
    6.680   4.4717E+01
    6.690   8.3195E+01
    6.700   1.0230E+02
    6.710   9.1675E+01
    6.720   5.4807E+01
    6.730   6.2113E+00
    6.740  -4.3313E+01
    6.750  -8.4250E+01
    6.760  -1.0544E+02
    6.770  -9.6661E+01
    6.780  -7.0053E+01
    6.790  -4.6410E+01
    6.800  -3.4586E+01
    6.810  -2.3723E+01
    6.820  -2.0096E+00
    6.830   2.9721E+01
    6.840   6.0606E+01
    6.850   8.2776E+01
    6.860   9.2958E+01
    6.870   9.7216E+01
    6.880   1.0663E+02
    6.890   1.2232E+02
    6.900   1.4886E+02
    6.910   1.8137E+02
    6.920   1.9834E+02
    6.930   1.8869E+02
    6.940   1.6022E+02
    6.950   1.2508E+02
    6.960   8.8263E+01
    6.970   4.9336E+01
    6.980   1.2345E+01
    6.990  -1.0629E+01
    7.000  -1.3389E+01
    7.010   2.4591E-01
    7.020   2.4153E+01
    7.030   4.7115E+01
    7.040   4.3978E+01
    7.050   1.0516E+01
    7.060  -3.1096E+01
    7.070  -4.9440E+01
    7.080  -2.8083E+01
    7.090   2.0494E+01
    7.100   7.3458E+01
    7.110   1.2160E+02
    7.120   1.6331E+02
    7.130   1.9659E+02
    7.140   2.1937E+02
    7.150   2.3374E+02
    7.160   2.2813E+02
    7.170   1.8754E+02
    7.180   1.1913E+02
    7.190   4.6005E+01
    7.200  -2.8710E+00
    7.210  -2.7795E+01
    7.220  -4.5307E+01
    7.230  -6.6882E+01
    7.240  -9.2326E+01
    7.250  -1.1836E+02
    7.260  -1.3678E+02
    7.270  -1.3651E+02
    7.280  -1.1936E+02
    7.290  -9.7183E+01
    7.300  -7.9732E+01
    7.310  -6.9671E+01
    7.320  -7.0580E+01
    7.330  -8.9712E+01
    7.340  -1.3702E+02
    7.350  -2.0043E+02
    7.360  -2.5129E+02
    7.370  -2.6692E+02
    7.380  -2.4004E+02
    7.390  -1.7573E+02
    7.400  -9.3791E+01
    7.410  -8.1144E+00
    7.420   7.5925E+01
    7.430   1.4216E+02
    7.440   1.7771E+02
    7.450   1.8031E+02
    7.460   1.5478E+02
    7.470   1.1017E+02
    7.480   6.4372E+01
    7.490   4.3408E+01
    7.500   5.7264E+01
    7.510   8.0004E+01
    7.520   8.6649E+01
    7.530   7.5734E+01
    7.540   4.6327E+01
    7.550   9.3859E+00
    7.560  -1.4028E+01
    7.570  -1.4210E+01
    7.580   1.8164E+00
    7.590   1.6392E+01
    7.600   2.9246E+01
    7.610   4.5819E+01
    7.620   5.5570E+01
    7.630   4.9700E+01
    7.640   3.7187E+01
    7.650   3.4694E+01
    7.660   3.0856E+01
    7.670   7.5001E+00
    7.680  -2.9174E+01
    7.690  -5.7847E+01
    7.700  -5.9681E+01
    7.710  -3.8299E+01
    7.720  -1.5172E+01
    7.730  -2.1177E+00
    7.740   5.8100E-01
    7.750  -8.8673E+00
    7.760  -1.8243E+01
    7.770  -6.2308E+00
    7.780   2.8987E+01
    7.790   7.0304E+01
    7.800   9.3052E+01
    7.810   8.2288E+01
    7.820   3.8872E+01
    7.830  -9.4200E+00
    7.840  -3.1189E+01
    7.850  -2.4183E+01
    7.860  -9.1301E+00
    7.870  -1.2844E+01
    7.880  -2.6434E+01
    7.890  -3.2677E+01
    7.900  -2.0769E+01
    7.910   5.9053E+00
    7.920   2.6517E+01
    7.930   2.6362E+01
    7.940   3.4028E+00
    7.950  -4.2689E+01
    7.960  -1.0874E+02
    7.970  -1.8466E+02
    7.980  -2.4509E+02
    7.990  -2.7505E+02
    8.000  -2.8472E+02
    8.010  -2.7917E+02
    8.020  -2.5184E+02
    8.030  -1.9415E+02
    8.040  -1.1478E+02
    8.050  -4.4989E+01
    8.060  -1.2028E+01
    8.070  -1.9097E+01
    8.080  -4.0989E+01
    8.090  -5.4768E+01
    8.100  -5.3253E+01
    8.110  -3.4779E+01
    8.120  -1.2280E+01
    8.130  -1.7425E+00
    8.140   1.4222E+00
    8.150   3.9101E+00
    8.160   1.0607E+01
    8.170   2.8658E+01
    8.180   7.2074E+01
    8.190   1.3774E+02
    8.200   2.0374E+02
    8.210   2.4470E+02
    8.220   2.3168E+02
    8.230   1.6400E+02
    8.240   6.9707E+01
    8.250  -3.2916E+01
    8.260  -1.2537E+02
    8.270  -1.9494E+02
    8.280  -2.4596E+02
    8.290  -2.6715E+02
    8.300  -2.4737E+02
    8.310  -1.8556E+02
    8.320  -1.0178E+02
    8.330  -3.4082E+01
    8.340   5.5204E+00
    8.350   1.6284E+01
    8.360  -5.3579E-01
    8.370  -2.1959E+01
    8.380  -3.3647E+01
    8.390  -3.8118E+01
    8.400  -5.2193E+01
    8.410  -8.3149E+01
    8.420  -1.1877E+02
    8.430  -1.3730E+02
    8.440  -1.2996E+02
    8.450  -1.1621E+02
    8.460  -1.0034E+02
    8.470  -7.6555E+01
    8.480  -3.9510E+01
    8.490   1.8844E+01
    8.500   8.6998E+01
    8.510   1.4335E+02
    8.520   1.6351E+02
    8.530   1.4129E+02
    8.540   1.0567E+02
    8.550   7.8872E+01
    8.560   6.3468E+01
    8.570   6.6018E+01
    8.580   8.6490E+01
    8.590   1.0571E+02
    8.600   1.0457E+02
    8.610   7.7723E+01
    8.620   5.0799E+01
    8.630   4.9717E+01
    8.640   8.1093E+01
    8.650   1.3867E+02
    8.660   2.1015E+02
    8.670   2.8484E+02
    8.680   3.3865E+02
    8.690   3.4618E+02
    8.700   3.1025E+02
    8.710   2.4765E+02
    8.720   1.6860E+02
    8.730   7.9851E+01
    8.740  -1.0947E+01
    8.750  -7.7041E+01
    8.760  -9.3584E+01
    8.770  -6.1106E+01
    8.780   1.5271E+00
    8.790   7.9926E+01
    8.800   1.5072E+02
    8.810   2.0439E+02
    8.820   2.4421E+02
    8.830   2.7479E+02
    8.840   3.0293E+02
    8.850   3.3086E+02
    8.860   3.5023E+02
    8.870   3.3823E+02
    8.880   2.7533E+02
    8.890   1.5908E+02
    8.900   2.6129E+01
    8.910  -7.4071E+01
    8.920  -1.2973E+02
    8.930  -1.5912E+02
    8.940  -1.8777E+02
    8.950  -2.1249E+02
    8.960  -2.1406E+02
    8.970  -1.9742E+02
    8.980  -1.6815E+02
    8.990  -1.2369E+02
    9.000  -7.7033E+01
    9.010  -5.0927E+01
    9.020  -5.4796E+01
    9.030  -7.9553E+01
    9.040  -1.0794E+02
    9.050  -1.2047E+02
    9.060  -1.1341E+02
    9.070  -9.7216E+01
    9.080  -8.0957E+01
    9.090  -8.0272E+01
    9.100  -9.6857E+01
    9.110  -1.1754E+02
    9.120  -1.2539E+02
    9.130  -1.2392E+02
    9.140  -1.3585E+02
    9.150  -1.7649E+02
    9.160  -2.2241E+02
    9.170  -2.4367E+02
    9.180  -2.3875E+02
    9.190  -2.0991E+02
    9.200  -1.6026E+02
    9.210  -9.1116E+01
    9.220  -2.2142E+01
    9.230   2.0348E+01
    9.240   4.1900E+01
    9.250   6.0246E+01
    9.260   7.9137E+01
    9.270   8.8870E+01
    9.280   8.2545E+01
    9.290   5.7982E+01
    9.300   2.6005E+01
    9.310  -5.3175E+00
    9.320  -3.6879E+01
    9.330  -6.4218E+01
    9.340  -9.0978E+01
    9.350  -1.1525E+02
    9.360  -1.3033E+02
    9.370  -1.2678E+02
    9.380  -8.2817E+01
    9.390   8.5146E+00
    9.400   1.2213E+02
    9.410   2.1822E+02
    9.420   2.6836E+02
    9.430   2.6776E+02
    9.440   2.4298E+02
    9.450   2.1905E+02
    9.460   1.9132E+02
    9.470   1.4986E+02
    9.480   9.1729E+01
    9.490   1.2800E+01
    9.500  -8.7076E+01
    9.510  -1.7371E+02
    9.520  -2.1404E+02
    9.530  -2.1581E+02
    9.540  -2.0357E+02
    9.550  -1.9497E+02
    9.560  -1.8436E+02
    9.570  -1.6150E+02
    9.580  -1.3613E+02
    9.590  -1.1269E+02
    9.600  -8.5328E+01
    9.610  -5.3240E+01
    9.620  -1.2426E+01
    9.630   2.4314E+01
    9.640   3.1925E+01
    9.650   1.4137E+01
    9.660  -1.1158E+01
    9.670  -2.5344E+01
    9.680  -3.0521E+01
    9.690  -4.9716E+01
    9.700  -9.3058E+01
    9.710  -1.4605E+02
    9.720  -1.9032E+02
    9.730  -2.1062E+02
    9.740  -1.9050E+02
    9.750  -1.3617E+02
    9.760  -7.7234E+01
    9.770  -4.1199E+01
    9.780  -3.8364E+01
    9.790  -5.8575E+01
    9.800  -7.7486E+01
    9.810  -7.5514E+01
    9.820  -5.5199E+01
    9.830  -3.3539E+01
    9.840  -4.2347E+01
    9.850  -9.7945E+01
    9.860  -1.7656E+02
    9.870  -2.3403E+02
    9.880  -2.5273E+02
    9.890  -2.4293E+02
    9.900  -2.1559E+02
    9.910  -1.8531E+02
    9.920  -1.6695E+02
    9.930  -1.6181E+02
    9.940  -1.6345E+02
    9.950  -1.6450E+02
    9.960  -1.6829E+02
    9.970  -1.7975E+02
    9.980  -1.8406E+02
    9.990  -1.5958E+02
   10.000  -9.1899E+01
   10.010   6.7419E+00
   10.020   9.9988E+01
   10.030   1.5113E+02
   10.040   1.5123E+02
   10.050   1.1719E+02
   10.060   6.8487E+01
   10.070   2.4204E+01
   10.080  -1.3649E+00
   10.090  -7.7126E-02
   10.100   1.6517E+01
   10.110   2.5595E+01
   10.120   2.3583E+01
   10.130   2.7073E+01
   10.140   4.3305E+01
   10.150   6.3565E+01
   10.160   8.4284E+01
   10.170   1.0569E+02
   10.180   1.3563E+02
   10.190   1.7547E+02
   10.200   2.1668E+02
   10.210   2.5834E+02
   10.220   2.9109E+02
   10.230   2.8386E+02
   10.240   2.1448E+02
   10.250   1.0743E+02
   10.260   1.4879E+01
   10.270  -2.9459E+01
   10.280  -2.8311E+01
   10.290  -2.1331E+00
   10.300   3.7080E+01
   10.310   8.3382E+01
   10.320   1.2559E+02
   10.330   1.6500E+02
   10.340   1.9956E+02
   10.350   2.1326E+02
   10.360   2.0105E+02
   10.370   1.5741E+02
   10.380   8.8909E+01
   10.390   1.3488E+01
   10.400  -4.0748E+01
   10.410  -4.7909E+01
   10.420  -1.6270E+01
   10.430   2.9379E+01
   10.440   7.2887E+01
   10.450   1.0584E+02
   10.460   1.2450E+02
   10.470   1.3890E+02
   10.480   1.6093E+02
   10.490   1.8174E+02
   10.500   1.8225E+02
   10.510   1.5827E+02
   10.520   1.3022E+02
   10.530   1.2303E+02
   10.540   1.4414E+02
   10.550   1.7408E+02
   10.560   1.9241E+02
   10.570   1.7573E+02
   10.580   1.2481E+02
   10.590   6.6245E+01
   10.600   1.5773E+01
   10.610  -2.4927E+01
   10.620  -5.8038E+01
   10.630  -8.8627E+01
   10.640  -1.0915E+02
   10.650  -1.1122E+02
   10.660  -1.0669E+02
   10.670  -1.0677E+02
   10.680  -1.1125E+02
   10.690  -1.0967E+02
   10.700  -9.1664E+01
   10.710  -5.9971E+01
   10.720  -1.9236E+01
   10.730   1.9911E+01
   10.740   5.1089E+01
   10.750   7.8284E+01
   10.760   9.5158E+01
   10.770   9.8982E+01
   10.780   9.9737E+01
   10.790   1.0825E+02
   10.800   1.2222E+02
   10.810   1.3802E+02
   10.820   1.5383E+02
   10.830   1.7096E+02
   10.840   1.7320E+02
   10.850   1.3848E+02
   10.860   6.8862E+01
   10.870  -9.2108E+00
   10.880  -6.0247E+01
   10.890  -6.7861E+01
   10.900  -4.3050E+01
   10.910   4.0375E+00
   10.920   6.5779E+01
   10.930   1.1531E+02
   10.940   1.3924E+02
   10.950   1.4631E+02
   10.960   1.4190E+02
   10.970   1.2768E+02
   10.980   1.1010E+02
   10.990   9.3086E+01
   11.000   7.2838E+01
   11.010   4.6833E+01
   11.020   1.5290E+01
   11.030  -1.3368E+01
   11.040  -3.7562E+01
   11.050  -6.8870E+01
   11.060  -1.1456E+02
   11.070  -1.6363E+02
   11.080  -1.9289E+02
   11.090  -1.8914E+02
   11.100  -1.6030E+02
   11.110  -1.2155E+02
   11.120  -8.1897E+01
   11.130  -5.1438E+01
   11.140  -4.2236E+01
   11.150  -5.5972E+01
   11.160  -8.2960E+01
   11.170  -1.1704E+02
   11.180  -1.5797E+02
   11.190  -2.0225E+02
   11.200  -2.3379E+02
   11.210  -2.3638E+02
   11.220  -2.1290E+02
   11.230  -1.7784E+02
   11.240  -1.4312E+02
   11.250  -1.1025E+02
   11.260  -8.1223E+01
   11.270  -6.4885E+01
   11.280  -6.9224E+01
   11.290  -9.3272E+01
   11.300  -1.2267E+02
   11.310  -1.4661E+02
   11.320  -1.5832E+02
   11.330  -1.5246E+02
   11.340  -1.2983E+02
   11.350  -9.1598E+01
   11.360  -4.7004E+01
   11.370  -1.3537E+01
   11.380  -3.6717E-01
   11.390  -1.0067E+01
   11.400  -3.2978E+01
   11.410  -5.2656E+01
   11.420  -6.0858E+01
   11.430  -5.6294E+01
   11.440  -3.4622E+01
   11.450   4.1238E-01
   11.460   3.8780E+01
   11.470   6.9696E+01
   11.480   8.2137E+01
   11.490   7.2928E+01
   11.500   5.3226E+01
   11.510   3.3057E+01
   11.520   1.9686E+01
   11.530   9.5971E+00
   11.540  -1.0327E+01
   11.550  -4.0634E+01
   11.560  -7.2427E+01
   11.570  -9.6525E+01
   11.580  -1.0862E+02
   11.590  -1.1378E+02
   11.600  -1.1427E+02
   11.610  -1.1138E+02
   11.620  -9.8850E+01
   11.630  -8.3788E+01
   11.640  -7.1584E+01
   11.650  -6.6974E+01
   11.660  -7.5343E+01
   11.670  -9.2301E+01
   11.680  -1.0690E+02
   11.690  -1.0670E+02
   11.700  -8.9847E+01
   11.710  -6.1231E+01
   11.720  -3.1512E+01
   11.730  -1.6324E+01
   11.740  -1.6277E+01
   11.750  -1.7339E+01
   11.760  -6.2976E+00
   11.770   2.0290E+01
   11.780   4.2216E+01
   11.790   4.5306E+01
   11.800   3.5759E+01
   11.810   2.2426E+01
   11.820   1.1785E+01
   11.830  -3.5158E-01
   11.840  -1.4675E+01
   11.850  -1.9263E+01
   11.860  -4.8165E+00
   11.870   2.4593E+01
   11.880   5.1716E+01
   11.890   6.7580E+01
   11.900   7.6929E+01
   11.910   7.8384E+01
   11.920   6.5548E+01
   11.930   4.0976E+01
   11.940   1.8561E+01
   11.950   3.0441E+00
   11.960  -7.2554E+00
   11.970  -6.6286E+00
   11.980   9.3664E+00
   11.990   3.6720E+01
   12.000   6.1648E+01
   12.010   7.2088E+01
   12.020   6.4038E+01
   12.030   4.4363E+01
   12.040   2.4424E+01
   12.050   3.8294E+00
   12.060  -1.2961E+01
   12.070  -2.2210E+01
   12.080  -2.9650E+01
   12.090  -3.5086E+01
   12.100  -3.7099E+01
   12.110  -3.8570E+01
   12.120  -3.8591E+01
   12.130  -3.0960E+01
   12.140  -1.6124E+01
   12.150   2.7339E+00
   12.160   1.9626E+01
   12.170   2.7499E+01
   12.180   2.3726E+01
   12.190   1.5445E+01
   12.200   1.0755E+01
   12.210   1.2020E+01
   12.220   1.9373E+01
   12.230   3.1245E+01
   12.240   4.3024E+01
   12.250   4.5131E+01
   12.260   3.3375E+01
   12.270   8.5777E+00
   12.280  -1.6922E+01
   12.290  -2.6998E+01
   12.300  -2.0537E+01
   12.310  -1.2757E+01
   12.320  -1.4704E+01
   12.330  -2.4610E+01
   12.340  -3.4182E+01
   12.350  -4.0350E+01
   12.360  -4.0417E+01
   12.370  -3.1712E+01
   12.380  -1.7741E+01
   12.390  -2.1286E+00
   12.400   1.1591E+01
   12.410   2.1713E+01
   12.420   3.5871E+01
   12.430   5.8157E+01
   12.440   7.8214E+01
   12.450   9.2256E+01
   12.460   9.9284E+01
   12.470   9.9770E+01
   12.480   1.0259E+02
   12.490   1.1640E+02
   12.500   1.3086E+02
   12.510   1.3222E+02
   12.520   1.2255E+02
   12.530   1.1153E+02
   12.540   1.0367E+02
   12.550   9.7709E+01
   12.560   9.2921E+01
   12.570   9.0860E+01
   12.580   9.0662E+01
   12.590   9.2472E+01
   12.600   9.0284E+01
   12.610   7.4488E+01
   12.620   4.6199E+01
   12.630   1.7015E+01
   12.640  -6.4379E+00
   12.650  -2.3461E+01
   12.660  -3.6547E+01
   12.670  -4.2567E+01
   12.680  -3.7515E+01
   12.690  -2.7205E+01
   12.700  -2.7222E+01
   12.710  -4.1136E+01
   12.720  -6.5958E+01
   12.730  -9.5547E+01
   12.740  -1.1973E+02
   12.750  -1.3464E+02
   12.760  -1.4095E+02
   12.770  -1.3238E+02
   12.780  -1.0587E+02
   12.790  -6.7794E+01
   12.800  -3.0025E+01
   12.810  -3.6881E+00
   12.820   7.8107E+00
   12.830   4.8058E+00
   12.840  -7.2735E+00
   12.850  -2.0568E+01
   12.860  -3.0870E+01
   12.870  -3.2584E+01
   12.880  -2.7489E+01
   12.890  -1.9847E+01
   12.900  -1.0244E+01
   12.910   1.7514E+00
   12.920   1.7817E+01
   12.930   3.6753E+01
   12.940   5.7758E+01
   12.950   7.5380E+01
   12.960   8.2494E+01
   12.970   7.6441E+01
   12.980   6.1452E+01
   12.990   4.6704E+01
   13.000   3.6105E+01
   13.010   2.9719E+01
   13.020   2.7147E+01
   13.030   2.8737E+01
   13.040   3.1005E+01
   13.050   3.0584E+01
   13.060   2.9088E+01
   13.070   3.1534E+01
   13.080   3.8810E+01
   13.090   4.6771E+01
   13.100   5.4631E+01
   13.110   6.4079E+01
   13.120   7.6679E+01
   13.130   8.7339E+01
   13.140   8.6784E+01
   13.150   7.4200E+01
   13.160   5.7528E+01
   13.170   4.4424E+01
   13.180   3.7351E+01
   13.190   3.6144E+01
   13.200   3.7607E+01
   13.210   4.1434E+01
   13.220   4.9929E+01
   13.230   5.7201E+01
   13.240   5.9092E+01
   13.250   5.5856E+01
   13.260   4.9995E+01
   13.270   4.1792E+01
   13.280   2.9209E+01
   13.290   1.5953E+01
   13.300   8.6063E+00
   13.310   8.4929E+00
   13.320   1.0173E+01
   13.330   6.7714E+00
   13.340  -3.5017E+00
   13.350  -1.4065E+01
   13.360  -1.8949E+01
   13.370  -1.9398E+01
   13.380  -1.7764E+01
   13.390  -1.7653E+01
   13.400  -1.9070E+01
   13.410  -1.8784E+01
   13.420  -1.8103E+01
   13.430  -1.9113E+01
   13.440  -2.3490E+01
   13.450  -2.7248E+01
   13.460  -2.4222E+01
   13.470  -1.3629E+01
   13.480  -1.8309E+00
   13.490   1.9899E+00
   13.500  -3.1232E+00
   13.510  -1.1109E+01
   13.520  -1.5688E+01
   13.530  -1.5210E+01
   13.540  -1.3112E+01
   13.550  -8.8159E+00
   13.560  -9.5492E-02
   13.570   1.2129E+01
   13.580   2.5686E+01
   13.590   4.0835E+01
   13.600   5.8264E+01
   13.610   7.4552E+01
   13.620   8.2595E+01
   13.630   7.5773E+01
   13.640   5.4000E+01
   13.650   2.5178E+01
   13.660  -7.6564E-01
   13.670  -1.8972E+01
   13.680  -2.8784E+01
   13.690  -2.8233E+01
   13.700  -1.6955E+01
   13.710   1.2738E+00
   13.720   2.1483E+01
   13.730   3.9816E+01
   13.740   5.1289E+01
   13.750   5.2171E+01
   13.760   4.3714E+01
   13.770   2.8342E+01
   13.780   8.0002E+00
   13.790  -9.2120E+00
   13.800  -1.6383E+01
   13.810  -1.4285E+01
   13.820  -9.0706E+00
   13.830  -6.4408E+00
   13.840  -6.5806E+00
   13.850  -7.3717E+00
   13.860  -6.7557E+00
   13.870  -4.1797E+00
   13.880  -1.7278E+00
   13.890  -5.3309E-01
   13.900  -5.9705E-01
   13.910  -2.0876E+00
   13.920  -5.3125E+00
   13.930  -1.0787E+01
   13.940  -1.5163E+01
   13.950  -1.6166E+01
   13.960  -1.7289E+01
   13.970  -2.2210E+01
   13.980  -3.3048E+01
   13.990  -4.6225E+01
   14.000  -5.5384E+01
   14.010  -5.8430E+01
   14.020  -5.7180E+01
   14.030  -5.5261E+01
   14.040  -5.5956E+01
   14.050  -5.9008E+01
   14.060  -6.3237E+01
   14.070  -6.8170E+01
   14.080  -7.0798E+01
   14.090  -6.8073E+01
   14.100  -6.3470E+01
   14.110  -6.0024E+01
   14.120  -5.7670E+01
   14.130  -5.4974E+01
   14.140  -5.1427E+01
   14.150  -4.7219E+01
   14.160  -4.0809E+01
   14.170  -3.0548E+01
   14.180  -1.7319E+01
   14.190  -4.2681E+00
   14.200   4.9416E+00
   14.210   8.3409E+00
   14.220   8.0367E+00
   14.230   7.2684E+00
   14.240   7.3450E+00
   14.250   8.7073E+00
   14.260   1.1221E+01
   14.270   1.4039E+01
   14.280   1.5302E+01
   14.290   1.3817E+01
   14.300   8.1822E+00
   14.310  -1.4454E+00
   14.320  -1.1772E+01
   14.330  -1.9347E+01
   14.340  -2.2778E+01
   14.350  -2.1999E+01
   14.360  -1.7096E+01
   14.370  -7.7632E+00
   14.380   4.6117E+00
   14.390   1.6640E+01
   14.400   2.4985E+01
   14.410   2.5815E+01
   14.420   1.8086E+01
   14.430   4.6744E+00
   14.440  -1.0398E+01
   14.450  -2.4074E+01
   14.460  -3.4932E+01
   14.470  -4.1508E+01
   14.480  -4.1952E+01
   14.490  -3.6775E+01
   14.500  -3.0361E+01
   14.510  -2.6077E+01
   14.520  -2.4179E+01
   14.530  -2.5540E+01
   14.540  -3.1176E+01
   14.550  -3.8812E+01
   14.560  -4.4525E+01
   14.570  -4.6848E+01
   14.580  -4.7467E+01
   14.590  -4.7480E+01
   14.600  -4.5475E+01
   14.610  -3.9214E+01
   14.620  -2.8085E+01
   14.630  -1.4095E+01
   14.640  -1.0875E+00
   14.650   7.5738E+00
   14.660   1.1791E+01
   14.670   1.4740E+01
   14.680   1.8762E+01
   14.690   2.4104E+01
   14.700   2.8891E+01
   14.710   3.1172E+01
   14.720   3.0832E+01
   14.730   2.8945E+01
   14.740   2.7152E+01
   14.750   2.5944E+01
   14.760   2.4805E+01
   14.770   2.4331E+01
   14.780   2.5570E+01
   14.790   2.7615E+01
   14.800   2.8963E+01
   14.810   2.8099E+01
   14.820   2.5710E+01
   14.830   2.3814E+01
   14.840   2.2073E+01
   14.850   1.9937E+01
   14.860   1.7133E+01
   14.870   1.4861E+01
   14.880   1.5258E+01
   14.890   1.7475E+01
   14.900   1.8606E+01
   14.910   1.6944E+01
   14.920   1.2754E+01
   14.930   7.2393E+00
   14.940   2.3482E+00
   14.950  -1.1074E-01
   14.960   4.4175E-01
   14.970   2.8956E+00
   14.980   5.3893E+00
   14.990   6.3656E+00
   15.000   5.3885E+00
   15.010   2.4425E+00
   15.020  -1.6985E+00
   15.030  -5.4531E+00
   15.040  -7.9616E+00
   15.050  -9.2932E+00
   15.060  -9.6184E+00
   15.070  -9.3639E+00
   15.080  -9.7360E+00
   15.090  -1.1241E+01
   15.100  -1.3529E+01
   15.110  -1.5798E+01
   15.120  -1.7836E+01
   15.130  -1.9528E+01
   15.140  -2.0481E+01
   15.150  -1.9408E+01
   15.160  -1.5848E+01
   15.170  -1.1013E+01
   15.180  -6.3926E+00
   15.190  -2.8037E+00
   15.200  -8.5935E-01
   15.210  -4.8755E-01
   15.220  -1.7870E+00
   15.230  -4.8560E+00
   15.240  -9.2936E+00
   15.250  -1.3068E+01
   15.260  -1.3089E+01
   15.270  -8.6159E+00
   15.280  -1.4686E+00
   15.290   6.1144E+00
   15.300   1.2363E+01
   15.310   1.6049E+01
   15.320   1.6957E+01
   15.330   1.4753E+01
   15.340   9.9282E+00
   15.350   4.7440E+00
   15.360   1.1222E+00
   15.370   3.2125E-01
   15.380   2.9263E+00
   15.390   8.6514E+00
   15.400   1.6163E+01
   15.410   2.3787E+01
   15.420   3.0114E+01
   15.430   3.3199E+01
   15.440   3.2839E+01
   15.450   3.0241E+01
   15.460   2.6191E+01
   15.470   2.1729E+01
   15.480   1.8224E+01
   15.490   1.6351E+01
   15.500   1.4459E+01
   15.510   1.0882E+01
   15.520   5.2006E+00
   15.530  -1.4509E+00
   15.540  -7.4191E+00
   15.550  -1.1495E+01
   15.560  -1.3499E+01
   15.570  -1.4015E+01
   15.580  -1.4179E+01
   15.590  -1.4224E+01
   15.600  -1.4097E+01
   15.610  -1.4022E+01
   15.620  -1.3770E+01
   15.630  -1.3029E+01
   15.640  -1.2273E+01
   15.650  -1.1531E+01
   15.660  -1.0142E+01
   15.670  -8.1408E+00
   15.680  -5.8831E+00
   15.690  -3.4517E+00
   15.700  -1.1749E+00
   15.710   1.0597E+00
   15.720   2.9311E+00
   15.730   3.9129E+00
   15.740   4.2992E+00
   15.750   4.2601E+00
   15.760   3.7991E+00
   15.770   2.6770E+00
   15.780   6.7718E-01
   15.790  -1.3609E+00
   15.800  -2.2451E+00
   15.810  -2.1730E+00
   15.820  -1.7219E+00
   15.830  -1.1958E+00
   15.840  -9.6271E-01
   15.850  -8.2692E-01
   15.860  -5.1070E-01
   15.870  -8.2305E-02
   15.880   3.0473E-01
   15.890   4.4872E-01
   15.900   2.3145E-01
   15.910  -2.4929E-01
   15.920  -8.3906E-01
   15.930  -1.2412E+00
   15.940  -1.0700E+00
   15.950  -1.9483E-01
   15.960   1.1960E+00
   15.970   2.7170E+00
   15.980   3.9496E+00
   15.990   4.4600E+00
   16.000   4.0601E+00
   16.010   2.9562E+00
   16.020   1.6182E+00
   16.030   3.6472E-01
   16.040  -6.4078E-01
   16.050  -1.1927E+00
   16.060  -1.0489E+00
   16.070  -4.4584E-02
   16.080   1.8630E+00
   16.090   4.5653E+00
   16.100   7.4835E+00
   16.110   9.7056E+00
   16.120   1.0573E+01
   16.130   1.0064E+01
   16.140   8.7486E+00
   16.150   7.2399E+00
   16.160   5.8303E+00
   16.170   4.8001E+00
   16.180   4.5376E+00
   16.190   5.2163E+00
   16.200   6.4886E+00
   16.210   7.4881E+00
   16.220   7.4628E+00
   16.230   6.0594E+00
   16.240   3.1378E+00
   16.250  -8.3291E-01
   16.260  -4.8511E+00
   16.270  -8.0854E+00
   16.280  -1.0215E+01
   16.290  -1.1286E+01
   16.300  -1.1282E+01
   16.310  -1.0211E+01
   16.320  -8.3759E+00
   16.330  -6.2959E+00
   16.340  -4.2723E+00
   16.350  -2.2181E+00
   16.360   1.8585E-01
   16.370   3.0028E+00
   16.380   5.8611E+00
   16.390   8.0806E+00
   16.400   9.1096E+00
   16.410   8.7850E+00
   16.420   7.4701E+00
   16.430   5.8712E+00
   16.440   4.3642E+00
   16.450   3.1930E+00
   16.460   2.7065E+00
   16.470   3.0454E+00
   16.480   4.1932E+00
   16.490   5.7962E+00
   16.500   7.0600E+00
   16.510   7.3971E+00
   16.520   6.7255E+00
   16.530   5.3596E+00
   16.540   3.7365E+00
   16.550   2.0701E+00
   16.560   4.5915E-01
   16.570  -8.6010E-01
   16.580  -1.7081E+00
   16.590  -2.1720E+00
   16.600  -2.4398E+00
   16.610  -2.3741E+00
   16.620  -1.7489E+00
   16.630  -6.9237E-01
   16.640   4.9256E-01
   16.650   1.2570E+00
   16.660   1.2269E+00
   16.670   4.6266E-01
   16.680  -5.9486E-01
   16.690  -1.5390E+00
   16.700  -2.3165E+00
   16.710  -2.8234E+00
   16.720  -2.9530E+00
   16.730  -2.8825E+00
   16.740  -2.7848E+00
   16.750  -2.5606E+00
   16.760  -2.0197E+00
   16.770  -1.1006E+00
   16.780  -1.6607E-01
   16.790   3.0651E-01
   16.800   7.9199E-02
   16.810  -6.1377E-01
   16.820  -1.3344E+00
   16.830  -1.8475E+00
   16.840  -2.0343E+00
   16.850  -1.8204E+00
   16.860  -1.2692E+00
   16.870  -5.9164E-01
   16.880  -6.8785E-02
   16.890   3.8292E-02
   16.900  -2.9579E-01
   16.910  -9.0343E-01
   16.920  -1.6280E+00
   16.930  -2.4853E+00
   16.940  -3.4319E+00
   16.950  -4.2168E+00
   16.960  -4.5821E+00
   16.970  -4.4178E+00
   16.980  -3.9035E+00
   16.990  -3.3998E+00
   17.000  -3.1488E+00
   17.010  -3.2759E+00
   17.020  -3.8321E+00
   17.030  -4.7321E+00
   17.040  -5.6790E+00
   17.050  -6.3319E+00
   17.060  -6.4156E+00
   17.070  -5.6956E+00
   17.080  -4.2000E+00
   17.090  -2.1382E+00
   17.100   1.8293E-01
   17.110   2.3272E+00
   17.120   4.1029E+00
   17.130   5.4614E+00
   17.140   6.4573E+00
   17.150   7.0260E+00
   17.160   6.9539E+00
   17.170   6.2238E+00
   17.180   5.0186E+00
   17.190   3.6181E+00
   17.200   2.0852E+00
   17.210   3.8513E-01
   17.220  -1.3224E+00
   17.230  -2.8726E+00
   17.240  -4.0203E+00
   17.250  -4.5216E+00
   17.260  -4.3066E+00
   17.270  -3.4800E+00
   17.280  -2.3030E+00
   17.290  -9.7947E-01
   17.300   1.6701E-01
   17.310   7.0492E-01
   17.320   4.3450E-01
   17.330  -5.9309E-01
   17.340  -2.0750E+00
   17.350  -3.5032E+00
   17.360  -4.5235E+00
   17.370  -5.0414E+00
   17.380  -5.0575E+00
   17.390  -4.6094E+00
   17.400  -3.7884E+00
   17.410  -2.7597E+00
   17.420  -1.7933E+00
   17.430  -1.1479E+00
   17.440  -9.7918E-01
   17.450  -1.3205E+00
   17.460  -2.0204E+00
   17.470  -2.7476E+00
   17.480  -3.2223E+00
   17.490  -3.3321E+00
   17.500  -3.0182E+00
   17.510  -2.2656E+00
   17.520  -1.1918E+00
   17.530   6.2339E-02
   17.540   1.3784E+00
   17.550   2.6899E+00
   17.560   3.9334E+00
   17.570   4.9597E+00
   17.580   5.6073E+00
   17.590   5.8705E+00
   17.600   5.7920E+00
   17.610   5.4159E+00
   17.620   4.8227E+00
   17.630   4.1728E+00
   17.640   3.6685E+00
   17.650   3.3413E+00
   17.660   3.0502E+00
   17.670   2.6936E+00
   17.680   2.3523E+00
   17.690   2.1420E+00
   17.700   1.9860E+00
   17.710   1.6755E+00
   17.720   1.1179E+00
   17.730   4.8683E-01
   17.740   3.4898E-02
   17.750  -2.0460E-01
   17.760  -4.0193E-01
   17.770  -6.1389E-01
   17.780  -7.0370E-01
   17.790  -5.4109E-01
   17.800  -1.1961E-01
   17.810   4.1821E-01
   17.820   8.8150E-01
   17.830   1.1340E+00
   17.840   1.1597E+00
   17.850   1.0299E+00
   17.860   8.5503E-01
   17.870   7.6841E-01
   17.880   8.6535E-01
   17.890   1.1548E+00
   17.900   1.5457E+00
   17.910   1.8788E+00
   17.920   1.9797E+00
   17.930   1.7388E+00
   17.940   1.1567E+00
   17.950   3.3007E-01
   17.960  -5.9194E-01
   17.970  -1.4557E+00
   17.980  -2.1594E+00
   17.990  -2.6724E+00
   18.000  -2.9882E+00
   18.010  -3.0562E+00
   18.020  -2.7719E+00
   18.030  -2.0723E+00
   18.040  -1.0432E+00
   18.050   1.1782E-01
   18.060   1.2378E+00
   18.070   2.2293E+00
   18.080   3.0179E+00
   18.090   3.4591E+00
   18.100   3.4210E+00
   18.110   2.8968E+00
   18.120   2.0072E+00
   18.130   9.1664E-01
   18.140  -2.2857E-01
   18.150  -1.2531E+00
   18.160  -1.9381E+00
   18.170  -2.1393E+00
   18.180  -1.9041E+00
   18.190  -1.4173E+00
   18.200  -8.5045E-01
   18.210  -3.0669E-01
   18.220   1.2417E-01
   18.230   3.2967E-01
   18.240   2.1360E-01
   18.250  -2.5959E-01
   18.260  -1.0433E+00
   18.270  -1.9634E+00
   18.280  -2.6909E+00
   18.290  -2.8708E+00
   18.300  -2.3851E+00
   18.310  -1.4804E+00
   18.320  -5.8258E-01
   18.330   1.5904E-02
   18.340   2.6956E-01
   18.350   2.5343E-01
   18.360   3.8336E-02
   18.370  -2.9605E-01
   18.380  -6.2868E-01
   18.390  -8.5896E-01
   18.400  -9.7649E-01
   18.410  -1.0261E+00
   18.420  -1.0248E+00
   18.430  -9.5099E-01
   18.440  -7.9526E-01
   18.450  -5.8717E-01
   18.460  -3.8354E-01
   18.470  -2.5725E-01
   18.480  -2.5842E-01
   18.490  -3.2605E-01
   18.500  -2.5668E-01
   18.510   1.5196E-01
   18.520   8.9013E-01
   18.530   1.7139E+00
   18.540   2.3647E+00
   18.550   2.7778E+00
   18.560   3.0598E+00
   18.570   3.3229E+00
   18.580   3.6036E+00
   18.590   3.9016E+00
   18.600   4.2067E+00
   18.610   4.4628E+00
   18.620   4.5690E+00
   18.630   4.4514E+00
   18.640   4.1156E+00
   18.650   3.6119E+00
   18.660   2.9815E+00
   18.670   2.2567E+00
   18.680   1.4900E+00
   18.690   7.5516E-01
   18.700   1.2943E-01
   18.710  -3.2195E-01
   18.720  -5.8245E-01
   18.730  -7.3977E-01
   18.740  -9.6788E-01
   18.750  -1.3846E+00
   18.760  -1.9112E+00
   18.770  -2.3207E+00
   18.780  -2.4540E+00
   18.790  -2.3714E+00
   18.800  -2.2707E+00
   18.810  -2.2794E+00
   18.820  -2.3499E+00
   18.830  -2.3363E+00
   18.840  -2.1348E+00
   18.850  -1.7546E+00
   18.860  -1.3018E+00
   18.870  -9.2161E-01
   18.880  -7.2678E-01
   18.890  -7.3545E-01
   18.900  -8.6738E-01
   18.910  -1.0143E+00
   18.920  -1.1169E+00
   18.930  -1.1675E+00
   18.940  -1.1596E+00
   18.950  -1.0728E+00
   18.960  -9.0919E-01
   18.970  -6.9585E-01
   18.980  -4.2562E-01
   18.990  -3.5627E-02
   19.000   5.0180E-01
   19.010   1.0776E+00
   19.020   1.4909E+00
   19.030   1.6134E+00
   19.040   1.4895E+00
   19.050   1.2828E+00
   19.060   1.1751E+00
   19.070   1.3138E+00
   19.080   1.7755E+00
   19.090   2.5098E+00
   19.100   3.3374E+00
   19.110   4.0549E+00
   19.120   4.5374E+00
   19.130   4.7174E+00
   19.140   4.5168E+00
   19.150   3.8857E+00
   19.160   2.9200E+00
   19.170   1.8707E+00
   19.180   9.9827E-01
   19.190   4.3414E-01
   19.200   1.7060E-01
   19.210   1.1549E-01
   19.220   1.3076E-01
   19.230   9.2578E-02
   19.240  -5.5340E-03
   19.250  -2.7846E-02
   19.260   1.6103E-01
   19.270   5.2022E-01
   19.280   8.3849E-01
   19.290   9.2102E-01
   19.300   7.4409E-01
   19.310   4.2963E-01
   19.320   1.0792E-01
   19.330  -1.8490E-01
   19.340  -5.0633E-01
   19.350  -9.2535E-01
   19.360  -1.4239E+00
   19.370  -1.8686E+00
   19.380  -2.0997E+00
   19.390  -2.0669E+00
   19.400  -1.8799E+00
   19.410  -1.7294E+00
   19.420  -1.7728E+00
   19.430  -2.0774E+00
   19.440  -2.6180E+00
   19.450  -3.2863E+00
   19.460  -3.9106E+00
   19.470  -4.3110E+00
   19.480  -4.3703E+00
   19.490  -4.0845E+00
   19.500  -3.5653E+00
   19.510  -2.9880E+00
   19.520  -2.4946E+00
   19.530  -2.1056E+00
   19.540  -1.7238E+00
   19.550  -1.2353E+00
   19.560  -6.0949E-01
   19.570   9.8289E-02
   19.580   8.1688E-01
   19.590   1.4987E+00
   19.600   2.0881E+00
   19.610   2.4836E+00
   19.620   2.5737E+00
   19.630   2.3294E+00
   19.640   1.8636E+00
   19.650   1.3840E+00
   19.660   1.0679E+00
   19.670   9.6559E-01
   19.680   1.0045E+00
   19.690   1.0651E+00
   19.700   1.0542E+00
   19.710   9.4765E-01
   19.720   8.0834E-01
   19.730   7.5908E-01
   19.740   8.8454E-01
   19.750   1.1335E+00
   19.760   1.3452E+00
   19.770   1.3936E+00
   19.780   1.2845E+00
   19.790   1.0928E+00
   19.800   8.4104E-01
   19.810   4.8268E-01
   19.820  -9.3036E-03
   19.830  -5.7966E-01
   19.840  -1.1069E+00
   19.850  -1.4438E+00
   19.860  -1.4559E+00
   19.870  -1.0895E+00
   19.880  -4.4222E-01
   19.890   2.5519E-01
   19.900   7.4922E-01
   19.910   8.6182E-01
   19.920   5.1459E-01
   19.930  -2.6805E-01
   19.940  -1.3399E+00
   19.950  -2.4579E+00
   19.960  -3.3807E+00
   19.970  -3.9574E+00
   19.980  -4.1293E+00
   19.990  -3.8973E+00
   20.000  -3.3281E+00
   20.010  -2.5632E+00
   20.020  -1.7623E+00
   20.030  -1.0238E+00
   20.040  -3.7381E-01
   20.050   1.8968E-01
   20.060   6.8174E-01
   20.070   1.1329E+00
   20.080   1.5386E+00
   20.090   1.7903E+00
   20.100   1.7097E+00
   20.110   1.1940E+00
   20.120   3.1862E-01
   20.130  -7.0747E-01
   20.140  -1.6609E+00
   20.150  -2.3856E+00
   20.160  -2.8192E+00
   20.170  -2.9904E+00
   20.180  -2.9670E+00
   20.190  -2.7708E+00
   20.200  -2.3621E+00
   20.210  -1.7508E+00
   20.220  -1.1153E+00
   20.230  -7.4846E-01
   20.240  -8.4145E-01
   20.250  -1.3062E+00
   20.260  -1.8072E+00
   20.270  -1.9787E+00
   20.280  -1.6605E+00
   20.290  -9.8175E-01
   20.300  -2.3463E-01
   20.310   3.6397E-01
   20.320   8.1948E-01
   20.330   1.2921E+00
   20.340   1.9069E+00
   20.350   2.6460E+00
   20.360   3.3981E+00
   20.370   4.0514E+00
   20.380   4.5102E+00
   20.390   4.6589E+00
   20.400   4.3682E+00
   20.410   3.5632E+00
   20.420   2.2895E+00
   20.430   7.2092E-01
   20.440  -8.8333E-01
   20.450  -2.2454E+00
   20.460  -3.1407E+00
   20.470  -3.4597E+00
   20.480  -3.2355E+00
   20.490  -2.6241E+00
   20.500  -1.8447E+00
   20.510  -1.1063E+00
   20.520  -5.5222E-01
   20.530  -2.3345E-01
   20.540  -1.0695E-01
   20.550   2.1866E-01
   20.560   3.0258E-01
   20.570   3.9542E-01
   20.580   4.2601E-01
   20.590   3.2384E-01
   20.600   1.0142E-01
   20.610  -1.6384E-01
   20.620  -4.1598E-01
   20.630  -6.5563E-01
   20.640  -8.8605E-01
   20.650  -1.0616E+00
   20.660  -1.1128E+00
   20.670  -9.6777E-01
   20.680  -6.4835E-01
   20.690  -2.4949E-01
   20.700   7.6918E-02
   20.710   1.3251E-01
   20.720  -2.2173E-01
   20.730  -9.3214E-01
   20.740  -1.7293E+00
   20.750  -2.2656E+00
   20.760  -2.3026E+00
   20.770  -1.8070E+00
   20.780  -9.1059E-01
   20.790   1.9716E-01
   20.800   1.3550E+00
   20.810   2.4447E+00
   20.820   3.3552E+00
   20.830   3.9620E+00
   20.840   4.1677E+00
   20.850   3.9638E+00
   20.860   3.4362E+00
   20.870   2.6963E+00
   20.880   1.8103E+00
   20.890   8.0007E-01
   20.900  -2.9233E-01
   20.910  -1.3449E+00
   20.920  -2.1601E+00
   20.930  -2.5442E+00
   20.940  -2.4097E+00
   20.950  -1.8202E+00
   20.960  -9.3401E-01
   20.970   9.4590E-02
   20.980   1.1526E+00
   20.990   2.1278E+00
   21.000   2.8858E+00
   21.010   3.3258E+00
   21.020   3.4485E+00
   21.030   3.3257E+00
   21.040   2.9967E+00
   21.050   2.4288E+00
   21.060   1.6113E+00
   21.070   6.7526E-01
   21.080  -1.1929E-01
   21.090  -5.5339E-01
   21.100  -6.2324E-01
   21.110  -4.3472E-01
   21.120  -4.8435E-01
   21.130  -7.8994E-01
   21.140  -1.2445E+00
   21.150  -1.7275E+00
   21.160  -1.4810E+00
   21.170  -1.3418E+00
   21.180  -1.1250E+00
   21.190  -1.0279E+00
   21.200  -2.6925E-01
   21.210  -5.7227E-01
   21.220  -9.9564E-01
   21.230  -1.3559E+00
   21.240  -1.5492E+00
   21.250  -1.5454E+00
   21.260  -1.3287E+00
   21.270  -8.9185E-01
   21.280  -2.8877E-01
   21.290   3.5354E-01
   21.300   8.9403E-01
   21.310   1.2236E+00
   21.320   1.2493E+00
   21.330   8.9132E-01
   21.340   1.5502E-01
   21.350  -8.0404E-01
   21.360  -1.7416E+00
   21.370  -2.6959E+00
   21.380  -3.2008E+00
   21.390  -3.4128E+00
   21.400  -3.3258E+00
   21.410  -2.9277E+00
   21.420  -2.2575E+00
   21.430  -1.4221E+00
   21.440  -5.5097E-01
   21.450   2.5513E-01
   21.460   9.3627E-01
   21.470   1.4580E+00
   21.480   2.2950E+00
   21.490   2.5441E+00
   21.500   2.5819E+00
   21.510   2.5815E+00
   21.520   2.3896E+00
   21.530   2.1742E+00
   21.540   1.9940E+00
   21.550   1.9357E+00
   21.560   2.1173E+00
   21.570   2.5925E+00
   21.580   3.2255E+00
   21.590   3.6911E+00
   21.600   3.6377E+00
   21.610   2.9487E+00
   21.620   1.7628E+00
   21.630   4.2347E-01
   21.640  -7.4445E-01
   21.650  -1.5928E+00
   21.660  -2.1780E+00
   21.670  -2.6501E+00
   21.680  -3.0804E+00
   21.690  -3.3681E+00
   21.700  -3.3179E+00
   21.710  -2.7883E+00
   21.720  -1.9742E+00
   21.730  -1.1055E+00
   21.740  -4.3054E-01
   21.750  -1.2937E-01
   21.760   5.9437E-02
   21.770  -1.4022E-02
   21.780  -2.9905E-01
   21.790  -5.9758E-01
   21.800  -1.1870E+00
   21.810  -1.8148E+00
   21.820  -2.3467E+00
   21.830  -2.6394E+00
   21.840  -2.6042E+00
   21.850  -2.2633E+00
   21.860  -1.8137E+00
   21.870  -1.3986E+00
   21.880  -1.1024E+00
   21.890  -8.8065E-01
   21.900  -6.2181E-01
   21.910  -7.5138E-01
   21.920  -4.5110E-01
   21.930  -1.5919E-01
   21.940   9.7163E-03
   21.950   1.4170E-01
   21.960  -7.5501E-02
   21.970  -1.7018E-01
   21.980  -4.5502E-01
   21.990  -1.0734E+00
   22.000  -1.4717E+00
   22.010  -1.3082E+00
   22.020  -8.9402E-01
   22.030  -3.1336E-01
   22.040   3.5112E-01
   22.050   1.0369E+00
   22.060   1.6568E+00
   22.070   2.0928E+00
   22.080   3.0446E+00
   22.090   3.0149E+00
   22.100   2.6581E+00
   22.110   2.0262E+00
   22.120   1.2115E+00
   22.130   3.4733E-01
   22.140  -4.5095E-01
   22.150  -1.1238E+00
   22.160  -1.6063E+00
   22.170  -1.7486E+00
   22.180  -2.4579E-01
   22.190   7.3900E-01
   22.200   2.0965E+00
   22.210   3.5271E+00
   22.220   4.7439E+00
   22.230   6.0796E+00
   22.240   6.4600E+00
   22.250   6.1748E+00
   22.260   5.4870E+00
   22.270   4.5225E+00
   22.280   3.4375E+00
   22.290   2.3926E+00
   22.300   1.5179E+00
   22.310   8.8007E-01
   22.320   4.9439E-01
   22.330   3.2780E-01
   22.340   3.4965E-01
   22.350   5.4209E-01
   22.360   8.8446E-01
   22.370   1.0744E+00
   22.380   1.5472E+00
   22.390   1.9101E+00
   22.400   1.9454E+00
   22.410   1.5082E+00
   22.420   7.4545E-01
   22.430  -4.0878E-01
   22.440  -1.5291E+00
   22.450  -2.2858E+00
   22.460  -2.6090E+00
   22.470  -2.4565E+00
   22.480  -2.0711E+00
   22.490  -1.5410E+00
   22.500  -7.7492E-01
   22.510   3.4630E-02
   22.520   6.9989E-01
   22.530   1.1177E+00
   22.540   1.0551E+00
   22.550   9.7448E-01
   22.560   6.6457E-01
   22.570   4.2154E-01
   22.580   2.8738E-01
   22.590   4.6988E-01
   22.600   9.1904E-01
   22.610   1.4831E+00
   22.620   1.8419E+00
   22.630   2.1320E+00
   22.640   2.2151E+00
   22.650   2.1436E+00
   22.660   1.6062E+00
   22.670   1.7835E+00
   22.680   1.7528E+00
   22.690   1.6399E+00
   22.700   1.6052E+00
   22.710   1.3632E+00
   22.720   1.0926E+00
   22.730   8.3590E-01
   22.740   5.3060E-01
   22.750   1.3402E-01
   22.760  -2.9926E-01
   22.770  -6.7290E-01
   22.780  -9.5714E-01
   22.790  -1.2062E+00
   22.800  -1.2192E+00
   22.810  -1.2871E-01
   22.820  -4.2584E-01
   22.830  -7.3798E-01
   22.840  -1.1540E+00
   22.850  -1.5845E+00
   22.860  -1.9906E+00
   22.870  -2.3517E+00
   22.880  -3.2722E+00
   22.890  -2.8196E+00
   22.900  -2.8163E+00
   22.910  -2.5539E+00
   22.920  -2.1013E+00
   22.930  -1.6179E+00
   22.940  -1.2146E+00
   22.950  -8.6471E-01
   22.960  -4.1633E-01
   22.970   1.6353E-01
   22.980   9.0806E-01
   22.990   1.6421E+00
   23.000   2.2619E+00
   23.010   2.6423E+00
   23.020   2.6930E+00
   23.030   2.3810E+00
   23.040   1.7689E+00
   23.050   1.4299E+00
   23.060   7.3825E-01
   23.070   2.8001E-01
   23.080   8.7137E-04
   23.090  -7.9042E-01
   23.100  -2.6747E-01
   23.110   1.9984E-01
   23.120   7.7017E-01
   23.130   1.3472E+00
   23.140   1.8535E+00
   23.150   2.3576E+00
   23.160   2.4127E+00
   23.170   2.1645E+00
   23.180   2.7145E+00
   23.190   2.1122E+00
   23.200   1.3689E+00
   23.210   1.0123E+00
   23.220   4.8289E-01
   23.230  -3.0215E-02
   23.240  -4.5550E-01
   23.250  -7.1743E-01
   23.260  -8.5274E-01
   23.270  -6.5505E-01
   23.280  -2.8319E-01
   23.290   1.9153E-01
   23.300   6.2509E-01
   23.310   7.0161E-01
   23.320   6.2300E-01
   23.330   4.0334E-01
   23.340  -2.5317E-03
   23.350  -5.3240E-01
   23.360  -1.0119E+00
   23.370  -1.4369E+00
   23.380  -1.7424E+00
   23.390  -1.8656E+00
   23.400  -1.4126E+00
   23.410  -1.3800E+00
   23.420  -1.2331E+00
   23.430  -1.6562E+00
   23.440  -2.4288E+00
   23.450  -3.1086E+00
   23.460  -3.7303E+00
   23.470  -4.2201E+00
   23.480  -4.0139E+00
   23.490  -4.2363E+00
   23.500  -4.2516E+00
   23.510  -4.0183E+00
   23.520  -3.5795E+00
   23.530  -3.0491E+00
   23.540  -2.5541E+00
   23.550  -1.7319E+00
   23.560  -1.6953E+00
   23.570  -1.9289E+00
   23.580  -2.3461E+00
   23.590  -2.7254E+00
   23.600  -2.9037E+00
   23.610  -2.7250E+00
   23.620  -2.4312E+00
   23.630  -1.9774E+00
   23.640  -1.3995E+00
   23.650  -6.8504E-01
   23.660   1.4271E-01
   23.670   1.0850E+00
   23.680   8.3731E-01
   23.690   1.5203E+00
   23.700   2.2398E+00
   23.710   2.8918E+00
   23.720   3.3657E+00
   23.730   3.5784E+00
   23.740   3.4880E+00
   23.750   3.1035E+00
   23.760   2.4938E+00
   23.770   1.7776E+00
   23.780   1.1335E+00
   23.790   5.6382E-01
   23.800   1.8452E-01
   23.810   1.1074E-02
   23.820   9.6736E-03
   23.830   1.1196E-01
   23.840   2.3590E-01
   23.850   6.7034E-01
   23.860   5.6376E-01
   23.870   4.5855E-01
   23.880   3.3029E-01
   23.890   2.3961E-01
   23.900   2.0268E-01
   23.910   1.0813E-02
   23.920  -1.1576E-01
   23.930  -1.8019E-01
   23.940  -2.1082E-01
   23.950  -2.7233E-01
   23.960  -4.3176E-01
   23.970  -7.0031E-01
   23.980  -9.1236E-01
   23.990  -1.1352E+00
   24.000  -1.2076E+00
   24.010  -1.1329E+00
   24.020  -9.7266E-01
   24.030  -7.3861E-01
   24.040  -5.2158E-01
   24.050  -3.1545E-01
   24.060  -1.0955E-01
   24.070   1.0629E-01
   24.080   3.9451E-01
   24.090   6.0996E-01
   24.100   7.4408E-01
   24.110   7.9871E-01
   24.120   5.7568E-01
   24.130   2.4578E-01
   24.140  -1.3906E-01
   24.150  -3.2278E-01
   24.160  -3.2105E-01
   24.170  -2.3612E-01
   24.180  -3.7621E-01
   24.190  -1.9786E-01
   24.200   3.6349E-02
   24.210   2.2046E-01
   24.220   3.0156E-01
   24.230  -4.7375E-01
   24.240  -6.3677E-01
   24.250  -8.6645E-01
   24.260  -9.4316E-01
   24.270  -1.0750E+00
   24.280  -1.1089E+00
   24.290  -1.0338E+00
   24.300  -8.3161E-01
   24.310  -5.1466E-01
   24.320  -1.3916E-01
   24.330   2.3555E-01
   24.340   5.7315E-01
   24.350   8.2933E-01
   24.360   9.2674E-01
   24.370   8.2462E-01
   24.380   4.5238E-01
   24.390  -9.9717E-02
   24.400  -1.1244E+00
   24.410  -1.9018E+00
   24.420  -2.4997E+00
   24.430  -3.0457E+00
   24.440  -3.3030E+00
   24.450  -3.0626E+00
   24.460  -2.9004E+00
   24.470  -2.5439E+00
   24.480  -2.0344E+00
   24.490  -1.4771E+00
   24.500  -9.9902E-01
   24.510  -3.6680E-02
   24.520  -2.2036E-02
   24.530  -2.3550E-01
   24.540  -6.1865E-01
   24.550  -1.2538E+00
   24.560  -1.6550E+00
   24.570  -1.9341E+00
   24.580  -1.7964E+00
   24.590  -2.0751E+00
   24.600  -2.0045E+00
   24.610  -1.0689E+00
   24.620  -4.8714E-01
   24.630   2.7169E-02
   24.640   4.7437E-01
   24.650   1.0509E+00
   24.660   1.7372E+00
   24.670   1.9099E+00
   24.680   1.9256E+00
   24.690   1.8159E+00
   24.700   1.4854E+00
   24.710   1.0874E+00
   24.720   7.3966E-01
   24.730   5.1062E-01
   24.740   4.0670E-01
   24.750   3.7485E-01
   24.760   3.7721E-01
   24.770   3.4629E-01
   24.780  -8.3618E-02
   24.790  -1.5092E-01
   24.800  -2.9062E-01
   24.810  -4.4884E-01
   24.820  -4.3157E-01
   24.830  -4.1224E-01
   24.840  -4.9162E-01
   24.850  -4.5807E-01
   24.860  -4.3386E-01
   24.870  -5.0579E-01
   24.880  -6.7951E-01
   24.890  -8.9984E-01
   24.900  -1.1373E+00
   24.910  -1.3450E+00
   24.920  -1.5316E+00
   24.930  -1.5839E+00
   24.940  -1.5545E+00
   24.950  -1.4147E+00
   24.960  -1.1292E+00
   24.970  -6.9341E-01
   24.980  -1.6126E-01
   24.990   3.7059E-01
   25.000   8.1103E-01
   25.010   1.0864E+00
   25.020   1.1538E+00
   25.030   1.0157E+00
   25.040   7.2573E-01
   25.050   3.7762E-01
   25.060   8.3462E-02
   25.070   1.6000E-01
   25.080   2.6784E-01
   25.090   5.5293E-01
   25.100   9.9845E-01
   25.110   1.3573E+00
   25.120   1.5296E+00
   25.130   1.7671E+00
   25.140   1.9803E+00
   25.150   2.1868E+00
   25.160   2.2653E+00
   25.170   2.2461E+00
   25.180   2.1078E+00
   25.190   1.8291E+00
   25.200   1.4273E+00
   25.210   9.4783E-01
   25.220   5.3334E-01
   25.230   3.0303E-01
   25.240   2.7008E-01
   25.250   8.4516E-01
   25.260   1.3119E+00
   25.270   1.7920E+00
   25.280   2.3546E+00
   25.290   2.9245E+00
   25.300   3.3858E+00
   25.310   2.7400E+00
   25.320   2.6236E+00
   25.330   2.3843E+00
   25.340   1.1060E+00
   25.350   6.6812E-01
   25.360   2.9324E-01
   25.370   2.1822E-01
   25.380  -4.3020E-02
   25.390   3.8109E-02
   25.400   1.5709E-01
   25.410   4.6995E-01
   25.420   6.1488E-01
   25.430   6.7289E-01
   25.440   5.9331E-01
   25.450   3.7962E-01
   25.460   6.1501E-02
   25.470  -3.3378E-01
   25.480  -7.1227E-01
   25.490  -1.0113E+00
   25.500  -1.2238E+00
   25.510  -1.3129E+00
   25.520  -1.3143E+00
   25.530  -1.2299E+00
   25.540  -1.0599E+00
   25.550  -8.1119E-01
   25.560  -5.3378E-01
   25.570  -2.8100E-01
   25.580  -1.2854E-01
   25.590  -7.0236E-02
   25.600  -9.5663E-02
   25.610  -1.6922E-01
   25.620  -2.2867E-01
   25.630  -2.2586E-01
   25.640  -2.2205E-01
   25.650  -1.4214E-02
   25.660   2.4656E-01
   25.670   3.7986E-01
   25.680   6.8109E-01
   25.690   6.7132E-01
   25.700   4.7018E-01
   25.710   3.2786E-01
   25.720   1.5152E-01
   25.730  -2.9942E-02
   25.740  -1.8260E-01
   25.750  -2.8811E-01
   25.760  -3.2066E-01
   25.770  -2.9015E-01
   25.780  -2.0755E-01
   25.790  -1.0443E-01
   25.800  -9.4332E-04
   25.810  -8.1700E-03
   25.820   4.1542E-02
   25.830   4.8143E-02
   25.840   2.3360E-02
   25.850  -1.2738E-02
   25.860  -1.4204E-01
   25.870  -1.8934E-02
   25.880   1.4584E-01
   25.890   3.3418E-01
   25.900   5.2699E-01
   25.910   6.7819E-01
   25.920   8.3385E-01
   25.930   9.6852E-01
   25.940   1.0707E+00
   25.950   1.1249E+00
   25.960   1.1210E+00
   25.970   1.0500E+00
   25.980   9.0376E-01
   25.990   6.7711E-01
   26.000   3.7550E-01
   26.010   2.3644E-02
   26.020  -3.3208E-01
   26.030  -6.6562E-01
   26.040  -8.4585E-01
   26.050  -9.2314E-01
   26.060  -9.1494E-01
   26.070  -8.5834E-01
   26.080  -8.1643E-01
   26.090  -7.6171E-01
   26.100  -8.1465E-01
   26.110  -7.5759E-01
   26.120  -6.7558E-01
   26.130   2.5199E-01
   26.140   6.5179E-02
   26.150  -1.0116E-01
   26.160  -2.4253E-01
   26.170   4.4893E-03
   26.180  -5.7074E-02
   26.190  -9.8712E-02
   26.200  -1.3767E-01
   26.210  -1.9352E-01
   26.220  -2.7551E-01
   26.230  -3.8188E-01
   26.240  -5.0477E-01
   26.250  -6.2939E-01
   26.260  -7.3192E-01
   26.270  -7.8639E-01
   26.280  -7.8533E-01
   26.290  -8.0017E-01
   26.300  -7.6718E-01
   26.310  -6.4276E-01
   26.320  -6.3072E-01
   26.330  -6.1380E-01
   26.340  -5.8896E-01
   26.350  -5.5289E-01
   26.360  -5.0554E-01
   26.370  -4.5701E-01
   26.380  -4.2573E-01
   26.390  -4.2608E-01
   26.400  -4.5767E-01
   26.410  -5.0589E-01
   26.420  -5.4932E-01
   26.430  -4.4954E-01
   26.440  -3.1466E-01
   26.450  -2.8447E-01
   26.460  -2.3889E-01
   26.470  -1.9214E-01
   26.480  -1.4874E-01
   26.490  -1.0298E-01
   26.500  -4.7551E-02
   26.510   1.9320E-02
   26.520   9.3477E-02
   26.530   1.4743E-01
   26.540   2.2430E-01
   26.550   2.8669E-01
   26.560   3.2739E-01
   26.570   4.0291E-01
   26.580   5.4728E-01
   26.590   5.9936E-01
   26.600   6.1552E-01
   26.610   5.9261E-01
   26.620   5.4223E-01
   26.630   4.9010E-01
   26.640   4.3967E-01
   26.650   4.0283E-01
   26.660   3.8803E-01
   26.670   3.9504E-01
   26.680   4.0830E-01
   26.690   4.0461E-01
   26.700   3.6545E-01
   26.710   2.8378E-01
   26.720   1.2251E-01
   26.730  -3.1098E-03
   26.740   4.9626E-02
   26.750   3.2850E-02
   26.760   2.0131E-01
   26.770   2.0742E-01
   26.780   2.2433E-01
   26.790   2.5040E-01
   26.800   2.7988E-01
   26.810   3.2583E-01
   26.820   3.2757E-01
   26.830   2.9631E-01
   26.840   2.3577E-01
   26.850   1.5660E-01
   26.860   6.8876E-02
   26.870   3.0629E-02
   26.880  -1.0026E-01
   26.890  -1.5184E-01
   26.900  -1.9103E-01
   26.910  -2.0329E-01
   26.920  -2.1437E-01
   26.930  -2.1177E-01
   26.940  -1.9689E-01
   26.950  -2.5938E-02
   26.960   1.5382E-02
   26.970   5.3095E-02
   26.980   7.6083E-02
   26.990   7.2431E-02
   27.000   3.1336E-02
   27.010  -1.3740E-02
   27.020  -7.6449E-02
   27.030  -1.4829E-01
   27.040  -2.1934E-01
   27.050  -2.7659E-01
   27.060  -3.0862E-01
   27.070  -2.9917E-01
   27.080  -3.1988E-01
   27.090  -2.8031E-01
   27.100  -2.3660E-01
   27.110  -1.9340E-01
   27.120  -1.5572E-01
   27.130  -1.3855E-01
   27.140  -1.0332E-01
   27.150  -6.9821E-02
   27.160  -3.3243E-02
   27.170   6.7489E-03
   27.180   4.3296E-02
   27.190   7.7150E-02
   27.200   3.6154E-01
   27.210   3.3799E-01
   27.220   3.2899E-01
   27.230   2.9499E-01
   27.240   2.4588E-01
   27.250   1.9407E-01
   27.260   1.5382E-01
   27.270   1.3589E-01
   27.280   1.4131E-01
   27.290   1.6216E-01
   27.300   1.8902E-01
   27.310   2.1595E-01
   27.320   2.3843E-01
   27.330   2.4968E-01
   27.340   2.4157E-01
   27.350   2.0831E-01
   27.360   1.4822E-01
   27.370   3.5565E-02
   27.380  -5.3072E-02
   27.390  -1.4477E-01
   27.400  -2.2488E-01
   27.410  -2.7963E-01
   27.420  -3.1494E-01
   27.430  -3.2221E-01
   27.440  -3.0050E-01
   27.450  -2.5245E-01
   27.460  -1.8903E-01
   27.470  -1.2879E-01
   27.480  -9.0008E-02
   27.490  -8.2835E-02
   27.500  -1.0744E-01
   27.510  -1.5606E-01
   27.520  -2.1467E-01
   27.530  -2.6559E-01
   27.540  -7.1172E-02
   27.550  -4.7883E-02
   27.560  -2.5005E-02
   27.570   2.2128E-03
   27.580   2.8766E-02
   27.590   5.6632E-02
   27.600   7.5247E-02
   27.610   8.6979E-02
   27.620   9.0677E-02
   27.630   8.5226E-02
   27.640   6.9949E-02
   27.650   5.6984E-02
   27.660   2.4111E-02
   27.670  -8.2768E-03
   27.680  -5.6222E-02
   27.690  -7.7413E-02
   27.700  -1.0052E-01
   27.710  -1.1813E-01
   27.720  -1.2877E-01
   27.730  -1.3092E-01
   27.740  -1.2363E-01
   27.750  -1.0746E-01
   27.760  -1.0299E-01
   27.770  -8.1815E-02
   27.780   3.5144E-03
   27.790   1.8754E-03
   27.800  -5.9157E-04
   27.810  -2.9647E-03
   27.820   6.5625E-04
   27.830  -7.7764E-04
   27.840   2.4265E-03
   27.850  -3.9096E-03
   27.860  -1.0583E-02
   27.870  -1.5236E-02
   27.880  -1.6602E-02
   27.890  -1.5030E-02
   27.900  -1.1808E-02
   27.910  -8.3060E-03
   27.920  -5.5874E-03
   27.930  -4.2863E-03
   27.940  -4.5429E-03
   27.950  -1.2107E-02
   27.960  -1.5108E-02
   27.970  -1.8499E-02
   27.980  -2.1972E-02
   27.990  -2.5112E-02
   28.000  -3.5914E-02
   28.010  -3.9962E-02
   28.020  -4.2196E-02
   28.030  -4.2471E-02
   28.040  -4.0887E-02
   28.050  -3.8010E-02
   28.060  -3.4519E-02
   28.070  -3.0538E-02
   28.080  -2.5549E-02
   28.090  -1.9186E-02
   28.100  -1.2027E-02
   28.110  -5.4867E-03
   28.120  -1.0812E-03
   28.130   1.1077E-04
   28.140  -2.3942E-03
   28.150  -8.3198E-03
   28.160  -1.5300E-02
   28.170  -2.1204E-02
   28.180  -2.3768E-02
   28.190  -2.2341E-02
   28.200  -1.7724E-02
   28.210  -1.1065E-02
   28.220  -3.2377E-03
   28.230   4.9138E-03
   28.240   1.2411E-02
   28.250   1.8582E-02
   28.260   2.3374E-02
   28.270   2.6932E-02
   28.280   2.9079E-02
   28.290   2.9505E-02
   28.300   2.8260E-02
   28.310   2.5727E-02
   28.320   2.2282E-02
   28.330   1.8470E-02
   28.340   1.5431E-02
   28.350   1.4539E-02
   28.360   1.6173E-02
   28.370   1.9095E-02
   28.380   2.1353E-02
   28.390   2.1786E-02
   28.400   2.0575E-02
   28.410   1.8589E-02
   28.420   1.6477E-02
   28.430   1.4200E-02
   28.440   1.1066E-02
   28.450   6.2068E-03
   28.460  -5.9553E-04
   28.470  -8.3112E-03
   28.480  -1.4955E-02
   28.490  -1.8570E-02
   28.500  -1.8053E-02
   28.510  -1.3363E-02
   28.520  -5.4207E-03
   28.530   4.1505E-03
   28.540   1.3698E-02
   28.550   2.2341E-02
   28.560   2.9966E-02
   28.570   3.6241E-02
   28.580   3.9940E-02
   28.590   3.9710E-02
   28.600   3.5408E-02
   28.610   2.8208E-02
   28.620   1.9415E-02
   28.630   9.6813E-03
   28.640  -4.2906E-04
   28.650  -9.7221E-03
   28.660  -1.6773E-02
   28.670  -2.0803E-02
   28.680  -2.1721E-02
   28.690  -1.9552E-02
   28.700  -1.4502E-02
   28.710  -7.7098E-03
   28.720  -1.3322E-03
   28.730   2.5306E-03
   28.740   2.9548E-03
   28.750   2.9960E-04
   28.760  -4.3199E-03
   28.770  -9.6394E-03
   28.780  -2.2747E-02
   28.790  -2.3691E-02
   28.800  -2.2630E-02
   28.810  -2.0207E-02
   28.820  -1.6743E-02
   28.830  -1.2420E-02
   28.840  -7.7615E-03
   28.850  -3.4361E-03
   28.860   4.0861E-04
   28.870   9.6634E-03
   28.880   1.1760E-02
   28.890   1.3795E-02
   28.900   1.4658E-02
   28.910  -1.6798E-02
   28.920  -1.4951E-02
   28.930  -1.3173E-02
   28.940  -1.0301E-02
   28.950  -8.7310E-03
   28.960  -7.4396E-03
   28.970  -9.3967E-03
   28.980  -9.7344E-03
   28.990  -1.0718E-02
   29.000  -1.1594E-02
   29.010  -1.1728E-02
   29.020  -1.1001E-02
   29.030  -9.6517E-03
   29.040  -7.9425E-03
   29.050  -5.9603E-03
   29.060  -3.5471E-03
   29.070  -3.6794E-04
   29.080   3.7281E-03
   29.090   8.2612E-03
   29.100   1.2167E-02
   29.110   1.4487E-02
   29.120   1.3575E-02
   29.130   1.3238E-02
   29.140   1.2180E-02
   29.150   1.0728E-02
   29.160   9.0875E-03
   29.170   7.4779E-03
   29.180   6.0695E-03
   29.190   4.9129E-03
   29.200   4.0241E-03
   29.210   3.4461E-03
   29.220   3.0711E-03
   29.230   2.4383E-03
   29.240   9.1797E-04
   29.250  -1.7406E-03
   29.260  -5.0589E-03
   29.270  -8.0949E-03
   29.280  -1.0076E-02
   29.290  -1.0786E-02
   29.300  -1.0492E-02
   29.310  -9.7002E-03
   29.320  -8.9953E-03
   29.330  -8.8751E-03
   29.340  -9.4667E-03
   29.350  -1.0374E-02
   29.360  -1.0936E-02
   29.370  -1.0722E-02
   29.380  -9.8202E-03
   29.390  -8.7396E-03
   29.400   1.0167E-03
   29.410   2.3881E-04
   29.420  -8.9782E-04
   29.430  -2.3633E-03
   29.440  -3.8998E-03
   29.450  -5.1522E-03
   29.460  -5.8558E-03
   29.470  -5.9387E-03
   29.480  -5.4956E-03
   29.490  -4.6988E-03
   29.500  -3.7246E-03
   29.510  -2.7074E-03
   29.520  -1.7168E-03
   29.530  -7.6948E-04
   29.540   1.2322E-04
   29.550   9.1964E-04
   29.560   1.5653E-03
   29.570   2.0228E-03
   29.580   2.2494E-03
   29.590   2.1569E-03
   29.600   1.6611E-03
   29.610   8.1827E-04
   29.620  -7.4123E-04
   29.630  -1.3115E-03
   29.640  -1.7332E-03
   29.650  -1.9766E-03
   29.660  -2.0707E-03
   29.670  -2.0706E-03
   29.680  -2.0285E-03
   29.690  -1.9770E-03
   29.700  -1.9287E-03
   29.710  -1.9020E-03
   29.720  -1.9419E-03
   29.730  -2.0935E-03
   29.740  -2.3436E-03
   29.750  -2.6111E-03
   29.760  -2.8080E-03
   29.770  -2.8964E-03
   29.780  -2.8703E-03
   29.790  -2.7115E-03
   29.800  -2.4034E-03
   29.810  -1.9889E-03
   29.820  -1.5798E-03
   29.830  -1.2891E-03
   29.840  -1.1672E-03
   29.850  -1.1994E-03
   29.860  -1.3314E-03
   29.870  -1.4770E-03
   29.880  -1.5310E-03
   29.890  -1.4226E-03
   29.900  -1.1687E-03
   29.910  -8.5636E-04
   29.920  -5.6419E-04
   29.930   0.0000E+00
   29.940   0.0000E+00
   29.950   0.0000E+00
   29.960   0.0000E+00
   29.970   0.0000E+00
   29.980   0.0000E+00
   29.990   0.0000E+00
   30.000   0.0000E+00
   30.010   0.0000E+00
   30.020   0.0000E+00
   30.030   0.0000E+00
   30.040   0.0000E+00
   30.050   0.0000E+00
   30.060   0.0000E+00
   30.070   0.0000E+00
   30.080   0.0000E+00
   30.090   0.0000E+00
   30.100   0.0000E+00
   30.110   0.0000E+00
   30.120   0.0000E+00
   30.130   0.0000E+00
   30.140   0.0000E+00
   30.150   0.0000E+00
   30.160   0.0000E+00
   30.170   0.0000E+00
   30.180   0.0000E+00
   30.190   0.0000E+00
   30.200   0.0000E+00
   30.210   0.0000E+00
   30.220   0.0000E+00
   30.230   0.0000E+00
   30.240   0.0000E+00
   30.250   0.0000E+00
   30.260   0.0000E+00
   30.270   0.0000E+00
   30.280   0.0000E+00
   30.290   0.0000E+00
   30.300   0.0000E+00
   30.310   0.0000E+00
   30.320   0.0000E+00
   30.330   0.0000E+00
   30.340   0.0000E+00
   30.350   0.0000E+00
   30.360   0.0000E+00
   30.370   0.0000E+00
   30.380   0.0000E+00
   30.390   0.0000E+00
   30.400   0.0000E+00
   30.410   0.0000E+00
   30.420   0.0000E+00
   30.430   0.0000E+00
   30.440   0.0000E+00
   30.450   0.0000E+00
   30.460   0.0000E+00
   30.470   0.0000E+00
   30.480   0.0000E+00
   30.490   0.0000E+00
   30.500   0.0000E+00
   30.510   0.0000E+00
   30.520   0.0000E+00
   30.530   0.0000E+00
   30.540   0.0000E+00
   30.550   0.0000E+00
   30.560   0.0000E+00
   30.570   0.0000E+00
   30.580   0.0000E+00
   30.590   0.0000E+00
   30.600   0.0000E+00
   30.610   0.0000E+00
   30.620   0.0000E+00
   30.630   0.0000E+00
   30.640   0.0000E+00
   30.650   0.0000E+00
   30.660   0.0000E+00
   30.670   0.0000E+00
   30.680   0.0000E+00
   30.690   0.0000E+00
   30.700   0.0000E+00
   30.710   0.0000E+00
   30.720   0.0000E+00
   30.730   0.0000E+00
   30.740   0.0000E+00
   30.750   0.0000E+00
   30.760   0.0000E+00
   30.770   0.0000E+00
   30.780   0.0000E+00
   30.790   0.0000E+00
   30.800   0.0000E+00
   30.810   0.0000E+00
   30.820   0.0000E+00
   30.830   0.0000E+00
   30.840   0.0000E+00
   30.850   0.0000E+00
   30.860   0.0000E+00
   30.870   0.0000E+00
   30.880   0.0000E+00
   30.890   0.0000E+00
   30.900   0.0000E+00
   30.910   0.0000E+00
   30.920   0.0000E+00
   30.930   0.0000E+00
   30.940   0.0000E+00
   30.950   0.0000E+00
   30.960   0.0000E+00
   30.970   0.0000E+00
   30.980   0.0000E+00
   30.990   0.0000E+00
   31.000   0.0000E+00
   31.010   0.0000E+00
   31.020   0.0000E+00
   31.030   0.0000E+00
   31.040   0.0000E+00
   31.050   0.0000E+00
   31.060   0.0000E+00
   31.070   0.0000E+00
   31.080   0.0000E+00
   31.090   0.0000E+00
   31.100   0.0000E+00
   31.110   0.0000E+00
   31.120   0.0000E+00
   31.130   0.0000E+00
   31.140   0.0000E+00
   31.150   0.0000E+00
   31.160   0.0000E+00
   31.170   0.0000E+00
   31.180   0.0000E+00
   31.190   0.0000E+00
   31.200   0.0000E+00
   31.210   0.0000E+00
   31.220   0.0000E+00
   31.230   0.0000E+00
   31.240   0.0000E+00
   31.250   0.0000E+00
   31.260   0.0000E+00
   31.270   0.0000E+00
   31.280   0.0000E+00
   31.290   0.0000E+00
   31.300   0.0000E+00
   31.310   0.0000E+00
   31.320   0.0000E+00
   31.330   0.0000E+00
   31.340   0.0000E+00
   31.350   0.0000E+00
   31.360   0.0000E+00
   31.370   0.0000E+00
   31.380   0.0000E+00
   31.390   0.0000E+00
   31.400   0.0000E+00
   31.410   0.0000E+00
   31.420   0.0000E+00
   31.430   0.0000E+00
   31.440   0.0000E+00
   31.450   0.0000E+00
   31.460   0.0000E+00
   31.470   0.0000E+00
   31.480   0.0000E+00
   31.490   0.0000E+00
   31.500   0.0000E+00
   31.510   0.0000E+00
   31.520   0.0000E+00
   31.530   0.0000E+00
   31.540   0.0000E+00
   31.550   0.0000E+00
   31.560   0.0000E+00
   31.570   0.0000E+00
   31.580   0.0000E+00
   31.590   0.0000E+00
   31.600   0.0000E+00
   31.610   0.0000E+00
   31.620   0.0000E+00
   31.630   0.0000E+00
   31.640   0.0000E+00
   31.650   0.0000E+00
   31.660   0.0000E+00
   31.670   0.0000E+00
   31.680   0.0000E+00
   31.690   0.0000E+00
   31.700   0.0000E+00
   31.710   0.0000E+00
   31.720   0.0000E+00
   31.730   0.0000E+00
   31.740   0.0000E+00
   31.750   0.0000E+00
   31.760   0.0000E+00
   31.770   0.0000E+00
   31.780   0.0000E+00
   31.790   0.0000E+00
   31.800   0.0000E+00
   31.810   0.0000E+00
   31.820   0.0000E+00
   31.830   0.0000E+00
   31.840   0.0000E+00
   31.850   0.0000E+00
   31.860   0.0000E+00
   31.870   0.0000E+00
   31.880   0.0000E+00
   31.890   0.0000E+00
   31.900   0.0000E+00
   31.910   0.0000E+00
   31.920   0.0000E+00
   31.930   0.0000E+00
   31.940   0.0000E+00
   31.950   0.0000E+00
   31.960   0.0000E+00
   31.970   0.0000E+00
   31.980   0.0000E+00
   31.990   0.0000E+00
   32.000   0.0000E+00
   32.010   0.0000E+00
   32.020   0.0000E+00
   32.030   0.0000E+00
   32.040   0.0000E+00
   32.050   0.0000E+00
   32.060   0.0000E+00
   32.070   0.0000E+00
   32.080   0.0000E+00
   32.090   0.0000E+00
   32.100   0.0000E+00
   32.110   0.0000E+00
   32.120   0.0000E+00
   32.130   0.0000E+00
   32.140   0.0000E+00
   32.150   0.0000E+00
   32.160   0.0000E+00
   32.170   0.0000E+00
   32.180   0.0000E+00
   32.190   0.0000E+00
   32.200   0.0000E+00
   32.210   0.0000E+00
   32.220   0.0000E+00
   32.230   0.0000E+00
   32.240   0.0000E+00
   32.250   0.0000E+00
   32.260   0.0000E+00
   32.270   0.0000E+00
   32.280   0.0000E+00
   32.290   0.0000E+00
   32.300   0.0000E+00
   32.310   0.0000E+00
   32.320   0.0000E+00
   32.330   0.0000E+00
   32.340   0.0000E+00
   32.350   0.0000E+00
   32.360   0.0000E+00
   32.370   0.0000E+00
   32.380   0.0000E+00
   32.390   0.0000E+00
   32.400   0.0000E+00
   32.410   0.0000E+00
   32.420   0.0000E+00
   32.430   0.0000E+00
   32.440   0.0000E+00
   32.450   0.0000E+00
   32.460   0.0000E+00
   32.470   0.0000E+00
   32.480   0.0000E+00
   32.490   0.0000E+00
   32.500   0.0000E+00
   32.510   0.0000E+00
   32.520   0.0000E+00
   32.530   0.0000E+00
   32.540   0.0000E+00
   32.550   0.0000E+00
   32.560   0.0000E+00
   32.570   0.0000E+00
   32.580   0.0000E+00
   32.590   0.0000E+00
   32.600   0.0000E+00
   32.610   0.0000E+00
   32.620   0.0000E+00
   32.630   0.0000E+00
   32.640   0.0000E+00
   32.650   0.0000E+00
   32.660   0.0000E+00
   32.670   0.0000E+00
   32.680   0.0000E+00
   32.690   0.0000E+00
   32.700   0.0000E+00
   32.710   0.0000E+00
   32.720   0.0000E+00
   32.730   0.0000E+00
   32.740   0.0000E+00
   32.750   0.0000E+00
   32.760   0.0000E+00
   32.770   0.0000E+00
   32.780   0.0000E+00
   32.790   0.0000E+00
   32.800   0.0000E+00
   32.810   0.0000E+00
   32.820   0.0000E+00
   32.830   0.0000E+00
   32.840   0.0000E+00
   32.850   0.0000E+00
   32.860   0.0000E+00
   32.870   0.0000E+00
   32.880   0.0000E+00
   32.890   0.0000E+00
   32.900   0.0000E+00
   32.910   0.0000E+00
   32.920   0.0000E+00
   32.930   0.0000E+00
   32.940   0.0000E+00
   32.950   0.0000E+00
   32.960   0.0000E+00
   32.970   0.0000E+00
   32.980   0.0000E+00
   32.990   0.0000E+00
   33.000   0.0000E+00
   33.010   0.0000E+00
   33.020   0.0000E+00
   33.030   0.0000E+00
   33.040   0.0000E+00
   33.050   0.0000E+00
   33.060   0.0000E+00
   33.070   0.0000E+00
   33.080   0.0000E+00
   33.090   0.0000E+00
   33.100   0.0000E+00
   33.110   0.0000E+00
   33.120   0.0000E+00
   33.130   0.0000E+00
   33.140   0.0000E+00
   33.150   0.0000E+00
   33.160   0.0000E+00
   33.170   0.0000E+00
   33.180   0.0000E+00
   33.190   0.0000E+00
   33.200   0.0000E+00
   33.210   0.0000E+00
   33.220   0.0000E+00
   33.230   0.0000E+00
   33.240   0.0000E+00
   33.250   0.0000E+00
   33.260   0.0000E+00
   33.270   0.0000E+00
   33.280   0.0000E+00
   33.290   0.0000E+00
   33.300   0.0000E+00
   33.310   0.0000E+00
   33.320   0.0000E+00
   33.330   0.0000E+00
   33.340   0.0000E+00
   33.350   0.0000E+00
   33.360   0.0000E+00
   33.370   0.0000E+00
   33.380   0.0000E+00
   33.390   0.0000E+00
   33.400   0.0000E+00
   33.410   0.0000E+00
   33.420   0.0000E+00
   33.430   0.0000E+00
   33.440   0.0000E+00
   33.450   0.0000E+00
   33.460   0.0000E+00
   33.470   0.0000E+00
   33.480   0.0000E+00
   33.490   0.0000E+00
   33.500   0.0000E+00
   33.510   0.0000E+00
   33.520   0.0000E+00
   33.530   0.0000E+00
   33.540   0.0000E+00
   33.550   0.0000E+00
   33.560   0.0000E+00
   33.570   0.0000E+00
   33.580   0.0000E+00
   33.590   0.0000E+00
   33.600   0.0000E+00
   33.610   0.0000E+00
   33.620   0.0000E+00
   33.630   0.0000E+00
   33.640   0.0000E+00
   33.650   0.0000E+00
   33.660   0.0000E+00
   33.670   0.0000E+00
   33.680   0.0000E+00
   33.690   0.0000E+00
   33.700   0.0000E+00
   33.710   0.0000E+00
   33.720   0.0000E+00
   33.730   0.0000E+00
   33.740   0.0000E+00
   33.750   0.0000E+00
   33.760   0.0000E+00
   33.770   0.0000E+00
   33.780   0.0000E+00
   33.790   0.0000E+00
   33.800   0.0000E+00
   33.810   0.0000E+00
   33.820   0.0000E+00
   33.830   0.0000E+00
   33.840   0.0000E+00
   33.850   0.0000E+00
   33.860   0.0000E+00
   33.870   0.0000E+00
   33.880   0.0000E+00
   33.890   0.0000E+00
   33.900   0.0000E+00
   33.910   0.0000E+00
   33.920   0.0000E+00
   33.930   0.0000E+00
   33.940   0.0000E+00
   33.950   0.0000E+00
   33.960   0.0000E+00
   33.970   0.0000E+00
   33.980   0.0000E+00
   33.990   0.0000E+00
   34.000   0.0000E+00
   34.010   0.0000E+00
   34.020   0.0000E+00
   34.030   0.0000E+00
   34.040   0.0000E+00
   34.050   0.0000E+00
   34.060   0.0000E+00
   34.070   0.0000E+00
   34.080   0.0000E+00
   34.090   0.0000E+00
   34.100   0.0000E+00
   34.110   0.0000E+00
   34.120   0.0000E+00
   34.130   0.0000E+00
   34.140   0.0000E+00
   34.150   0.0000E+00
   34.160   0.0000E+00
   34.170   0.0000E+00
   34.180   0.0000E+00
   34.190   0.0000E+00
   34.200   0.0000E+00
   34.210   0.0000E+00
   34.220   0.0000E+00
   34.230   0.0000E+00
   34.240   0.0000E+00
   34.250   0.0000E+00
   34.260   0.0000E+00
   34.270   0.0000E+00
   34.280   0.0000E+00
   34.290   0.0000E+00
   34.300   0.0000E+00
   34.310   0.0000E+00
   34.320   0.0000E+00
   34.330   0.0000E+00
   34.340   0.0000E+00
   34.350   0.0000E+00
   34.360   0.0000E+00
   34.370   0.0000E+00
   34.380   0.0000E+00
   34.390   0.0000E+00
   34.400   0.0000E+00
   34.410   0.0000E+00
   34.420   0.0000E+00
   34.430   0.0000E+00
   34.440   0.0000E+00
   34.450   0.0000E+00
   34.460   0.0000E+00
   34.470   0.0000E+00
   34.480   0.0000E+00
   34.490   0.0000E+00
   34.500   0.0000E+00
   34.510   0.0000E+00
   34.520   0.0000E+00
   34.530   0.0000E+00
   34.540   0.0000E+00
   34.550   0.0000E+00
   34.560   0.0000E+00
   34.570   0.0000E+00
   34.580   0.0000E+00
   34.590   0.0000E+00
   34.600   0.0000E+00
   34.610   0.0000E+00
   34.620   0.0000E+00
   34.630   0.0000E+00
   34.640   0.0000E+00
   34.650   0.0000E+00
   34.660   0.0000E+00
   34.670   0.0000E+00
   34.680   0.0000E+00
   34.690   0.0000E+00
   34.700   0.0000E+00
   34.710   0.0000E+00
   34.720   0.0000E+00
   34.730   0.0000E+00
   34.740   0.0000E+00
   34.750   0.0000E+00
   34.760   0.0000E+00
   34.770   0.0000E+00
   34.780   0.0000E+00
   34.790   0.0000E+00
   34.800   0.0000E+00
   34.810   0.0000E+00
   34.820   0.0000E+00
   34.830   0.0000E+00
   34.840   0.0000E+00
   34.850   0.0000E+00
   34.860   0.0000E+00
   34.870   0.0000E+00
   34.880   0.0000E+00
   34.890   0.0000E+00
   34.900   0.0000E+00
   34.910   0.0000E+00
   34.920   0.0000E+00
   34.930   0.0000E+00
   34.940   0.0000E+00
   34.950   0.0000E+00
   34.960   0.0000E+00
   34.970   0.0000E+00
   34.980   0.0000E+00
   34.990   0.0000E+00
   35.000   0.0000E+00
   35.010   0.0000E+00
   35.020   0.0000E+00
   35.030   0.0000E+00
   35.040   0.0000E+00
   35.050   0.0000E+00
   35.060   0.0000E+00
   35.070   0.0000E+00
   35.080   0.0000E+00
   35.090   0.0000E+00
   35.100   0.0000E+00
   35.110   0.0000E+00
   35.120   0.0000E+00
   35.130   0.0000E+00
   35.140   0.0000E+00
   35.150   0.0000E+00
   35.160   0.0000E+00
   35.170   0.0000E+00
   35.180   0.0000E+00
   35.190   0.0000E+00
   35.200   0.0000E+00
   35.210   0.0000E+00
   35.220   0.0000E+00
   35.230   0.0000E+00
   35.240   0.0000E+00
   35.250   0.0000E+00
   35.260   0.0000E+00
   35.270   0.0000E+00
   35.280   0.0000E+00
   35.290   0.0000E+00
   35.300   0.0000E+00
   35.310   0.0000E+00
   35.320   0.0000E+00
   35.330   0.0000E+00
   35.340   0.0000E+00
   35.350   0.0000E+00
   35.360   0.0000E+00
   35.370   0.0000E+00
   35.380   0.0000E+00
   35.390   0.0000E+00
   35.400   0.0000E+00
   35.410   0.0000E+00
   35.420   0.0000E+00
   35.430   0.0000E+00
   35.440   0.0000E+00
   35.450   0.0000E+00
   35.460   0.0000E+00
   35.470   0.0000E+00
   35.480   0.0000E+00
   35.490   0.0000E+00
   35.500   0.0000E+00
   35.510   0.0000E+00
   35.520   0.0000E+00
   35.530   0.0000E+00
   35.540   0.0000E+00
   35.550   0.0000E+00
   35.560   0.0000E+00
   35.570   0.0000E+00
   35.580   0.0000E+00
   35.590   0.0000E+00
   35.600   0.0000E+00
   35.610   0.0000E+00
   35.620   0.0000E+00
   35.630   0.0000E+00
   35.640   0.0000E+00
   35.650   0.0000E+00
   35.660   0.0000E+00
   35.670   0.0000E+00
   35.680   0.0000E+00
   35.690   0.0000E+00
   35.700   0.0000E+00
   35.710   0.0000E+00
   35.720   0.0000E+00
   35.730   0.0000E+00
   35.740   0.0000E+00
   35.750   0.0000E+00
   35.760   0.0000E+00
   35.770   0.0000E+00
   35.780   0.0000E+00
   35.790   0.0000E+00
   35.800   0.0000E+00
   35.810   0.0000E+00
   35.820   0.0000E+00
   35.830   0.0000E+00
   35.840   0.0000E+00
   35.850   0.0000E+00
   35.860   0.0000E+00
   35.870   0.0000E+00
   35.880   0.0000E+00
   35.890   0.0000E+00
   35.900   0.0000E+00
   35.910   0.0000E+00
   35.920   0.0000E+00
   35.930   0.0000E+00
   35.940   0.0000E+00
   35.950   0.0000E+00
   35.960   0.0000E+00
   35.970   0.0000E+00
   35.980   0.0000E+00
   35.990   0.0000E+00
   36.000   0.0000E+00
   36.010   0.0000E+00
   36.020   0.0000E+00
   36.030   0.0000E+00
   36.040   0.0000E+00
   36.050   0.0000E+00
   36.060   0.0000E+00
   36.070   0.0000E+00
   36.080   0.0000E+00
   36.090   0.0000E+00
   36.100   0.0000E+00
   36.110   0.0000E+00
   36.120   0.0000E+00
   36.130   0.0000E+00
   36.140   0.0000E+00
   36.150   0.0000E+00
   36.160   0.0000E+00
   36.170   0.0000E+00
   36.180   0.0000E+00
   36.190   0.0000E+00
   36.200   0.0000E+00
   36.210   0.0000E+00
   36.220   0.0000E+00
   36.230   0.0000E+00
   36.240   0.0000E+00
   36.250   0.0000E+00
   36.260   0.0000E+00
   36.270   0.0000E+00
   36.280   0.0000E+00
   36.290   0.0000E+00
   36.300   0.0000E+00
   36.310   0.0000E+00
   36.320   0.0000E+00
   36.330   0.0000E+00
   36.340   0.0000E+00
   36.350   0.0000E+00
   36.360   0.0000E+00
   36.370   0.0000E+00
   36.380   0.0000E+00
   36.390   0.0000E+00
   36.400   0.0000E+00
   36.410   0.0000E+00
   36.420   0.0000E+00
   36.430   0.0000E+00
   36.440   0.0000E+00
   36.450   0.0000E+00
   36.460   0.0000E+00
   36.470   0.0000E+00
   36.480   0.0000E+00
   36.490   0.0000E+00
   36.500   0.0000E+00
   36.510   0.0000E+00
   36.520   0.0000E+00
   36.530   0.0000E+00
   36.540   0.0000E+00
   36.550   0.0000E+00
   36.560   0.0000E+00
   36.570   0.0000E+00
   36.580   0.0000E+00
   36.590   0.0000E+00
   36.600   0.0000E+00
   36.610   0.0000E+00
   36.620   0.0000E+00
   36.630   0.0000E+00
   36.640   0.0000E+00
   36.650   0.0000E+00
   36.660   0.0000E+00
   36.670   0.0000E+00
   36.680   0.0000E+00
   36.690   0.0000E+00
   36.700   0.0000E+00
   36.710   0.0000E+00
   36.720   0.0000E+00
   36.730   0.0000E+00
   36.740   0.0000E+00
   36.750   0.0000E+00
   36.760   0.0000E+00
   36.770   0.0000E+00
   36.780   0.0000E+00
   36.790   0.0000E+00
   36.800   0.0000E+00
   36.810   0.0000E+00
   36.820   0.0000E+00
   36.830   0.0000E+00
   36.840   0.0000E+00
   36.850   0.0000E+00
   36.860   0.0000E+00
   36.870   0.0000E+00
   36.880   0.0000E+00
   36.890   0.0000E+00
   36.900   0.0000E+00
   36.910   0.0000E+00
   36.920   0.0000E+00
   36.930   0.0000E+00
   36.940   0.0000E+00
   36.950   0.0000E+00
   36.960   0.0000E+00
   36.970   0.0000E+00
   36.980   0.0000E+00
   36.990   0.0000E+00
   37.000   0.0000E+00
   37.010   0.0000E+00
   37.020   0.0000E+00
   37.030   0.0000E+00
   37.040   0.0000E+00
   37.050   0.0000E+00
   37.060   0.0000E+00
   37.070   0.0000E+00
   37.080   0.0000E+00
   37.090   0.0000E+00
   37.100   0.0000E+00
   37.110   0.0000E+00
   37.120   0.0000E+00
   37.130   0.0000E+00
   37.140   0.0000E+00
   37.150   0.0000E+00
   37.160   0.0000E+00
   37.170   0.0000E+00
   37.180   0.0000E+00
   37.190   0.0000E+00
   37.200   0.0000E+00
   37.210   0.0000E+00
   37.220   0.0000E+00
   37.230   0.0000E+00
   37.240   0.0000E+00
   37.250   0.0000E+00
   37.260   0.0000E+00
   37.270   0.0000E+00
   37.280   0.0000E+00
   37.290   0.0000E+00
   37.300   0.0000E+00
   37.310   0.0000E+00
   37.320   0.0000E+00
   37.330   0.0000E+00
   37.340   0.0000E+00
   37.350   0.0000E+00
   37.360   0.0000E+00
   37.370   0.0000E+00
   37.380   0.0000E+00
   37.390   0.0000E+00
   37.400   0.0000E+00
   37.410   0.0000E+00
   37.420   0.0000E+00
   37.430   0.0000E+00
   37.440   0.0000E+00
   37.450   0.0000E+00
   37.460   0.0000E+00
   37.470   0.0000E+00
   37.480   0.0000E+00
   37.490   0.0000E+00
   37.500   0.0000E+00
   37.510   0.0000E+00
   37.520   0.0000E+00
   37.530   0.0000E+00
   37.540   0.0000E+00
   37.550   0.0000E+00
   37.560   0.0000E+00
   37.570   0.0000E+00
   37.580   0.0000E+00
   37.590   0.0000E+00
   37.600   0.0000E+00
   37.610   0.0000E+00
   37.620   0.0000E+00
   37.630   0.0000E+00
   37.640   0.0000E+00
   37.650   0.0000E+00
   37.660   0.0000E+00
   37.670   0.0000E+00
   37.680   0.0000E+00
   37.690   0.0000E+00
   37.700   0.0000E+00
   37.710   0.0000E+00
   37.720   0.0000E+00
   37.730   0.0000E+00
   37.740   0.0000E+00
   37.750   0.0000E+00
   37.760   0.0000E+00
   37.770   0.0000E+00
   37.780   0.0000E+00
   37.790   0.0000E+00
   37.800   0.0000E+00
   37.810   0.0000E+00
   37.820   0.0000E+00
   37.830   0.0000E+00
   37.840   0.0000E+00
   37.850   0.0000E+00
   37.860   0.0000E+00
   37.870   0.0000E+00
   37.880   0.0000E+00
   37.890   0.0000E+00
   37.900   0.0000E+00
   37.910   0.0000E+00
   37.920   0.0000E+00
   37.930   0.0000E+00
   37.940   0.0000E+00
   37.950   0.0000E+00
   37.960   0.0000E+00
   37.970   0.0000E+00
   37.980   0.0000E+00
   37.990   0.0000E+00
   38.000   0.0000E+00
   38.010   0.0000E+00
   38.020   0.0000E+00
   38.030   0.0000E+00
   38.040   0.0000E+00
   38.050   0.0000E+00
   38.060   0.0000E+00
   38.070   0.0000E+00
   38.080   0.0000E+00
   38.090   0.0000E+00
   38.100   0.0000E+00
   38.110   0.0000E+00
   38.120   0.0000E+00
   38.130   0.0000E+00
   38.140   0.0000E+00
   38.150   0.0000E+00
   38.160   0.0000E+00
   38.170   0.0000E+00
   38.180   0.0000E+00
   38.190   0.0000E+00
   38.200   0.0000E+00
   38.210   0.0000E+00
   38.220   0.0000E+00
   38.230   0.0000E+00
   38.240   0.0000E+00
   38.250   0.0000E+00
   38.260   0.0000E+00
   38.270   0.0000E+00
   38.280   0.0000E+00
   38.290   0.0000E+00
   38.300   0.0000E+00
   38.310   0.0000E+00
   38.320   0.0000E+00
   38.330   0.0000E+00
   38.340   0.0000E+00
   38.350   0.0000E+00
   38.360   0.0000E+00
   38.370   0.0000E+00
   38.380   0.0000E+00
   38.390   0.0000E+00
   38.400   0.0000E+00
   38.410   0.0000E+00
   38.420   0.0000E+00
   38.430   0.0000E+00
   38.440   0.0000E+00
   38.450   0.0000E+00
   38.460   0.0000E+00
   38.470   0.0000E+00
   38.480   0.0000E+00
   38.490   0.0000E+00
   38.500   0.0000E+00
   38.510   0.0000E+00
   38.520   0.0000E+00
   38.530   0.0000E+00
   38.540   0.0000E+00
   38.550   0.0000E+00
   38.560   0.0000E+00
   38.570   0.0000E+00
   38.580   0.0000E+00
   38.590   0.0000E+00
   38.600   0.0000E+00
   38.610   0.0000E+00
   38.620   0.0000E+00
   38.630   0.0000E+00
   38.640   0.0000E+00
   38.650   0.0000E+00
   38.660   0.0000E+00
   38.670   0.0000E+00
   38.680   0.0000E+00
   38.690   0.0000E+00
   38.700   0.0000E+00
   38.710   0.0000E+00
   38.720   0.0000E+00
   38.730   0.0000E+00
   38.740   0.0000E+00
   38.750   0.0000E+00
   38.760   0.0000E+00
   38.770   0.0000E+00
   38.780   0.0000E+00
   38.790   0.0000E+00
   38.800   0.0000E+00
   38.810   0.0000E+00
   38.820   0.0000E+00
   38.830   0.0000E+00
   38.840   0.0000E+00
   38.850   0.0000E+00
   38.860   0.0000E+00
   38.870   0.0000E+00
   38.880   0.0000E+00
   38.890   0.0000E+00
   38.900   0.0000E+00
   38.910   0.0000E+00
   38.920   0.0000E+00
   38.930   0.0000E+00
   38.940   0.0000E+00
   38.950   0.0000E+00
   38.960   0.0000E+00
   38.970   0.0000E+00
   38.980   0.0000E+00
   38.990   0.0000E+00
   39.000   0.0000E+00
   39.010   0.0000E+00
   39.020   0.0000E+00
   39.030   0.0000E+00
   39.040   0.0000E+00
   39.050   0.0000E+00
   39.060   0.0000E+00
   39.070   0.0000E+00
   39.080   0.0000E+00
   39.090   0.0000E+00
   39.100   0.0000E+00
   39.110   0.0000E+00
   39.120   0.0000E+00
   39.130   0.0000E+00
   39.140   0.0000E+00
   39.150   0.0000E+00
   39.160   0.0000E+00
   39.170   0.0000E+00
   39.180   0.0000E+00
   39.190   0.0000E+00
   39.200   0.0000E+00
   39.210   0.0000E+00
   39.220   0.0000E+00
   39.230   0.0000E+00
   39.240   0.0000E+00
   39.250   0.0000E+00
   39.260   0.0000E+00
   39.270   0.0000E+00
   39.280   0.0000E+00
   39.290   0.0000E+00
   39.300   0.0000E+00
   39.310   0.0000E+00
   39.320   0.0000E+00
   39.330   0.0000E+00
   39.340   0.0000E+00
   39.350   0.0000E+00
   39.360   0.0000E+00
   39.370   0.0000E+00
   39.380   0.0000E+00
   39.390   0.0000E+00
   39.400   0.0000E+00
   39.410   0.0000E+00
   39.420   0.0000E+00
   39.430   0.0000E+00
   39.440   0.0000E+00
   39.450   0.0000E+00
   39.460   0.0000E+00
   39.470   0.0000E+00
   39.480   0.0000E+00
   39.490   0.0000E+00
   39.500   0.0000E+00
   39.510   0.0000E+00
   39.520   0.0000E+00
   39.530   0.0000E+00
   39.540   0.0000E+00
   39.550   0.0000E+00
   39.560   0.0000E+00
   39.570   0.0000E+00
   39.580   0.0000E+00
   39.590   0.0000E+00
   39.600   0.0000E+00
   39.610   0.0000E+00
   39.620   0.0000E+00
   39.630   0.0000E+00
   39.640   0.0000E+00
   39.650   0.0000E+00
   39.660   0.0000E+00
   39.670   0.0000E+00
   39.680   0.0000E+00
   39.690   0.0000E+00
   39.700   0.0000E+00
   39.710   0.0000E+00
   39.720   0.0000E+00
   39.730   0.0000E+00
   39.740   0.0000E+00
   39.750   0.0000E+00
   39.760   0.0000E+00
   39.770   0.0000E+00
   39.780   0.0000E+00
   39.790   0.0000E+00
   39.800   0.0000E+00
   39.810   0.0000E+00
   39.820   0.0000E+00
   39.830   0.0000E+00
   39.840   0.0000E+00
   39.850   0.0000E+00
   39.860   0.0000E+00
   39.870   0.0000E+00
   39.880   0.0000E+00
   39.890   0.0000E+00
   39.900   0.0000E+00
   39.910   0.0000E+00
   39.920   0.0000E+00
   39.930   0.0000E+00
   39.940   0.0000E+00
   39.950   0.0000E+00
   39.960   0.0000E+00
   39.970   0.0000E+00
   39.980   0.0000E+00
   39.990   0.0000E+00
   40.000   0.0000E+00
   40.010   0.0000E+00
   40.020   0.0000E+00
   40.030   0.0000E+00
   40.040   0.0000E+00
   40.050   0.0000E+00
   40.060   0.0000E+00
   40.070   0.0000E+00
   40.080   0.0000E+00
   40.090   0.0000E+00
   40.100   0.0000E+00
   40.110   0.0000E+00
   40.120   0.0000E+00
   40.130   0.0000E+00
   40.140   0.0000E+00
   40.150   0.0000E+00
   40.160   0.0000E+00
   40.170   0.0000E+00
   40.180   0.0000E+00
   40.190   0.0000E+00
   40.200   0.0000E+00
   40.210   0.0000E+00
   40.220   0.0000E+00
   40.230   0.0000E+00
   40.240   0.0000E+00
   40.250   0.0000E+00
   40.260   0.0000E+00
   40.270   0.0000E+00
   40.280   0.0000E+00
   40.290   0.0000E+00
   40.300   0.0000E+00
   40.310   0.0000E+00
   40.320   0.0000E+00
   40.330   0.0000E+00
   40.340   0.0000E+00
   40.350   0.0000E+00
   40.360   0.0000E+00
   40.370   0.0000E+00
   40.380   0.0000E+00
   40.390   0.0000E+00
   40.400   0.0000E+00
   40.410   0.0000E+00
   40.420   0.0000E+00
   40.430   0.0000E+00
   40.440   0.0000E+00
   40.450   0.0000E+00
   40.460   0.0000E+00
   40.470   0.0000E+00
   40.480   0.0000E+00
   40.490   0.0000E+00
   40.500   0.0000E+00
   40.510   0.0000E+00
   40.520   0.0000E+00
   40.530   0.0000E+00
   40.540   0.0000E+00
   40.550   0.0000E+00
   40.560   0.0000E+00
   40.570   0.0000E+00
   40.580   0.0000E+00
   40.590   0.0000E+00
   40.600   0.0000E+00
   40.610   0.0000E+00
   40.620   0.0000E+00
   40.630   0.0000E+00
   40.640   0.0000E+00
   40.650   0.0000E+00
   40.660   0.0000E+00
   40.670   0.0000E+00
   40.680   0.0000E+00
   40.690   0.0000E+00
   40.700   0.0000E+00
   40.710   0.0000E+00
   40.720   0.0000E+00
   40.730   0.0000E+00
   40.740   0.0000E+00
   40.750   0.0000E+00
   40.760   0.0000E+00
   40.770   0.0000E+00
   40.780   0.0000E+00
   40.790   0.0000E+00
   40.800   0.0000E+00
   40.810   0.0000E+00
   40.820   0.0000E+00
   40.830   0.0000E+00
   40.840   0.0000E+00
   40.850   0.0000E+00
   40.860   0.0000E+00
   40.870   0.0000E+00
   40.880   0.0000E+00
   40.890   0.0000E+00
   40.900   0.0000E+00
   40.910   0.0000E+00
   40.920   0.0000E+00
   40.930   0.0000E+00
   40.940   0.0000E+00
   40.950   0.0000E+00
