**********************************************
*******  Acceleration Time Series ************
*** Site #   1
*** trial   29
Input Parameters file =  aqu_0604_x_parameters.out                                                                                               
  4096 samples
dt:  0.010 sec
data format: (1x,f8.3,1p,2x,e11.4)
maximum absolute acceleration: 335.60
fault Dis.(km)=    4.28
Hypo  Dis.(km)=   11.58
  time(s) acc(cm/s**2)
    0.000   0.0000E+00
    0.010   0.0000E+00
    0.020   0.0000E+00
    0.030   0.0000E+00
    0.040   0.0000E+00
    0.050   0.0000E+00
    0.060   0.0000E+00
    0.070   0.0000E+00
    0.080   0.0000E+00
    0.090   0.0000E+00
    0.100   0.0000E+00
    0.110   0.0000E+00
    0.120   0.0000E+00
    0.130   0.0000E+00
    0.140   0.0000E+00
    0.150   0.0000E+00
    0.160  -1.6046E-01
    0.170  -1.9515E-01
    0.180  -2.3305E-01
    0.190  -2.7217E-01
    0.200  -3.0111E-01
    0.210  -3.0829E-01
    0.220  -2.9170E-01
    0.230  -2.5687E-01
    0.240  -2.0732E-01
    0.250  -1.4107E-01
    0.260  -5.7099E-02
    0.270   3.7847E-02
    0.280   1.2974E-01
    0.290   2.0234E-01
    0.300   2.4133E-01
    0.310   2.3863E-01
    0.320   1.9808E-01
    0.330   1.3639E-01
    0.340   7.3584E-02
    0.350   1.9692E-02
    0.360  -2.8310E-02
    0.370  -7.6370E-02
    0.380  -1.2312E-01
    0.390  -1.6101E-01
    0.400  -1.8484E-01
    0.410  -1.9576E-01
    0.420  -1.9772E-01
    0.430  -1.9348E-01
    0.440  -1.8573E-01
    0.450  -1.7955E-01
    0.460  -1.8053E-01
    0.470  -1.8952E-01
    0.480  -2.0068E-01
    0.490  -2.0572E-01
    0.500  -1.9986E-01
    0.510  -1.8261E-01
    0.520  -1.5327E-01
    0.530  -1.0861E-01
    0.540  -4.7325E-02
    0.550   2.4163E-02
    0.560   9.3351E-02
    0.570   1.5038E-01
    0.580   1.9365E-01
    0.590   2.2690E-01
    0.600   2.5355E-01
    0.610   4.9007E-01
    0.620   5.9708E-01
    0.630   6.7747E-01
    0.640   7.2075E-01
    0.650   7.1501E-01
    0.660   6.5963E-01
    0.670   5.7140E-01
    0.680   4.7374E-01
    0.690   3.8018E-01
    0.700   2.7491E-02
    0.710  -6.4152E-02
    0.720  -1.3891E-01
    0.730  -1.8961E-01
    0.740  -2.0740E-01
    0.750  -1.8183E-01
    0.760  -1.0653E-01
    0.770   5.7766E-03
    0.780   1.1746E-01
    0.790   1.8755E-01
    0.800   2.0313E-01
    0.810   1.8383E-01
    0.820   6.0539E-01
    0.830   5.0183E-01
    0.840   3.5558E-01
    0.850   1.7046E-01
    0.860   5.2405E-01
    0.870   4.4360E-01
    0.880   4.3492E-01
    0.890   5.0834E-01
    0.900   6.2986E-01
    0.910   7.3409E-01
    0.920   7.6126E-01
    0.930   6.8937E-01
    0.940   5.3495E-01
    0.950   1.1422E-01
    0.960  -2.9517E-02
    0.970  -1.3408E-01
    0.980  -1.7856E-01
    0.990  -1.6000E-01
    1.000  -1.0398E-01
    1.010  -4.6588E-02
    1.020   2.9188E-01
    1.030   3.4941E-01
    1.040   4.3103E-01
    1.050   5.4216E-01
    1.060   5.2033E-01
    1.070   8.3931E-01
    1.080   1.0747E+00
    1.090  -1.7941E-01
    1.100  -4.7288E-02
    1.110   8.0840E-02
    1.120   2.3112E-01
    1.130   3.8395E-01
    1.140   4.9103E-01
    1.150   5.3315E-01
    1.160   5.4907E-01
    1.170   7.4849E-01
    1.180   1.0013E+00
    1.190   1.4983E+00
    1.200   1.8107E+00
    1.210   2.1143E+00
    1.220   2.3749E+00
    1.230   3.0588E+00
    1.240   3.3575E+00
    1.250   2.8436E+00
    1.260   2.9483E+00
    1.270   2.8601E+00
    1.280   2.5831E+00
    1.290   2.1840E+00
    1.300   1.7424E+00
    1.310   1.3082E+00
    1.320   8.9505E-01
    1.330   4.9550E-01
    1.340  -1.1858E-01
    1.350  -4.3912E-01
    1.360  -7.9706E-01
    1.370  -1.1809E+00
    1.380  -1.8654E+00
    1.390  -2.3550E+00
    1.400  -2.5885E+00
    1.410  -3.2520E+00
    1.420  -3.4372E+00
    1.430  -3.7013E+00
    1.440  -3.8599E+00
    1.450  -3.8389E+00
    1.460  -2.9643E+00
    1.470  -2.6334E+00
    1.480  -2.2542E+00
    1.490  -1.8112E+00
    1.500  -1.2609E+00
    1.510  -5.9195E-01
    1.520   1.3398E-01
    1.530   8.0284E-01
    1.540   1.1147E+00
    1.550   1.3938E+00
    1.560   9.4608E-01
    1.570   2.6403E-01
    1.580  -5.1161E-01
    1.590  -1.2566E+00
    1.600  -1.8058E+00
    1.610  -2.3996E+00
    1.620  -2.9606E+00
    1.630  -3.4796E+00
    1.640  -3.8749E+00
    1.650  -3.8657E+00
    1.660  -3.7706E+00
    1.670  -3.6023E+00
    1.680  -3.3752E+00
    1.690  -3.0577E+00
    1.700  -2.6252E+00
    1.710  -2.0810E+00
    1.720  -1.4442E+00
    1.730  -7.6229E-01
    1.740  -1.1010E-01
    1.750   4.2527E-01
    1.760   8.2687E-01
    1.770   1.1656E+00
    1.780   1.5285E+00
    1.790   2.3356E+00
    1.800   2.9036E+00
    1.810   3.4068E+00
    1.820   3.6681E+00
    1.830   3.7631E+00
    1.840   3.6719E+00
    1.850   3.4595E+00
    1.860   3.1533E+00
    1.870   2.7087E+00
    1.880   2.0608E+00
    1.890   1.2116E+00
    1.900   2.5855E-01
    1.910  -6.5499E-01
    1.920  -1.4085E+00
    1.930  -1.9436E+00
    1.940  -2.5304E+00
    1.950  -2.6706E+00
    1.960  -2.7491E+00
    1.970  -2.4151E+00
    1.980  -2.3303E+00
    1.990  -2.3739E+00
    2.000  -2.6129E+00
    2.010  -2.8707E+00
    2.020  -3.1230E+00
    2.030  -3.2963E+00
    2.040  -3.3395E+00
    2.050  -3.2183E+00
    2.060  -3.0022E+00
    2.070  -2.3673E+00
    2.080  -1.4338E+00
    2.090  -3.8044E-01
    2.100   6.8715E-01
    2.110   1.6174E+00
    2.120   2.3612E+00
    2.130   2.9915E+00
    2.140   3.3187E+00
    2.150   3.0530E+00
    2.160   2.9455E+00
    2.170   2.7569E+00
    2.180   2.5047E+00
    2.190   2.1815E+00
    2.200   1.7930E+00
    2.210   1.7121E+00
    2.220   1.3072E+00
    2.230   8.8371E-01
    2.240   4.6326E-01
    2.250   4.5100E-01
    2.260   2.7461E-01
    2.270   2.6646E-01
    2.280   3.6738E-01
    2.290   4.6696E-01
    2.300   4.6024E-01
    2.310   4.2254E-01
    2.320   1.2362E-01
    2.330   2.8531E-02
    2.340  -3.8039E-01
    2.350  -7.3275E-01
    2.360  -1.0458E+00
    2.370  -8.3715E-01
    2.380  -9.7419E-01
    2.390  -9.9501E-01
    2.400  -8.2598E-01
    2.410  -4.1000E-01
    2.420   2.9670E-01
    2.430   8.5511E-01
    2.440   1.4810E+00
    2.450   2.0429E+00
    2.460   2.1639E+00
    2.470   2.2410E+00
    2.480   2.3297E+00
    2.490   2.3659E+00
    2.500   2.2622E+00
    2.510   2.0127E+00
    2.520   1.6657E+00
    2.530   1.2492E+00
    2.540   3.5587E-01
    2.550  -1.0708E+00
    2.560  -1.2119E+00
    2.570  -1.2035E+00
    2.580  -1.2352E+00
    2.590  -1.2257E+00
    2.600  -1.0436E+00
    2.610  -3.5169E-01
    2.620   2.9743E-01
    2.630   4.2443E-01
    2.640   9.1495E-02
    2.650  -7.1393E-01
    2.660  -1.7287E+00
    2.670  -2.7177E+00
    2.680  -3.5431E+00
    2.690  -4.3037E+00
    2.700  -5.0301E+00
    2.710  -5.7610E+00
    2.720  -6.4324E+00
    2.730  -6.8385E+00
    2.740  -6.7510E+00
    2.750  -6.0824E+00
    2.760  -4.6416E+00
    2.770  -3.1563E+00
    2.780  -1.2407E+00
    2.790   4.8140E-01
    2.800   1.5578E+00
    2.810   2.2539E+00
    2.820   2.4789E+00
    2.830   9.5531E-01
    2.840   4.2124E-01
    2.850  -1.5082E-01
    2.860  -1.2528E+00
    2.870  -1.5769E+00
    2.880  -1.6522E+00
    2.890  -1.1195E+00
    2.900  -4.4950E-01
    2.910   1.0035E-01
    2.920   2.3278E-01
    2.930  -1.2246E-01
    2.940  -8.6874E-01
    2.950  -1.7394E+00
    2.960  -3.2921E+00
    2.970  -4.1800E+00
    2.980  -4.7666E+00
    2.990  -5.0459E+00
    3.000  -5.2118E+00
    3.010  -5.3665E+00
    3.020  -5.4502E+00
    3.030  -5.3257E+00
    3.040  -4.6138E+00
    3.050  -3.9168E+00
    3.060  -3.2638E+00
    3.070  -2.7666E+00
    3.080  -2.3855E+00
    3.090  -2.0305E+00
    3.100  -2.3719E+00
    3.110  -1.4751E+00
    3.120  -2.4627E-01
    3.130   1.2331E+00
    3.140   1.1766E+00
    3.150   2.1217E+00
    3.160   2.8990E+00
    3.170   3.5762E+00
    3.180   4.2379E+00
    3.190   4.9406E+00
    3.200   5.7169E+00
    3.210   6.2799E+00
    3.220   6.5116E+00
    3.230   6.2642E+00
    3.240   6.0654E+00
    3.250   5.7056E+00
    3.260   5.9792E+00
    3.270   5.5683E+00
    3.280   4.7984E+00
    3.290   3.6833E+00
    3.300   2.3982E+00
    3.310   1.1216E+00
    3.320   1.8996E-01
    3.330  -5.0563E-01
    3.340  -6.9531E-01
    3.350  -4.0859E-01
    3.360  -6.9849E-03
    3.370   4.5594E-01
    3.380   1.0455E+00
    3.390   2.0973E+00
    3.400   3.7764E+00
    3.410   5.8670E+00
    3.420   7.7800E+00
    3.430   9.0629E+00
    3.440   9.4541E+00
    3.450   8.9808E+00
    3.460   8.0700E+00
    3.470   7.1335E+00
    3.480   6.7522E+00
    3.490   7.0869E+00
    3.500   7.9210E+00
    3.510   9.0984E+00
    3.520   1.0338E+01
    3.530   1.1431E+01
    3.540   1.1960E+01
    3.550   1.2006E+01
    3.560   1.1841E+01
    3.570   1.1519E+01
    3.580   1.1577E+01
    3.590   1.1107E+01
    3.600   9.8033E+00
    3.610   7.7721E+00
    3.620   5.6462E+00
    3.630   3.8032E+00
    3.640   2.4416E+00
    3.650   2.6420E+00
    3.660   2.6007E+00
    3.670   2.2128E+00
    3.680   2.0647E+00
    3.690   1.5092E+00
    3.700   1.6163E+00
    3.710   2.0310E+00
    3.720   2.4023E+00
    3.730   1.7891E+00
    3.740   3.8639E-01
    3.750  -2.2580E+00
    3.760  -4.2251E+00
    3.770  -5.6113E+00
    3.780  -6.3757E+00
    3.790  -6.5615E+00
    3.800  -6.3032E+00
    3.810  -5.9033E+00
    3.820  -5.8578E+00
    3.830  -6.3150E+00
    3.840  -6.8357E+00
    3.850  -6.8440E+00
    3.860  -6.2023E+00
    3.870  -5.1918E+00
    3.880  -4.0789E+00
    3.890  -2.8464E+00
    3.900  -1.5436E+00
    3.910  -2.8414E-01
    3.920   1.0696E+00
    3.930   2.1311E+00
    3.940   3.0546E+00
    3.950   3.5019E+00
    3.960   3.3118E+00
    3.970   1.6674E+00
    3.980  -9.4685E-01
    3.990  -3.3917E+00
    4.000  -5.0630E+00
    4.010  -5.7499E+00
    4.020  -5.8446E+00
    4.030  -5.7596E+00
    4.040  -5.6830E+00
    4.050  -5.3904E+00
    4.060  -4.7335E+00
    4.070  -3.6745E+00
    4.080  -3.0664E+00
    4.090  -2.5568E+00
    4.100  -1.8817E+00
    4.110  -1.1142E+00
    4.120  -6.6097E-01
    4.130  -8.7030E-01
    4.140  -1.2058E+00
    4.150  -2.2903E+00
    4.160  -3.2042E+00
    4.170  -3.7676E+00
    4.180  -4.1226E+00
    4.190  -4.5753E+00
    4.200  -5.2416E+00
    4.210  -5.7038E+00
    4.220  -5.2974E+00
    4.230  -3.8318E+00
    4.240  -1.9079E+00
    4.250  -7.5928E-01
    4.260  -1.3505E+00
    4.270  -3.6834E+00
    4.280  -6.9252E+00
    4.290  -9.6132E+00
    4.300  -1.1192E+01
    4.310  -1.1116E+01
    4.320  -1.1059E+01
    4.330  -1.2171E+01
    4.340  -1.4508E+01
    4.350  -1.7108E+01
    4.360  -1.8766E+01
    4.370  -1.9002E+01
    4.380  -1.7932E+01
    4.390  -1.6477E+01
    4.400  -1.3783E+01
    4.410  -1.0976E+01
    4.420  -8.4310E+00
    4.430  -6.3140E+00
    4.440  -4.6460E+00
    4.450  -3.5956E+00
    4.460  -2.6362E+00
    4.470  -2.3100E+00
    4.480  -2.1966E+00
    4.490  -1.9392E+00
    4.500  -1.2830E+00
    4.510  -4.5383E-01
    4.520   1.0034E-01
    4.530   2.0449E-01
    4.540  -5.8795E-02
    4.550  -5.3153E-01
    4.560  -1.3584E+00
    4.570  -2.2299E+00
    4.580  -2.1294E+00
    4.590  -2.6640E-01
    4.600   3.2783E+00
    4.610   7.0788E+00
    4.620   9.8472E+00
    4.630   1.1146E+01
    4.640   1.0786E+01
    4.650   8.3602E+00
    4.660   4.6039E+00
    4.670   6.3968E-01
    4.680  -1.8879E+00
    4.690  -2.3180E+00
    4.700  -1.2900E+00
    4.710   7.8277E-02
    4.720   1.0931E+00
    4.730   1.2428E+00
    4.740   2.4181E-01
    4.750  -1.6526E+00
    4.760  -3.5247E+00
    4.770  -4.4986E+00
    4.780  -4.8972E+00
    4.790  -4.6462E+00
    4.800  -4.6133E+00
    4.810  -4.5317E+00
    4.820  -3.7903E+00
    4.830  -1.6264E+00
    4.840   1.8616E+00
    4.850   6.0541E+00
    4.860   1.0104E+01
    4.870   1.3124E+01
    4.880   1.4930E+01
    4.890   1.5974E+01
    4.900   1.6977E+01
    4.910   1.8050E+01
    4.920   1.8449E+01
    4.930   1.7213E+01
    4.940   1.4172E+01
    4.950   1.0245E+01
    4.960   6.8055E+00
    4.970   4.6025E+00
    4.980   3.7552E+00
    4.990   3.6435E+00
    5.000   3.8539E+00
    5.010   3.7368E+00
    5.020   2.9819E+00
    5.030   2.1844E+00
    5.040   2.5423E+00
    5.050   4.5785E+00
    5.060   7.2914E+00
    5.070   8.9314E+00
    5.080   8.3996E+00
    5.090   6.1531E+00
    5.100   4.2586E+00
    5.110   4.0820E+00
    5.120   6.1244E+00
    5.130   9.4440E+00
    5.140   1.2163E+01
    5.150   1.2738E+01
    5.160   1.1270E+01
    5.170   9.6420E+00
    5.180   1.0328E+01
    5.190   1.3806E+01
    5.200   1.7277E+01
    5.210   1.9169E+01
    5.220   1.8627E+01
    5.230   1.4459E+01
    5.240   6.9577E+00
    5.250  -2.9352E+00
    5.260  -1.4672E+01
    5.270  -2.6419E+01
    5.280  -3.4350E+01
    5.290  -3.8336E+01
    5.300  -4.1203E+01
    5.310  -4.4878E+01
    5.320  -4.6339E+01
    5.330  -4.2547E+01
    5.340  -3.6368E+01
    5.350  -3.0464E+01
    5.360  -2.4725E+01
    5.370  -1.8457E+01
    5.380  -1.0655E+01
    5.390  -2.5009E+00
    5.400   4.8374E+00
    5.410   1.1391E+01
    5.420   1.6112E+01
    5.430   1.6681E+01
    5.440   1.1831E+01
    5.450   2.8925E+00
    5.460  -6.0422E+00
    5.470  -1.1751E+01
    5.480  -1.4278E+01
    5.490  -1.3359E+01
    5.500  -7.5690E+00
    5.510   2.2183E+00
    5.520   1.2739E+01
    5.530   1.9568E+01
    5.540   2.0476E+01
    5.550   1.8023E+01
    5.560   1.5070E+01
    5.570   9.8314E+00
    5.580   3.3460E+00
    5.590  -1.6060E+00
    5.600  -4.9631E+00
    5.610  -8.1038E+00
    5.620  -1.2475E+01
    5.630  -1.5629E+01
    5.640  -1.4654E+01
    5.650  -8.7820E+00
    5.660   1.2799E+00
    5.670   1.1128E+01
    5.680   1.7304E+01
    5.690   1.9981E+01
    5.700   2.0846E+01
    5.710   1.9818E+01
    5.720   1.6821E+01
    5.730   1.4500E+01
    5.740   1.2710E+01
    5.750   9.0680E+00
    5.760   3.8617E+00
    5.770   3.2856E-01
    5.780   1.5317E+00
    5.790   8.5372E+00
    5.800   1.9799E+01
    5.810   3.1875E+01
    5.820   4.1346E+01
    5.830   4.5036E+01
    5.840   4.2070E+01
    5.850   3.4884E+01
    5.860   2.9230E+01
    5.870   3.3091E+01
    5.880   4.4739E+01
    5.890   5.0329E+01
    5.900   4.0938E+01
    5.910   2.2661E+01
    5.920   7.5311E+00
    5.930   3.6670E+00
    5.940   1.0865E+01
    5.950   2.2276E+01
    5.960   2.8328E+01
    5.970   2.6503E+01
    5.980   1.8167E+01
    5.990   7.5128E+00
    6.000   3.5714E+00
    6.010   8.8128E+00
    6.020   1.8056E+01
    6.030   2.1437E+01
    6.040   1.1410E+01
    6.050  -1.1670E+01
    6.060  -3.5661E+01
    6.070  -4.6904E+01
    6.080  -4.1061E+01
    6.090  -2.1937E+01
    6.100  -3.2356E-01
    6.110   1.3845E+01
    6.120   2.4140E+01
    6.130   3.6410E+01
    6.140   5.0461E+01
    6.150   6.1336E+01
    6.160   6.6261E+01
    6.170   6.7942E+01
    6.180   6.8322E+01
    6.190   7.0928E+01
    6.200   7.8044E+01
    6.210   8.5152E+01
    6.220   8.6620E+01
    6.230   7.8628E+01
    6.240   6.6058E+01
    6.250   5.5882E+01
    6.260   4.0567E+01
    6.270   1.2106E+01
    6.280  -2.1921E+01
    6.290  -4.5172E+01
    6.300  -5.2412E+01
    6.310  -4.4630E+01
    6.320  -2.8525E+01
    6.330  -9.5919E+00
    6.340   4.6741E+00
    6.350   2.0242E+00
    6.360  -1.4254E+01
    6.370  -2.8374E+01
    6.380  -2.7673E+01
    6.390  -1.7456E+01
    6.400  -1.1541E+01
    6.410  -9.8584E+00
    6.420  -4.3150E+00
    6.430   4.5910E+00
    6.440   1.4480E+01
    6.450   2.4252E+01
    6.460   3.6951E+01
    6.470   5.4262E+01
    6.480   7.1130E+01
    6.490   8.2155E+01
    6.500   9.0061E+01
    6.510   9.3801E+01
    6.520   9.0730E+01
    6.530   7.9536E+01
    6.540   6.0075E+01
    6.550   4.1926E+01
    6.560   3.2559E+01
    6.570   2.4268E+01
    6.580   4.6781E+00
    6.590  -1.9331E+01
    6.600  -3.6665E+01
    6.610  -4.5792E+01
    6.620  -4.5688E+01
    6.630  -4.2158E+01
    6.640  -4.2868E+01
    6.650  -5.8521E+01
    6.660  -8.4165E+01
    6.670  -9.8466E+01
    6.680  -9.1212E+01
    6.690  -8.1005E+01
    6.700  -7.8947E+01
    6.710  -7.1403E+01
    6.720  -5.9039E+01
    6.730  -5.6217E+01
    6.740  -6.7878E+01
    6.750  -8.0590E+01
    6.760  -7.7746E+01
    6.770  -6.3159E+01
    6.780  -4.8974E+01
    6.790  -3.8334E+01
    6.800  -2.8561E+01
    6.810  -1.6900E+01
    6.820  -3.4287E+00
    6.830   6.0779E+00
    6.840   6.1789E+00
    6.850  -2.4480E+00
    6.860  -2.2801E+01
    6.870  -5.2668E+01
    6.880  -8.9265E+01
    6.890  -1.2672E+02
    6.900  -1.5247E+02
    6.910  -1.5477E+02
    6.920  -1.4159E+02
    6.930  -1.3306E+02
    6.940  -1.4141E+02
    6.950  -1.5587E+02
    6.960  -1.6123E+02
    6.970  -1.6043E+02
    6.980  -1.5785E+02
    6.990  -1.5880E+02
    7.000  -1.6062E+02
    7.010  -1.5513E+02
    7.020  -1.4505E+02
    7.030  -1.2831E+02
    7.040  -1.0093E+02
    7.050  -7.5140E+01
    7.060  -6.6313E+01
    7.070  -8.2090E+01
    7.080  -1.0792E+02
    7.090  -1.1594E+02
    7.100  -9.6245E+01
    7.110  -5.7877E+01
    7.120  -1.8048E+01
    7.130   1.3472E+01
    7.140   3.0868E+01
    7.150   3.4965E+01
    7.160   2.5377E+01
    7.170   8.2524E+00
    7.180  -4.2199E+00
    7.190  -1.5140E+01
    7.200  -2.5669E+01
    7.210  -2.8577E+01
    7.220  -2.6568E+01
    7.230  -3.0136E+01
    7.240  -4.2377E+01
    7.250  -6.1907E+01
    7.260  -8.2128E+01
    7.270  -9.9087E+01
    7.280  -1.1356E+02
    7.290  -1.0900E+02
    7.300  -7.4436E+01
    7.310  -2.5025E+01
    7.320   1.4787E+01
    7.330   3.6290E+01
    7.340   4.5444E+01
    7.350   4.8539E+01
    7.360   4.9461E+01
    7.370   4.3246E+01
    7.380   2.9334E+01
    7.390   1.2099E+01
    7.400  -7.8063E+00
    7.410  -2.8398E+01
    7.420  -4.6476E+01
    7.430  -6.1965E+01
    7.440  -7.9327E+01
    7.450  -9.0177E+01
    7.460  -7.8000E+01
    7.470  -3.5998E+01
    7.480   2.3100E+01
    7.490   8.2517E+01
    7.500   1.3099E+02
    7.510   1.6182E+02
    7.520   1.7166E+02
    7.530   1.5076E+02
    7.540   1.0126E+02
    7.550   4.6731E+01
    7.560   4.7384E+00
    7.570  -1.7108E+01
    7.580  -8.5214E+00
    7.590   1.9214E+01
    7.600   3.6269E+01
    7.610   3.6009E+01
    7.620   3.4361E+01
    7.630   3.9655E+01
    7.640   4.4725E+01
    7.650   4.2678E+01
    7.660   3.4373E+01
    7.670   1.8686E+01
    7.680  -2.4524E+00
    7.690  -2.5585E+01
    7.700  -4.0700E+01
    7.710  -3.4883E+01
    7.720  -7.9907E+00
    7.730   3.4752E+01
    7.740   7.7600E+01
    7.750   1.0664E+02
    7.760   1.2573E+02
    7.770   1.3803E+02
    7.780   1.4699E+02
    7.790   1.5983E+02
    7.800   1.7508E+02
    7.810   1.8597E+02
    7.820   1.9076E+02
    7.830   2.0701E+02
    7.840   2.4803E+02
    7.850   2.9418E+02
    7.860   3.1111E+02
    7.870   2.9958E+02
    7.880   2.8625E+02
    7.890   2.8511E+02
    7.900   2.8971E+02
    7.910   2.9017E+02
    7.920   2.8106E+02
    7.930   2.6188E+02
    7.940   2.3335E+02
    7.950   2.0173E+02
    7.960   1.7252E+02
    7.970   1.3705E+02
    7.980   8.9770E+01
    7.990   3.8821E+01
    8.000  -9.8372E+00
    8.010  -5.3184E+01
    8.020  -8.2155E+01
    8.030  -8.4602E+01
    8.040  -6.5366E+01
    8.050  -3.5924E+01
    8.060  -3.0255E+00
    8.070   1.2639E+01
    8.080   9.7630E+00
    8.090   1.6743E+01
    8.100   3.9022E+01
    8.110   5.3780E+01
    8.120   5.0316E+01
    8.130   3.1808E+01
    8.140   7.7797E+00
    8.150  -1.6924E+01
    8.160  -4.7237E+01
    8.170  -8.1575E+01
    8.180  -1.0911E+02
    8.190  -1.1779E+02
    8.200  -1.0832E+02
    8.210  -9.1565E+01
    8.220  -6.8084E+01
    8.230  -4.2260E+01
    8.240  -1.5593E+01
    8.250   1.0761E+01
    8.260   3.1516E+01
    8.270   4.6660E+01
    8.280   5.7205E+01
    8.290   6.1808E+01
    8.300   5.3111E+01
    8.310   2.4210E+01
    8.320  -1.3754E+01
    8.330  -5.2948E+01
    8.340  -9.7659E+01
    8.350  -1.4288E+02
    8.360  -1.8292E+02
    8.370  -2.0754E+02
    8.380  -2.0277E+02
    8.390  -1.6771E+02
    8.400  -1.2022E+02
    8.410  -7.7298E+01
    8.420  -5.7492E+01
    8.430  -6.4039E+01
    8.440  -7.7065E+01
    8.450  -8.9779E+01
    8.460  -1.1032E+02
    8.470  -1.3400E+02
    8.480  -1.5506E+02
    8.490  -1.6637E+02
    8.500  -1.6404E+02
    8.510  -1.6211E+02
    8.520  -1.6220E+02
    8.530  -1.4677E+02
    8.540  -1.1693E+02
    8.550  -8.9427E+01
    8.560  -7.4504E+01
    8.570  -7.4515E+01
    8.580  -8.4558E+01
    8.590  -1.0497E+02
    8.600  -1.4504E+02
    8.610  -2.0600E+02
    8.620  -2.7251E+02
    8.630  -3.1804E+02
    8.640  -3.2185E+02
    8.650  -2.8243E+02
    8.660  -2.2446E+02
    8.670  -1.7680E+02
    8.680  -1.5011E+02
    8.690  -1.3514E+02
    8.700  -1.1397E+02
    8.710  -7.9647E+01
    8.720  -3.2723E+01
    8.730   2.1396E+01
    8.740   7.9860E+01
    8.750   1.3662E+02
    8.760   1.9129E+02
    8.770   2.5282E+02
    8.780   3.0828E+02
    8.790   3.3560E+02
    8.800   3.3363E+02
    8.810   3.1280E+02
    8.820   2.8371E+02
    8.830   2.6025E+02
    8.840   2.5382E+02
    8.850   2.6493E+02
    8.860   2.7767E+02
    8.870   2.8627E+02
    8.880   2.9169E+02
    8.890   2.9078E+02
    8.900   2.9053E+02
    8.910   2.9137E+02
    8.920   2.8932E+02
    8.930   2.8104E+02
    8.940   2.5559E+02
    8.950   2.1829E+02
    8.960   1.9396E+02
    8.970   2.0012E+02
    8.980   2.2885E+02
    8.990   2.6445E+02
    9.000   2.9307E+02
    9.010   3.0167E+02
    9.020   2.8322E+02
    9.030   2.4707E+02
    9.040   2.0672E+02
    9.050   1.6723E+02
    9.060   1.3448E+02
    9.070   1.0785E+02
    9.080   7.9722E+01
    9.090   5.1535E+01
    9.100   2.6670E+01
    9.110   1.3611E+01
    9.120   1.0311E+01
    9.130  -2.0392E+00
    9.140  -3.5817E+01
    9.150  -8.5383E+01
    9.160  -1.3808E+02
    9.170  -1.7632E+02
    9.180  -1.8831E+02
    9.190  -1.6932E+02
    9.200  -1.2168E+02
    9.210  -4.9886E+01
    9.220   3.6494E+01
    9.230   1.2220E+02
    9.240   1.7602E+02
    9.250   1.7569E+02
    9.260   1.3525E+02
    9.270   7.1821E+01
    9.280   6.0465E+00
    9.290  -4.4186E+01
    9.300  -6.7047E+01
    9.310  -6.3873E+01
    9.320  -5.3327E+01
    9.330  -5.0203E+01
    9.340  -5.2201E+01
    9.350  -4.4916E+01
    9.360  -2.9363E+01
    9.370  -1.2277E+01
    9.380   6.3129E+00
    9.390   2.1822E+01
    9.400   3.0931E+01
    9.410   3.2524E+01
    9.420   2.6913E+01
    9.430   1.9175E+01
    9.440   9.9189E+00
    9.450   1.7939E+00
    9.460  -7.5877E+00
    9.470  -2.5362E+01
    9.480  -5.3653E+01
    9.490  -8.8599E+01
    9.500  -1.1841E+02
    9.510  -1.2610E+02
    9.520  -1.0633E+02
    9.530  -6.3622E+01
    9.540  -6.5974E+00
    9.550   5.1103E+01
    9.560   9.9190E+01
    9.570   1.1403E+02
    9.580   7.6942E+01
    9.590   1.0297E+01
    9.600  -6.3540E+01
    9.610  -1.3175E+02
    9.620  -1.8473E+02
    9.630  -2.2018E+02
    9.640  -2.3707E+02
    9.650  -2.3131E+02
    9.660  -2.0507E+02
    9.670  -1.7824E+02
    9.680  -1.5389E+02
    9.690  -1.2237E+02
    9.700  -8.0628E+01
    9.710  -3.9037E+01
    9.720  -7.8520E+00
    9.730   1.1339E+01
    9.740   2.9158E+00
    9.750  -3.6289E+01
    9.760  -8.0816E+01
    9.770  -1.0855E+02
    9.780  -1.2382E+02
    9.790  -1.3900E+02
    9.800  -1.6470E+02
    9.810  -1.9660E+02
    9.820  -2.1124E+02
    9.830  -2.0557E+02
    9.840  -1.8911E+02
    9.850  -1.5623E+02
    9.860  -1.2232E+02
    9.870  -1.0701E+02
    9.880  -1.1425E+02
    9.890  -1.3909E+02
    9.900  -1.8083E+02
    9.910  -2.3380E+02
    9.920  -2.8348E+02
    9.930  -3.1753E+02
    9.940  -3.0830E+02
    9.950  -2.5570E+02
    9.960  -2.0111E+02
    9.970  -1.7546E+02
    9.980  -1.7875E+02
    9.990  -1.8354E+02
   10.000  -1.6609E+02
   10.010  -1.2354E+02
   10.020  -6.4979E+01
   10.030  -7.1214E+00
   10.040   3.2649E+01
   10.050   3.6915E+01
   10.060  -9.6733E+00
   10.070  -8.6957E+01
   10.080  -1.5973E+02
   10.090  -2.1620E+02
   10.100  -2.5783E+02
   10.110  -2.8449E+02
   10.120  -3.0235E+02
   10.130  -3.1452E+02
   10.140  -3.1896E+02
   10.150  -3.1820E+02
   10.160  -3.1106E+02
   10.170  -3.0352E+02
   10.180  -2.9663E+02
   10.190  -2.8465E+02
   10.200  -2.7400E+02
   10.210  -2.7258E+02
   10.220  -2.7953E+02
   10.230  -2.8336E+02
   10.240  -2.8147E+02
   10.250  -2.6790E+02
   10.260  -2.2698E+02
   10.270  -1.5978E+02
   10.280  -8.8723E+01
   10.290  -3.1639E+01
   10.300   1.2399E+01
   10.310   5.5037E+01
   10.320   9.7791E+01
   10.330   1.3067E+02
   10.340   1.4786E+02
   10.350   1.3993E+02
   10.360   1.0276E+02
   10.370   4.9474E+01
   10.380  -1.4923E+01
   10.390  -8.7466E+01
   10.400  -1.4911E+02
   10.410  -1.7049E+02
   10.420  -1.4967E+02
   10.430  -1.1123E+02
   10.440  -6.4077E+01
   10.450  -8.0167E+00
   10.460   4.6751E+01
   10.470   9.1954E+01
   10.480   1.1043E+02
   10.490   8.0272E+01
   10.500   1.8277E+01
   10.510  -3.6486E+01
   10.520  -5.7777E+01
   10.530  -5.0624E+01
   10.540  -3.5684E+01
   10.550  -1.4111E+01
   10.560   1.9981E+01
   10.570   6.5165E+01
   10.580   1.0578E+02
   10.590   1.3071E+02
   10.600   1.3743E+02
   10.610   1.3493E+02
   10.620   1.2796E+02
   10.630   1.1913E+02
   10.640   1.1619E+02
   10.650   1.2200E+02
   10.660   1.4365E+02
   10.670   1.7800E+02
   10.680   2.0606E+02
   10.690   2.2469E+02
   10.700   2.3556E+02
   10.710   2.3920E+02
   10.720   2.4296E+02
   10.730   2.4921E+02
   10.740   2.5016E+02
   10.750   2.3913E+02
   10.760   2.2322E+02
   10.770   2.1033E+02
   10.780   1.9162E+02
   10.790   1.5884E+02
   10.800   1.1343E+02
   10.810   7.5292E+01
   10.820   6.0117E+01
   10.830   5.6502E+01
   10.840   4.3843E+01
   10.850   2.7655E+01
   10.860   2.5888E+01
   10.870   4.1694E+01
   10.880   6.8100E+01
   10.890   9.6345E+01
   10.900   1.2568E+02
   10.910   1.6094E+02
   10.920   1.9443E+02
   10.930   2.1565E+02
   10.940   2.2446E+02
   10.950   2.2614E+02
   10.960   2.2689E+02
   10.970   2.2713E+02
   10.980   2.3140E+02
   10.990   2.4115E+02
   11.000   2.4887E+02
   11.010   2.5263E+02
   11.020   2.5953E+02
   11.030   2.7254E+02
   11.040   2.7957E+02
   11.050   2.5635E+02
   11.060   1.9611E+02
   11.070   1.3087E+02
   11.080   1.0322E+02
   11.090   1.2309E+02
   11.100   1.6872E+02
   11.110   2.0743E+02
   11.120   2.2183E+02
   11.130   2.1783E+02
   11.140   2.1281E+02
   11.150   2.0886E+02
   11.160   1.9640E+02
   11.170   1.6837E+02
   11.180   1.2681E+02
   11.190   7.6287E+01
   11.200   3.0449E+01
   11.210   2.1022E+00
   11.220  -7.6142E+00
   11.230   2.6124E+00
   11.240   3.7417E+01
   11.250   8.7332E+01
   11.260   1.2003E+02
   11.270   1.1759E+02
   11.280   8.5722E+01
   11.290   3.6914E+01
   11.300  -1.2386E+01
   11.310  -4.2368E+01
   11.320  -4.4550E+01
   11.330  -2.3921E+01
   11.340   1.6564E+00
   11.350   1.3249E+01
   11.360   3.9071E+00
   11.370  -1.9431E+01
   11.380  -3.9472E+01
   11.390  -5.1474E+01
   11.400  -5.7772E+01
   11.410  -6.3930E+01
   11.420  -7.5043E+01
   11.430  -9.0222E+01
   11.440  -1.0412E+02
   11.450  -1.1028E+02
   11.460  -1.0875E+02
   11.470  -1.0398E+02
   11.480  -9.9142E+01
   11.490  -9.0543E+01
   11.500  -8.1023E+01
   11.510  -7.8187E+01
   11.520  -8.1293E+01
   11.530  -8.7433E+01
   11.540  -9.7545E+01
   11.550  -1.0905E+02
   11.560  -1.2384E+02
   11.570  -1.3797E+02
   11.580  -1.4466E+02
   11.590  -1.4753E+02
   11.600  -1.4788E+02
   11.610  -1.4492E+02
   11.620  -1.3768E+02
   11.630  -1.2377E+02
   11.640  -9.7056E+01
   11.650  -5.8249E+01
   11.660  -2.2430E+01
   11.670  -9.4717E-01
   11.680   7.2748E+00
   11.690   9.4935E+00
   11.700   7.9912E+00
   11.710  -7.7451E+00
   11.720  -4.1759E+01
   11.730  -8.2495E+01
   11.740  -1.1399E+02
   11.750  -1.3093E+02
   11.760  -1.4677E+02
   11.770  -1.6432E+02
   11.780  -1.6448E+02
   11.790  -1.3710E+02
   11.800  -9.8863E+01
   11.810  -7.0380E+01
   11.820  -5.9593E+01
   11.830  -6.0047E+01
   11.840  -6.1959E+01
   11.850  -6.6715E+01
   11.860  -7.6356E+01
   11.870  -8.4529E+01
   11.880  -8.6491E+01
   11.890  -8.0949E+01
   11.900  -6.6680E+01
   11.910  -4.5222E+01
   11.920  -2.3026E+01
   11.930  -1.3288E+01
   11.940  -2.6041E+01
   11.950  -5.4480E+01
   11.960  -7.8904E+01
   11.970  -8.6353E+01
   11.980  -8.4716E+01
   11.990  -8.6280E+01
   12.000  -9.2037E+01
   12.010  -9.0716E+01
   12.020  -6.9782E+01
   12.030  -3.0193E+01
   12.040   1.6274E+01
   12.050   5.4166E+01
   12.060   7.5737E+01
   12.070   8.1153E+01
   12.080   7.3319E+01
   12.090   5.8847E+01
   12.100   4.4016E+01
   12.110   3.6053E+01
   12.120   3.9848E+01
   12.130   5.6752E+01
   12.140   7.6330E+01
   12.150   8.8276E+01
   12.160   9.2533E+01
   12.170   8.7687E+01
   12.180   7.1035E+01
   12.190   4.8780E+01
   12.200   3.2742E+01
   12.210   2.4231E+01
   12.220   1.7541E+01
   12.230   3.6864E+00
   12.240  -1.6793E+01
   12.250  -3.2077E+01
   12.260  -3.4198E+01
   12.270  -2.8131E+01
   12.280  -2.3529E+01
   12.290  -2.2924E+01
   12.300  -2.1072E+01
   12.310  -1.8087E+01
   12.320  -2.1471E+01
   12.330  -3.3860E+01
   12.340  -4.8423E+01
   12.350  -5.0392E+01
   12.360  -3.5897E+01
   12.370  -1.6995E+01
   12.380  -2.3450E+00
   12.390   9.9169E+00
   12.400   2.5250E+01
   12.410   4.6758E+01
   12.420   7.1282E+01
   12.430   9.2164E+01
   12.440   1.0235E+02
   12.450   1.0167E+02
   12.460   9.3829E+01
   12.470   8.4292E+01
   12.480   7.5615E+01
   12.490   6.5441E+01
   12.500   4.7501E+01
   12.510   2.2261E+01
   12.520  -1.3611E+00
   12.530  -1.1955E+01
   12.540  -1.0262E+01
   12.550  -5.0296E+00
   12.560   3.9937E+00
   12.570   2.0614E+01
   12.580   4.1308E+01
   12.590   5.9839E+01
   12.600   7.3404E+01
   12.610   8.3553E+01
   12.620   9.0657E+01
   12.630   8.7334E+01
   12.640   6.6811E+01
   12.650   3.6482E+01
   12.660   1.6707E+01
   12.670   1.6301E+01
   12.680   2.8702E+01
   12.690   4.3643E+01
   12.700   5.8632E+01
   12.710   7.4238E+01
   12.720   8.7422E+01
   12.730   9.9169E+01
   12.740   1.1361E+02
   12.750   1.3195E+02
   12.760   1.4577E+02
   12.770   1.4629E+02
   12.780   1.3625E+02
   12.790   1.2723E+02
   12.800   1.2529E+02
   12.810   1.2273E+02
   12.820   1.1102E+02
   12.830   8.7869E+01
   12.840   5.9174E+01
   12.850   3.7102E+01
   12.860   2.3346E+01
   12.870   1.0275E+01
   12.880  -8.5520E+00
   12.890  -3.3721E+01
   12.900  -5.9427E+01
   12.910  -7.8627E+01
   12.920  -8.9272E+01
   12.930  -9.2137E+01
   12.940  -8.9477E+01
   12.950  -8.4740E+01
   12.960  -8.2054E+01
   12.970  -8.1994E+01
   12.980  -8.3522E+01
   12.990  -8.2770E+01
   13.000  -8.0784E+01
   13.010  -8.0863E+01
   13.020  -8.2009E+01
   13.030  -8.0846E+01
   13.040  -7.5122E+01
   13.050  -6.2828E+01
   13.060  -4.8458E+01
   13.070  -3.4524E+01
   13.080  -1.8341E+01
   13.090  -2.2207E+00
   13.100   3.0986E+00
   13.110  -2.1025E+00
   13.120  -5.0049E+00
   13.130  -6.1863E-01
   13.140   7.5677E+00
   13.150   1.3795E+01
   13.160   1.5382E+01
   13.170   1.6523E+01
   13.180   2.1941E+01
   13.190   2.9424E+01
   13.200   3.0367E+01
   13.210   2.0827E+01
   13.220   3.1829E+00
   13.230  -1.5781E+01
   13.240  -3.3033E+01
   13.250  -5.0259E+01
   13.260  -6.7943E+01
   13.270  -8.2578E+01
   13.280  -9.3533E+01
   13.290  -1.0057E+02
   13.300  -1.0362E+02
   13.310  -1.0419E+02
   13.320  -9.9138E+01
   13.330  -8.3489E+01
   13.340  -6.1246E+01
   13.350  -3.6176E+01
   13.360  -1.2799E+01
   13.370   3.4338E+00
   13.380   1.2339E+01
   13.390   1.6927E+01
   13.400   1.4968E+01
   13.410   4.9296E+00
   13.420  -6.7197E+00
   13.430  -1.6163E+01
   13.440  -2.5497E+01
   13.450  -3.6844E+01
   13.460  -4.7217E+01
   13.470  -5.0849E+01
   13.480  -4.0407E+01
   13.490  -1.4625E+01
   13.500   1.4518E+01
   13.510   3.0927E+01
   13.520   2.9831E+01
   13.530   1.9546E+01
   13.540   7.6213E+00
   13.550  -5.0727E+00
   13.560  -1.9455E+01
   13.570  -3.2882E+01
   13.580  -4.3650E+01
   13.590  -5.3066E+01
   13.600  -6.2883E+01
   13.610  -7.2142E+01
   13.620  -7.5750E+01
   13.630  -7.0179E+01
   13.640  -5.8071E+01
   13.650  -4.4673E+01
   13.660  -3.1002E+01
   13.670  -1.7044E+01
   13.680  -3.9859E+00
   13.690   7.4042E+00
   13.700   1.5337E+01
   13.710   1.9889E+01
   13.720   2.0857E+01
   13.730   2.0468E+01
   13.740   2.3643E+01
   13.750   3.3403E+01
   13.760   4.7999E+01
   13.770   6.4282E+01
   13.780   7.8149E+01
   13.790   8.7977E+01
   13.800   9.1014E+01
   13.810   8.6481E+01
   13.820   7.6141E+01
   13.830   6.1789E+01
   13.840   4.7935E+01
   13.850   3.7166E+01
   13.860   2.9718E+01
   13.870   2.7629E+01
   13.880   3.2244E+01
   13.890   4.1435E+01
   13.900   4.8695E+01
   13.910   4.8582E+01
   13.920   4.1222E+01
   13.930   2.7470E+01
   13.940   8.4779E+00
   13.950  -1.0692E+01
   13.960  -2.4330E+01
   13.970  -3.1759E+01
   13.980  -3.5588E+01
   13.990  -3.6146E+01
   14.000  -3.3759E+01
   14.010  -2.9703E+01
   14.020  -2.5473E+01
   14.030  -2.2980E+01
   14.040  -2.1916E+01
   14.050  -1.8578E+01
   14.060  -1.2128E+01
   14.070  -4.2845E+00
   14.080   1.9442E+00
   14.090   3.1380E+00
   14.100  -2.2417E-02
   14.110  -3.8093E+00
   14.120  -4.4448E+00
   14.130  -9.7001E-01
   14.140   2.8538E+00
   14.150   4.2252E+00
   14.160   2.6454E+00
   14.170  -1.3721E+00
   14.180  -6.8398E+00
   14.190  -1.2747E+01
   14.200  -1.8989E+01
   14.210  -2.5651E+01
   14.220  -2.9041E+01
   14.230  -2.7617E+01
   14.240  -2.2285E+01
   14.250  -1.2333E+01
   14.260   2.2410E+00
   14.270   1.7712E+01
   14.280   2.8996E+01
   14.290   3.4227E+01
   14.300   3.6859E+01
   14.310   4.0141E+01
   14.320   4.1726E+01
   14.330   3.8590E+01
   14.340   3.0382E+01
   14.350   2.0209E+01
   14.360   1.1869E+01
   14.370   7.9182E+00
   14.380   8.9595E+00
   14.390   1.3769E+01
   14.400   2.1826E+01
   14.410   3.1798E+01
   14.420   4.1835E+01
   14.430   5.0442E+01
   14.440   5.6679E+01
   14.450   6.1817E+01
   14.460   6.5043E+01
   14.470   6.2657E+01
   14.480   5.4561E+01
   14.490   4.3376E+01
   14.500   3.1209E+01
   14.510   1.7272E+01
   14.520   2.1742E+00
   14.530  -1.1731E+01
   14.540  -2.2134E+01
   14.550  -2.6832E+01
   14.560  -2.5501E+01
   14.570  -2.2749E+01
   14.580  -2.4483E+01
   14.590  -3.1120E+01
   14.600  -3.8160E+01
   14.610  -4.1017E+01
   14.620  -3.9092E+01
   14.630  -3.6175E+01
   14.640  -3.6135E+01
   14.650  -3.9048E+01
   14.660  -4.2744E+01
   14.670  -4.5321E+01
   14.680  -4.5834E+01
   14.690  -4.3465E+01
   14.700  -3.9271E+01
   14.710  -3.8035E+01
   14.720  -4.3002E+01
   14.730  -5.2230E+01
   14.740  -6.0574E+01
   14.750  -6.4307E+01
   14.760  -6.3848E+01
   14.770  -6.0955E+01
   14.780  -5.5340E+01
   14.790  -4.5316E+01
   14.800  -3.2745E+01
   14.810  -2.1215E+01
   14.820  -1.0831E+01
   14.830  -2.0948E-02
   14.840   9.9963E+00
   14.850   1.6348E+01
   14.860   1.9008E+01
   14.870   1.8406E+01
   14.880   1.5297E+01
   14.890   1.1265E+01
   14.900   8.1747E+00
   14.910   5.7501E+00
   14.920   4.0821E+00
   14.930   6.5246E+00
   14.940   1.4466E+01
   14.950   2.5060E+01
   14.960   3.4791E+01
   14.970   4.1879E+01
   14.980   4.4314E+01
   14.990   4.3226E+01
   15.000   4.0217E+01
   15.010   3.6051E+01
   15.020   3.3820E+01
   15.030   3.4229E+01
   15.040   3.4384E+01
   15.050   3.3101E+01
   15.060   3.0468E+01
   15.070   2.4736E+01
   15.080   1.4183E+01
   15.090   2.7233E-01
   15.100  -1.3881E+01
   15.110  -2.5867E+01
   15.120  -3.3492E+01
   15.130  -3.5343E+01
   15.140  -3.1219E+01
   15.150  -2.3996E+01
   15.160  -1.9433E+01
   15.170  -2.1166E+01
   15.180  -2.6710E+01
   15.190  -3.0221E+01
   15.200  -2.9341E+01
   15.210  -2.5222E+01
   15.220  -1.8259E+01
   15.230  -1.0039E+01
   15.240  -3.8671E+00
   15.250  -1.2496E+00
   15.260  -1.4180E+00
   15.270  -1.7456E+00
   15.280  -5.2001E-01
   15.290   1.4817E+00
   15.300   1.6849E+00
   15.310  -8.2759E-02
   15.320  -1.4235E+00
   15.330  -9.7693E-01
   15.340   2.0216E+00
   15.350   7.5624E+00
   15.360   1.3660E+01
   15.370   1.7518E+01
   15.380   1.8758E+01
   15.390   1.8288E+01
   15.400   1.6410E+01
   15.410   1.2590E+01
   15.420   8.0747E+00
   15.430   4.5600E+00
   15.440   1.9933E+00
   15.450  -2.6128E-02
   15.460  -1.2515E+00
   15.470  -1.8165E+00
   15.480  -1.1129E+00
   15.490   1.8961E+00
   15.500   5.5989E+00
   15.510   7.7398E+00
   15.520   8.5708E+00
   15.530   9.1485E+00
   15.540   9.9617E+00
   15.550   1.0166E+01
   15.560   9.8478E+00
   15.570   9.7248E+00
   15.580   1.0525E+01
   15.590   1.2489E+01
   15.600   1.4353E+01
   15.610   1.4811E+01
   15.620   1.4410E+01
   15.630   1.3386E+01
   15.640   1.1902E+01
   15.650   1.0098E+01
   15.660   7.2686E+00
   15.670   3.0542E+00
   15.680  -8.8521E-01
   15.690  -3.2657E+00
   15.700  -4.6669E+00
   15.710  -5.4604E+00
   15.720  -5.7284E+00
   15.730  -5.6116E+00
   15.740  -5.5427E+00
   15.750  -5.8564E+00
   15.760  -6.1126E+00
   15.770  -6.1810E+00
   15.780  -6.5539E+00
   15.790  -8.3190E+00
   15.800  -1.2089E+01
   15.810  -1.6991E+01
   15.820  -2.1875E+01
   15.830  -2.6062E+01
   15.840  -2.9242E+01
   15.850  -3.0440E+01
   15.860  -2.9141E+01
   15.870  -2.6005E+01
   15.880  -2.2171E+01
   15.890  -1.8003E+01
   15.900  -1.2898E+01
   15.910  -7.2058E+00
   15.920  -1.7751E+00
   15.930   3.3370E+00
   15.940   8.9861E+00
   15.950   1.5233E+01
   15.960   2.0899E+01
   15.970   2.4632E+01
   15.980   2.6328E+01
   15.990   2.6843E+01
   16.000   2.6690E+01
   16.010   2.5922E+01
   16.020   2.4906E+01
   16.030   2.4307E+01
   16.040   2.3447E+01
   16.050   2.1451E+01
   16.060   1.8047E+01
   16.070   1.3775E+01
   16.080   9.8602E+00
   16.090   7.4029E+00
   16.100   6.2462E+00
   16.110   5.4149E+00
   16.120   4.0922E+00
   16.130   1.9797E+00
   16.140  -5.4157E-01
   16.150  -2.8370E+00
   16.160  -4.5729E+00
   16.170  -6.1979E+00
   16.180  -8.0576E+00
   16.190  -9.9379E+00
   16.200  -1.2124E+01
   16.210  -1.4964E+01
   16.220  -1.7659E+01
   16.230  -1.8361E+01
   16.240  -1.6751E+01
   16.250  -1.4100E+01
   16.260  -1.1555E+01
   16.270  -9.3847E+00
   16.280  -7.4437E+00
   16.290  -5.9582E+00
   16.300  -5.2423E+00
   16.310  -4.9589E+00
   16.320  -4.8253E+00
   16.330  -5.4568E+00
   16.340  -7.1125E+00
   16.350  -9.0258E+00
   16.360  -9.9021E+00
   16.370  -9.1089E+00
   16.380  -7.0838E+00
   16.390  -4.8123E+00
   16.400  -3.4040E+00
   16.410  -3.3801E+00
   16.420  -4.3702E+00
   16.430  -5.8556E+00
   16.440  -7.2643E+00
   16.450  -8.7052E+00
   16.460  -1.0280E+01
   16.470  -1.0936E+01
   16.480  -9.8056E+00
   16.490  -7.2627E+00
   16.500  -4.3067E+00
   16.510  -1.5480E+00
   16.520   9.7810E-01
   16.530   3.0528E+00
   16.540   4.1028E+00
   16.550   3.8556E+00
   16.560   3.0830E+00
   16.570   2.6504E+00
   16.580   2.7529E+00
   16.590   3.3322E+00
   16.600   4.3849E+00
   16.610   5.9017E+00
   16.620   7.8555E+00
   16.630   1.0109E+01
   16.640   1.2453E+01
   16.650   1.4716E+01
   16.660   1.6579E+01
   16.670   1.7713E+01
   16.680   1.8132E+01
   16.690   1.8118E+01
   16.700   1.7571E+01
   16.710   1.6207E+01
   16.720   1.4364E+01
   16.730   1.2548E+01
   16.740   1.0996E+01
   16.750   9.8281E+00
   16.760   8.9324E+00
   16.770   8.0746E+00
   16.780   7.0760E+00
   16.790   5.6810E+00
   16.800   3.5982E+00
   16.810   9.7986E-01
   16.820  -1.6213E+00
   16.830  -4.0582E+00
   16.840  -6.4136E+00
   16.850  -8.5701E+00
   16.860  -1.0365E+01
   16.870  -1.1792E+01
   16.880  -1.2740E+01
   16.890  -1.3034E+01
   16.900  -1.2588E+01
   16.910  -1.1513E+01
   16.920  -1.0099E+01
   16.930  -8.5824E+00
   16.940  -7.1125E+00
   16.950  -5.8534E+00
   16.960  -4.8793E+00
   16.970  -4.2331E+00
   16.980  -3.9369E+00
   16.990  -3.8408E+00
   17.000  -3.7062E+00
   17.010  -3.3267E+00
   17.020  -2.5780E+00
   17.030  -1.3756E+00
   17.040   2.6136E-01
   17.050   2.1206E+00
   17.060   3.8623E+00
   17.070   5.1071E+00
   17.080   5.5851E+00
   17.090   5.3437E+00
   17.100   4.7745E+00
   17.110   4.3036E+00
   17.120   3.9918E+00
   17.130   3.7193E+00
   17.140   3.4441E+00
   17.150   3.2482E+00
   17.160   3.1937E+00
   17.170   3.1912E+00
   17.180   3.1107E+00
   17.190   2.8610E+00
   17.200   2.4394E+00
   17.210   1.9249E+00
   17.220   1.4644E+00
   17.230   1.0777E+00
   17.240   6.3452E-01
   17.250   1.0339E-01
   17.260  -3.2944E-01
   17.270  -4.3570E-01
   17.280  -2.0988E-01
   17.290   2.2782E-01
   17.300   8.5397E-01
   17.310   1.6180E+00
   17.320   2.2039E+00
   17.330   2.2804E+00
   17.340   1.9018E+00
   17.350   1.2891E+00
   17.360   5.4870E-01
   17.370  -4.2946E-01
   17.380  -1.7085E+00
   17.390  -2.9934E+00
   17.400  -3.7512E+00
   17.410  -3.6401E+00
   17.420  -2.8231E+00
   17.430  -1.7614E+00
   17.440  -8.1855E-01
   17.450  -2.5707E-01
   17.460  -2.1943E-01
   17.470  -7.2809E-01
   17.480  -1.6811E+00
   17.490  -2.7991E+00
   17.500  -3.7352E+00
   17.510  -4.3488E+00
   17.520  -4.7439E+00
   17.530  -5.1195E+00
   17.540  -5.5408E+00
   17.550  -5.8083E+00
   17.560  -5.7519E+00
   17.570  -5.4568E+00
   17.580  -5.1289E+00
   17.590  -4.9269E+00
   17.600  -4.8474E+00
   17.610  -4.7668E+00
   17.620  -4.5772E+00
   17.630  -4.2318E+00
   17.640  -3.6782E+00
   17.650  -2.8484E+00
   17.660  -1.7637E+00
   17.670  -5.2582E-01
   17.680   8.3726E-01
   17.690   2.3297E+00
   17.700   3.9410E+00
   17.710   5.5566E+00
   17.720   6.9572E+00
   17.730   8.0220E+00
   17.740   8.7060E+00
   17.750   8.9148E+00
   17.760   8.5393E+00
   17.770   7.5892E+00
   17.780   6.2446E+00
   17.790   4.7960E+00
   17.800   3.5265E+00
   17.810   2.6287E+00
   17.820   2.2156E+00
   17.830   2.3271E+00
   17.840   2.8327E+00
   17.850   3.4450E+00
   17.860   3.7864E+00
   17.870   3.5447E+00
   17.880   2.6518E+00
   17.890   1.2591E+00
   17.900  -4.0602E-01
   17.910  -2.0935E+00
   17.920  -3.5432E+00
   17.930  -4.5596E+00
   17.940  -5.1101E+00
   17.950  -5.3026E+00
   17.960  -5.2464E+00
   17.970  -4.9986E+00
   17.980  -4.5972E+00
   17.990  -4.0711E+00
   18.000  -3.4481E+00
   18.010  -2.7788E+00
   18.020  -2.1493E+00
   18.030  -1.6438E+00
   18.040  -1.2627E+00
   18.050  -8.8156E-01
   18.060  -3.5802E-01
   18.070   3.4992E-01
   18.080   1.1495E+00
   18.090   1.8586E+00
   18.100   2.3425E+00
   18.110   2.5879E+00
   18.120   2.6708E+00
   18.130   2.6618E+00
   18.140   2.5484E+00
   18.150   2.2718E+00
   18.160   1.8488E+00
   18.170   1.4488E+00
   18.180   1.2741E+00
   18.190   1.4065E+00
   18.200   1.7836E+00
   18.210   2.3206E+00
   18.220   2.9740E+00
   18.230   3.6860E+00
   18.240   4.3055E+00
   18.250   4.6383E+00
   18.260   4.5482E+00
   18.270   4.0100E+00
   18.280   3.1267E+00
   18.290   2.0881E+00
   18.300   1.1166E+00
   18.310   4.0224E-01
   18.320   2.5301E-02
   18.330  -6.6064E-02
   18.340  -3.0260E-02
   18.350  -5.4369E-02
   18.360  -2.2213E-01
   18.370  -4.5576E-01
   18.380  -5.9677E-01
   18.390  -5.5207E-01
   18.400  -3.5348E-01
   18.410  -1.0316E-01
   18.420   9.7337E-02
   18.430   2.0191E-01
   18.440   1.9123E-01
   18.450   7.2420E-02
   18.460  -9.5125E-02
   18.470  -2.4738E-01
   18.480  -3.6220E-01
   18.490  -4.9459E-01
   18.500  -7.5526E-01
   18.510  -1.2105E+00
   18.520  -1.8636E+00
   18.530  -2.6638E+00
   18.540  -3.4820E+00
   18.550  -4.1336E+00
   18.560  -4.4794E+00
   18.570  -4.5211E+00
   18.580  -4.3710E+00
   18.590  -4.1188E+00
   18.600  -3.7485E+00
   18.610  -3.2082E+00
   18.620  -2.5357E+00
   18.630  -1.8756E+00
   18.640  -1.3701E+00
   18.650  -1.0768E+00
   18.660  -1.0073E+00
   18.670  -1.1963E+00
   18.680  -1.6667E+00
   18.690  -2.3219E+00
   18.700  -2.9231E+00
   18.710  -3.2125E+00
   18.720  -3.0624E+00
   18.730  -2.5143E+00
   18.740  -1.7121E+00
   18.750  -8.2736E-01
   18.760  -1.3094E-02
   18.770   6.3887E-01
   18.780   1.1309E+00
   18.790   1.5231E+00
   18.800   1.8336E+00
   18.810   1.9785E+00
   18.820   1.8373E+00
   18.830   1.3803E+00
   18.840   7.1945E-01
   18.850   3.7702E-02
   18.860  -5.0959E-01
   18.870  -8.2809E-01
   18.880  -8.7442E-01
   18.890  -6.7293E-01
   18.900  -3.4354E-01
   18.910  -6.1979E-02
   18.920   5.3811E-02
   18.930   2.0026E-02
   18.940  -6.3276E-02
   18.950  -1.3624E-01
   18.960  -2.3906E-01
   18.970  -4.5236E-01
   18.980  -7.8979E-01
   18.990  -1.1542E+00
   19.000  -1.3948E+00
   19.010  -1.4181E+00
   19.020  -1.2601E+00
   19.030  -1.0563E+00
   19.040  -9.3317E-01
   19.050  -9.2821E-01
   19.060  -1.0087E+00
   19.070  -1.1436E+00
   19.080  -1.3196E+00
   19.090  -1.4942E+00
   19.100  -1.5756E+00
   19.110  -1.4838E+00
   19.120  -1.2141E+00
   19.130  -8.2159E-01
   19.140  -3.5746E-01
   19.150   1.4993E-01
   19.160   6.6692E-01
   19.170   1.1493E+00
   19.180   1.5783E+00
   19.190   1.9700E+00
   19.200   2.3208E+00
   19.210   2.5526E+00
   19.220   2.5362E+00
   19.230   2.1804E+00
   19.240   1.5098E+00
   19.250   6.7489E-01
   19.260  -1.0172E-01
   19.270  -6.1427E-01
   19.280  -7.5477E-01
   19.290  -5.4755E-01
   19.300  -1.1651E-01
   19.310   3.8417E-01
   19.320   8.2696E-01
   19.330   1.1294E+00
   19.340   1.2535E+00
   19.350   1.2092E+00
   19.360   1.0633E+00
   19.370   9.2520E-01
   19.380   8.9299E-01
   19.390   9.8310E-01
   19.400   1.1100E+00
   19.410   1.1505E+00
   19.420   1.0429E+00
   19.430   8.2083E-01
   19.440   5.5285E-01
   19.450   2.7058E-01
   19.460  -2.2799E-02
   19.470  -2.9031E-01
   19.480  -4.4628E-01
   19.490  -4.2211E-01
   19.500  -2.2243E-01
   19.510   1.0580E-01
   19.520   5.4422E-01
   19.530   1.0994E+00
   19.540   1.7155E+00
   19.550   2.2241E+00
   19.560   2.4297E+00
   19.570   2.2615E+00
   19.580   1.8310E+00
   19.590   1.3358E+00
   19.600   9.1960E-01
   19.610   6.2467E-01
   19.620   4.4395E-01
   19.630   3.7111E-01
   19.640   4.0000E-01
   19.650   5.1584E-01
   19.660   7.1667E-01
   19.670   1.0205E+00
   19.680   1.4192E+00
   19.690   1.8273E+00
   19.700   2.1031E+00
   19.710   2.1317E+00
   19.720   1.8857E+00
   19.730   1.4256E+00
   19.740   8.7325E-01
   19.750   3.7796E-01
   19.760   5.8973E-02
   19.770  -5.4732E-02
   19.780  -1.5763E-02
   19.790   1.1914E-01
   19.800   3.3230E-01
   19.810   5.9139E-01
   19.820   7.9489E-01
   19.830   8.3155E-01
   19.840   6.9912E-01
   19.850   5.1741E-01
   19.860   4.0778E-01
   19.870   3.9162E-01
   19.880   4.2447E-01
   19.890   4.8878E-01
   19.900   6.1388E-01
   19.910   8.1640E-01
   19.920   1.0597E+00
   19.930   1.2766E+00
   19.940   1.4126E+00
   19.950   1.4446E+00
   19.960   1.3783E+00
   19.970   1.2375E+00
   19.980   1.0523E+00
   19.990   8.5104E-01
   20.000   6.6030E-01
   20.010   4.9144E-01
   20.020   3.1508E-01
   20.030   6.4744E-02
   20.040  -2.9872E-01
   20.050  -7.1583E-01
   20.060  -1.0346E+00
   20.070  -1.1059E+00
   20.080  -8.8339E-01
   20.090  -4.5669E-01
   20.100  -4.5134E-03
   20.110   2.9461E-01
   20.120   3.4788E-01
   20.130   1.7018E-01
   20.140  -1.7411E-01
   20.150  -6.4042E-01
   20.160  -1.1939E+00
   20.170  -1.7429E+00
   20.180  -2.1324E+00
   20.190  -2.2390E+00
   20.200  -2.0583E+00
   20.210  -1.6868E+00
   20.220  -1.2422E+00
   20.230  -8.2555E-01
   20.240  -5.2208E-01
   20.250  -3.7053E-01
   20.260  -3.1456E-01
   20.270  -2.3755E-01
   20.280  -8.7911E-02
   20.290   4.1671E-02
   20.300  -5.9022E-03
   20.310  -2.8861E-01
   20.320  -6.9457E-01
   20.330  -1.0351E+00
   20.340  -1.1947E+00
   20.350  -1.1937E+00
   20.360  -1.1312E+00
   20.370  -1.0948E+00
   20.380  -1.1227E+00
   20.390  -1.2229E+00
   20.400  -1.3946E+00
   20.410  -1.6275E+00
   20.420  -1.8936E+00
   20.430  -2.1511E+00
   20.440  -2.3481E+00
   20.450  -2.4239E+00
   20.460  -2.3284E+00
   20.470  -2.0598E+00
   20.480  -1.6777E+00
   20.490  -1.2698E+00
   20.500  -9.1194E-01
   20.510  -6.6781E-01
   20.520  -5.9347E-01
   20.530  -6.9858E-01
   20.540  -8.9611E-01
   20.550  -1.0301E+00
   20.560  -9.7917E-01
   20.570  -7.2977E-01
   20.580  -3.5164E-01
   20.590   6.7645E-02
   20.600   4.5228E-01
   20.610   7.3872E-01
   20.620   8.9304E-01
   20.630   9.3042E-01
   20.640   1.0605E+00
   20.650   1.0443E+00
   20.660   1.0431E+00
   20.670   1.0742E+00
   20.680   1.1205E+00
   20.690   1.1324E+00
   20.700   1.0715E+00
   20.710   9.4863E-01
   20.720   7.9742E-01
   20.730   6.1296E-01
   20.740   3.5420E-01
   20.750   1.0822E-02
   20.760  -3.7135E-01
   20.770  -7.5353E-01
   20.780  -1.1538E+00
   20.790  -1.5908E+00
   20.800  -1.9902E+00
   20.810  -2.2009E+00
   20.820  -2.1191E+00
   20.830  -1.7789E+00
   20.840  -1.3124E+00
   20.850  -8.4828E-01
   20.860  -4.6279E-01
   20.870  -1.9458E-01
   20.880  -5.6395E-02
   20.890  -2.2154E-02
   20.900  -3.0879E-02
   20.910  -3.0031E-02
   20.920  -8.3827E-03
   20.930   2.6332E-02
   20.940   9.8428E-02
   20.950   2.7142E-01
   20.960   5.9864E-01
   20.970   1.0743E+00
   20.980   1.6385E+00
   20.990   2.2122E+00
   21.000   2.7196E+00
   21.010   3.0943E+00
   21.020   3.2994E+00
   21.030   3.3457E+00
   21.040   3.2710E+00
   21.050   3.0920E+00
   21.060   2.8018E+00
   21.070   2.4253E+00
   21.080   2.0564E+00
   21.090   1.5925E+00
   21.100   1.4178E+00
   21.110   1.3818E+00
   21.120   1.4178E+00
   21.130   1.5022E+00
   21.140   1.6557E+00
   21.150   1.8951E+00
   21.160   2.1986E+00
   21.170   2.5113E+00
   21.180   3.0452E+00
   21.190   3.2565E+00
   21.200   3.3931E+00
   21.210   3.4436E+00
   21.220   3.3855E+00
   21.230   3.2330E+00
   21.240   3.0589E+00
   21.250   2.9274E+00
   21.260   2.8146E+00
   21.270   2.6434E+00
   21.280   2.4045E+00
   21.290   2.1889E+00
   21.300   1.6169E+00
   21.310   1.6000E+00
   21.320   1.5175E+00
   21.330   1.3152E+00
   21.340   4.9592E-01
   21.350   1.3117E-01
   21.360  -2.5226E-01
   21.370  -6.6124E-01
   21.380  -1.0349E+00
   21.390  -1.2861E+00
   21.400  -1.3856E+00
   21.410  -1.3790E+00
   21.420  -1.3432E+00
   21.430  -1.1357E+00
   21.440  -1.3163E+00
   21.450  -1.6008E+00
   21.460  -1.8869E+00
   21.470  -2.0550E+00
   21.480  -2.0634E+00
   21.490  -1.9753E+00
   21.500  -2.1860E+00
   21.510  -2.1738E+00
   21.520  -2.2062E+00
   21.530  -2.2276E+00
   21.540  -2.0385E+00
   21.550  -2.1169E+00
   21.560  -2.0724E+00
   21.570  -5.2754E-01
   21.580  -3.5425E-01
   21.590  -1.4095E-01
   21.600   9.0660E-02
   21.610   3.5279E-01
   21.620   7.2114E-01
   21.630   1.2859E+00
   21.640   2.0528E+00
   21.650   2.7469E+00
   21.660   3.3220E+00
   21.670   3.3799E+00
   21.680   3.1971E+00
   21.690   2.5456E+00
   21.700   1.5275E+00
   21.710  -1.4018E-01
   21.720  -1.4193E+00
   21.730  -1.7411E+00
   21.740  -2.5757E+00
   21.750  -3.2570E+00
   21.760  -3.8489E+00
   21.770  -4.2883E+00
   21.780  -4.4589E+00
   21.790  -4.3611E+00
   21.800  -4.1563E+00
   21.810  -4.0202E+00
   21.820  -3.7851E+00
   21.830  -3.9196E+00
   21.840  -4.0695E+00
   21.850  -4.2639E+00
   21.860  -4.2140E+00
   21.870  -4.3394E+00
   21.880  -4.6149E+00
   21.890  -4.2876E+00
   21.900  -4.1880E+00
   21.910  -3.6754E+00
   21.920  -2.9274E+00
   21.930  -2.1404E+00
   21.940  -2.1692E+00
   21.950  -1.7452E+00
   21.960  -1.5111E+00
   21.970  -1.5092E+00
   21.980  -1.8197E+00
   21.990  -2.4763E+00
   22.000  -3.3922E+00
   22.010  -4.3723E+00
   22.020  -5.0026E+00
   22.030  -5.5181E+00
   22.040  -5.2207E+00
   22.050  -4.6752E+00
   22.060  -4.0770E+00
   22.070  -3.5252E+00
   22.080  -3.1283E+00
   22.090  -2.6219E+00
   22.100  -2.0441E+00
   22.110  -1.2732E+00
   22.120  -2.3980E-01
   22.130   7.6011E-01
   22.140   1.8198E+00
   22.150   2.7039E+00
   22.160   3.3395E+00
   22.170   3.7336E+00
   22.180   3.8827E+00
   22.190   3.7703E+00
   22.200   3.4387E+00
   22.210   2.9914E+00
   22.220   2.4869E+00
   22.230   1.9173E+00
   22.240   1.2867E+00
   22.250   7.0434E-01
   22.260   3.4288E-01
   22.270  -9.2986E-02
   22.280  -2.5509E-03
   22.290   2.5159E-01
   22.300   6.6204E-01
   22.310   9.9477E-01
   22.320   1.1420E+00
   22.330   9.8872E-01
   22.340   5.7098E-01
   22.350   7.3739E-02
   22.360  -2.8941E-01
   22.370  -3.9305E-01
   22.380  -2.2283E-01
   22.390   1.5996E-01
   22.400   6.5312E-01
   22.410   1.1516E+00
   22.420   1.8627E+00
   22.430   2.2517E+00
   22.440   2.6772E+00
   22.450   2.7164E+00
   22.460   2.8867E+00
   22.470   2.8949E+00
   22.480   2.7006E+00
   22.490   2.1609E+00
   22.500   1.4275E+00
   22.510   6.6762E-01
   22.520   3.7906E-02
   22.530  -3.6980E-01
   22.540  -4.3068E-01
   22.550  -4.6732E-01
   22.560  -4.1939E-01
   22.570  -2.2563E-01
   22.580   9.8952E-02
   22.590   6.3513E-01
   22.600   1.3849E+00
   22.610   2.1674E+00
   22.620   2.9878E+00
   22.630   3.9786E+00
   22.640   4.3648E+00
   22.650   4.4698E+00
   22.660   4.3590E+00
   22.670   4.0924E+00
   22.680   3.7681E+00
   22.690   3.2018E+00
   22.700   3.1909E+00
   22.710   3.4435E+00
   22.720   3.8183E+00
   22.730   3.7885E+00
   22.740   3.8679E+00
   22.750   3.6766E+00
   22.760   3.2017E+00
   22.770   2.5171E+00
   22.780   1.7814E+00
   22.790   1.0047E+00
   22.800   4.4463E-01
   22.810  -3.7507E-01
   22.820  -8.8218E-01
   22.830  -1.3009E+00
   22.840  -1.4798E+00
   22.850  -1.8849E+00
   22.860  -1.7339E+00
   22.870  -1.5732E+00
   22.880  -1.4862E+00
   22.890  -1.4728E+00
   22.900  -1.5203E+00
   22.910  -1.2150E+00
   22.920  -9.0714E-01
   22.930  -6.4613E-01
   22.940  -1.8885E-01
   22.950  -6.8255E-03
   22.960  -2.3347E-01
   22.970  -8.8289E-01
   22.980  -1.8253E+00
   22.990  -2.8160E+00
   23.000  -3.5884E+00
   23.010  -3.9763E+00
   23.020  -3.5388E+00
   23.030  -2.2408E+00
   23.040  -1.9355E+00
   23.050  -1.6025E+00
   23.060  -1.2185E+00
   23.070  -8.9049E-01
   23.080  -5.5188E-01
   23.090  -3.5524E-01
   23.100   1.0953E-01
   23.110   8.7249E-01
   23.120   1.4710E+00
   23.130   1.8420E+00
   23.140   1.9113E+00
   23.150   1.6828E+00
   23.160   1.2115E+00
   23.170   7.5840E-01
   23.180   4.7516E-01
   23.190   4.5711E-01
   23.200   6.8868E-01
   23.210   1.0748E+00
   23.220   1.5020E+00
   23.230   1.8598E+00
   23.240   1.7732E+00
   23.250   1.7567E+00
   23.260   1.2756E+00
   23.270   8.0364E-01
   23.280   5.6803E-01
   23.290   1.0569E-01
   23.300  -4.6673E-01
   23.310   4.0919E-01
   23.320   3.3434E-01
   23.330   5.1871E-01
   23.340   1.4658E+00
   23.350   1.8456E+00
   23.360   2.2128E+00
   23.370   2.2123E+00
   23.380   2.1982E+00
   23.390   2.2040E+00
   23.400   2.3155E+00
   23.410   2.4987E+00
   23.420   2.6582E+00
   23.430   2.5874E+00
   23.440   2.9440E+00
   23.450   2.5107E+00
   23.460   1.7644E+00
   23.470   7.4277E-01
   23.480  -3.5961E-01
   23.490  -1.3886E+00
   23.500  -2.2566E+00
   23.510  -2.9475E+00
   23.520  -3.8121E+00
   23.530  -4.3658E+00
   23.540  -4.7241E+00
   23.550  -4.8196E+00
   23.560  -4.6227E+00
   23.570  -4.1277E+00
   23.580  -2.6345E+00
   23.590  -2.1460E+00
   23.600  -1.9021E+00
   23.610  -1.9959E+00
   23.620  -7.7982E-01
   23.630  -8.4410E-01
   23.640  -9.7891E-01
   23.650  -1.1603E+00
   23.660  -1.3825E+00
   23.670  -1.6515E+00
   23.680  -2.0105E+00
   23.690  -2.2437E+00
   23.700  -2.3075E+00
   23.710  -2.0368E+00
   23.720  -1.8258E+00
   23.730  -1.3442E+00
   23.740  -1.4564E+00
   23.750  -1.1119E+00
   23.760  -8.8962E-01
   23.770  -8.3398E-01
   23.780  -9.3161E-01
   23.790  -1.0960E+00
   23.800  -1.3891E+00
   23.810  -1.4106E+00
   23.820  -1.2183E+00
   23.830  -8.3843E-01
   23.840  -2.3014E-01
   23.850   3.8173E-01
   23.860   9.8284E-01
   23.870   1.5079E+00
   23.880   1.8909E+00
   23.890   2.0695E+00
   23.900   2.1504E+00
   23.910   2.1805E+00
   23.920   2.2158E+00
   23.930   2.2546E+00
   23.940   2.1903E+00
   23.950   2.1850E+00
   23.960   2.1809E+00
   23.970   2.1392E+00
   23.980   1.9887E+00
   23.990   1.5212E+00
   24.000   8.3111E-01
   24.010   5.4313E-02
   24.020  -4.7172E-01
   24.030  -8.2140E-01
   24.040  -1.0263E+00
   24.050  -8.5396E-01
   24.060  -9.0331E-01
   24.070  -7.4558E-01
   24.080  -4.9559E-01
   24.090  -1.5900E-01
   24.100   1.5424E-01
   24.110   4.9109E-01
   24.120   7.1004E-01
   24.130  -3.7005E-01
   24.140  -9.5446E-01
   24.150  -9.2498E-01
   24.160  -9.6966E-01
   24.170  -5.3028E-01
   24.180  -5.8960E-01
   24.190  -7.4078E-01
   24.200  -9.8464E-01
   24.210  -1.0134E+00
   24.220  -1.2922E+00
   24.230  -9.0143E-01
   24.240  -9.6163E-01
   24.250  -8.9875E-01
   24.260  -7.1577E-01
   24.270  -4.5714E-01
   24.280  -1.0935E-01
   24.290   2.7046E-01
   24.300   6.5855E-01
   24.310   1.0188E+00
   24.320   1.3136E+00
   24.330   1.5270E+00
   24.340   1.6708E+00
   24.350   1.7679E+00
   24.360   1.8601E+00
   24.370   1.9341E+00
   24.380   2.0573E+00
   24.390   2.2124E+00
   24.400   2.1137E+00
   24.410   2.0983E+00
   24.420   1.9113E+00
   24.430   1.5665E+00
   24.440   8.2225E-01
   24.450   4.0014E-01
   24.460   2.6986E-01
   24.470   1.3450E-01
   24.480   1.2543E-01
   24.490   1.8785E-01
   24.500   2.7113E-01
   24.510   2.5947E-01
   24.520   2.5608E-01
   24.530   3.3265E-01
   24.540   4.7693E-01
   24.550   3.6376E-01
   24.560   5.0245E-01
   24.570   5.6825E-01
   24.580   5.4853E-01
   24.590   4.9944E-01
   24.600   4.2895E-01
   24.610   3.1599E-01
   24.620  -3.3355E-01
   24.630  -4.9804E-01
   24.640  -6.7119E-01
   24.650  -8.5348E-01
   24.660  -1.0497E+00
   24.670  -1.2583E+00
   24.680  -1.4349E+00
   24.690  -1.5626E+00
   24.700  -1.6380E+00
   24.710  -1.6591E+00
   24.720  -1.7286E+00
   24.730  -1.8411E+00
   24.740  -1.9330E+00
   24.750  -1.9567E+00
   24.760  -1.7535E+00
   24.770  -1.4323E+00
   24.780  -7.1175E-01
   24.790  -4.5854E-01
   24.800  -2.7140E-01
   24.810  -1.5892E-01
   24.820  -1.2142E-01
   24.830  -8.7759E-02
   24.840  -6.2472E-02
   24.850   4.7177E-02
   24.860   2.5213E-01
   24.870   1.0699E+00
   24.880   1.1910E+00
   24.890   1.2584E+00
   24.900   1.2388E+00
   24.910   1.1318E+00
   24.920   1.0254E+00
   24.930   1.1500E+00
   24.940   8.8064E-01
   24.950   6.7721E-01
   24.960   3.4940E-01
   24.970   4.0047E-02
   24.980  -1.8920E-01
   24.990  -3.1021E-01
   25.000  -3.2688E-01
   25.010  -2.4552E-01
   25.020  -8.9599E-03
   25.030   2.5585E-01
   25.040   5.3455E-01
   25.050   7.4897E-01
   25.060   8.1694E-01
   25.070   8.1557E-01
   25.080   5.6147E-01
   25.090   1.6439E-01
   25.100  -3.0854E-01
   25.110  -8.6462E-01
   25.120  -1.4102E+00
   25.130  -1.6800E+00
   25.140  -2.0717E+00
   25.150  -2.3676E+00
   25.160  -2.5532E+00
   25.170  -2.6105E+00
   25.180  -2.5327E+00
   25.190  -2.2994E+00
   25.200  -2.0311E+00
   25.210  -1.7499E+00
   25.220  -1.4873E+00
   25.230  -1.2461E+00
   25.240  -1.0204E+00
   25.250  -8.0747E-01
   25.260  -2.4506E-01
   25.270  -7.2642E-02
   25.280   8.5242E-02
   25.290   2.0059E-01
   25.300   3.6900E-01
   25.310   3.8254E-01
   25.320   3.4329E-01
   25.330   2.8495E-01
   25.340   1.2873E-01
   25.350  -2.7741E-02
   25.360  -1.7256E-01
   25.370  -2.4650E-01
   25.380  -2.9946E-01
   25.390  -3.5437E-01
   25.400  -3.9226E-01
   25.410  -3.6971E-01
   25.420  -2.7326E-01
   25.430  -1.1291E-01
   25.440   2.7889E-02
   25.450   1.6569E-01
   25.460   1.9483E-01
   25.470   3.4490E-01
   25.480   4.7423E-01
   25.490   5.9227E-01
   25.500   7.0432E-01
   25.510   8.0042E-01
   25.520   8.6801E-01
   25.530   9.0721E-01
   25.540   9.2710E-01
   25.550   8.8866E-01
   25.560   8.9564E-01
   25.570   1.0981E+00
   25.580   1.0862E+00
   25.590   1.0252E+00
   25.600   8.7499E-01
   25.610   6.2261E-01
   25.620   2.9625E-01
   25.630  -4.8962E-02
   25.640  -4.1917E-01
   25.650  -8.0213E-01
   25.660  -9.4518E-01
   25.670  -9.6441E-01
   25.680  -8.8203E-01
   25.690  -6.0815E-01
   25.700  -4.9231E-01
   25.710  -4.2230E-01
   25.720  -3.8030E-01
   25.730  -3.4652E-01
   25.740  -3.1523E-01
   25.750  -2.8493E-01
   25.760  -2.4974E-01
   25.770  -7.0516E-02
   25.780   1.7409E-02
   25.790   8.1863E-02
   25.800   1.0747E-01
   25.810   1.0252E-01
   25.820   1.4257E-01
   25.830   6.7534E-02
   25.840  -2.4972E-02
   25.850  -1.4026E-01
   25.860  -2.8517E-01
   25.870  -4.6215E-01
   25.880  -6.6282E-01
   25.890  -8.6809E-01
   25.900  -1.0525E+00
   25.910  -1.1846E+00
   25.920  -1.2489E+00
   25.930  -1.1641E+00
   25.940  -9.4126E-01
   25.950  -6.1014E-01
   25.960  -2.3014E-01
   25.970   1.3435E-01
   25.980   4.3380E-01
   25.990   6.3989E-01
   26.000   7.1175E-01
   26.010   7.2002E-01
   26.020   6.6741E-01
   26.030   5.9966E-01
   26.040   5.6057E-01
   26.050   5.7614E-01
   26.060   6.4593E-01
   26.070   7.4588E-01
   26.080   8.3932E-01
   26.090   8.8790E-01
   26.100   1.2979E+00
   26.110   1.1983E+00
   26.120   9.9438E-01
   26.130   7.4175E-01
   26.140   2.3342E-01
   26.150   7.5921E-02
   26.160  -5.3092E-02
   26.170  -1.5637E-01
   26.180  -2.4992E-01
   26.190  -3.7736E-01
   26.200  -3.6433E-01
   26.210  -3.3741E-01
   26.220  -3.6507E-01
   26.230  -3.3797E-01
   26.240   3.0057E-01
   26.250   3.0461E-01
   26.260   2.4652E-01
   26.270   1.2822E-01
   26.280  -3.3076E-02
   26.290  -2.0542E-01
   26.300  -3.5283E-01
   26.310  -4.1510E-01
   26.320  -4.2899E-01
   26.330  -3.9639E-01
   26.340  -2.9441E-01
   26.350  -2.1533E-01
   26.360  -1.3689E-01
   26.370  -6.6098E-02
   26.380  -1.3336E-02
   26.390   1.2651E-02
   26.400   6.4991E-03
   26.410  -3.1046E-02
   26.420  -8.6342E-02
   26.430  -7.5997E-02
   26.440  -6.3024E-02
   26.450   2.3502E-02
   26.460   1.7392E-01
   26.470   3.5716E-01
   26.480   5.3824E-01
   26.490   6.9671E-01
   26.500   8.1952E-01
   26.510   9.8365E-01
   26.520   1.0019E+00
   26.530   9.6551E-01
   26.540   8.8802E-01
   26.550   7.8602E-01
   26.560   6.6814E-01
   26.570   5.3364E-01
   26.580   3.8162E-01
   26.590   2.1971E-01
   26.600   6.4725E-02
   26.610  -6.1727E-02
   26.620  -1.3762E-01
   26.630  -1.4844E-01
   26.640  -9.9516E-02
   26.650  -2.1203E-02
   26.660   4.5618E-02
   26.670   7.5281E-02
   26.680   6.9872E-02
   26.690   4.7300E-02
   26.700   2.1705E-02
   26.710  -1.5043E-03
   26.720  -1.6275E-02
   26.730  -9.2908E-03
   26.740   2.7046E-02
   26.750   9.6596E-02
   26.760   1.0694E-01
   26.770   1.1206E-01
   26.780   6.6983E-02
   26.790  -4.7644E-02
   26.800  -1.8117E-01
   26.810  -2.9943E-01
   26.820  -4.4249E-01
   26.830  -5.2810E-01
   26.840  -5.4959E-01
   26.850  -4.9862E-01
   26.860  -3.9098E-01
   26.870  -2.6044E-01
   26.880  -1.4587E-01
   26.890  -7.9696E-02
   26.900  -1.5226E-01
   26.910  -2.0762E-01
   26.920  -3.2173E-01
   26.930  -3.8144E-01
   26.940  -4.1478E-01
   26.950  -4.2397E-01
   26.960  -3.4012E-01
   26.970  -2.9952E-01
   26.980  -2.2656E-01
   26.990  -1.3141E-01
   27.000  -3.2050E-02
   27.010  -1.8350E-01
   27.020  -1.1206E-01
   27.030  -6.9433E-02
   27.040  -9.3607E-02
   27.050  -1.4702E-01
   27.060  -2.3876E-01
   27.070  -3.4464E-01
   27.080  -4.4211E-01
   27.090  -5.1209E-01
   27.100  -5.1864E-01
   27.110  -4.1303E-01
   27.120  -2.8999E-01
   27.130  -1.2343E-01
   27.140   5.7641E-02
   27.150   2.2618E-01
   27.160   3.6251E-01
   27.170   4.5126E-01
   27.180   4.8331E-01
   27.190   2.9667E-01
   27.200   2.5502E-01
   27.210   2.1168E-01
   27.220   1.6213E-01
   27.230   1.0166E-01
   27.240   2.9668E-02
   27.250  -3.8088E-02
   27.260  -8.5804E-02
   27.270  -2.2967E-01
   27.280  -1.9633E-01
   27.290  -1.4543E-01
   27.300  -9.1932E-02
   27.310  -4.9735E-02
   27.320  -2.8152E-02
   27.330  -2.8411E-02
   27.340  -4.4718E-02
   27.350  -7.1028E-02
   27.360  -1.0624E-01
   27.370  -1.5118E-01
   27.380  -2.0145E-01
   27.390  -2.4613E-01
   27.400  -2.7414E-01
   27.410  -2.8048E-01
   27.420  -2.6627E-01
   27.430  -2.3539E-01
   27.440  -1.9283E-01
   27.450  -1.4433E-01
   27.460  -9.2083E-02
   27.470  -4.9067E-02
   27.480  -1.8481E-02
   27.490  -6.5782E-03
   27.500  -1.4685E-02
   27.510  -3.6078E-02
   27.520  -5.9663E-02
   27.530  -7.7384E-02
   27.540  -8.6959E-02
   27.550  -8.7778E-02
   27.560  -7.6271E-02
   27.570  -4.6631E-02
   27.580   4.1613E-03
   27.590   7.1615E-02
   27.600   1.4276E-01
   27.610   1.9532E-01
   27.620   2.1866E-01
   27.630   2.3261E-01
   27.640   2.2781E-01
   27.650   2.1478E-01
   27.660   1.9958E-01
   27.670   3.3051E-01
   27.680   3.3734E-01
   27.690   3.8995E-01
   27.700   4.0434E-01
   27.710   4.0955E-01
   27.720   2.9626E-01
   27.730   2.8317E-01
   27.740   2.2216E-01
   27.750   1.6949E-01
   27.760   1.2897E-01
   27.770   9.4510E-02
   27.780   5.8218E-02
   27.790  -8.2389E-02
   27.800  -1.1428E-01
   27.810  -1.5086E-01
   27.820  -1.8804E-01
   27.830  -1.6925E-01
   27.840  -1.9840E-01
   27.850  -2.2043E-01
   27.860  -2.3926E-01
   27.870  -2.2114E-01
   27.880  -2.3084E-01
   27.890  -2.2817E-01
   27.900  -2.1332E-01
   27.910  -1.9181E-01
   27.920  -1.6955E-01
   27.930  -1.5031E-01
   27.940  -1.3732E-01
   27.950  -1.3407E-01
   27.960  -1.4159E-01
   27.970  -1.5602E-01
   27.980  -1.7067E-01
   27.990  -1.8059E-01
   28.000  -1.8492E-01
   28.010  -1.8522E-01
   28.020  -1.8239E-01
   28.030  -1.7538E-01
   28.040  -1.6742E-01
   28.050  -5.9139E-02
   28.060  -3.7408E-02
   28.070  -1.5647E-02
   28.080  -1.2924E-02
   28.090  -6.2677E-03
   28.100   2.0913E-03
   28.110   1.1930E-02
   28.120   2.4728E-02
   28.130   4.1890E-02
   28.140   6.2185E-02
   28.150   8.2608E-02
   28.160   1.0154E-01
   28.170   1.1922E-01
   28.180   1.3512E-01
   28.190   1.5141E-01
   28.200   1.5712E-01
   28.210   1.5795E-01
   28.220   1.5502E-01
   28.230   1.3355E-01
   28.240   1.1728E-01
   28.250   9.1702E-02
   28.260   5.9788E-02
   28.270   1.9073E-02
   28.280  -1.2949E-02
   28.290  -4.0290E-02
   28.300  -6.1895E-02
   28.310  -7.8040E-02
   28.320  -9.0118E-02
   28.330  -9.9997E-02
   28.340  -1.0878E-01
   28.350  -1.1548E-01
   28.360  -1.1683E-01
   28.370  -1.1037E-01
   28.380  -9.1264E-02
   28.390  -6.4925E-02
   28.400  -5.2370E-02
   28.410  -4.7656E-02
   28.420  -3.6434E-02
   28.430  -2.5363E-02
   28.440  -1.4916E-02
   28.450  -4.4508E-03
   28.460   7.3341E-03
   28.470   2.2278E-02
   28.480   3.8120E-02
   28.490   5.3321E-02
   28.500   5.5353E-02
   28.510   6.2325E-02
   28.520   5.8053E-02
   28.530   6.3243E-02
   28.540   6.6105E-02
   28.550   9.3472E-03
   28.560   7.3990E-03
   28.570   1.4021E-03
   28.580  -7.8504E-03
   28.590  -1.8640E-02
   28.600  -2.9040E-02
   28.610  -3.7599E-02
   28.620  -4.3671E-02
   28.630  -4.7200E-02
   28.640  -4.8282E-02
   28.650  -4.6974E-02
   28.660  -4.3526E-02
   28.670  -3.8528E-02
   28.680  -3.2633E-02
   28.690  -2.6150E-02
   28.700  -1.9126E-02
   28.710  -9.3489E-03
   28.720  -2.5967E-03
   28.730   2.6630E-03
   28.740   6.3560E-03
   28.750   8.8528E-03
   28.760   1.0531E-02
   28.770   1.1514E-02
   28.780   1.1878E-02
   28.790   1.2060E-02
   28.800   1.2907E-02
   28.810   1.5126E-02
   28.820   1.8620E-02
   28.830   2.2504E-02
   28.840   2.5895E-02
   28.850   2.8538E-02
   28.860   3.0472E-02
   28.870   3.1217E-02
   28.880   2.9736E-02
   28.890   2.5523E-02
   28.900   1.9632E-02
   28.910   1.4357E-02
   28.920   1.1343E-02
   28.930   1.1614E-02
   28.940   4.5398E-03
   28.950  -2.6809E-03
   28.960  -8.8147E-04
   28.970   1.0271E-03
   28.980   2.9070E-03
   28.990   4.4670E-03
   29.000   5.3157E-03
   29.010   5.2216E-03
   29.020   4.2064E-03
   29.030   2.4225E-03
   29.040   6.6142E-05
   29.050  -2.6315E-03
   29.060  -5.4968E-03
   29.070  -8.5202E-03
   29.080  -1.1699E-02
   29.090  -1.4716E-02
   29.100  -1.6946E-02
   29.110  -1.7903E-02
   29.120  -5.7550E-03
   29.130  -4.4322E-03
   29.140  -3.3060E-03
   29.150  -2.9109E-03
   29.160  -3.6187E-03
   29.170  -5.3777E-03
   29.180  -7.5889E-03
   29.190  -5.6773E-03
   29.200  -5.5042E-03
   29.210  -4.2222E-03
   29.220  -1.9491E-03
   29.230   1.0835E-03
   29.240   4.5010E-03
   29.250   7.7518E-03
   29.260   1.0251E-02
   29.270   1.1656E-02
   29.280   1.2041E-02
   29.290   1.1788E-02
   29.300   1.0406E-02
   29.310   1.0028E-02
   29.320   6.4677E-03
   29.330   5.0811E-03
   29.340   3.0362E-03
   29.350   5.4255E-04
   29.360  -2.2195E-03
   29.370  -5.0907E-03
   29.380  -7.8225E-03
   29.390  -1.0024E-02
   29.400  -1.1247E-02
   29.410  -1.1129E-02
   29.420  -9.4311E-03
   29.430  -6.5563E-03
   29.440  -2.5260E-03
   29.450   2.2797E-03
   29.460   7.4229E-03
   29.470   1.2516E-02
   29.480   1.7229E-02
   29.490   2.1213E-02
   29.500   2.4083E-02
   29.510   2.5595E-02
   29.520   2.5818E-02
   29.530   2.5063E-02
   29.540   2.3582E-02
   29.550   2.1373E-02
   29.560   1.8320E-02
   29.570   1.4520E-02
   29.580   1.0430E-02
   29.590   6.6856E-03
   29.600   3.7536E-03
   29.610   1.7005E-03
   29.620   2.3823E-04
   29.630  -1.0230E-03
   29.640  -2.3092E-03
   29.650  -1.8078E-03
   29.660  -2.0909E-03
   29.670  -2.0807E-03
   29.680  -1.6392E-03
   29.690  -8.1055E-04
   29.700   2.4894E-04
   29.710   1.3764E-03
   29.720   2.4451E-03
   29.730   3.3736E-03
   29.740   4.1415E-03
   29.750   4.7709E-03
   29.760   5.2450E-03
   29.770   5.4488E-03
   29.780   5.2329E-03
   29.790   4.5580E-03
   29.800   3.5577E-03
   29.810   2.4450E-03
   29.820   1.3663E-03
   29.830   3.4870E-04
   29.840  -6.4691E-04
   29.850  -1.6642E-03
   29.860  -2.7363E-03
   29.870  -3.8696E-03
   29.880  -4.9864E-03
   29.890  -5.8843E-03
   29.900  -6.3039E-03
   29.910  -6.0826E-03
   29.920  -5.2657E-03
   29.930  -4.0733E-03
   29.940  -2.7701E-03
   29.950  -1.5516E-03
   29.960  -5.1478E-04
   29.970   3.2206E-04
   29.980   1.0054E-03
   29.990   1.6466E-03
   30.000   2.3933E-03
   30.010   3.3431E-03
   30.020   4.4384E-03
   30.030   5.4436E-03
   30.040   6.0572E-03
   30.050   6.0846E-03
   30.060   5.5188E-03
   30.070   4.4731E-03
   30.080   3.0659E-03
   30.090   1.3833E-03
   30.100  -4.8516E-04
   30.110  -2.4284E-03
   30.120  -4.3465E-03
   30.130  -6.1655E-03
   30.140  -7.7923E-03
   30.150  -9.0650E-03
   30.160  -9.7727E-03
   30.170  -9.7421E-03
   30.180  -8.9243E-03
   30.190  -7.4278E-03
   30.200  -5.4845E-03
   30.210  -3.3613E-03
   30.220  -1.2700E-03
   30.230   6.5385E-04
   30.240   2.2832E-03
   30.250   3.4339E-03
   30.260   0.0000E+00
   30.270   0.0000E+00
   30.280   0.0000E+00
   30.290   0.0000E+00
   30.300   0.0000E+00
   30.310   0.0000E+00
   30.320   0.0000E+00
   30.330   0.0000E+00
   30.340   0.0000E+00
   30.350   0.0000E+00
   30.360   0.0000E+00
   30.370   0.0000E+00
   30.380   0.0000E+00
   30.390   0.0000E+00
   30.400   0.0000E+00
   30.410   0.0000E+00
   30.420   0.0000E+00
   30.430   0.0000E+00
   30.440   0.0000E+00
   30.450   0.0000E+00
   30.460   0.0000E+00
   30.470   0.0000E+00
   30.480   0.0000E+00
   30.490   0.0000E+00
   30.500   0.0000E+00
   30.510   0.0000E+00
   30.520   0.0000E+00
   30.530   0.0000E+00
   30.540   0.0000E+00
   30.550   0.0000E+00
   30.560   0.0000E+00
   30.570   0.0000E+00
   30.580   0.0000E+00
   30.590   0.0000E+00
   30.600   0.0000E+00
   30.610   0.0000E+00
   30.620   0.0000E+00
   30.630   0.0000E+00
   30.640   0.0000E+00
   30.650   0.0000E+00
   30.660   0.0000E+00
   30.670   0.0000E+00
   30.680   0.0000E+00
   30.690   0.0000E+00
   30.700   0.0000E+00
   30.710   0.0000E+00
   30.720   0.0000E+00
   30.730   0.0000E+00
   30.740   0.0000E+00
   30.750   0.0000E+00
   30.760   0.0000E+00
   30.770   0.0000E+00
   30.780   0.0000E+00
   30.790   0.0000E+00
   30.800   0.0000E+00
   30.810   0.0000E+00
   30.820   0.0000E+00
   30.830   0.0000E+00
   30.840   0.0000E+00
   30.850   0.0000E+00
   30.860   0.0000E+00
   30.870   0.0000E+00
   30.880   0.0000E+00
   30.890   0.0000E+00
   30.900   0.0000E+00
   30.910   0.0000E+00
   30.920   0.0000E+00
   30.930   0.0000E+00
   30.940   0.0000E+00
   30.950   0.0000E+00
   30.960   0.0000E+00
   30.970   0.0000E+00
   30.980   0.0000E+00
   30.990   0.0000E+00
   31.000   0.0000E+00
   31.010   0.0000E+00
   31.020   0.0000E+00
   31.030   0.0000E+00
   31.040   0.0000E+00
   31.050   0.0000E+00
   31.060   0.0000E+00
   31.070   0.0000E+00
   31.080   0.0000E+00
   31.090   0.0000E+00
   31.100   0.0000E+00
   31.110   0.0000E+00
   31.120   0.0000E+00
   31.130   0.0000E+00
   31.140   0.0000E+00
   31.150   0.0000E+00
   31.160   0.0000E+00
   31.170   0.0000E+00
   31.180   0.0000E+00
   31.190   0.0000E+00
   31.200   0.0000E+00
   31.210   0.0000E+00
   31.220   0.0000E+00
   31.230   0.0000E+00
   31.240   0.0000E+00
   31.250   0.0000E+00
   31.260   0.0000E+00
   31.270   0.0000E+00
   31.280   0.0000E+00
   31.290   0.0000E+00
   31.300   0.0000E+00
   31.310   0.0000E+00
   31.320   0.0000E+00
   31.330   0.0000E+00
   31.340   0.0000E+00
   31.350   0.0000E+00
   31.360   0.0000E+00
   31.370   0.0000E+00
   31.380   0.0000E+00
   31.390   0.0000E+00
   31.400   0.0000E+00
   31.410   0.0000E+00
   31.420   0.0000E+00
   31.430   0.0000E+00
   31.440   0.0000E+00
   31.450   0.0000E+00
   31.460   0.0000E+00
   31.470   0.0000E+00
   31.480   0.0000E+00
   31.490   0.0000E+00
   31.500   0.0000E+00
   31.510   0.0000E+00
   31.520   0.0000E+00
   31.530   0.0000E+00
   31.540   0.0000E+00
   31.550   0.0000E+00
   31.560   0.0000E+00
   31.570   0.0000E+00
   31.580   0.0000E+00
   31.590   0.0000E+00
   31.600   0.0000E+00
   31.610   0.0000E+00
   31.620   0.0000E+00
   31.630   0.0000E+00
   31.640   0.0000E+00
   31.650   0.0000E+00
   31.660   0.0000E+00
   31.670   0.0000E+00
   31.680   0.0000E+00
   31.690   0.0000E+00
   31.700   0.0000E+00
   31.710   0.0000E+00
   31.720   0.0000E+00
   31.730   0.0000E+00
   31.740   0.0000E+00
   31.750   0.0000E+00
   31.760   0.0000E+00
   31.770   0.0000E+00
   31.780   0.0000E+00
   31.790   0.0000E+00
   31.800   0.0000E+00
   31.810   0.0000E+00
   31.820   0.0000E+00
   31.830   0.0000E+00
   31.840   0.0000E+00
   31.850   0.0000E+00
   31.860   0.0000E+00
   31.870   0.0000E+00
   31.880   0.0000E+00
   31.890   0.0000E+00
   31.900   0.0000E+00
   31.910   0.0000E+00
   31.920   0.0000E+00
   31.930   0.0000E+00
   31.940   0.0000E+00
   31.950   0.0000E+00
   31.960   0.0000E+00
   31.970   0.0000E+00
   31.980   0.0000E+00
   31.990   0.0000E+00
   32.000   0.0000E+00
   32.010   0.0000E+00
   32.020   0.0000E+00
   32.030   0.0000E+00
   32.040   0.0000E+00
   32.050   0.0000E+00
   32.060   0.0000E+00
   32.070   0.0000E+00
   32.080   0.0000E+00
   32.090   0.0000E+00
   32.100   0.0000E+00
   32.110   0.0000E+00
   32.120   0.0000E+00
   32.130   0.0000E+00
   32.140   0.0000E+00
   32.150   0.0000E+00
   32.160   0.0000E+00
   32.170   0.0000E+00
   32.180   0.0000E+00
   32.190   0.0000E+00
   32.200   0.0000E+00
   32.210   0.0000E+00
   32.220   0.0000E+00
   32.230   0.0000E+00
   32.240   0.0000E+00
   32.250   0.0000E+00
   32.260   0.0000E+00
   32.270   0.0000E+00
   32.280   0.0000E+00
   32.290   0.0000E+00
   32.300   0.0000E+00
   32.310   0.0000E+00
   32.320   0.0000E+00
   32.330   0.0000E+00
   32.340   0.0000E+00
   32.350   0.0000E+00
   32.360   0.0000E+00
   32.370   0.0000E+00
   32.380   0.0000E+00
   32.390   0.0000E+00
   32.400   0.0000E+00
   32.410   0.0000E+00
   32.420   0.0000E+00
   32.430   0.0000E+00
   32.440   0.0000E+00
   32.450   0.0000E+00
   32.460   0.0000E+00
   32.470   0.0000E+00
   32.480   0.0000E+00
   32.490   0.0000E+00
   32.500   0.0000E+00
   32.510   0.0000E+00
   32.520   0.0000E+00
   32.530   0.0000E+00
   32.540   0.0000E+00
   32.550   0.0000E+00
   32.560   0.0000E+00
   32.570   0.0000E+00
   32.580   0.0000E+00
   32.590   0.0000E+00
   32.600   0.0000E+00
   32.610   0.0000E+00
   32.620   0.0000E+00
   32.630   0.0000E+00
   32.640   0.0000E+00
   32.650   0.0000E+00
   32.660   0.0000E+00
   32.670   0.0000E+00
   32.680   0.0000E+00
   32.690   0.0000E+00
   32.700   0.0000E+00
   32.710   0.0000E+00
   32.720   0.0000E+00
   32.730   0.0000E+00
   32.740   0.0000E+00
   32.750   0.0000E+00
   32.760   0.0000E+00
   32.770   0.0000E+00
   32.780   0.0000E+00
   32.790   0.0000E+00
   32.800   0.0000E+00
   32.810   0.0000E+00
   32.820   0.0000E+00
   32.830   0.0000E+00
   32.840   0.0000E+00
   32.850   0.0000E+00
   32.860   0.0000E+00
   32.870   0.0000E+00
   32.880   0.0000E+00
   32.890   0.0000E+00
   32.900   0.0000E+00
   32.910   0.0000E+00
   32.920   0.0000E+00
   32.930   0.0000E+00
   32.940   0.0000E+00
   32.950   0.0000E+00
   32.960   0.0000E+00
   32.970   0.0000E+00
   32.980   0.0000E+00
   32.990   0.0000E+00
   33.000   0.0000E+00
   33.010   0.0000E+00
   33.020   0.0000E+00
   33.030   0.0000E+00
   33.040   0.0000E+00
   33.050   0.0000E+00
   33.060   0.0000E+00
   33.070   0.0000E+00
   33.080   0.0000E+00
   33.090   0.0000E+00
   33.100   0.0000E+00
   33.110   0.0000E+00
   33.120   0.0000E+00
   33.130   0.0000E+00
   33.140   0.0000E+00
   33.150   0.0000E+00
   33.160   0.0000E+00
   33.170   0.0000E+00
   33.180   0.0000E+00
   33.190   0.0000E+00
   33.200   0.0000E+00
   33.210   0.0000E+00
   33.220   0.0000E+00
   33.230   0.0000E+00
   33.240   0.0000E+00
   33.250   0.0000E+00
   33.260   0.0000E+00
   33.270   0.0000E+00
   33.280   0.0000E+00
   33.290   0.0000E+00
   33.300   0.0000E+00
   33.310   0.0000E+00
   33.320   0.0000E+00
   33.330   0.0000E+00
   33.340   0.0000E+00
   33.350   0.0000E+00
   33.360   0.0000E+00
   33.370   0.0000E+00
   33.380   0.0000E+00
   33.390   0.0000E+00
   33.400   0.0000E+00
   33.410   0.0000E+00
   33.420   0.0000E+00
   33.430   0.0000E+00
   33.440   0.0000E+00
   33.450   0.0000E+00
   33.460   0.0000E+00
   33.470   0.0000E+00
   33.480   0.0000E+00
   33.490   0.0000E+00
   33.500   0.0000E+00
   33.510   0.0000E+00
   33.520   0.0000E+00
   33.530   0.0000E+00
   33.540   0.0000E+00
   33.550   0.0000E+00
   33.560   0.0000E+00
   33.570   0.0000E+00
   33.580   0.0000E+00
   33.590   0.0000E+00
   33.600   0.0000E+00
   33.610   0.0000E+00
   33.620   0.0000E+00
   33.630   0.0000E+00
   33.640   0.0000E+00
   33.650   0.0000E+00
   33.660   0.0000E+00
   33.670   0.0000E+00
   33.680   0.0000E+00
   33.690   0.0000E+00
   33.700   0.0000E+00
   33.710   0.0000E+00
   33.720   0.0000E+00
   33.730   0.0000E+00
   33.740   0.0000E+00
   33.750   0.0000E+00
   33.760   0.0000E+00
   33.770   0.0000E+00
   33.780   0.0000E+00
   33.790   0.0000E+00
   33.800   0.0000E+00
   33.810   0.0000E+00
   33.820   0.0000E+00
   33.830   0.0000E+00
   33.840   0.0000E+00
   33.850   0.0000E+00
   33.860   0.0000E+00
   33.870   0.0000E+00
   33.880   0.0000E+00
   33.890   0.0000E+00
   33.900   0.0000E+00
   33.910   0.0000E+00
   33.920   0.0000E+00
   33.930   0.0000E+00
   33.940   0.0000E+00
   33.950   0.0000E+00
   33.960   0.0000E+00
   33.970   0.0000E+00
   33.980   0.0000E+00
   33.990   0.0000E+00
   34.000   0.0000E+00
   34.010   0.0000E+00
   34.020   0.0000E+00
   34.030   0.0000E+00
   34.040   0.0000E+00
   34.050   0.0000E+00
   34.060   0.0000E+00
   34.070   0.0000E+00
   34.080   0.0000E+00
   34.090   0.0000E+00
   34.100   0.0000E+00
   34.110   0.0000E+00
   34.120   0.0000E+00
   34.130   0.0000E+00
   34.140   0.0000E+00
   34.150   0.0000E+00
   34.160   0.0000E+00
   34.170   0.0000E+00
   34.180   0.0000E+00
   34.190   0.0000E+00
   34.200   0.0000E+00
   34.210   0.0000E+00
   34.220   0.0000E+00
   34.230   0.0000E+00
   34.240   0.0000E+00
   34.250   0.0000E+00
   34.260   0.0000E+00
   34.270   0.0000E+00
   34.280   0.0000E+00
   34.290   0.0000E+00
   34.300   0.0000E+00
   34.310   0.0000E+00
   34.320   0.0000E+00
   34.330   0.0000E+00
   34.340   0.0000E+00
   34.350   0.0000E+00
   34.360   0.0000E+00
   34.370   0.0000E+00
   34.380   0.0000E+00
   34.390   0.0000E+00
   34.400   0.0000E+00
   34.410   0.0000E+00
   34.420   0.0000E+00
   34.430   0.0000E+00
   34.440   0.0000E+00
   34.450   0.0000E+00
   34.460   0.0000E+00
   34.470   0.0000E+00
   34.480   0.0000E+00
   34.490   0.0000E+00
   34.500   0.0000E+00
   34.510   0.0000E+00
   34.520   0.0000E+00
   34.530   0.0000E+00
   34.540   0.0000E+00
   34.550   0.0000E+00
   34.560   0.0000E+00
   34.570   0.0000E+00
   34.580   0.0000E+00
   34.590   0.0000E+00
   34.600   0.0000E+00
   34.610   0.0000E+00
   34.620   0.0000E+00
   34.630   0.0000E+00
   34.640   0.0000E+00
   34.650   0.0000E+00
   34.660   0.0000E+00
   34.670   0.0000E+00
   34.680   0.0000E+00
   34.690   0.0000E+00
   34.700   0.0000E+00
   34.710   0.0000E+00
   34.720   0.0000E+00
   34.730   0.0000E+00
   34.740   0.0000E+00
   34.750   0.0000E+00
   34.760   0.0000E+00
   34.770   0.0000E+00
   34.780   0.0000E+00
   34.790   0.0000E+00
   34.800   0.0000E+00
   34.810   0.0000E+00
   34.820   0.0000E+00
   34.830   0.0000E+00
   34.840   0.0000E+00
   34.850   0.0000E+00
   34.860   0.0000E+00
   34.870   0.0000E+00
   34.880   0.0000E+00
   34.890   0.0000E+00
   34.900   0.0000E+00
   34.910   0.0000E+00
   34.920   0.0000E+00
   34.930   0.0000E+00
   34.940   0.0000E+00
   34.950   0.0000E+00
   34.960   0.0000E+00
   34.970   0.0000E+00
   34.980   0.0000E+00
   34.990   0.0000E+00
   35.000   0.0000E+00
   35.010   0.0000E+00
   35.020   0.0000E+00
   35.030   0.0000E+00
   35.040   0.0000E+00
   35.050   0.0000E+00
   35.060   0.0000E+00
   35.070   0.0000E+00
   35.080   0.0000E+00
   35.090   0.0000E+00
   35.100   0.0000E+00
   35.110   0.0000E+00
   35.120   0.0000E+00
   35.130   0.0000E+00
   35.140   0.0000E+00
   35.150   0.0000E+00
   35.160   0.0000E+00
   35.170   0.0000E+00
   35.180   0.0000E+00
   35.190   0.0000E+00
   35.200   0.0000E+00
   35.210   0.0000E+00
   35.220   0.0000E+00
   35.230   0.0000E+00
   35.240   0.0000E+00
   35.250   0.0000E+00
   35.260   0.0000E+00
   35.270   0.0000E+00
   35.280   0.0000E+00
   35.290   0.0000E+00
   35.300   0.0000E+00
   35.310   0.0000E+00
   35.320   0.0000E+00
   35.330   0.0000E+00
   35.340   0.0000E+00
   35.350   0.0000E+00
   35.360   0.0000E+00
   35.370   0.0000E+00
   35.380   0.0000E+00
   35.390   0.0000E+00
   35.400   0.0000E+00
   35.410   0.0000E+00
   35.420   0.0000E+00
   35.430   0.0000E+00
   35.440   0.0000E+00
   35.450   0.0000E+00
   35.460   0.0000E+00
   35.470   0.0000E+00
   35.480   0.0000E+00
   35.490   0.0000E+00
   35.500   0.0000E+00
   35.510   0.0000E+00
   35.520   0.0000E+00
   35.530   0.0000E+00
   35.540   0.0000E+00
   35.550   0.0000E+00
   35.560   0.0000E+00
   35.570   0.0000E+00
   35.580   0.0000E+00
   35.590   0.0000E+00
   35.600   0.0000E+00
   35.610   0.0000E+00
   35.620   0.0000E+00
   35.630   0.0000E+00
   35.640   0.0000E+00
   35.650   0.0000E+00
   35.660   0.0000E+00
   35.670   0.0000E+00
   35.680   0.0000E+00
   35.690   0.0000E+00
   35.700   0.0000E+00
   35.710   0.0000E+00
   35.720   0.0000E+00
   35.730   0.0000E+00
   35.740   0.0000E+00
   35.750   0.0000E+00
   35.760   0.0000E+00
   35.770   0.0000E+00
   35.780   0.0000E+00
   35.790   0.0000E+00
   35.800   0.0000E+00
   35.810   0.0000E+00
   35.820   0.0000E+00
   35.830   0.0000E+00
   35.840   0.0000E+00
   35.850   0.0000E+00
   35.860   0.0000E+00
   35.870   0.0000E+00
   35.880   0.0000E+00
   35.890   0.0000E+00
   35.900   0.0000E+00
   35.910   0.0000E+00
   35.920   0.0000E+00
   35.930   0.0000E+00
   35.940   0.0000E+00
   35.950   0.0000E+00
   35.960   0.0000E+00
   35.970   0.0000E+00
   35.980   0.0000E+00
   35.990   0.0000E+00
   36.000   0.0000E+00
   36.010   0.0000E+00
   36.020   0.0000E+00
   36.030   0.0000E+00
   36.040   0.0000E+00
   36.050   0.0000E+00
   36.060   0.0000E+00
   36.070   0.0000E+00
   36.080   0.0000E+00
   36.090   0.0000E+00
   36.100   0.0000E+00
   36.110   0.0000E+00
   36.120   0.0000E+00
   36.130   0.0000E+00
   36.140   0.0000E+00
   36.150   0.0000E+00
   36.160   0.0000E+00
   36.170   0.0000E+00
   36.180   0.0000E+00
   36.190   0.0000E+00
   36.200   0.0000E+00
   36.210   0.0000E+00
   36.220   0.0000E+00
   36.230   0.0000E+00
   36.240   0.0000E+00
   36.250   0.0000E+00
   36.260   0.0000E+00
   36.270   0.0000E+00
   36.280   0.0000E+00
   36.290   0.0000E+00
   36.300   0.0000E+00
   36.310   0.0000E+00
   36.320   0.0000E+00
   36.330   0.0000E+00
   36.340   0.0000E+00
   36.350   0.0000E+00
   36.360   0.0000E+00
   36.370   0.0000E+00
   36.380   0.0000E+00
   36.390   0.0000E+00
   36.400   0.0000E+00
   36.410   0.0000E+00
   36.420   0.0000E+00
   36.430   0.0000E+00
   36.440   0.0000E+00
   36.450   0.0000E+00
   36.460   0.0000E+00
   36.470   0.0000E+00
   36.480   0.0000E+00
   36.490   0.0000E+00
   36.500   0.0000E+00
   36.510   0.0000E+00
   36.520   0.0000E+00
   36.530   0.0000E+00
   36.540   0.0000E+00
   36.550   0.0000E+00
   36.560   0.0000E+00
   36.570   0.0000E+00
   36.580   0.0000E+00
   36.590   0.0000E+00
   36.600   0.0000E+00
   36.610   0.0000E+00
   36.620   0.0000E+00
   36.630   0.0000E+00
   36.640   0.0000E+00
   36.650   0.0000E+00
   36.660   0.0000E+00
   36.670   0.0000E+00
   36.680   0.0000E+00
   36.690   0.0000E+00
   36.700   0.0000E+00
   36.710   0.0000E+00
   36.720   0.0000E+00
   36.730   0.0000E+00
   36.740   0.0000E+00
   36.750   0.0000E+00
   36.760   0.0000E+00
   36.770   0.0000E+00
   36.780   0.0000E+00
   36.790   0.0000E+00
   36.800   0.0000E+00
   36.810   0.0000E+00
   36.820   0.0000E+00
   36.830   0.0000E+00
   36.840   0.0000E+00
   36.850   0.0000E+00
   36.860   0.0000E+00
   36.870   0.0000E+00
   36.880   0.0000E+00
   36.890   0.0000E+00
   36.900   0.0000E+00
   36.910   0.0000E+00
   36.920   0.0000E+00
   36.930   0.0000E+00
   36.940   0.0000E+00
   36.950   0.0000E+00
   36.960   0.0000E+00
   36.970   0.0000E+00
   36.980   0.0000E+00
   36.990   0.0000E+00
   37.000   0.0000E+00
   37.010   0.0000E+00
   37.020   0.0000E+00
   37.030   0.0000E+00
   37.040   0.0000E+00
   37.050   0.0000E+00
   37.060   0.0000E+00
   37.070   0.0000E+00
   37.080   0.0000E+00
   37.090   0.0000E+00
   37.100   0.0000E+00
   37.110   0.0000E+00
   37.120   0.0000E+00
   37.130   0.0000E+00
   37.140   0.0000E+00
   37.150   0.0000E+00
   37.160   0.0000E+00
   37.170   0.0000E+00
   37.180   0.0000E+00
   37.190   0.0000E+00
   37.200   0.0000E+00
   37.210   0.0000E+00
   37.220   0.0000E+00
   37.230   0.0000E+00
   37.240   0.0000E+00
   37.250   0.0000E+00
   37.260   0.0000E+00
   37.270   0.0000E+00
   37.280   0.0000E+00
   37.290   0.0000E+00
   37.300   0.0000E+00
   37.310   0.0000E+00
   37.320   0.0000E+00
   37.330   0.0000E+00
   37.340   0.0000E+00
   37.350   0.0000E+00
   37.360   0.0000E+00
   37.370   0.0000E+00
   37.380   0.0000E+00
   37.390   0.0000E+00
   37.400   0.0000E+00
   37.410   0.0000E+00
   37.420   0.0000E+00
   37.430   0.0000E+00
   37.440   0.0000E+00
   37.450   0.0000E+00
   37.460   0.0000E+00
   37.470   0.0000E+00
   37.480   0.0000E+00
   37.490   0.0000E+00
   37.500   0.0000E+00
   37.510   0.0000E+00
   37.520   0.0000E+00
   37.530   0.0000E+00
   37.540   0.0000E+00
   37.550   0.0000E+00
   37.560   0.0000E+00
   37.570   0.0000E+00
   37.580   0.0000E+00
   37.590   0.0000E+00
   37.600   0.0000E+00
   37.610   0.0000E+00
   37.620   0.0000E+00
   37.630   0.0000E+00
   37.640   0.0000E+00
   37.650   0.0000E+00
   37.660   0.0000E+00
   37.670   0.0000E+00
   37.680   0.0000E+00
   37.690   0.0000E+00
   37.700   0.0000E+00
   37.710   0.0000E+00
   37.720   0.0000E+00
   37.730   0.0000E+00
   37.740   0.0000E+00
   37.750   0.0000E+00
   37.760   0.0000E+00
   37.770   0.0000E+00
   37.780   0.0000E+00
   37.790   0.0000E+00
   37.800   0.0000E+00
   37.810   0.0000E+00
   37.820   0.0000E+00
   37.830   0.0000E+00
   37.840   0.0000E+00
   37.850   0.0000E+00
   37.860   0.0000E+00
   37.870   0.0000E+00
   37.880   0.0000E+00
   37.890   0.0000E+00
   37.900   0.0000E+00
   37.910   0.0000E+00
   37.920   0.0000E+00
   37.930   0.0000E+00
   37.940   0.0000E+00
   37.950   0.0000E+00
   37.960   0.0000E+00
   37.970   0.0000E+00
   37.980   0.0000E+00
   37.990   0.0000E+00
   38.000   0.0000E+00
   38.010   0.0000E+00
   38.020   0.0000E+00
   38.030   0.0000E+00
   38.040   0.0000E+00
   38.050   0.0000E+00
   38.060   0.0000E+00
   38.070   0.0000E+00
   38.080   0.0000E+00
   38.090   0.0000E+00
   38.100   0.0000E+00
   38.110   0.0000E+00
   38.120   0.0000E+00
   38.130   0.0000E+00
   38.140   0.0000E+00
   38.150   0.0000E+00
   38.160   0.0000E+00
   38.170   0.0000E+00
   38.180   0.0000E+00
   38.190   0.0000E+00
   38.200   0.0000E+00
   38.210   0.0000E+00
   38.220   0.0000E+00
   38.230   0.0000E+00
   38.240   0.0000E+00
   38.250   0.0000E+00
   38.260   0.0000E+00
   38.270   0.0000E+00
   38.280   0.0000E+00
   38.290   0.0000E+00
   38.300   0.0000E+00
   38.310   0.0000E+00
   38.320   0.0000E+00
   38.330   0.0000E+00
   38.340   0.0000E+00
   38.350   0.0000E+00
   38.360   0.0000E+00
   38.370   0.0000E+00
   38.380   0.0000E+00
   38.390   0.0000E+00
   38.400   0.0000E+00
   38.410   0.0000E+00
   38.420   0.0000E+00
   38.430   0.0000E+00
   38.440   0.0000E+00
   38.450   0.0000E+00
   38.460   0.0000E+00
   38.470   0.0000E+00
   38.480   0.0000E+00
   38.490   0.0000E+00
   38.500   0.0000E+00
   38.510   0.0000E+00
   38.520   0.0000E+00
   38.530   0.0000E+00
   38.540   0.0000E+00
   38.550   0.0000E+00
   38.560   0.0000E+00
   38.570   0.0000E+00
   38.580   0.0000E+00
   38.590   0.0000E+00
   38.600   0.0000E+00
   38.610   0.0000E+00
   38.620   0.0000E+00
   38.630   0.0000E+00
   38.640   0.0000E+00
   38.650   0.0000E+00
   38.660   0.0000E+00
   38.670   0.0000E+00
   38.680   0.0000E+00
   38.690   0.0000E+00
   38.700   0.0000E+00
   38.710   0.0000E+00
   38.720   0.0000E+00
   38.730   0.0000E+00
   38.740   0.0000E+00
   38.750   0.0000E+00
   38.760   0.0000E+00
   38.770   0.0000E+00
   38.780   0.0000E+00
   38.790   0.0000E+00
   38.800   0.0000E+00
   38.810   0.0000E+00
   38.820   0.0000E+00
   38.830   0.0000E+00
   38.840   0.0000E+00
   38.850   0.0000E+00
   38.860   0.0000E+00
   38.870   0.0000E+00
   38.880   0.0000E+00
   38.890   0.0000E+00
   38.900   0.0000E+00
   38.910   0.0000E+00
   38.920   0.0000E+00
   38.930   0.0000E+00
   38.940   0.0000E+00
   38.950   0.0000E+00
   38.960   0.0000E+00
   38.970   0.0000E+00
   38.980   0.0000E+00
   38.990   0.0000E+00
   39.000   0.0000E+00
   39.010   0.0000E+00
   39.020   0.0000E+00
   39.030   0.0000E+00
   39.040   0.0000E+00
   39.050   0.0000E+00
   39.060   0.0000E+00
   39.070   0.0000E+00
   39.080   0.0000E+00
   39.090   0.0000E+00
   39.100   0.0000E+00
   39.110   0.0000E+00
   39.120   0.0000E+00
   39.130   0.0000E+00
   39.140   0.0000E+00
   39.150   0.0000E+00
   39.160   0.0000E+00
   39.170   0.0000E+00
   39.180   0.0000E+00
   39.190   0.0000E+00
   39.200   0.0000E+00
   39.210   0.0000E+00
   39.220   0.0000E+00
   39.230   0.0000E+00
   39.240   0.0000E+00
   39.250   0.0000E+00
   39.260   0.0000E+00
   39.270   0.0000E+00
   39.280   0.0000E+00
   39.290   0.0000E+00
   39.300   0.0000E+00
   39.310   0.0000E+00
   39.320   0.0000E+00
   39.330   0.0000E+00
   39.340   0.0000E+00
   39.350   0.0000E+00
   39.360   0.0000E+00
   39.370   0.0000E+00
   39.380   0.0000E+00
   39.390   0.0000E+00
   39.400   0.0000E+00
   39.410   0.0000E+00
   39.420   0.0000E+00
   39.430   0.0000E+00
   39.440   0.0000E+00
   39.450   0.0000E+00
   39.460   0.0000E+00
   39.470   0.0000E+00
   39.480   0.0000E+00
   39.490   0.0000E+00
   39.500   0.0000E+00
   39.510   0.0000E+00
   39.520   0.0000E+00
   39.530   0.0000E+00
   39.540   0.0000E+00
   39.550   0.0000E+00
   39.560   0.0000E+00
   39.570   0.0000E+00
   39.580   0.0000E+00
   39.590   0.0000E+00
   39.600   0.0000E+00
   39.610   0.0000E+00
   39.620   0.0000E+00
   39.630   0.0000E+00
   39.640   0.0000E+00
   39.650   0.0000E+00
   39.660   0.0000E+00
   39.670   0.0000E+00
   39.680   0.0000E+00
   39.690   0.0000E+00
   39.700   0.0000E+00
   39.710   0.0000E+00
   39.720   0.0000E+00
   39.730   0.0000E+00
   39.740   0.0000E+00
   39.750   0.0000E+00
   39.760   0.0000E+00
   39.770   0.0000E+00
   39.780   0.0000E+00
   39.790   0.0000E+00
   39.800   0.0000E+00
   39.810   0.0000E+00
   39.820   0.0000E+00
   39.830   0.0000E+00
   39.840   0.0000E+00
   39.850   0.0000E+00
   39.860   0.0000E+00
   39.870   0.0000E+00
   39.880   0.0000E+00
   39.890   0.0000E+00
   39.900   0.0000E+00
   39.910   0.0000E+00
   39.920   0.0000E+00
   39.930   0.0000E+00
   39.940   0.0000E+00
   39.950   0.0000E+00
   39.960   0.0000E+00
   39.970   0.0000E+00
   39.980   0.0000E+00
   39.990   0.0000E+00
   40.000   0.0000E+00
   40.010   0.0000E+00
   40.020   0.0000E+00
   40.030   0.0000E+00
   40.040   0.0000E+00
   40.050   0.0000E+00
   40.060   0.0000E+00
   40.070   0.0000E+00
   40.080   0.0000E+00
   40.090   0.0000E+00
   40.100   0.0000E+00
   40.110   0.0000E+00
   40.120   0.0000E+00
   40.130   0.0000E+00
   40.140   0.0000E+00
   40.150   0.0000E+00
   40.160   0.0000E+00
   40.170   0.0000E+00
   40.180   0.0000E+00
   40.190   0.0000E+00
   40.200   0.0000E+00
   40.210   0.0000E+00
   40.220   0.0000E+00
   40.230   0.0000E+00
   40.240   0.0000E+00
   40.250   0.0000E+00
   40.260   0.0000E+00
   40.270   0.0000E+00
   40.280   0.0000E+00
   40.290   0.0000E+00
   40.300   0.0000E+00
   40.310   0.0000E+00
   40.320   0.0000E+00
   40.330   0.0000E+00
   40.340   0.0000E+00
   40.350   0.0000E+00
   40.360   0.0000E+00
   40.370   0.0000E+00
   40.380   0.0000E+00
   40.390   0.0000E+00
   40.400   0.0000E+00
   40.410   0.0000E+00
   40.420   0.0000E+00
   40.430   0.0000E+00
   40.440   0.0000E+00
   40.450   0.0000E+00
   40.460   0.0000E+00
   40.470   0.0000E+00
   40.480   0.0000E+00
   40.490   0.0000E+00
   40.500   0.0000E+00
   40.510   0.0000E+00
   40.520   0.0000E+00
   40.530   0.0000E+00
   40.540   0.0000E+00
   40.550   0.0000E+00
   40.560   0.0000E+00
   40.570   0.0000E+00
   40.580   0.0000E+00
   40.590   0.0000E+00
   40.600   0.0000E+00
   40.610   0.0000E+00
   40.620   0.0000E+00
   40.630   0.0000E+00
   40.640   0.0000E+00
   40.650   0.0000E+00
   40.660   0.0000E+00
   40.670   0.0000E+00
   40.680   0.0000E+00
   40.690   0.0000E+00
   40.700   0.0000E+00
   40.710   0.0000E+00
   40.720   0.0000E+00
   40.730   0.0000E+00
   40.740   0.0000E+00
   40.750   0.0000E+00
   40.760   0.0000E+00
   40.770   0.0000E+00
   40.780   0.0000E+00
   40.790   0.0000E+00
   40.800   0.0000E+00
   40.810   0.0000E+00
   40.820   0.0000E+00
   40.830   0.0000E+00
   40.840   0.0000E+00
   40.850   0.0000E+00
   40.860   0.0000E+00
   40.870   0.0000E+00
   40.880   0.0000E+00
   40.890   0.0000E+00
   40.900   0.0000E+00
   40.910   0.0000E+00
   40.920   0.0000E+00
   40.930   0.0000E+00
   40.940   0.0000E+00
   40.950   0.0000E+00
