  0.0000000000000000e+000                      Inf                      NaN                      Inf                      NaN
  5.0000000000000003e-002  2.9590675528730292e-002  6.7687279623819277e-002  2.6848966770535179e-002  5.8392405332667555e-002
  1.0000000000000001e-001  1.7789281991303299e-001  8.1323343789260774e-002  1.7087018371049156e-001  7.0400066902708683e-002
  1.5000000000000002e-001  4.8642310478833861e-001  6.2209200731749043e-002  4.7329391154498568e-001  8.5884603877961360e-002
  2.0000000000000001e-001  9.0334707556283911e-001  1.0086679485919699e-001  8.7750812275371504e-001  7.4494733065290475e-002
  2.5000000000000000e-001  1.4474452357246244e+000  8.7301925032651634e-002  1.5639209474086404e+000  8.9777908873503273e-002
  3.0000000000000004e-001  1.8944317908436266e+000  1.0105259646286752e-001  1.8355736181214106e+000  9.4573801214611647e-002
  3.5000000000000003e-001  3.0875808854311657e+000  1.0081936050834012e-001  2.7150597051332608e+000  9.5871219115650705e-002
  4.0000000000000002e-001  3.0975061096773393e+000  9.9518612575928991e-002  2.6313561465207531e+000  9.8187850400830987e-002
  4.5000000000000001e-001  3.7066481954866743e+000  1.1590127275898128e-001  3.4576373632498356e+000  8.1638618966591220e-002
  5.0000000000000000e-001  5.2146901175226654e+000  1.5314376742684327e-001  4.8781855228209992e+000  9.7770619046681620e-002
  5.5000000000000004e-001  7.8586118088965211e+000  1.8047827732482660e-001  6.9210904571416378e+000  9.7043936866635552e-002
  6.0000000000000009e-001  8.2503164021877851e+000  1.5651905868407176e-001  7.8108407893961029e+000  1.1077020484120478e-001
  6.5000000000000002e-001  6.9492816583632404e+000  1.1492296025500959e-001  7.0691469069949617e+000  1.0900337806873764e-001
  7.0000000000000007e-001  6.8025775153151784e+000  1.0409246121368902e-001  6.8433696791444767e+000  1.0793711176095755e-001
  7.5000000000000000e-001  7.0782258038974364e+000  1.1266135492228846e-001  7.2847008364109964e+000  1.0862088890275981e-001
  8.0000000000000004e-001  7.4702511140759604e+000  1.1603680272621800e-001  7.4822815252141002e+000  1.1512104976500030e-001
  8.5000000000000009e-001  7.8469920420801325e+000  1.0707632395028784e-001  7.9945397054356109e+000  1.0639120371932137e-001
  9.0000000000000002e-001  8.2183893749182158e+000  1.2660517104107391e-001  8.4608202684017222e+000  1.0253913125544757e-001
  9.5000000000000007e-001  9.1123069033913353e+000  1.3810136824182914e-001  8.7623168882979652e+000  1.1185150976859942e-001
  1.0000000000000000e+000  1.0340100424392370e+001  1.3384828608430346e-001  9.3842857366896464e+000  1.1441706590167443e-001
  1.0500000000000000e+000  1.1413778372227631e+001  1.3213963569416654e-001  1.0373575273118743e+001  1.1036523020754808e-001
  1.1000000000000001e+000  1.2416699227275139e+001  1.2901893719853227e-001  1.1315522512190750e+001  1.1001467558934455e-001
  1.1500000000000001e+000  1.3872570247567776e+001  1.2998500347195530e-001  1.2752482102557700e+001  1.0659613381568869e-001
  1.2000000000000002e+000  1.5631009119878261e+001  1.3829548110516740e-001  1.4411245998363235e+001  1.0879788366631152e-001
  1.2500000000000000e+000  1.7676729472640943e+001  1.4704946684887707e-001  1.6282476056845354e+001  1.1345536742397368e-001
  1.3000000000000000e+000  2.0077719884050374e+001  1.4686372736060146e-001  1.8380880999475060e+001  1.1695035352391761e-001
  1.3500000000000001e+000  2.2282795828378347e+001  1.4736418824501510e-001  2.0707897463744551e+001  1.1629084852854940e-001
  1.4000000000000001e+000  2.4237013903551517e+001  1.4750083847109643e-001  2.3137686274250004e+001  1.1218142526416208e-001
  1.4500000000000002e+000  2.6528175539244145e+001  1.4438473624657680e-001  2.5575579781336920e+001  1.1347795518134132e-001
  1.5000000000000000e+000  2.8334879225303546e+001  1.4641619203786138e-001  2.7494882257811209e+001  1.1941022574330187e-001
  1.5500000000000000e+000  2.9552915505696124e+001  1.5264915056065981e-001  2.8832348461374821e+001  1.2451938950758278e-001
  1.6000000000000001e+000  3.0464250768203691e+001  1.5976870496399562e-001  3.0076401189386747e+001  1.2625928204004341e-001
  1.6500000000000001e+000  3.1117065822810908e+001  1.6642935877561046e-001  3.1263287155159048e+001  1.2833686897465907e-001
  1.7000000000000002e+000  3.2066604861896828e+001  1.7242978362281078e-001  3.2354069002508638e+001  1.2926169039869406e-001
  1.7500000000000000e+000  3.2969340343135933e+001  1.8116865841991411e-001  3.3134413731277704e+001  1.3031888303315642e-001
  1.8000000000000000e+000  3.3945831994630623e+001  1.8791829846639188e-001  3.3833379845799335e+001  1.3369409151637596e-001
  1.8500000000000001e+000  3.4822298524424333e+001  1.9140631635411656e-001  3.4624824288526291e+001  1.3518841522315714e-001
  1.9000000000000001e+000  3.5607927296839932e+001  1.8994136196493419e-001  3.5116584451292240e+001  1.4023560740308799e-001
  1.9500000000000002e+000  3.6047040337450781e+001  1.9015678502913777e-001  3.5424377498959011e+001  1.4615618818394338e-001
  2.0000000000000000e+000  3.6381521582037600e+001  1.9234058368614756e-001  3.5711855091918395e+001  1.5207639891219035e-001
  2.0500000000000003e+000  3.6633446658592092e+001  1.9614789986587028e-001  3.5843020943443868e+001  1.5759798898115537e-001
  2.1000000000000001e+000  3.6764220204546021e+001  1.9934244590527056e-001  3.5948724290617037e+001  1.5905427119009169e-001
  2.1499999999999999e+000  3.6775175266443149e+001  2.0140773734196721e-001  3.6117135762050729e+001  1.5768122674361162e-001
  2.2000000000000002e+000  3.6652192458833817e+001  2.0247787091602307e-001  3.6407611538305872e+001  1.5421504565150346e-001
  2.2500000000000000e+000  3.6379506274156469e+001  2.0070742480935325e-001  3.6611649962914328e+001  1.5268269421129937e-001
  2.3000000000000003e+000  3.6118069961594614e+001  1.9541160808241517e-001  3.6722089779379196e+001  1.5136685894624943e-001
  2.3500000000000001e+000  3.6006684844171872e+001  1.8683216811227610e-001  3.7100410271117305e+001  1.4753337872933886e-001
  2.4000000000000004e+000  3.5887009144440071e+001  1.7717313735805496e-001  3.7528594788592841e+001  1.4564088799146852e-001
  2.4500000000000002e+000  3.5867879752809117e+001  1.7029545195048976e-001  3.7677721976852666e+001  1.4629901824875621e-001
  2.5000000000000000e+000  3.5806480081949275e+001  1.6530097904445443e-001  3.7896697442957482e+001  1.4495831799274378e-001
  2.5500000000000003e+000  3.5671170450168177e+001  1.6071372281980295e-001  3.8032635835508884e+001  1.4419436395284360e-001
  2.6000000000000001e+000  3.5508542393661479e+001  1.5693955296891882e-001  3.8081888123083118e+001  1.4382347619458177e-001
  2.6500000000000004e+000  3.5328283033419694e+001  1.5447793421716102e-001  3.8030655637110989e+001  1.4292404542241124e-001
  2.7000000000000002e+000  3.5047475530690157e+001  1.5292334680973863e-001  3.7837186049278749e+001  1.4251077163493447e-001
  2.7500000000000000e+000  3.4669608260174336e+001  1.5200109334098522e-001  3.7740411239708358e+001  1.4222479586425743e-001
  2.8000000000000003e+000  3.4224679787553072e+001  1.5160475261998668e-001  3.7698500537167945e+001  1.4164731266304578e-001
  2.8500000000000001e+000  3.3822660152816567e+001  1.5117931483286157e-001  3.7598151654795863e+001  1.4196749824489396e-001
  2.9000000000000004e+000  3.3536647250106434e+001  1.4984136723692834e-001  3.7421452269161151e+001  1.4259976780332528e-001
  2.9500000000000002e+000  3.3251279236660814e+001  1.4779578024278628e-001  3.7183071695552165e+001  1.4293554175623732e-001
  3.0000000000000000e+000  3.2993864411232956e+001  1.4579627565967207e-001  3.6875032233015759e+001  1.4298130557861533e-001
  3.0500000000000003e+000  3.2880897690292699e+001  1.4611996146400003e-001  3.6553970095785182e+001  1.4189548227557378e-001
  3.1000000000000001e+000  3.2690848903202557e+001  1.4647759172412156e-001  3.6183541404493980e+001  1.4002766297690775e-001
  3.1500000000000004e+000  3.2477454708257895e+001  1.4694586464924481e-001  3.5771198033280065e+001  1.3992641483670495e-001
  3.2000000000000002e+000  3.2283439963662040e+001  1.4736052624667981e-001  3.5304027145850661e+001  1.4051733317192586e-001
  3.2500000000000000e+000  3.2058149712962724e+001  1.4745632176409129e-001  3.4835170405960760e+001  1.4173854899761343e-001
  3.3000000000000003e+000  3.1892822447266731e+001  1.4732054354662769e-001  3.4296352531257028e+001  1.4352705833214174e-001
  3.3500000000000001e+000  3.1774385522573464e+001  1.4526689796877756e-001  3.3755641637831573e+001  1.4709364368334418e-001
  3.4000000000000004e+000  3.1682868445146017e+001  1.4328996704466995e-001  3.3210075786208343e+001  1.5088546329354058e-001
  3.4500000000000002e+000  3.1659931766177653e+001  1.4105163737826967e-001  3.2692689824652966e+001  1.5385814853162383e-001
  3.5000000000000000e+000  3.1600408741529353e+001  1.3911330259439808e-001  3.2338576664879675e+001  1.5748484537550489e-001
  3.5500000000000003e+000  3.1535043731344775e+001  1.3641681249942805e-001  3.2045699363165085e+001  1.6161522793676564e-001
  3.6000000000000001e+000  3.1483122404465238e+001  1.3296975596623195e-001  3.1752609995143988e+001  1.6586267161649373e-001
  3.6500000000000004e+000  3.1422169843791167e+001  1.2999129884535077e-001  3.1498221628404334e+001  1.6924412614538090e-001
  3.7000000000000002e+000  3.1346030411231844e+001  1.2796001232063042e-001  3.1238587977601238e+001  1.7227334689350549e-001
  3.7500000000000000e+000  3.1309300520170829e+001  1.2581981096696615e-001  3.0967993443813320e+001  1.7477079356533684e-001
  3.8000000000000003e+000  3.1244297809990698e+001  1.2378004403646892e-001  3.0745625546479221e+001  1.7629729437638075e-001
  3.8500000000000001e+000  3.1210959778842600e+001  1.2170159478294168e-001  3.0582941490657014e+001  1.7781342468263034e-001
  3.9000000000000004e+000  3.1133493704906282e+001  1.2017188657632542e-001  3.0421657847230595e+001  1.7908385550406442e-001
  3.9500000000000002e+000  3.1044198797546620e+001  1.1963048076354001e-001  3.0254318431980316e+001  1.7998093641043034e-001
  4.0000000000000000e+000  3.0937378446595442e+001  1.1969071829515335e-001  3.0131334083138960e+001  1.8030288959683863e-001
  4.0499999999999998e+000  3.0790644208651067e+001  1.2038185781628245e-001  3.0012022108788688e+001  1.8039526435611902e-001
  4.1000000000000005e+000  3.0606285319070412e+001  1.2166249129687358e-001  2.9873759368879750e+001  1.8037829151351359e-001
  4.1500000000000004e+000  3.0393758356169791e+001  1.2344244920236294e-001  2.9711280159182454e+001  1.8028271546521385e-001
  4.2000000000000002e+000  3.0201339842326622e+001  1.2548188851199737e-001  2.9549090846879146e+001  1.8019754206582886e-001
  4.2500000000000000e+000  3.0000082646261081e+001  1.2784396744845569e-001  2.9417877152203541e+001  1.7934944553788684e-001
  4.2999999999999998e+000  2.9785740152279182e+001  1.3045229300016997e-001  2.9269858707634750e+001  1.7828377936587450e-001
  4.3500000000000005e+000  2.9550281409610214e+001  1.3317240293577579e-001  2.9140683721800361e+001  1.7635123730226079e-001
  4.4000000000000004e+000  2.9360431504856777e+001  1.3470670703225632e-001  2.9055100312004878e+001  1.7562260599010235e-001
  4.4500000000000002e+000  2.9186548861385667e+001  1.3618567737371129e-001  2.8950203370735398e+001  1.7504666064630020e-001
  4.5000000000000000e+000  2.8988259120188982e+001  1.3789937247010434e-001  2.8836035258406103e+001  1.7462942388935715e-001
  4.5499999999999998e+000  2.8778133942375188e+001  1.3963896007174578e-001  2.8715898905179539e+001  1.7434356185270139e-001
  4.6000000000000005e+000  2.8557683579638265e+001  1.4181038073064456e-001  2.8594185939576001e+001  1.7425419945783574e-001
  4.6500000000000004e+000  2.8347236612701881e+001  1.4486185403219387e-001  2.8456101166978655e+001  1.7428152082996801e-001
  4.7000000000000002e+000  2.8122575681132968e+001  1.4781507033596455e-001  2.8318150422945155e+001  1.7441013830848962e-001
  4.7500000000000000e+000  2.7949952907892552e+001  1.4951145778938291e-001  2.8169558731254828e+001  1.7461485035294097e-001
  4.8000000000000007e+000  2.7844786518918404e+001  1.5039871598180710e-001  2.8018959012352049e+001  1.7493530343832508e-001
  4.8500000000000005e+000  2.7750684077540519e+001  1.5134242094961056e-001  2.7850760467397034e+001  1.7538653296248841e-001
  4.9000000000000004e+000  2.7650415472835455e+001  1.5224990704984323e-001  2.7666710443371869e+001  1.7593385712775472e-001
  4.9500000000000002e+000  2.7577481951615027e+001  1.5237772330517940e-001  2.7496318327663900e+001  1.7692155944201013e-001
  5.0000000000000000e+000  2.7548262571990531e+001  1.5064497079411926e-001  2.7313914849947430e+001  1.7802250450639773e-001
  5.0500000000000007e+000  2.7503589379896518e+001  1.4891483149659943e-001  2.7117973287884805e+001  1.7918718933466576e-001
  5.1000000000000005e+000  2.7442194807554401e+001  1.4718635960239584e-001  2.6911295425434503e+001  1.8040724880267794e-001
  5.1500000000000004e+000  2.7370079833270403e+001  1.4545864903325165e-001  2.6721211553760313e+001  1.8120308500437127e-001
  5.2000000000000002e+000  2.7300267527093869e+001  1.4397121441105667e-001  2.6544031980236994e+001  1.8181675139748010e-001
  5.2500000000000000e+000  2.7245060108688389e+001  1.4286089392622103e-001  2.6357837791990743e+001  1.8251955860903296e-001
  5.3000000000000007e+000  2.7175108692988310e+001  1.4178629098230608e-001  2.6161912083198349e+001  1.8330344710730337e-001
  5.3500000000000005e+000  2.7097746399090607e+001  1.4073713275784566e-001  2.5969131940215394e+001  1.8390904898103264e-001
  5.4000000000000004e+000  2.7045590543314226e+001  1.3987526093178970e-001  2.5868825125630444e+001  1.8201972173787892e-001
  5.4500000000000002e+000  2.6980791271968069e+001  1.3910338606518097e-001  2.5760793349120306e+001  1.8012339919063777e-001
  5.5000000000000000e+000  2.6904117059984667e+001  1.3841569723244754e-001  2.5663174043585435e+001  1.7826755471052705e-001
  5.5500000000000007e+000  2.6823239654577332e+001  1.3796246901260451e-001  2.5556836916779780e+001  1.7650981527489784e-001
  5.6000000000000005e+000  2.6761026483031038e+001  1.3821814487117137e-001  2.5440145575575425e+001  1.7483155791413260e-001
  5.6500000000000004e+000  2.6696378170994393e+001  1.3859143677737509e-001  2.5325251820730426e+001  1.7322383580349454e-001
  5.7000000000000002e+000  2.6623836398013648e+001  1.3900500392510462e-001  2.5202380232329787e+001  1.7168525468355797e-001
  5.7500000000000000e+000  2.6558573631802243e+001  1.4000761670330178e-001  2.5070949671871478e+001  1.7023522953034195e-001
  5.8000000000000007e+000  2.6488518338292096e+001  1.4120521229036570e-001  2.4931713885222742e+001  1.6887546067916487e-001
  5.8500000000000005e+000  2.6412238674424202e+001  1.4247527803889343e-001  2.4785084312009751e+001  1.6760079085374080e-001
  5.9000000000000004e+000  2.6326187936299561e+001  1.4377322965393313e-001  2.4631138209895735e+001  1.6641542403114715e-001
  5.9500000000000002e+000  2.6235951824369053e+001  1.4502515220932091e-001  2.4470697641297576e+001  1.6532371453951644e-001
  6.0000000000000000e+000  2.6175433377850791e+001  1.4570843588708521e-001  2.4304981896616646e+001  1.6429793206564403e-001
  6.0500000000000007e+000  2.6114212233472774e+001  1.4627332762818840e-001  2.4160128729403699e+001  1.6357328375370703e-001
  6.1000000000000005e+000  2.6056456772803099e+001  1.4667347980279374e-001  2.4043613140188725e+001  1.6357688215450447e-001
  6.1500000000000004e+000  2.6007281527839353e+001  1.4687458540981574e-001  2.3933913288504243e+001  1.6382630976876197e-001
  6.2000000000000002e+000  2.5951948746149483e+001  1.4709259455462662e-001  2.3845947253826630e+001  1.6369237977961393e-001
  6.2500000000000000e+000  2.5890694765373716e+001  1.4731348686032048e-001  2.3754362236518794e+001  1.6362824796617001e-001
  6.3000000000000007e+000  2.5836505429804372e+001  1.4732126453301969e-001  2.3659381860815365e+001  1.6363086711812880e-001
  6.3500000000000005e+000  2.5793378832898977e+001  1.4710174310466831e-001  2.3579627040303862e+001  1.6302676096987373e-001
  6.4000000000000004e+000  2.5758269668662368e+001  1.4674986254373956e-001  2.3504737040180892e+001  1.6219733586358318e-001
  6.4500000000000002e+000  2.5728065562463684e+001  1.4644622340362243e-001  2.3427032201706297e+001  1.6143372036748080e-001
  6.5000000000000000e+000  2.5711987913923860e+001  1.4576764791864341e-001  2.3346458198983353e+001  1.6073283039658920e-001
  6.5500000000000007e+000  2.5698171693466481e+001  1.4489900021238003e-001  2.3263402836401887e+001  1.6009220304882515e-001
  6.6000000000000005e+000  2.5677891968812023e+001  1.4404983558810006e-001  2.3183183107824743e+001  1.5935151875587239e-001
  6.6500000000000004e+000  2.5651837903495835e+001  1.4321255641119515e-001  2.3113732031429286e+001  1.5827046635010852e-001
  6.7000000000000002e+000  2.5619884909637861e+001  1.4238244248113938e-001  2.3047283273250315e+001  1.5711938195618866e-001
  6.7500000000000000e+000  2.5582488764946312e+001  1.4156154684063577e-001  2.2983343190041769e+001  1.5609378358124928e-001
  6.8000000000000007e+000  2.5539887838177879e+001  1.4074701736592299e-001  2.2921947478827949e+001  1.5518388068862024e-001
  6.8500000000000005e+000  2.5492386999252531e+001  1.3993748975980097e-001  2.2861790243636879e+001  1.5436026147049314e-001
  6.9000000000000004e+000  2.5439919055634356e+001  1.3913078933850245e-001  2.2800372171335056e+001  1.5357435735176106e-001
  6.9500000000000002e+000  2.5383226782570585e+001  1.3832542508384021e-001  2.2748054325927370e+001  1.5302465151619937e-001
  7.0000000000000000e+000  2.5322471269455193e+001  1.3752123181697642e-001  2.2696271179355914e+001  1.5254280744504670e-001
  7.0500000000000007e+000  2.5258190567851031e+001  1.3671274432155164e-001  2.2642764675351692e+001  1.5208467684205570e-001
  7.1000000000000005e+000  2.5190214619353874e+001  1.3590315120985941e-001  2.2587537469244744e+001  1.5164843411369322e-001
  7.1500000000000004e+000  2.5118466148436838e+001  1.3510361986143790e-001  2.2530727557378221e+001  1.5123460515008452e-001
  7.2000000000000002e+000  2.5043181426822507e+001  1.3430643398137174e-001  2.2478730412083351e+001  1.5089751545639321e-001
  7.2500000000000000e+000  2.4964801023751470e+001  1.3351953926233648e-001  2.2433324608075701e+001  1.5048159706732511e-001
  7.3000000000000007e+000  2.4883636562004590e+001  1.3274356485467886e-001  2.2398210428156574e+001  1.4987320634158671e-001
  7.3500000000000005e+000  2.4799460495000481e+001  1.3197472300306504e-001  2.2361195909731599e+001  1.4927737125952489e-001
  7.4000000000000004e+000  2.4712545506483298e+001  1.3122350569187774e-001  2.2322440317063553e+001  1.4869591763560527e-001
  7.4500000000000002e+000  2.4624239100683589e+001  1.3053021830356581e-001  2.2282014610449739e+001  1.4812845203330702e-001
  7.5000000000000000e+000  2.4533788000051388e+001  1.2987154256959194e-001  2.2239861326825761e+001  1.4757358780886945e-001
  7.5500000000000007e+000  2.4444498510390130e+001  1.2917595112109079e-001  2.2196196117080852e+001  1.4703199946904871e-001
  7.6000000000000005e+000  2.4369606261346128e+001  1.2851943661245205e-001  2.2153792486334169e+001  1.4653918988425330e-001
  7.6500000000000004e+000  2.4302516027425938e+001  1.2792264788306143e-001  2.2120590149003426e+001  1.4610888017823528e-001
  7.7000000000000002e+000  2.4233017481721216e+001  1.2733783321195175e-001  2.2091545880471948e+001  1.4572351037556974e-001
  7.7500000000000000e+000  2.4161480496508560e+001  1.2676231749522351e-001  2.2068917019043734e+001  1.4547286270775883e-001
  7.8000000000000007e+000  2.4090779467346174e+001  1.2615249453859942e-001  2.2045300569170912e+001  1.4523247222908875e-001
  7.8500000000000005e+000  2.4031060866770034e+001  1.2570552297659160e-001  2.2020836019095224e+001  1.4500364415695369e-001
  7.9000000000000004e+000  2.3969609315026517e+001  1.2526674152294759e-001  2.1995459076472418e+001  1.4478467536667550e-001
  7.9500000000000002e+000  2.3906056213884316e+001  1.2483611645083374e-001  2.1969270256382881e+001  1.4457760603050465e-001
  8.0000000000000000e+000  2.3840599298836967e+001  1.2441937719746532e-001  2.1944505931615289e+001  1.4441535516730103e-001
  8.0500000000000007e+000  2.3779568031865139e+001  1.2375632125033394e-001  2.1919208832190940e+001  1.4426501238483058e-001
  8.0999999999999996e+000  2.3717721929304211e+001  1.2308045113738969e-001  2.1894814761155157e+001  1.4415969366541748e-001
  8.1500000000000004e+000  2.3657603178708122e+001  1.2251863394696058e-001  2.1872237565254750e+001  1.4411905422414217e-001
  8.2000000000000011e+000  2.3601645398761093e+001  1.2215711003955029e-001  2.1849143679713698e+001  1.4408704943361145e-001
  8.2500000000000000e+000  2.3551286703601310e+001  1.2176607499533570e-001  2.1832196990441545e+001  1.4387937358328598e-001
  8.3000000000000007e+000  2.3528191706518719e+001  1.2099736634582990e-001  2.1816379951815030e+001  1.4369521634019944e-001
  8.3499999999999996e+000  2.3505465505119005e+001  1.2021884219572360e-001  2.1802892287301862e+001  1.4356234810335011e-001
  8.4000000000000004e+000  2.3481471507528184e+001  1.1946271631860757e-001  2.1788776672838239e+001  1.4343881084709964e-001
  8.4500000000000011e+000  2.3456213306603381e+001  1.1873042987364858e-001  2.1774075579123746e+001  1.4332500387089400e-001
  8.5000000000000000e+000  2.3430122486920375e+001  1.1801792612801858e-001  2.1758761026720705e+001  1.4321965416016288e-001
  8.5500000000000007e+000  2.3415502694218773e+001  1.1752922038114166e-001  2.1742854983723838e+001  1.4312236958011465e-001
  8.5999999999999996e+000  2.3402504068384744e+001  1.1709489584160174e-001  2.1726408605650636e+001  1.4303303178748755e-001
  8.6500000000000004e+000  2.3388513484374251e+001  1.1666889908337354e-001  2.1709422243065490e+001  1.4295115844448142e-001
  8.7000000000000011e+000  2.3373596819238955e+001  1.1625153765262146e-001  2.1691955106283618e+001  1.4287677496745566e-001
  8.7500000000000000e+000  2.3357703952291264e+001  1.1584355384004420e-001  2.1673990229802136e+001  1.4280921959587423e-001
  8.8000000000000007e+000  2.3340927541441392e+001  1.1544490522156794e-001  2.1655549689721358e+001  1.4274821331596688e-001
  8.8499999999999996e+000  2.3323436276041168e+001  1.1505548748997016e-001  2.1636654868555919e+001  1.4269348664389409e-001
  8.9000000000000004e+000  2.3305141938275838e+001  1.1467492320310300e-001  2.1617347487602963e+001  1.4264562795895899e-001
  8.9500000000000011e+000  2.3286066535938527e+001  1.1430378814954585e-001  2.1597649089120992e+001  1.4260445508383926e-001
  9.0000000000000000e+000  2.3266232806317710e+001  1.1394051454491130e-001  2.1577555655068458e+001  1.4256878358463040e-001
  9.0500000000000007e+000  2.3245735771801364e+001  1.1358443859634633e-001  2.1557095599632994e+001  1.4253854044326122e-001
  9.0999999999999996e+000  2.3224668381231190e+001  1.1323526986841122e-001  2.1536295673995397e+001  1.4251326647099413e-001
  9.1500000000000004e+000  2.3202938815201769e+001  1.1289353019397408e-001  2.1515208529763743e+001  1.4249278303925561e-001
  9.2000000000000011e+000  2.3180583722588509e+001  1.1255902992799079e-001  2.1496221119546735e+001  1.4244798287704755e-001
  9.2500000000000000e+000  2.3157687098727870e+001  1.1223224473950412e-001  2.1479331963544926e+001  1.4237889617015734e-001
  9.3000000000000007e+000  2.3134324654538077e+001  1.1191193488328581e-001  2.1462095939134219e+001  1.4231460481224528e-001
  9.3499999999999996e+000  2.3110473695295557e+001  1.1159899610646397e-001  2.1444573312915587e+001  1.4225456331510480e-001
  9.4000000000000004e+000  2.3086145587071684e+001  1.1129250825985364e-001  2.1426752478270231e+001  1.4219884557187867e-001
  9.4500000000000011e+000  2.3061382599264888e+001  1.1099220782031213e-001  2.1408622705221919e+001  1.4214740383179444e-001
  9.5000000000000000e+000  2.3036254083582641e+001  1.1069763625621371e-001  2.1390197497018686e+001  1.4210010018720029e-001
  9.5500000000000007e+000  2.3010736757344816e+001  1.1040912109949949e-001  2.1371500855553400e+001  1.4205686680588930e-001
  9.6000000000000014e+000  2.2984862809080560e+001  1.1012785242954760e-001  2.1352546438255292e+001  1.4201758005397985e-001
  9.6500000000000004e+000  2.2958655653265119e+001  1.0985199338031031e-001  2.1333337735042324e+001  1.4198209466166528e-001
  9.7000000000000011e+000  2.2932146534092759e+001  1.0958199784380294e-001  2.1313896361547791e+001  1.4195042772347646e-001
  9.7500000000000000e+000  2.2905410629104988e+001  1.0931775356786727e-001  2.1294219990101098e+001  1.4192227880442809e-001
  9.8000000000000007e+000  2.2878425688900961e+001  1.0905957397544359e-001  2.1274324482392533e+001  1.4189747607151712e-001
  9.8500000000000014e+000  2.2851172521308278e+001  1.0880717256857740e-001  2.1254237921092475e+001  1.4187568004765114e-001
  9.9000000000000004e+000  2.2823722236479778e+001  1.0856074145343546e-001  2.1233948208858518e+001  1.4185710765593904e-001
  9.9500000000000011e+000  2.2796054743101003e+001  1.0831960820851012e-001  2.1213465445225943e+001  1.4184166580660199e-001
  1.0000000000000000e+001  2.2768220411886830e+001  1.0808367890410318e-001  2.1192815424396425e+001  1.4182899800784526e-001
  1.0049999999999999e+001  2.2740196079087255e+001  1.0785311753098592e-001  2.1172032034109446e+001  1.4181913042208899e-001
  1.0100000000000000e+001  2.2711992854412173e+001  1.0762798920105891e-001  2.1151082769296959e+001  1.4181213975212445e-001
  1.0149999999999999e+001  2.2683646624790022e+001  1.0740852650982038e-001  2.1129976502929875e+001  1.4180794853569281e-001
  1.0199999999999999e+001  2.2655162333764480e+001  1.0719428768118658e-001  2.1108721816506538e+001  1.4180648286310343e-001
  1.0250000000000000e+001  2.2627586029455102e+001  1.0699792015758272e-001  2.1087355563909522e+001  1.4180754998228684e-001
  1.0299999999999999e+001  2.2600409338584040e+001  1.0681286628141094e-001  2.1065869344281687e+001  1.4181115955034662e-001
  1.0350000000000000e+001  2.2573114034728988e+001  1.0663235781549403e-001  2.1044280673368259e+001  1.4181683306546419e-001
  1.0399999999999999e+001  2.2545708465762171e+001  1.0645631032414522e-001  2.1022593113557967e+001  1.4182532075539386e-001
  1.0449999999999999e+001  2.2518205711023825e+001  1.0628446222850810e-001  2.1000814221330607e+001  1.4183707948134400e-001
  1.0500000000000000e+001  2.2490633757604293e+001  1.0611674650888010e-001  2.0978930977007096e+001  1.4185119125608317e-001
  1.0549999999999999e+001  2.2464785315640661e+001  1.0592307183506820e-001  2.0956950189454943e+001  1.4186760252026454e-001
  1.0600000000000000e+001  2.2442203553181226e+001  1.0567661614014080e-001  2.0934886167897968e+001  1.4188637386312572e-001
  1.0650000000000000e+001  2.2419586613873527e+001  1.0543243736259734e-001  2.0912752894217064e+001  1.4190768777680618e-001
  1.0699999999999999e+001  2.2396896346265880e+001  1.0519066888562525e-001  2.0897319824124509e+001  1.4170482240781393e-001
  1.0750000000000000e+001  2.2374211377056785e+001  1.0495159320371146e-001  2.0884731540244253e+001  1.4140935496493512e-001
  1.0799999999999999e+001  2.2351486206169035e+001  1.0471489035217101e-001  2.0871931223841464e+001  1.4112366080486077e-001
  1.0850000000000000e+001  2.2328752473145450e+001  1.0448054608218058e-001  2.0858925232144209e+001  1.4084746642536389e-001
  1.0900000000000000e+001  2.2305975452572962e+001  1.0424861536417923e-001  2.0845721349838744e+001  1.4058049189211144e-001
  1.0949999999999999e+001  2.2283238132878747e+001  1.0401937687526179e-001  2.0832327152017498e+001  1.4032246521221090e-001
  1.1000000000000000e+001  2.2260505404674142e+001  1.0379296444886320e-001  2.0818766497702811e+001  1.4007308294180518e-001
  1.1049999999999999e+001  2.2237759197062502e+001  1.0356908217453117e-001  2.0805046744218469e+001  1.3983209206739652e-001
  1.1100000000000000e+001  2.2215034303497529e+001  1.0334794483043225e-001  2.0791173239600109e+001  1.3959954036983332e-001
  1.1150000000000000e+001  2.2192345058341818e+001  1.0312923076837020e-001  2.0777139745104602e+001  1.3937497190831913e-001
  1.1199999999999999e+001  2.2169659696299107e+001  1.0291285334646103e-001  2.0762949979498543e+001  1.3915810456638505e-001
  1.1250000000000000e+001  2.2146990115591567e+001  1.0269906974160634e-001  2.0748610368148071e+001  1.3894871066727557e-001
  1.1299999999999999e+001  2.2124354937653671e+001  1.0248817689577390e-001  2.0734127156961417e+001  1.3874656941909866e-001
  1.1350000000000000e+001  2.2101751026639949e+001  1.0227984255482196e-001  2.0719506416642812e+001  1.3855146675077853e-001
  1.1400000000000000e+001  2.2079775822283040e+001  1.0208056940878582e-001  2.0704754047037916e+001  1.3836319514914772e-001
  1.1449999999999999e+001  2.2060542792188823e+001  1.0191290856578572e-001  2.0689900078200782e+001  1.3818088578765536e-001
  1.1500000000000000e+001  2.2041439961225578e+001  1.0174884249960041e-001  2.0674955869262639e+001  1.3800480167434112e-001
  1.1549999999999999e+001  2.2022875405095938e+001  1.0159328082526427e-001  2.0660007098812844e+001  1.3783488674516331e-001
  1.1600000000000000e+001  2.2004332103535969e+001  1.0144005668899654e-001  2.0644970062133222e+001  1.3767104099953156e-001
  1.1650000000000000e+001  2.1985822073391251e+001  1.0128896203680844e-001  2.0629825742743826e+001  1.3751312606227728e-001
  1.1699999999999999e+001  2.1967352750967109e+001  1.0113999130372245e-001  2.0614579144264930e+001  1.3736096804023806e-001
  1.1750000000000000e+001  2.1948928652030403e+001  1.0099347468794041e-001  2.0599240645364745e+001  1.3721439066951652e-001
  1.1799999999999999e+001  2.1930543789119120e+001  1.0084923466616233e-001  2.0585718243957590e+001  1.3706807683498137e-001
  1.1850000000000000e+001  2.1912196564333186e+001  1.0070720139003803e-001  2.0573837821047491e+001  1.3692172700256755e-001
  1.1900000000000000e+001  2.1893923472130638e+001  1.0056741349812555e-001  2.0561802529708828e+001  1.3678029899993613e-001
  1.1949999999999999e+001  2.1875722479395627e+001  1.0043013214527434e-001  2.0549639080550307e+001  1.3664359356637015e-001
  1.2000000000000000e+001  2.1857580554838449e+001  1.0029506596236519e-001  2.0537323729855451e+001  1.3651155607960311e-001
  1.2050000000000001e+001  2.1839485939418545e+001  1.0016211814919282e-001  2.0524862353678191e+001  1.3638405247714339e-001
  1.2100000000000000e+001  2.1821441061853207e+001  1.0003126684542590e-001  2.0512260661916329e+001  1.3626095350785958e-001
  1.2149999999999999e+001  2.1803448226161063e+001  9.9902490756050094e-002  2.0499524202858026e+001  1.3614213455123053e-001
  1.2199999999999999e+001  2.1785509616768490e+001  9.9775769117523255e-002  2.0486658367801489e+001  1.3602747544513089e-001
  1.2250000000000000e+001  2.1767635744151640e+001  9.9650994263678447e-002  2.0473668395349701e+001  1.3591686031796679e-001
  1.2300000000000001e+001  2.1749820626893744e+001  9.9528229191288495e-002  2.0460559375719345e+001  1.3581017742816801e-001
  1.2350000000000000e+001  2.1732065509124496e+001  9.9407460838526987e-002  2.0447336254780474e+001  1.3570731900820854e-001
  1.2399999999999999e+001  2.1714372143079952e+001  9.9288670226202788e-002  2.0434003838221077e+001  1.3560818111648038e-001
  1.2449999999999999e+001  2.1696758740850644e+001  9.9171881806927320e-002  2.0420575513609187e+001  1.3551280284064748e-001
  1.2500000000000000e+001  2.1679222709150348e+001  9.9057068793128519e-002  2.0407049346370613e+001  1.3542098373862832e-001
  1.2550000000000001e+001  2.1661752639014683e+001  9.8944180166729401e-002  2.0393427306320909e+001  1.3533259152435509e-001
  1.2600000000000000e+001  2.1644349925205731e+001  9.8833198090799351e-002  2.0379713679948928e+001  1.3524753625936170e-001
  1.2649999999999999e+001  2.1627015879406446e+001  9.8724105054099745e-002  2.0365912631805614e+001  1.3516573115968517e-001
  1.2699999999999999e+001  2.1609751733649574e+001  9.8616883854145659e-002  2.0352028207939391e+001  1.3508709247725481e-001
  1.2750000000000000e+001  2.1592558643519055e+001  9.8511517580557845e-002  2.0338067661104731e+001  1.3501146708547435e-001
  1.2800000000000001e+001  2.1575440593234759e+001  9.8408030007736250e-002  2.0324049766627915e+001  1.3493870602744601e-001
  1.2850000000000000e+001  2.1558416173411224e+001  9.8306650400859730e-002  2.0309997049493628e+001  1.3486882217294399e-001
  1.2899999999999999e+001  2.1541465466026239e+001  9.8207072647527649e-002  2.0295875039925861e+001  1.3480180262364613e-001
  1.2949999999999999e+001  2.1524589358446409e+001  9.8109280735734897e-002  2.0281972170212544e+001  1.3473322052249753e-001
  1.3000000000000000e+001  2.1507788675856936e+001  9.8013258888650562e-002  2.0268702791831096e+001  1.3465672343431911e-001
  1.3050000000000001e+001  2.1491064183734732e+001  9.7918991553392801e-002  2.0255377099693892e+001  1.3458284484310873e-001
  1.3100000000000000e+001  2.1474416590451739e+001  9.7826463390968330e-002  2.0241998165351649e+001  1.3451152591023205e-001
  1.3149999999999999e+001  2.1457866950463750e+001  9.7735721349062832e-002  2.0228568970115120e+001  1.3444270986313114e-001
  1.3199999999999999e+001  2.1441398382167364e+001  9.7646697846966030e-002  2.0217345358642142e+001  1.3430717931258593e-001
  1.3250000000000000e+001  2.1425008149261981e+001  9.7559367997194016e-002  2.0206356900292185e+001  1.3416527478725829e-001
  1.3300000000000001e+001  2.1408696761586437e+001  9.7473717074866045e-002  2.0195284476686727e+001  1.3402681141552530e-001
  1.3350000000000000e+001  2.1392464682620925e+001  9.7389730534585231e-002  2.0184131466707111e+001  1.3389171571873934e-001
  1.3399999999999999e+001  2.1376312331481586e+001  9.7307394003031539e-002  2.0172901157362396e+001  1.3375991665580372e-001
  1.3449999999999999e+001  2.1360240084787407e+001  9.7226693272005699e-002  2.0161609500496102e+001  1.3363138509257588e-001
  1.3500000000000000e+001  2.1344249040932869e+001  9.7147626078092700e-002  2.0150264923883562e+001  1.3350585274478466e-001
  1.3550000000000001e+001  2.1328346697346731e+001  9.7070290748314997e-002  2.0138852021174785e+001  1.3338342772974526e-001
  1.3600000000000000e+001  2.1312525236407030e+001  9.6994549406746178e-002  2.0127373740977294e+001  1.3326404748849965e-001
  1.3649999999999999e+001  2.1296785170870322e+001  9.6920388740911509e-002  2.0115832951776877e+001  1.3314765149073790e-001
  1.3699999999999999e+001  2.1281132388272450e+001  9.6847801521259547e-002  2.0104232444013174e+001  1.3303418115876051e-001
  1.3750000000000000e+001  2.1265560965287776e+001  9.6776767668753344e-002  2.0092574932194886e+001  1.3292357979516173e-001
  1.3800000000000001e+001  2.1250071031679997e+001  9.6707273949677069e-002  2.0080863056939240e+001  1.3281579251320180e-001
  1.3850000000000000e+001  2.1234662687367091e+001  9.6639307252854745e-002  2.0069099386974102e+001  1.3271076616959812e-001
  1.3899999999999999e+001  2.1219336003699489e+001  9.6572854585277632e-002  2.0057286421032305e+001  1.3260844929965299e-001
  1.3949999999999999e+001  2.1204091024741814e+001  9.6507903068256878e-002  2.0045426589739218e+001  1.3250879205514973e-001
  1.4000000000000000e+001  2.1188940725310321e+001  9.6444478579853429e-002  2.0033522257478410e+001  1.3241174614452714e-001
  1.4050000000000001e+001  2.1173877184431554e+001  9.6382544220354138e-002  2.0021575724012756e+001  1.3231726477419056e-001
  1.4100000000000000e+001  2.1158895055769246e+001  9.6322071401562431e-002  2.0009589226468442e+001  1.3222530259491386e-001
  1.4149999999999999e+001  2.1143994291096455e+001  9.6263047610302840e-002  1.9997578011270345e+001  1.3213578420844146e-001
  1.4199999999999999e+001  2.1129174820659419e+001  9.6205460436060083e-002  1.9985731859372390e+001  1.3204746009586971e-001
  1.4250000000000000e+001  2.1114436553911212e+001  9.6149297566914038e-002  1.9977914790138804e+001  1.3193611794638990e-001
  1.4300000000000001e+001  2.1099779380590530e+001  9.6094546787084512e-002  1.9970041412814115e+001  1.3182727354138610e-001
  1.4350000000000000e+001  2.1085203171640742e+001  9.6041195974196428e-002  1.9962113764590057e+001  1.3172088707363319e-001
  1.4399999999999999e+001  2.1070711739014037e+001  9.5989237298287469e-002  1.9954139543494883e+001  1.3161718623650936e-001
  1.4449999999999999e+001  2.1056307336152223e+001  9.5938661337557379e-002  1.9946119034598389e+001  1.3151593286584323e-001
  1.4500000000000000e+001  2.1041983249185243e+001  9.5889449279049771e-002  1.9938051792361552e+001  1.3141704846290134e-001
  1.4550000000000001e+001  2.1027739285367169e+001  9.5841589350916634e-002  1.9929937752472739e+001  1.3132046782294271e-001
  1.4600000000000000e+001  2.1013575237139555e+001  9.5795069862502857e-002  1.9921778712186367e+001  1.3122615649035074e-001
  1.4649999999999999e+001  2.0999490883028564e+001  9.5749879203010660e-002  1.9913576423747571e+001  1.3113408094896706e-001
  1.4699999999999999e+001  2.0985495829264213e+001  9.5706116970733154e-002  1.9905332595488193e+001  1.3104420858863175e-001
  1.4750000000000000e+001  2.0971587771751530e+001  9.5663724649182130e-002  1.9897048892958523e+001  1.3095650767337239e-001
  1.4800000000000001e+001  2.0957758397245790e+001  9.5622622727358844e-002  1.9888726939963021e+001  1.3087094731033128e-001
  1.4850000000000000e+001  2.0944007439946855e+001  9.5582799915749014e-002  1.9880372080915897e+001  1.3078748809582083e-001
  1.4899999999999999e+001  2.0930334623249134e+001  9.5544244997223929e-002  1.9871990770422205e+001  1.3070608722398463e-001
  1.4949999999999999e+001  2.0916739660386522e+001  9.5506946825679701e-002  1.9863575666263991e+001  1.3062673737368433e-001
  1.5000000000000000e+001  2.0903222254814288e+001  9.5470894323986394e-002  1.9855128238052909e+001  1.3054941073792434e-001
  1.5050000000000001e+001  2.0889782101056074e+001  9.5436076483553733e-002  1.9846654320858740e+001  1.3047411091621861e-001
  1.5100000000000000e+001  2.0876418884922547e+001  9.5402482361854848e-002  1.9838152150414928e+001  1.3040078922597242e-001
  1.5149999999999999e+001  2.0863134351250238e+001  9.5370105523021359e-002  1.9829621766082816e+001  1.3032941065393625e-001
  1.5199999999999999e+001  2.0849936793626934e+001  9.5338952923919890e-002  1.9821064496670623e+001  1.3025995008056290e-001
  1.5250000000000000e+001  2.0836814999202002e+001  9.5308989892403523e-002  1.9812481637866956e+001  1.3019238300022148e-001
  1.5300000000000001e+001  2.0823768627279023e+001  9.5280205736604506e-002  1.9803874452731485e+001  1.3012668549760101e-001
  1.5350000000000000e+001  2.0810797330866329e+001  9.5252589827244133e-002  1.9795244172706518e+001  1.3006283422862794e-001
  1.5399999999999999e+001  2.0797900757013849e+001  9.5226131596281946e-002  1.9786591998354908e+001  1.3000080640031822e-001
  1.5449999999999999e+001  2.0785078547169427e+001  9.5200820535934719e-002  1.9778327372208441e+001  1.2994255839647742e-001
  1.5500000000000000e+001  2.0772330337553708e+001  9.5176646197629333e-002  1.9770391951723536e+001  1.2988780447639700e-001
  1.5550000000000001e+001  2.0759655759459577e+001  9.5153598191114075e-002  1.9762431652690232e+001  1.2983480949703602e-001
  1.5600000000000000e+001  2.0747054439794681e+001  9.5131666183827318e-002  1.9754447593025006e+001  1.2978355304396211e-001
  1.5649999999999999e+001  2.0734526001108861e+001  9.5110839899801805e-002  1.9746440864095948e+001  1.2973401513985672e-001
  1.5699999999999999e+001  2.0722070062265917e+001  9.5091109119187930e-002  1.9738412531588672e+001  1.2968617623079892e-001
  1.5750000000000000e+001  2.0709686238368764e+001  9.5072463677225869e-002  1.9730363635846530e+001  1.2964001717052109e-001
  1.5800000000000001e+001  2.0697374141353926e+001  9.5054893463933199e-002  1.9722295192666465e+001  1.2959551920745788e-001
  1.5850000000000000e+001  2.0685133380080352e+001  9.5038388423085707e-002  1.9714208193739033e+001  1.2955266397082946e-001
  1.5899999999999999e+001  2.0672963560710265e+001  9.5022938552065964e-002  1.9706103607282294e+001  1.2951143345784893e-001
  1.5949999999999999e+001  2.0660867041945309e+001  9.5008502380371979e-002  1.9697982378540885e+001  1.2947181002139574e-001
  1.6000000000000000e+001  2.0648840694799038e+001  9.4995101219125466e-002  1.9689845430340675e+001  1.2943377635774514e-001
  1.6050000000000001e+001  2.0636884056146535e+001  9.4982725940125801e-002  1.9681693663580084e+001  1.2939731549528471e-001
  1.6100000000000001e+001  2.0625000522556377e+001  9.4971441566831197e-002  1.9673527957712558e+001  1.2936241078314531e-001
  1.6149999999999999e+001  2.0613187022459037e+001  9.4961186366272182e-002  1.9665349171372533e+001  1.2932904588096991e-001
  1.6199999999999999e+001  2.0601441967985018e+001  9.4951927395640776e-002  1.9657158142640085e+001  1.2929720474791045e-001
  1.6250000000000000e+001  2.0589764954068521e+001  9.4943655004265590e-002  1.9648958270094056e+001  1.2926691550033551e-001
  1.6300000000000001e+001  2.0578155574520778e+001  9.4936359591424657e-002  1.9640749317196814e+001  1.2923811409453070e-001
  1.6350000000000001e+001  2.0566613422355164e+001  9.4930031606365220e-002  1.9632538437435958e+001  1.2921076149524877e-001
  1.6399999999999999e+001  2.0555138089923602e+001  9.4924661547841085e-002  1.9624318326346717e+001  1.2918487106709894e-001
  1.6449999999999999e+001  2.0543729169027600e+001  9.4920239963845368e-002  1.9616089729022640e+001  1.2916042814026873e-001
  1.6500000000000000e+001  2.0532386251148438e+001  9.4916757451578598e-002  1.9607853372752441e+001  1.2913741829005171e-001
  1.6550000000000001e+001  2.0521108927632771e+001  9.4914204657037482e-002  1.9599609967441531e+001  1.2911582732944846e-001
  1.6600000000000001e+001  2.0509896789711021e+001  9.4912572274973891e-002  1.9591360205911720e+001  1.2909564130092444e-001
  1.6649999999999999e+001  2.0498749428686516e+001  9.4911851048610454e-002  1.9583104764340447e+001  1.2907684646936804e-001
  1.6699999999999999e+001  2.0487666436082037e+001  9.4912031769567654e-002  1.9574844302640127e+001  1.2905942931493611e-001
  1.6750000000000000e+001  2.0476647403794239e+001  9.4913105277677337e-002  1.9566579464860414e+001  1.2904337652635248e-001
  1.6800000000000001e+001  2.0465691924172010e+001  9.4915062461026670e-002  1.9558320136377809e+001  1.2902853955083865e-001
  1.6850000000000001e+001  2.0454799590102212e+001  9.4917894255635626e-002  1.9550059519726659e+001  1.2901501342085531e-001
  1.6899999999999999e+001  2.0443969995097230e+001  9.4921591645620737e-002  1.9541798387458790e+001  1.2900284898483291e-001
  1.6949999999999999e+001  2.0433209813980802e+001  9.4926144394302345e-002  1.9533535554671460e+001  1.2899200504421429e-001
  1.7000000000000000e+001  2.0422512023862659e+001  9.4931543670511834e-002  1.9525272612456231e+001  1.2898245033659173e-001
  1.7050000000000001e+001  2.0411875654077470e+001  9.4937780676240091e-002  1.9517011859860137e+001  1.2897415788330577e-001
  1.7100000000000001e+001  2.0401300303469490e+001  9.4944846601955471e-002  1.9508750629200122e+001  1.2896714325099776e-001
  1.7149999999999999e+001  2.0390789641694219e+001  9.4952614856305323e-002  1.9500493696351239e+001  1.2896125903244754e-001
  1.7199999999999999e+001  2.0380339399354323e+001  9.4961188991762549e-002  1.9492242185982253e+001  1.2895647352403458e-001
  1.7250000000000000e+001  2.0369952737688493e+001  9.4970485987100450e-002  1.9483991640992372e+001  1.2895293335325847e-001
  1.7300000000000001e+001  2.0359626167285739e+001  9.4980563560493642e-002  1.9475742556531799e+001  1.2895062702856627e-001
  1.7350000000000001e+001  2.0349358539088541e+001  9.4991429287457144e-002  1.9467495415638666e+001  1.2894954320509930e-001
  1.7399999999999999e+001  2.0339149460720570e+001  9.5003074610066809e-002  1.9459250689440715e+001  1.2894967068056157e-001
  1.7449999999999999e+001  2.0328998541303079e+001  9.5015491018874812e-002  1.9451008837425817e+001  1.2895099839097010e-001
  1.7500000000000000e+001  2.0318905391572098e+001  9.5028670052979172e-002  1.9442770307747704e+001  1.2895351540689251e-001
  1.7550000000000001e+001  2.0308869623972154e+001  9.5042603299956729e-002  1.9434535537533041e+001  1.2895721092947710e-001
  1.7600000000000001e+001  2.0298890852416868e+001  9.5057282396112802e-002  1.9426304952848074e+001  1.2896207428715001e-001
  1.7649999999999999e+001  2.0288968692761372e+001  9.5072699026263113e-002  1.9418078969342435e+001  1.2896809493147837e-001
  1.7699999999999999e+001  2.0279102762496912e+001  9.5088844923956556e-002  1.9409857992153935e+001  1.2897526243452723e-001
  1.7750000000000000e+001  2.0269292681025419e+001  9.5105711871407275e-002  1.9401642416344245e+001  1.2898356648495105e-001
  1.7800000000000001e+001  2.0259539382655625e+001  9.5123292683745905e-002  1.9393432626933478e+001  1.2899299688541735e-001
  1.7850000000000001e+001  2.0249842015146633e+001  9.5141578864607640e-002  1.9385228999443541e+001  1.2900354354899304e-001
  1.7899999999999999e+001  2.0240199338472284e+001  9.5160561690285181e-002  1.9377031899639235e+001  1.2901519649697968e-001
  1.7949999999999999e+001  2.0230610980168137e+001  9.5180233139062473e-002  1.9368841684256481e+001  1.2902794585521546e-001
  1.8000000000000000e+001  2.0221076569583097e+001  9.5200585238518043e-002  1.9360658700786956e+001  1.2904178185235493e-001
  1.8050000000000001e+001  2.0211595738115008e+001  9.5221610065095122e-002  1.9352483287888404e+001  1.2905669481645643e-001
  1.8100000000000001e+001  2.0202169307416817e+001  9.5243314187168152e-002  1.9344315775616511e+001  1.2907267517283824e-001
  1.8149999999999999e+001  2.0192796127647192e+001  9.5265680199598288e-002  1.9336156485473552e+001  1.2908971344181214e-001
  1.8199999999999999e+001  2.0183475413490882e+001  9.5288695182578098e-002  1.9328005730599862e+001  1.2910780023621260e-001
  1.8250000000000000e+001  2.0174206805123095e+001  9.5312351414804861e-002  1.9319864978593554e+001  1.2912693807032408e-001
  1.8300000000000001e+001  2.0164989944691722e+001  9.5336641224547630e-002  1.9311733985536797e+001  1.2914711225326247e-001
  1.8350000000000001e+001  2.0155824476520127e+001  9.5361556989269333e-002  1.9303612398917174e+001  1.2916830714355373e-001
  1.8399999999999999e+001  2.0146710047213936e+001  9.5387091135523766e-002  1.9295500500914486e+001  1.2919051370525578e-001
  1.8449999999999999e+001  2.0137646305441791e+001  9.5413236139613208e-002  1.9287398566177234e+001  1.2921372298477474e-001
  1.8500000000000000e+001  2.0128632902012242e+001  9.5439984527402322e-002  1.9279306862045132e+001  1.2923792610913412e-001
  1.8550000000000001e+001  2.0119669490027736e+001  9.5467328874079924e-002  1.9271225648840304e+001  1.2926311428353365e-001
  1.8600000000000001e+001  2.0110755724797361e+001  9.5495261804444356e-002  1.9263155179934312e+001  1.2928927879012689e-001
  1.8649999999999999e+001  2.0101891263759718e+001  9.5523775993211255e-002  1.9255095701812479e+001  1.2931641098662597e-001
  1.8699999999999999e+001  2.0093075766701915e+001  9.5552864164329065e-002  1.9247047454439077e+001  1.2934450230391581e-001
  1.8750000000000000e+001  2.0084308895579433e+001  9.5582519091837431e-002  1.9239010671204642e+001  1.2937354424541816e-001
  1.8800000000000001e+001  2.0075590314622261e+001  9.5612733599266156e-002  1.9230985579179706e+001  1.2940352838491148e-001
  1.8850000000000001e+001  2.0066919690231575e+001  9.5643500560374947e-002  1.9222972399144002e+001  1.2943444636595874e-001
  1.8899999999999999e+001  2.0058296691150872e+001  9.5674812898292327e-002  1.9214971345885008e+001  1.2946628989951925e-001
  1.8949999999999999e+001  2.0049720988295384e+001  9.5706663586362761e-002  1.9206982628163647e+001  1.2949905076374590e-001
  1.9000000000000000e+001  2.0041192254914378e+001  9.5739045647556378e-002  1.9199006448995632e+001  1.2953272080178851e-001
  1.9050000000000001e+001  2.0032710166415022e+001  9.5771952155022613e-002  1.9191043005626877e+001  1.2956729192122676e-001
  1.9100000000000001e+001  2.0024274400569883e+001  9.5805376231445499e-002  1.9183092489827153e+001  1.2960275609251443e-001
  1.9149999999999999e+001  2.0015884637334921e+001  9.5839311049763926e-002  1.9175155784580696e+001  1.2963911584300084e-001
  1.9199999999999999e+001  2.0007540558937073e+001  9.5873749832709271e-002  1.9168043693042883e+001  1.2964898459935412e-001
  1.9250000000000000e+001  1.9999241849855096e+001  9.5908685852967399e-002  1.9161722645596008e+001  1.2963346139875506e-001
  1.9300000000000001e+001  1.9990988196789505e+001  9.5944112433223927e-002  1.9155410422241264e+001  1.2961899636809815e-001
  1.9350000000000001e+001  1.9982779288797175e+001  9.5980022945651888e-002  1.9149107165144873e+001  1.2960558240876152e-001
  1.9399999999999999e+001  1.9974614816982520e+001  9.6016410813086914e-002  1.9142813012592502e+001  1.2959321245031702e-001
  1.9449999999999999e+001  1.9966494474795333e+001  9.6053269507866273e-002  1.9136528099309761e+001  1.2958187945063596e-001
  1.9500000000000000e+001  1.9958417958043253e+001  9.6090592551458437e-002  1.9130252556557771e+001  1.2957157639559050e-001
  1.9550000000000001e+001  1.9950384964461655e+001  9.6128373516575202e-002  1.9123986511860956e+001  1.2956229629834526e-001
  1.9600000000000001e+001  1.9942395194278429e+001  9.6166606024487108e-002  1.9117730089547820e+001  1.2955403219966502e-001
  1.9649999999999999e+001  1.9934448349779338e+001  9.6205283746825784e-002  1.9111483410459954e+001  1.2954677716732305e-001
  1.9699999999999999e+001  1.9926544135536943e+001  9.6244400404586469e-002  1.9105246592230397e+001  1.2954052429605722e-001
  1.9750000000000000e+001  1.9918682258239066e+001  9.6283949768738719e-002  1.9099019749207311e+001  1.2953526670738630e-001
  1.9800000000000001e+001  1.9910862509506050e+001  9.6323927587604524e-002  1.9092802992626616e+001  1.2953099754918357e-001
  1.9850000000000001e+001  1.9903086994398635e+001  9.6364383621890329e-002  1.9086596430680643e+001  1.2952770999589011e-001
  1.9899999999999999e+001  1.9895352928169917e+001  9.6405253642320193e-002  1.9080400168498770e+001  1.2952539724803142e-001
  1.9949999999999999e+001  1.9887660026425628e+001  9.6446531619068313e-002  1.9074214308190367e+001  1.2952405253218141e-001
  2.0000000000000000e+001  1.9880008007019477e+001  9.6488211570995616e-002  1.9068038949069788e+001  1.2952366910085655e-001
