**********************************************
*******  Acceleration Time Series ************
*** Site #   1
*** trial   33
Input Parameters file =  aqu_0604_z_parameters.out                                                                                               
  4096 samples
dt:  0.010 sec
data format: (1x,f8.3,1p,2x,e11.4)
maximum absolute acceleration: 315.94
fault Dis.(km)=    4.28
Hypo  Dis.(km)=   11.58
  time(s) acc(cm/s**2)
    0.000   0.0000E+00
    0.010   0.0000E+00
    0.020   0.0000E+00
    0.030   0.0000E+00
    0.040   0.0000E+00
    0.050   0.0000E+00
    0.060   0.0000E+00
    0.070   0.0000E+00
    0.080   0.0000E+00
    0.090   0.0000E+00
    0.100   0.0000E+00
    0.110   0.0000E+00
    0.120   0.0000E+00
    0.130   0.0000E+00
    0.140   0.0000E+00
    0.150   0.0000E+00
    0.160   0.0000E+00
    0.170   0.0000E+00
    0.180   0.0000E+00
    0.190   0.0000E+00
    0.200   0.0000E+00
    0.210   0.0000E+00
    0.220   0.0000E+00
    0.230   0.0000E+00
    0.240   0.0000E+00
    0.250   0.0000E+00
    0.260   0.0000E+00
    0.270   0.0000E+00
    0.280   0.0000E+00
    0.290   0.0000E+00
    0.300   0.0000E+00
    0.310   0.0000E+00
    0.320   0.0000E+00
    0.330   0.0000E+00
    0.340   0.0000E+00
    0.350   0.0000E+00
    0.360   0.0000E+00
    0.370  -5.1415E-01
    0.380  -5.2804E-01
    0.390  -5.1548E-01
    0.400  -4.6728E-01
    0.410  -3.7602E-01
    0.420  -2.4329E-01
    0.430   4.4802E-01
    0.440   4.8226E-01
    0.450   4.7332E-01
    0.460   4.3180E-01
    0.470   3.5897E-01
    0.480   2.4813E-01
    0.490   9.6769E-02
    0.500  -8.7406E-02
    0.510  -2.8833E-01
    0.520  -4.8310E-01
    0.530  -6.4341E-01
    0.540  -8.8319E-01
    0.550  -8.7742E-01
    0.560  -8.1291E-01
    0.570  -8.1969E-01
    0.580  -7.1333E-01
    0.590  -5.6997E-01
    0.600  -4.0085E-01
    0.610  -2.2133E-01
    0.620  -3.8996E-02
    0.630   1.5008E-01
    0.640   3.5157E-01
    0.650   5.5904E-01
    0.660   7.4928E-01
    0.670   8.9040E-01
    0.680   9.5595E-01
    0.690   9.3443E-01
    0.700   8.2960E-01
    0.710   6.5512E-01
    0.720   4.2979E-01
    0.730   1.7374E-01
    0.740  -9.6790E-02
    0.750  -3.7285E-01
    0.760  -6.4820E-01
    0.770  -9.0812E-01
    0.780  -1.1243E+00
    0.790  -1.2640E+00
    0.800  -1.3062E+00
    0.810  -1.2499E+00
    0.820  -1.1088E+00
    0.830  -9.0244E-01
    0.840  -6.5014E-01
    0.850  -3.7024E-01
    0.860  -7.8697E-02
    0.870   2.1105E-01
    0.880   4.4492E-01
    0.890   7.2144E-01
    0.900   9.3793E-01
    0.910   1.0476E+00
    0.920   1.0331E+00
    0.930   9.0523E-01
    0.940   6.8106E-01
    0.950   5.6485E-01
    0.960   1.6948E-01
    0.970  -2.3977E-01
    0.980  -6.0933E-01
    0.990  -8.9485E-01
    1.000  -1.0647E+00
    1.010  -8.6037E-01
    1.020  -7.1825E-01
    1.030  -3.6213E-01
    1.040  -5.9984E-01
    1.050   2.8959E-01
    1.060   8.5513E-01
    1.070   1.3469E+00
    1.080   1.7242E+00
    1.090   1.8905E+00
    1.100   1.9478E+00
    1.110   1.8631E+00
    1.120   1.7108E+00
    1.130   1.5811E+00
    1.140   1.5356E+00
    1.150   1.5768E+00
    1.160   1.6598E+00
    1.170   1.7333E+00
    1.180   1.7735E+00
    1.190   2.0462E+00
    1.200   2.0356E+00
    1.210   1.9603E+00
    1.220   1.8175E+00
    1.230   1.5993E+00
    1.240   1.2863E+00
    1.250   8.6482E-01
    1.260   3.5548E-01
    1.270  -1.8464E-01
    1.280  -6.9944E-01
    1.290  -1.1687E+00
    1.300  -1.0851E+00
    1.310  -1.0922E+00
    1.320  -1.2500E+00
    1.330  -1.2318E+00
    1.340  -1.2648E+00
    1.350  -1.2409E+00
    1.360  -1.1188E+00
    1.370  -8.6467E-01
    1.380  -4.8474E-01
    1.390  -2.5101E-02
    1.400   1.4765E+00
    1.410   1.0929E+00
    1.420   1.0645E+00
    1.430   9.4538E-01
    1.440   8.1710E-01
    1.450   7.3695E-01
    1.460   7.0912E-01
    1.470   6.8977E-01
    1.480   6.2692E-01
    1.490   4.9479E-01
    1.500   2.9265E-01
    1.510   3.0566E-02
    1.520  -4.0162E-01
    1.530  -7.3119E-01
    1.540  -9.6448E-01
    1.550  -1.0815E+00
    1.560  -8.4897E-01
    1.570  -8.7213E-01
    1.580  -8.8811E-01
    1.590  -8.8737E-01
    1.600  -8.7329E-01
    1.610  -7.7252E-01
    1.620  -6.2414E-01
    1.630  -2.2565E-01
    1.640  -2.7933E-02
    1.650   9.2778E-02
    1.660  -1.1119E-01
    1.670  -2.2233E-01
    1.680  -7.1479E-01
    1.690  -1.2515E+00
    1.700  -1.6771E+00
    1.710  -1.9750E+00
    1.720  -1.8837E+00
    1.730  -1.5730E+00
    1.740  -1.1197E+00
    1.750  -4.3959E-01
    1.760   5.6494E-02
    1.770   8.3739E-01
    1.780   1.6984E+00
    1.790   2.5919E+00
    1.800   3.4148E+00
    1.810   4.0361E+00
    1.820   4.3645E+00
    1.830   4.3914E+00
    1.840   4.1646E+00
    1.850   3.7228E+00
    1.860   3.8144E+00
    1.870   2.8613E+00
    1.880   1.7467E+00
    1.890   5.7454E-01
    1.900  -5.5720E-01
    1.910  -1.3233E+00
    1.920  -2.1381E+00
    1.930  -2.7817E+00
    1.940  -3.2368E+00
    1.950  -3.5433E+00
    1.960  -4.2564E+00
    1.970  -4.3473E+00
    1.980  -4.5167E+00
    1.990  -5.2458E+00
    2.000  -5.4545E+00
    2.010  -5.4830E+00
    2.020  -5.5031E+00
    2.030  -5.0262E+00
    2.040  -4.3753E+00
    2.050  -3.5909E+00
    2.060  -2.7449E+00
    2.070  -1.9369E+00
    2.080  -1.2430E+00
    2.090  -6.6362E-01
    2.100  -9.8553E-01
    2.110  -4.8027E-01
    2.120   8.8137E-02
    2.130   6.1137E-01
    2.140   1.0281E+00
    2.150   1.3547E+00
    2.160   1.6320E+00
    2.170   2.0548E+00
    2.180   2.2402E+00
    2.190   2.3556E+00
    2.200   2.4859E+00
    2.210   2.6141E+00
    2.220   2.7214E+00
    2.230   2.7846E+00
    2.240   2.7964E+00
    2.250   2.7781E+00
    2.260   2.7711E+00
    2.270   2.7994E+00
    2.280   2.8289E+00
    2.290   2.7726E+00
    2.300   2.6292E+00
    2.310   1.8234E+00
    2.320   1.5494E+00
    2.330   1.0901E+00
    2.340   5.8871E-01
    2.350   1.7896E-01
    2.360  -1.9195E-01
    2.370  -3.2829E-01
    2.380  -4.7096E-01
    2.390  -8.5670E-01
    2.400  -1.5658E+00
    2.410  -2.4486E+00
    2.420  -3.2585E+00
    2.430  -3.8352E+00
    2.440  -4.1560E+00
    2.450  -5.2796E+00
    2.460  -5.1060E+00
    2.470  -4.4347E+00
    2.480  -3.6296E+00
    2.490  -1.9530E+00
    2.500  -2.8267E-01
    2.510   1.5178E+00
    2.520   3.5032E+00
    2.530   5.3974E+00
    2.540   6.9756E+00
    2.550   8.0567E+00
    2.560   9.6598E+00
    2.570   9.3836E+00
    2.580   8.2818E+00
    2.590   6.8362E+00
    2.600   4.5718E+00
    2.610   2.1711E+00
    2.620  -6.3253E-01
    2.630  -2.3674E+00
    2.640  -4.5240E+00
    2.650  -6.1943E+00
    2.660  -7.0645E+00
    2.670  -7.3060E+00
    2.680  -6.8907E+00
    2.690  -5.9251E+00
    2.700  -4.5840E+00
    2.710  -3.2383E+00
    2.720  -1.7739E+00
    2.730  -6.1249E-01
    2.740   8.9908E-02
    2.750   3.0870E-01
    2.760   1.3899E-01
    2.770  -2.7389E-01
    2.780  -9.3785E-01
    2.790  -1.3004E+00
    2.800  -1.2486E+00
    2.810  -5.8640E-01
    2.820   9.7778E-01
    2.830   2.5375E+00
    2.840   4.3872E+00
    2.850   6.0824E+00
    2.860   7.3955E+00
    2.870   7.9934E+00
    2.880   8.3889E+00
    2.890   8.2463E+00
    2.900   7.6778E+00
    2.910   6.7918E+00
    2.920   5.6415E+00
    2.930   4.2314E+00
    2.940   2.5698E+00
    2.950   7.2870E-01
    2.960  -9.2987E-01
    2.970  -2.5791E+00
    2.980  -3.0685E+00
    2.990  -3.8946E+00
    3.000  -4.3191E+00
    3.010  -4.7376E+00
    3.020  -4.4746E+00
    3.030  -3.9955E+00
    3.040  -3.2781E+00
    3.050  -2.3715E+00
    3.060  -1.4556E+00
    3.070  -8.8060E-03
    3.080   1.9827E-01
    3.090  -4.5716E-02
    3.100  -1.4525E+00
    3.110  -1.8922E+00
    3.120  -2.5530E+00
    3.130  -2.6647E+00
    3.140  -1.0760E+00
    3.150  -1.1387E+00
    3.160  -9.7877E-01
    3.170  -5.5123E-01
    3.180   7.7624E-02
    3.190   9.9794E-01
    3.200   1.9386E+00
    3.210   2.8650E+00
    3.220   3.7519E+00
    3.230   4.6605E+00
    3.240   5.6199E+00
    3.250   6.5610E+00
    3.260   7.2656E+00
    3.270   7.7065E+00
    3.280   8.0294E+00
    3.290   7.7413E+00
    3.300   7.6193E+00
    3.310   7.2924E+00
    3.320   6.8304E+00
    3.330   6.2410E+00
    3.340   5.6061E+00
    3.350   4.5477E+00
    3.360   2.9984E+00
    3.370   9.3090E-01
    3.380  -1.4595E+00
    3.390  -2.9546E+00
    3.400  -4.9066E+00
    3.410  -6.1166E+00
    3.420  -6.3689E+00
    3.430  -5.5946E+00
    3.440  -4.0848E+00
    3.450  -2.0597E+00
    3.460  -1.9052E-01
    3.470   1.2671E+00
    3.480   2.4160E+00
    3.490   3.5395E+00
    3.500   4.4511E+00
    3.510   5.1426E+00
    3.520   5.2921E+00
    3.530   5.6397E+00
    3.540   5.6729E+00
    3.550   5.1297E+00
    3.560   4.3562E+00
    3.570   3.2268E+00
    3.580   2.0755E+00
    3.590   1.1751E+00
    3.600   8.4287E-01
    3.610   1.4933E+00
    3.620   2.7894E+00
    3.630   4.6558E+00
    3.640   6.6574E+00
    3.650   7.9326E+00
    3.660   7.7759E+00
    3.670   6.7701E+00
    3.680   5.2112E+00
    3.690   2.7107E+00
    3.700   8.9960E-01
    3.710  -4.1423E-01
    3.720  -8.9403E-01
    3.730  -1.3098E+00
    3.740  -1.7715E+00
    3.750  -2.2862E+00
    3.760  -2.8678E+00
    3.770  -3.1863E+00
    3.780  -2.8628E+00
    3.790  -1.7516E+00
    3.800  -5.0284E-02
    3.810   1.8222E+00
    3.820   3.4382E+00
    3.830   4.3402E+00
    3.840   4.3417E+00
    3.850   3.7554E+00
    3.860   2.2830E+00
    3.870   4.5083E-01
    3.880  -1.7214E+00
    3.890  -4.3055E+00
    3.900  -7.0993E+00
    3.910  -9.4199E+00
    3.920  -1.0499E+01
    3.930  -9.7536E+00
    3.940  -7.7814E+00
    3.950  -4.9382E+00
    3.960  -1.1804E+00
    3.970   1.7295E+00
    3.980   4.0386E+00
    3.990   5.7401E+00
    4.000   7.1019E+00
    4.010   8.4432E+00
    4.020   9.4330E+00
    4.030   9.8565E+00
    4.040   9.5700E+00
    4.050   7.8672E+00
    4.060   6.2126E+00
    4.070   4.1940E+00
    4.080   1.8888E+00
    4.090  -5.1467E-01
    4.100  -2.8135E+00
    4.110  -4.9580E+00
    4.120  -6.7097E+00
    4.130  -7.8526E+00
    4.140  -8.2007E+00
    4.150  -7.7651E+00
    4.160  -6.9465E+00
    4.170  -6.0597E+00
    4.180  -5.2412E+00
    4.190  -4.5711E+00
    4.200  -4.1013E+00
    4.210  -3.3585E+00
    4.220  -2.1651E+00
    4.230   1.6140E-01
    4.240   3.9222E+00
    4.250   8.5939E+00
    4.260   1.2956E+01
    4.270   1.5646E+01
    4.280   1.5735E+01
    4.290   1.3444E+01
    4.300   9.2899E+00
    4.310   4.6880E+00
    4.320   3.8143E-01
    4.330  -3.3997E+00
    4.340  -6.6002E+00
    4.350  -9.1460E+00
    4.360  -1.1082E+01
    4.370  -1.3353E+01
    4.380  -1.4936E+01
    4.390  -1.6197E+01
    4.400  -1.7249E+01
    4.410  -1.7271E+01
    4.420  -1.6050E+01
    4.430  -1.3759E+01
    4.440  -1.0920E+01
    4.450  -8.1857E+00
    4.460  -6.5749E+00
    4.470  -6.5579E+00
    4.480  -8.1699E+00
    4.490  -1.0389E+01
    4.500  -1.1959E+01
    4.510  -1.2175E+01
    4.520  -1.1118E+01
    4.530  -8.7032E+00
    4.540  -5.9893E+00
    4.550  -3.1826E+00
    4.560  -1.0311E+00
    4.570  -1.9739E-01
    4.580  -3.3999E-01
    4.590  -3.8597E-01
    4.600   2.9478E-01
    4.610   1.3798E+00
    4.620   2.1723E+00
    4.630   3.1169E+00
    4.640   4.2283E+00
    4.650   5.1177E+00
    4.660   5.0576E+00
    4.670   3.6237E+00
    4.680   2.6837E+00
    4.690   2.4150E+00
    4.700   3.9883E+00
    4.710   6.1509E+00
    4.720   8.0826E+00
    4.730   9.5738E+00
    4.740   1.0933E+01
    4.750   1.2460E+01
    4.760   1.4223E+01
    4.770   1.5559E+01
    4.780   1.5998E+01
    4.790   1.4898E+01
    4.800   1.2438E+01
    4.810   8.8807E+00
    4.820   4.8583E+00
    4.830   1.3661E+00
    4.840  -1.1234E+00
    4.850  -3.5663E+00
    4.860  -6.9040E+00
    4.870  -1.2572E+01
    4.880  -2.0342E+01
    4.890  -2.9032E+01
    4.900  -3.7811E+01
    4.910  -4.4777E+01
    4.920  -4.9063E+01
    4.930  -5.0161E+01
    4.940  -4.8737E+01
    4.950  -4.6047E+01
    4.960  -4.2876E+01
    4.970  -3.9298E+01
    4.980  -3.5309E+01
    4.990  -3.0923E+01
    5.000  -2.5674E+01
    5.010  -1.8769E+01
    5.020  -1.0507E+01
    5.030  -2.6117E+00
    5.040   3.2312E+00
    5.050   6.7602E+00
    5.060   8.7972E+00
    5.070   8.9383E+00
    5.080   5.5286E+00
    5.090  -2.4201E+00
    5.100  -1.3454E+01
    5.110  -2.4024E+01
    5.120  -3.0289E+01
    5.130  -3.0211E+01
    5.140  -2.4136E+01
    5.150  -1.4433E+01
    5.160  -4.5693E+00
    5.170   3.6022E+00
    5.180   9.8201E+00
    5.190   1.4247E+01
    5.200   1.6533E+01
    5.210   1.6330E+01
    5.220   1.5087E+01
    5.230   1.3851E+01
    5.240   1.2035E+01
    5.250   8.7919E+00
    5.260   2.7774E+00
    5.270  -5.4007E+00
    5.280  -1.4424E+01
    5.290  -2.3331E+01
    5.300  -3.1186E+01
    5.310  -3.6539E+01
    5.320  -3.8229E+01
    5.330  -3.6657E+01
    5.340  -3.3586E+01
    5.350  -3.0492E+01
    5.360  -2.7527E+01
    5.370  -2.4942E+01
    5.380  -2.2283E+01
    5.390  -1.8606E+01
    5.400  -1.3729E+01
    5.410  -7.5916E+00
    5.420  -1.1005E+00
    5.430   5.0354E+00
    5.440   8.3567E+00
    5.450   6.6864E+00
    5.460   1.5941E+00
    5.470  -2.3181E+00
    5.480  -3.1524E+00
    5.490  -2.1177E+00
    5.500   1.1486E-01
    5.510   2.6711E+00
    5.520   5.5659E+00
    5.530   7.1251E+00
    5.540   6.6376E+00
    5.550   3.0487E+00
    5.560  -1.8629E+00
    5.570  -4.0738E+00
    5.580  -1.8785E+00
    5.590  -9.2452E-01
    5.600  -3.7572E+00
    5.610  -5.4076E+00
    5.620  -4.8322E+00
    5.630  -5.4073E-01
    5.640   6.9664E+00
    5.650   1.3050E+01
    5.660   1.3972E+01
    5.670   1.2893E+01
    5.680   1.2431E+01
    5.690   1.1851E+01
    5.700   1.2421E+01
    5.710   1.8041E+01
    5.720   3.3262E+01
    5.730   5.5736E+01
    5.740   7.9621E+01
    5.750   1.0028E+02
    5.760   1.1637E+02
    5.770   1.2749E+02
    5.780   1.3071E+02
    5.790   1.2680E+02
    5.800   1.1918E+02
    5.810   1.0973E+02
    5.820   9.9380E+01
    5.830   8.7417E+01
    5.840   7.1637E+01
    5.850   5.1508E+01
    5.860   2.7194E+01
    5.870   3.1431E+00
    5.880  -1.4278E+01
    5.890  -2.3265E+01
    5.900  -2.5870E+01
    5.910  -2.5746E+01
    5.920  -2.1265E+01
    5.930  -7.8436E+00
    5.940   1.6072E+01
    5.950   4.8741E+01
    5.960   8.0409E+01
    5.970   9.9085E+01
    5.980   9.7477E+01
    5.990   7.7640E+01
    6.000   4.7842E+01
    6.010   1.6855E+01
    6.020  -5.9967E+00
    6.030  -2.1551E+01
    6.040  -3.4799E+01
    6.050  -4.1939E+01
    6.060  -4.1792E+01
    6.070  -3.6276E+01
    6.080  -2.7353E+01
    6.090  -1.6251E+01
    6.100  -2.6894E+00
    6.110   1.6803E+01
    6.120   4.2357E+01
    6.130   6.8816E+01
    6.140   9.6935E+01
    6.150   1.2497E+02
    6.160   1.4271E+02
    6.170   1.4350E+02
    6.180   1.2854E+02
    6.190   1.0761E+02
    6.200   9.0135E+01
    6.210   7.4006E+01
    6.220   6.0528E+01
    6.230   5.3212E+01
    6.240   4.8644E+01
    6.250   4.5099E+01
    6.260   4.0098E+01
    6.270   3.0224E+01
    6.280   1.7646E+01
    6.290   2.7354E+00
    6.300  -1.7205E+01
    6.310  -4.0311E+01
    6.320  -5.9548E+01
    6.330  -7.3838E+01
    6.340  -8.4014E+01
    6.350  -8.7551E+01
    6.360  -8.4265E+01
    6.370  -7.5721E+01
    6.380  -5.7105E+01
    6.390  -2.8090E+01
    6.400   7.4466E+00
    6.410   4.3224E+01
    6.420   7.0328E+01
    6.430   8.3519E+01
    6.440   9.0029E+01
    6.450   9.9746E+01
    6.460   1.0741E+02
    6.470   1.0608E+02
    6.480   9.6396E+01
    6.490   8.3325E+01
    6.500   7.0225E+01
    6.510   6.1223E+01
    6.520   6.1822E+01
    6.530   8.0512E+01
    6.540   1.0746E+02
    6.550   1.2353E+02
    6.560   1.1978E+02
    6.570   9.4814E+01
    6.580   4.7785E+01
    6.590  -1.4556E+01
    6.600  -7.9479E+01
    6.610  -1.3358E+02
    6.620  -1.6335E+02
    6.630  -1.7255E+02
    6.640  -1.7178E+02
    6.650  -1.6850E+02
    6.660  -1.6392E+02
    6.670  -1.5624E+02
    6.680  -1.4751E+02
    6.690  -1.3813E+02
    6.700  -1.2250E+02
    6.710  -9.4067E+01
    6.720  -5.6099E+01
    6.730  -2.6424E+01
    6.740  -1.5301E+01
    6.750  -1.0696E+01
    6.760  -8.7349E+00
    6.770  -1.5357E+01
    6.780  -2.9623E+01
    6.790  -5.1773E+01
    6.800  -7.9055E+01
    6.810  -1.1312E+02
    6.820  -1.5160E+02
    6.830  -1.7815E+02
    6.840  -1.8095E+02
    6.850  -1.5348E+02
    6.860  -1.0164E+02
    6.870  -4.4268E+01
    6.880  -1.9951E+00
    6.890   1.8469E+01
    6.900   2.3626E+01
    6.910   1.5346E+01
    6.920  -7.6411E+00
    6.930  -3.8748E+01
    6.940  -6.4072E+01
    6.950  -7.4957E+01
    6.960  -7.5383E+01
    6.970  -7.7802E+01
    6.980  -8.6710E+01
    6.990  -1.0039E+02
    7.000  -1.2467E+02
    7.010  -1.5735E+02
    7.020  -1.8213E+02
    7.030  -1.8125E+02
    7.040  -1.4784E+02
    7.050  -9.5392E+01
    7.060  -5.0367E+01
    7.070  -3.7602E+01
    7.080  -5.6717E+01
    7.090  -8.3432E+01
    7.100  -1.0371E+02
    7.110  -1.2053E+02
    7.120  -1.3687E+02
    7.130  -1.4129E+02
    7.140  -1.2870E+02
    7.150  -1.0589E+02
    7.160  -7.8661E+01
    7.170  -5.5745E+01
    7.180  -4.9866E+01
    7.190  -6.0685E+01
    7.200  -7.7024E+01
    7.210  -8.7338E+01
    7.220  -9.4760E+01
    7.230  -1.0464E+02
    7.240  -1.1303E+02
    7.250  -1.1846E+02
    7.260  -1.2232E+02
    7.270  -1.3795E+02
    7.280  -1.7334E+02
    7.290  -2.1402E+02
    7.300  -2.3475E+02
    7.310  -2.2774E+02
    7.320  -2.1216E+02
    7.330  -2.0235E+02
    7.340  -2.0125E+02
    7.350  -1.9685E+02
    7.360  -1.8939E+02
    7.370  -1.8334E+02
    7.380  -1.7937E+02
    7.390  -1.8254E+02
    7.400  -1.8404E+02
    7.410  -1.7257E+02
    7.420  -1.5203E+02
    7.430  -1.2217E+02
    7.440  -7.2694E+01
    7.450  -8.9269E+00
    7.460   4.4255E+01
    7.470   6.1966E+01
    7.480   5.2465E+01
    7.490   3.6007E+01
    7.500   2.0971E+01
    7.510   2.2769E+01
    7.520   5.0567E+01
    7.530   9.9739E+01
    7.540   1.6264E+02
    7.550   2.1974E+02
    7.560   2.4366E+02
    7.570   2.2992E+02
    7.580   1.9609E+02
    7.590   1.6110E+02
    7.600   1.4498E+02
    7.610   1.5840E+02
    7.620   1.9185E+02
    7.630   2.2523E+02
    7.640   2.3948E+02
    7.650   2.2878E+02
    7.660   2.0225E+02
    7.670   1.7431E+02
    7.680   1.4997E+02
    7.690   1.2349E+02
    7.700   8.2330E+01
    7.710   1.9613E+01
    7.720  -4.9789E+01
    7.730  -9.8998E+01
    7.740  -1.0724E+02
    7.750  -8.6854E+01
    7.760  -5.5922E+01
    7.770  -1.9606E+01
    7.780   2.2182E+01
    7.790   6.2410E+01
    7.800   8.4535E+01
    7.810   8.1682E+01
    7.820   5.6617E+01
    7.830   2.3427E+01
    7.840   5.0942E+00
    7.850   9.7901E+00
    7.860   3.4261E+01
    7.870   7.4503E+01
    7.880   1.0805E+02
    7.890   1.2294E+02
    7.900   1.2886E+02
    7.910   1.4097E+02
    7.920   1.6388E+02
    7.930   1.9140E+02
    7.940   2.1808E+02
    7.950   2.3415E+02
    7.960   2.4486E+02
    7.970   2.5814E+02
    7.980   2.5533E+02
    7.990   2.1758E+02
    8.000   1.5180E+02
    8.010   8.1513E+01
    8.020   3.3130E+01
    8.030   2.7408E+01
    8.040   4.4343E+01
    8.050   4.7726E+01
    8.060   3.9336E+01
    8.070   3.3092E+01
    8.080   3.3943E+01
    8.090   3.6452E+01
    8.100   3.6192E+01
    8.110   4.7866E+01
    8.120   7.5893E+01
    8.130   1.0507E+02
    8.140   1.3014E+02
    8.150   1.5675E+02
    8.160   1.8365E+02
    8.170   2.1050E+02
    8.180   2.3587E+02
    8.190   2.5233E+02
    8.200   2.4151E+02
    8.210   2.1220E+02
    8.220   1.9115E+02
    8.230   1.8361E+02
    8.240   1.7740E+02
    8.250   1.4668E+02
    8.260   8.3929E+01
    8.270   3.2345E+00
    8.280  -7.0188E+01
    8.290  -1.2476E+02
    8.300  -1.6757E+02
    8.310  -1.8279E+02
    8.320  -1.5642E+02
    8.330  -1.0669E+02
    8.340  -6.0298E+01
    8.350  -2.8181E+01
    8.360   2.9989E+00
    8.370   4.7166E+01
    8.380   1.0088E+02
    8.390   1.4473E+02
    8.400   1.6500E+02
    8.410   1.7235E+02
    8.420   1.7436E+02
    8.430   1.7022E+02
    8.440   1.6586E+02
    8.450   1.6965E+02
    8.460   1.6688E+02
    8.470   1.4961E+02
    8.480   1.3554E+02
    8.490   1.2726E+02
    8.500   9.9718E+01
    8.510   4.1051E+01
    8.520  -3.1062E+01
    8.530  -8.6552E+01
    8.540  -1.1289E+02
    8.550  -1.1597E+02
    8.560  -1.0133E+02
    8.570  -7.7025E+01
    8.580  -3.6400E+01
    8.590   2.1112E+01
    8.600   7.5795E+01
    8.610   1.1873E+02
    8.620   1.5272E+02
    8.630   1.7875E+02
    8.640   1.9797E+02
    8.650   2.2424E+02
    8.660   2.6330E+02
    8.670   2.9503E+02
    8.680   2.9799E+02
    8.690   2.6672E+02
    8.700   2.0450E+02
    8.710   1.2679E+02
    8.720   5.1185E+01
    8.730  -1.6389E+01
    8.740  -7.0979E+01
    8.750  -1.0362E+02
    8.760  -1.1164E+02
    8.770  -1.0684E+02
    8.780  -1.0965E+02
    8.790  -1.2581E+02
    8.800  -1.4678E+02
    8.810  -1.5498E+02
    8.820  -1.4661E+02
    8.830  -1.2853E+02
    8.840  -9.8521E+01
    8.850  -6.0717E+01
    8.860  -3.2640E+01
    8.870  -1.5378E+01
    8.880  -4.2693E+00
    8.890  -7.4688E+00
    8.900  -2.1834E+01
    8.910  -3.5911E+01
    8.920  -4.3406E+01
    8.930  -3.1134E+01
    8.940   3.7569E+00
    8.950   3.1649E+01
    8.960   3.3941E+01
    8.970   1.1618E+01
    8.980  -2.8511E+01
    8.990  -7.0644E+01
    9.000  -8.9302E+01
    9.010  -7.2119E+01
    9.020  -2.9378E+01
    9.030   1.7336E+01
    9.040   3.8911E+01
    9.050   2.8598E+01
    9.060   4.9742E+00
    9.070  -1.9814E+01
    9.080  -4.2837E+01
    9.090  -6.0990E+01
    9.100  -7.2297E+01
    9.110  -8.4317E+01
    9.120  -9.8764E+01
    9.130  -1.0825E+02
    9.140  -1.1267E+02
    9.150  -1.1786E+02
    9.160  -1.2853E+02
    9.170  -1.5004E+02
    9.180  -1.9097E+02
    9.190  -2.3617E+02
    9.200  -2.5790E+02
    9.210  -2.5225E+02
    9.220  -2.1962E+02
    9.230  -1.6900E+02
    9.240  -1.2268E+02
    9.250  -8.3533E+01
    9.260  -3.4254E+01
    9.270   2.0256E+01
    9.280   6.0062E+01
    9.290   6.3757E+01
    9.300   2.8801E+01
    9.310  -1.6968E+01
    9.320  -3.7925E+01
    9.330  -3.0820E+01
    9.340  -3.2269E+01
    9.350  -5.3835E+01
    9.360  -7.2482E+01
    9.370  -7.7208E+01
    9.380  -7.9280E+01
    9.390  -8.0998E+01
    9.400  -7.3479E+01
    9.410  -5.7544E+01
    9.420  -4.5742E+01
    9.430  -5.9750E+01
    9.440  -1.0475E+02
    9.450  -1.5400E+02
    9.460  -1.8328E+02
    9.470  -1.9819E+02
    9.480  -2.0407E+02
    9.490  -2.0457E+02
    9.500  -2.0752E+02
    9.510  -2.2607E+02
    9.520  -2.5108E+02
    9.530  -2.6203E+02
    9.540  -2.5114E+02
    9.550  -2.2399E+02
    9.560  -1.8941E+02
    9.570  -1.4068E+02
    9.580  -6.3437E+01
    9.590   3.5000E+01
    9.600   1.2982E+02
    9.610   1.9456E+02
    9.620   2.2388E+02
    9.630   2.1918E+02
    9.640   1.9423E+02
    9.650   1.8338E+02
    9.660   1.8559E+02
    9.670   1.7705E+02
    9.680   1.3705E+02
    9.690   6.0602E+01
    9.700  -2.1270E+01
    9.710  -7.1098E+01
    9.720  -8.8273E+01
    9.730  -9.7260E+01
    9.740  -9.7469E+01
    9.750  -8.0802E+01
    9.760  -5.3605E+01
    9.770  -2.8769E+01
    9.780  -2.5141E+01
    9.790  -4.9259E+01
    9.800  -9.1331E+01
    9.810  -1.3403E+02
    9.820  -1.5185E+02
    9.830  -1.3520E+02
    9.840  -1.0642E+02
    9.850  -1.0232E+02
    9.860  -1.3260E+02
    9.870  -1.7476E+02
    9.880  -1.9541E+02
    9.890  -1.9062E+02
    9.900  -1.8238E+02
    9.910  -1.8780E+02
    9.920  -2.0288E+02
    9.930  -2.1467E+02
    9.940  -2.1969E+02
    9.950  -2.2410E+02
    9.960  -2.2386E+02
    9.970  -2.1097E+02
    9.980  -1.9145E+02
    9.990  -1.6746E+02
   10.000  -1.3766E+02
   10.010  -9.6215E+01
   10.020  -3.8957E+01
   10.030   3.2487E+01
   10.040   9.7015E+01
   10.050   1.3356E+02
   10.060   1.4873E+02
   10.070   1.5888E+02
   10.080   1.7006E+02
   10.090   1.7246E+02
   10.100   1.5275E+02
   10.110   1.0306E+02
   10.120   3.2284E+01
   10.130  -1.7541E+01
   10.140  -2.7474E+01
   10.150  -1.2094E+01
   10.160   1.3999E+01
   10.170   3.3853E+01
   10.180   3.4060E+01
   10.190   1.5969E+01
   10.200  -1.4247E+01
   10.210  -4.9876E+01
   10.220  -8.3705E+01
   10.230  -9.8883E+01
   10.240  -9.4229E+01
   10.250  -9.5544E+01
   10.260  -1.1702E+02
   10.270  -1.3728E+02
   10.280  -1.2225E+02
   10.290  -6.6349E+01
   10.300   1.6647E+01
   10.310   1.0397E+02
   10.320   1.8780E+02
   10.330   2.6137E+02
   10.340   3.0586E+02
   10.350   3.1594E+02
   10.360   3.0235E+02
   10.370   2.8223E+02
   10.380   2.5932E+02
   10.390   2.2865E+02
   10.400   2.0009E+02
   10.410   1.8383E+02
   10.420   1.6120E+02
   10.430   1.1819E+02
   10.440   6.6536E+01
   10.450   2.1580E+01
   10.460  -6.1508E-01
   10.470   8.6426E+00
   10.480   4.0732E+01
   10.490   6.8055E+01
   10.500   6.4068E+01
   10.510   3.2738E+01
   10.520   5.6795E-01
   10.530  -9.3890E+00
   10.540   7.4215E+00
   10.550   3.3712E+01
   10.560   5.2437E+01
   10.570   6.4172E+01
   10.580   8.4631E+01
   10.590   1.1699E+02
   10.600   1.4134E+02
   10.610   1.5516E+02
   10.620   1.8120E+02
   10.630   2.1825E+02
   10.640   2.4739E+02
   10.650   2.5883E+02
   10.660   2.3903E+02
   10.670   1.8176E+02
   10.680   9.3790E+01
   10.690   7.2975E+00
   10.700  -3.9949E+01
   10.710  -4.3872E+01
   10.720  -3.5996E+01
   10.730  -3.9676E+01
   10.740  -4.6124E+01
   10.750  -4.1299E+01
   10.760  -3.1248E+01
   10.770  -2.6751E+01
   10.780  -2.9439E+01
   10.790  -3.5569E+01
   10.800  -4.6090E+01
   10.810  -6.1248E+01
   10.820  -8.0467E+01
   10.830  -9.8049E+01
   10.840  -1.0784E+02
   10.850  -1.0723E+02
   10.860  -8.7417E+01
   10.870  -5.3301E+01
   10.880  -2.3622E+01
   10.890  -5.1216E+00
   10.900   1.1098E+01
   10.910   2.7454E+01
   10.920   4.1306E+01
   10.930   4.6475E+01
   10.940   3.7648E+01
   10.950   2.3672E+01
   10.960   2.0946E+01
   10.970   3.9128E+01
   10.980   6.8115E+01
   10.990   9.7077E+01
   11.000   1.2336E+02
   11.010   1.4189E+02
   11.020   1.5113E+02
   11.030   1.5205E+02
   11.040   1.4898E+02
   11.050   1.4715E+02
   11.060   1.5045E+02
   11.070   1.5553E+02
   11.080   1.5268E+02
   11.090   1.3591E+02
   11.100   1.1517E+02
   11.110   9.9146E+01
   11.120   8.6720E+01
   11.130   7.0973E+01
   11.140   4.3855E+01
   11.150   3.2151E+00
   11.160  -5.1331E+01
   11.170  -1.1614E+02
   11.180  -1.7491E+02
   11.190  -2.0976E+02
   11.200  -2.2622E+02
   11.210  -2.2716E+02
   11.220  -2.1462E+02
   11.230  -1.9125E+02
   11.240  -1.6187E+02
   11.250  -1.3387E+02
   11.260  -1.1315E+02
   11.270  -9.5161E+01
   11.280  -7.3222E+01
   11.290  -4.4201E+01
   11.300  -1.0442E+01
   11.310   1.5899E+01
   11.320   2.6023E+01
   11.330   2.0958E+01
   11.340   1.0044E+01
   11.350   4.3470E+00
   11.360   6.6816E+00
   11.370   1.3885E+01
   11.380   1.3983E+01
   11.390   6.0332E+00
   11.400  -2.7892E+00
   11.410  -1.3814E+01
   11.420  -2.8456E+01
   11.430  -5.0726E+01
   11.440  -8.0086E+01
   11.450  -1.1129E+02
   11.460  -1.3726E+02
   11.470  -1.4797E+02
   11.480  -1.4043E+02
   11.490  -1.2256E+02
   11.500  -1.0211E+02
   11.510  -7.8000E+01
   11.520  -3.9835E+01
   11.530   1.2706E+01
   11.540   6.4039E+01
   11.550   9.8036E+01
   11.560   1.1058E+02
   11.570   1.1177E+02
   11.580   1.0652E+02
   11.590   9.7280E+01
   11.600   7.8841E+01
   11.610   4.7491E+01
   11.620   8.6691E+00
   11.630  -3.3821E+01
   11.640  -7.1737E+01
   11.650  -9.6049E+01
   11.660  -1.0860E+02
   11.670  -1.0905E+02
   11.680  -9.7418E+01
   11.690  -9.0084E+01
   11.700  -9.4492E+01
   11.710  -1.0420E+02
   11.720  -1.1096E+02
   11.730  -1.1032E+02
   11.740  -9.7947E+01
   11.750  -8.1366E+01
   11.760  -7.3698E+01
   11.770  -6.6210E+01
   11.780  -4.9265E+01
   11.790  -2.8465E+01
   11.800  -1.4105E+01
   11.810  -1.5015E+01
   11.820  -2.7597E+01
   11.830  -3.4455E+01
   11.840  -3.3993E+01
   11.850  -3.4768E+01
   11.860  -3.0687E+01
   11.870  -1.6923E+01
   11.880  -3.2283E+00
   11.890  -7.9381E+00
   11.900  -3.4199E+01
   11.910  -7.4243E+01
   11.920  -1.1505E+02
   11.930  -1.3686E+02
   11.940  -1.3089E+02
   11.950  -1.0263E+02
   11.960  -5.9398E+01
   11.970  -5.4817E+00
   11.980   4.7126E+01
   11.990   8.4590E+01
   12.000   1.0730E+02
   12.010   1.2518E+02
   12.020   1.4471E+02
   12.030   1.6009E+02
   12.040   1.5960E+02
   12.050   1.3764E+02
   12.060   9.4826E+01
   12.070   3.3493E+01
   12.080  -3.5383E+01
   12.090  -8.8691E+01
   12.100  -1.0660E+02
   12.110  -9.0039E+01
   12.120  -5.7926E+01
   12.130  -3.1613E+01
   12.140  -2.4366E+01
   12.150  -3.1498E+01
   12.160  -4.0304E+01
   12.170  -4.2981E+01
   12.180  -3.4657E+01
   12.190  -1.9032E+01
   12.200  -5.9573E+00
   12.210  -4.7758E+00
   12.220  -1.2652E+01
   12.230  -1.8817E+01
   12.240  -1.9480E+01
   12.250  -1.9933E+01
   12.260  -1.8038E+01
   12.270  -2.9462E+00
   12.280   2.8923E+01
   12.290   6.9673E+01
   12.300   1.0336E+02
   12.310   1.1867E+02
   12.320   1.1421E+02
   12.330   9.4235E+01
   12.340   6.6561E+01
   12.350   4.4564E+01
   12.360   3.6668E+01
   12.370   3.6346E+01
   12.380   3.5171E+01
   12.390   3.0819E+01
   12.400   2.5855E+01
   12.410   1.8836E+01
   12.420   7.5275E+00
   12.430  -7.7581E+00
   12.440  -2.8191E+01
   12.450  -4.7211E+01
   12.460  -5.5202E+01
   12.470  -4.5730E+01
   12.480  -1.9220E+01
   12.490   1.1140E+01
   12.500   3.5231E+01
   12.510   5.2020E+01
   12.520   6.7314E+01
   12.530   8.2370E+01
   12.540   9.6397E+01
   12.550   1.0423E+02
   12.560   1.0627E+02
   12.570   1.1123E+02
   12.580   1.2450E+02
   12.590   1.4737E+02
   12.600   1.7641E+02
   12.610   2.0259E+02
   12.620   2.2044E+02
   12.630   2.2877E+02
   12.640   2.2282E+02
   12.650   2.0849E+02
   12.660   1.9780E+02
   12.670   1.9181E+02
   12.680   1.8438E+02
   12.690   1.7304E+02
   12.700   1.6109E+02
   12.710   1.5249E+02
   12.720   1.4859E+02
   12.730   1.4955E+02
   12.740   1.5381E+02
   12.750   1.6247E+02
   12.760   1.7448E+02
   12.770   1.8223E+02
   12.780   1.7679E+02
   12.790   1.5393E+02
   12.800   1.1833E+02
   12.810   7.8496E+01
   12.820   4.0882E+01
   12.830   9.3401E+00
   12.840  -1.3301E+01
   12.850  -3.1725E+01
   12.860  -4.8991E+01
   12.870  -6.2390E+01
   12.880  -6.9185E+01
   12.890  -6.6523E+01
   12.900  -5.9360E+01
   12.910  -5.6757E+01
   12.920  -5.9863E+01
   12.930  -6.0815E+01
   12.940  -5.5312E+01
   12.950  -5.0349E+01
   12.960  -5.3757E+01
   12.970  -6.1050E+01
   12.980  -6.1415E+01
   12.990  -4.8819E+01
   13.000  -2.5452E+01
   13.010   1.2340E+00
   13.020   2.1814E+01
   13.030   2.9117E+01
   13.040   2.6413E+01
   13.050   1.8509E+01
   13.060   9.6305E+00
   13.070   3.5420E+00
   13.080  -3.6728E+00
   13.090  -1.7555E+01
   13.100  -3.5982E+01
   13.110  -5.1676E+01
   13.120  -6.1465E+01
   13.130  -7.4143E+01
   13.140  -8.9705E+01
   13.150  -9.3289E+01
   13.160  -8.3203E+01
   13.170  -7.4065E+01
   13.180  -7.2120E+01
   13.190  -6.7719E+01
   13.200  -5.3756E+01
   13.210  -3.2742E+01
   13.220  -1.3298E+01
   13.230  -2.2005E+00
   13.240  -8.0961E-01
   13.250  -5.0801E+00
   13.260  -9.4929E+00
   13.270  -1.0753E+01
   13.280  -8.8688E+00
   13.290  -5.1547E+00
   13.300  -4.3173E+00
   13.310  -1.1756E+01
   13.320  -2.7891E+01
   13.330  -5.1026E+01
   13.340  -7.5747E+01
   13.350  -9.5418E+01
   13.360  -1.0796E+02
   13.370  -1.1747E+02
   13.380  -1.2686E+02
   13.390  -1.3621E+02
   13.400  -1.4025E+02
   13.410  -1.3202E+02
   13.420  -1.1542E+02
   13.430  -1.0342E+02
   13.440  -1.0448E+02
   13.450  -1.1616E+02
   13.460  -1.2939E+02
   13.470  -1.3804E+02
   13.480  -1.4384E+02
   13.490  -1.4640E+02
   13.500  -1.4396E+02
   13.510  -1.3531E+02
   13.520  -1.2008E+02
   13.530  -1.0065E+02
   13.540  -8.2500E+01
   13.550  -6.9503E+01
   13.560  -6.2689E+01
   13.570  -6.2107E+01
   13.580  -6.2715E+01
   13.590  -6.0447E+01
   13.600  -5.7928E+01
   13.610  -5.9649E+01
   13.620  -6.2928E+01
   13.630  -5.8807E+01
   13.640  -4.2465E+01
   13.650  -1.9682E+01
   13.660   1.0795E+00
   13.670   1.7377E+01
   13.680   2.8334E+01
   13.690   3.4288E+01
   13.700   3.5266E+01
   13.710   3.2889E+01
   13.720   3.3523E+01
   13.730   3.9234E+01
   13.740   4.8144E+01
   13.750   5.6920E+01
   13.760   6.2005E+01
   13.770   6.3536E+01
   13.780   5.9939E+01
   13.790   4.8315E+01
   13.800   3.4341E+01
   13.810   2.5759E+01
   13.820   2.2165E+01
   13.830   1.7297E+01
   13.840   7.6858E+00
   13.850  -5.4538E+00
   13.860  -1.5851E+01
   13.870  -1.8673E+01
   13.880  -1.6616E+01
   13.890  -1.1562E+01
   13.900  -6.1577E+00
   13.910  -6.4006E+00
   13.920  -1.3540E+01
   13.930  -2.2822E+01
   13.940  -2.5578E+01
   13.950  -1.7675E+01
   13.960  -3.4682E+00
   13.970   1.0147E+01
   13.980   1.8421E+01
   13.990   1.8830E+01
   14.000   1.0312E+01
   14.010  -3.4753E+00
   14.020  -1.3757E+01
   14.030  -1.2878E+01
   14.040  -5.4314E+00
   14.050  -1.7299E+00
   14.060  -4.8496E+00
   14.070  -1.0840E+01
   14.080  -1.4493E+01
   14.090  -1.2678E+01
   14.100  -6.6365E+00
   14.110  -2.0703E+00
   14.120  -4.0405E+00
   14.130  -1.3981E+01
   14.140  -2.9059E+01
   14.150  -4.2738E+01
   14.160  -4.6770E+01
   14.170  -3.8577E+01
   14.180  -2.0954E+01
   14.190  -9.3006E-01
   14.200   1.4293E+01
   14.210   2.3456E+01
   14.220   3.2364E+01
   14.230   4.5673E+01
   14.240   6.1792E+01
   14.250   7.6372E+01
   14.260   8.5383E+01
   14.270   8.8506E+01
   14.280   8.9097E+01
   14.290   8.9853E+01
   14.300   9.0165E+01
   14.310   8.7268E+01
   14.320   8.1794E+01
   14.330   7.5375E+01
   14.340   6.9685E+01
   14.350   6.5624E+01
   14.360   6.1559E+01
   14.370   5.8294E+01
   14.380   5.5823E+01
   14.390   5.3074E+01
   14.400   5.1814E+01
   14.410   5.1636E+01
   14.420   5.2477E+01
   14.430   5.5136E+01
   14.440   5.7677E+01
   14.450   5.8797E+01
   14.460   5.8734E+01
   14.470   5.6456E+01
   14.480   4.9858E+01
   14.490   3.9147E+01
   14.500   2.8041E+01
   14.510   1.8065E+01
   14.520   9.4283E+00
   14.530   2.0310E+00
   14.540  -5.4332E+00
   14.550  -1.3423E+01
   14.560  -2.1437E+01
   14.570  -2.9208E+01
   14.580  -3.7030E+01
   14.590  -4.4817E+01
   14.600  -5.2736E+01
   14.610  -6.0954E+01
   14.620  -6.8456E+01
   14.630  -7.2612E+01
   14.640  -7.1190E+01
   14.650  -6.4746E+01
   14.660  -5.6473E+01
   14.670  -4.8850E+01
   14.680  -4.2817E+01
   14.690  -3.7344E+01
   14.700  -3.1481E+01
   14.710  -2.6460E+01
   14.720  -2.4583E+01
   14.730  -2.5750E+01
   14.740  -2.7771E+01
   14.750  -2.7670E+01
   14.760  -2.2411E+01
   14.770  -1.2257E+01
   14.780  -1.6099E+00
   14.790   5.8442E+00
   14.800   9.0818E+00
   14.810   9.3172E+00
   14.820   8.0997E+00
   14.830   5.4416E+00
   14.840   7.0210E-01
   14.850  -5.9834E+00
   14.860  -1.2176E+01
   14.870  -1.6364E+01
   14.880  -1.8423E+01
   14.890  -1.7757E+01
   14.900  -1.3949E+01
   14.910  -7.7282E+00
   14.920  -1.1851E+00
   14.930   3.3726E+00
   14.940   4.8043E+00
   14.950   3.9319E+00
   14.960   7.7627E-01
   14.970  -4.5269E+00
   14.980  -8.2589E+00
   14.990  -5.8069E+00
   15.000   2.1664E+00
   15.010   1.1467E+01
   15.020   1.8445E+01
   15.030   2.0291E+01
   15.040   1.6961E+01
   15.050   9.9023E+00
   15.060   1.2633E+00
   15.070  -7.4929E+00
   15.080  -1.4952E+01
   15.090  -1.9679E+01
   15.100  -2.0895E+01
   15.110  -1.7506E+01
   15.120  -1.0799E+01
   15.130  -5.7022E+00
   15.140  -5.8278E+00
   15.150  -9.6985E+00
   15.160  -1.2710E+01
   15.170  -1.3426E+01
   15.180  -1.3633E+01
   15.190  -1.4311E+01
   15.200  -1.4677E+01
   15.210  -1.4747E+01
   15.220  -1.4327E+01
   15.230  -1.3568E+01
   15.240  -1.3880E+01
   15.250  -1.5923E+01
   15.260  -2.0131E+01
   15.270  -2.4950E+01
   15.280  -2.8495E+01
   15.290  -3.0445E+01
   15.300  -3.0783E+01
   15.310  -3.0155E+01
   15.320  -2.9247E+01
   15.330  -2.6962E+01
   15.340  -2.1964E+01
   15.350  -1.4411E+01
   15.360  -3.8217E+00
   15.370   8.9856E+00
   15.380   2.0654E+01
   15.390   2.8059E+01
   15.400   3.0126E+01
   15.410   2.9009E+01
   15.420   2.7555E+01
   15.430   2.7450E+01
   15.440   2.9160E+01
   15.450   3.0845E+01
   15.460   3.0788E+01
   15.470   3.0226E+01
   15.480   3.2037E+01
   15.490   3.6797E+01
   15.500   4.0538E+01
   15.510   4.0022E+01
   15.520   3.5973E+01
   15.530   3.1488E+01
   15.540   3.0113E+01
   15.550   3.2466E+01
   15.560   3.5850E+01
   15.570   3.7941E+01
   15.580   3.9456E+01
   15.590   4.0666E+01
   15.600   4.0863E+01
   15.610   3.8460E+01
   15.620   3.1834E+01
   15.630   2.1986E+01
   15.640   1.1719E+01
   15.650   4.3123E+00
   15.660   2.6642E-01
   15.670  -1.7498E+00
   15.680  -3.1795E+00
   15.690  -4.7239E+00
   15.700  -5.3200E+00
   15.710  -3.2669E+00
   15.720   1.1375E+00
   15.730   4.5522E+00
   15.740   3.7589E+00
   15.750  -1.2086E+00
   15.760  -7.6433E+00
   15.770  -1.3678E+01
   15.780  -1.8020E+01
   15.790  -1.9974E+01
   15.800  -1.9577E+01
   15.810  -1.6586E+01
   15.820  -1.1823E+01
   15.830  -7.7212E+00
   15.840  -6.6205E+00
   15.850  -8.8701E+00
   15.860  -1.2931E+01
   15.870  -1.6502E+01
   15.880  -1.7653E+01
   15.890  -1.6703E+01
   15.900  -1.4673E+01
   15.910  -1.1467E+01
   15.920  -6.9823E+00
   15.930  -2.1127E+00
   15.940   1.9967E+00
   15.950   4.1963E+00
   15.960   4.2139E+00
   15.970   3.2353E+00
   15.980   2.5429E+00
   15.990   2.9970E+00
   16.000   3.8208E+00
   16.010   3.9914E+00
   16.020   3.6062E+00
   16.030   3.1798E+00
   16.040   3.2496E+00
   16.050   3.6996E+00
   16.060   3.4641E+00
   16.070   1.9200E+00
   16.080  -3.5202E-01
   16.090  -2.5997E+00
   16.100  -4.2368E+00
   16.110  -4.8466E+00
   16.120  -4.3128E+00
   16.130  -3.4282E+00
   16.140  -2.8901E+00
   16.150  -2.3815E+00
   16.160  -1.0870E+00
   16.170   1.0301E+00
   16.180   3.2630E+00
   16.190   4.4755E+00
   16.200   3.2914E+00
   16.210  -9.3179E-01
   16.220  -7.3965E+00
   16.230  -1.4290E+01
   16.240  -1.9654E+01
   16.250  -2.2359E+01
   16.260  -2.2680E+01
   16.270  -2.2215E+01
   16.280  -2.2454E+01
   16.290  -2.3788E+01
   16.300  -2.5905E+01
   16.310  -2.8176E+01
   16.320  -3.0191E+01
   16.330  -3.1752E+01
   16.340  -3.2661E+01
   16.350  -3.2329E+01
   16.360  -3.0453E+01
   16.370  -2.7925E+01
   16.380  -2.6132E+01
   16.390  -2.5363E+01
   16.400  -2.4756E+01
   16.410  -2.3346E+01
   16.420  -2.1142E+01
   16.430  -1.8850E+01
   16.440  -1.6713E+01
   16.450  -1.4672E+01
   16.460  -1.2103E+01
   16.470  -8.8195E+00
   16.480  -5.4826E+00
   16.490  -2.7646E+00
   16.500  -9.6026E-01
   16.510   7.8755E-02
   16.520   8.8951E-01
   16.530   1.9933E+00
   16.540   3.0655E+00
   16.550   3.3733E+00
   16.560   2.6734E+00
   16.570   1.7062E+00
   16.580   1.4748E+00
   16.590   2.5060E+00
   16.600   4.7088E+00
   16.610   7.5785E+00
   16.620   1.0508E+01
   16.630   1.3185E+01
   16.640   1.5524E+01
   16.650   1.7459E+01
   16.660   1.8787E+01
   16.670   1.9310E+01
   16.680   1.9125E+01
   16.690   1.8606E+01
   16.700   1.8499E+01
   16.710   1.9077E+01
   16.720   1.9528E+01
   16.730   1.9033E+01
   16.740   1.7526E+01
   16.750   1.5329E+01
   16.760   1.2775E+01
   16.770   1.0028E+01
   16.780   7.2139E+00
   16.790   4.6212E+00
   16.800   2.5781E+00
   16.810   1.0998E+00
   16.820   1.0092E-01
   16.830  -5.6952E-01
   16.840  -9.8877E-01
   16.850  -1.0923E+00
   16.860  -9.0546E-01
   16.870  -4.8415E-01
   16.880   7.6579E-02
   16.890   5.6825E-01
   16.900   9.5339E-01
   16.910   1.4299E+00
   16.920   2.3864E+00
   16.930   3.9468E+00
   16.940   5.5898E+00
   16.950   6.6491E+00
   16.960   6.8235E+00
   16.970   6.2448E+00
   16.980   5.3456E+00
   16.990   4.3957E+00
   17.000   3.3962E+00
   17.010   2.1173E+00
   17.020   4.1870E-01
   17.030  -1.4609E+00
   17.040  -3.0256E+00
   17.050  -3.6327E+00
   17.060  -2.8373E+00
   17.070  -8.1179E-01
   17.080   1.7294E+00
   17.090   4.0560E+00
   17.100   5.7972E+00
   17.110   6.8911E+00
   17.120   7.5492E+00
   17.130   8.1650E+00
   17.140   8.8712E+00
   17.150   9.4919E+00
   17.160   9.9280E+00
   17.170   1.0345E+01
   17.180   1.0976E+01
   17.190   1.1765E+01
   17.200   1.2376E+01
   17.210   1.2502E+01
   17.220   1.2210E+01
   17.230   1.1810E+01
   17.240   1.1521E+01
   17.250   1.1283E+01
   17.260   1.0917E+01
   17.270   1.0359E+01
   17.280   9.7015E+00
   17.290   9.0147E+00
   17.300   8.2617E+00
   17.310   7.3949E+00
   17.320   6.4592E+00
   17.330   5.5818E+00
   17.340   4.8715E+00
   17.350   4.3622E+00
   17.360   3.9310E+00
   17.370   3.4068E+00
   17.380   2.7124E+00
   17.390   1.9094E+00
   17.400   1.2533E+00
   17.410   9.3132E-01
   17.420   7.7201E-01
   17.430   3.7716E-01
   17.440  -5.4330E-01
   17.450  -2.0066E+00
   17.460  -3.8194E+00
   17.470  -5.6402E+00
   17.480  -7.1545E+00
   17.490  -8.1939E+00
   17.500  -8.7852E+00
   17.510  -9.1131E+00
   17.520  -9.4178E+00
   17.530  -9.8560E+00
   17.540  -1.0389E+01
   17.550  -1.0837E+01
   17.560  -1.0993E+01
   17.570  -1.0737E+01
   17.580  -1.0100E+01
   17.590  -9.2554E+00
   17.600  -8.2510E+00
   17.610  -6.9502E+00
   17.620  -5.3131E+00
   17.630  -3.5355E+00
   17.640  -1.9064E+00
   17.650  -5.7806E-01
   17.660   4.7953E-01
   17.670   1.3937E+00
   17.680   2.2189E+00
   17.690   2.9191E+00
   17.700   3.3990E+00
   17.710   3.5127E+00
   17.720   3.1262E+00
   17.730   2.1994E+00
   17.740   8.7904E-01
   17.750  -5.9645E-01
   17.760  -2.0914E+00
   17.770  -3.5668E+00
   17.780  -4.9396E+00
   17.790  -6.0001E+00
   17.800  -6.5616E+00
   17.810  -6.6299E+00
   17.820  -6.3671E+00
   17.830  -5.9275E+00
   17.840  -5.3786E+00
   17.850  -4.7487E+00
   17.860  -4.0275E+00
   17.870  -3.1257E+00
   17.880  -1.9709E+00
   17.890  -6.5005E-01
   17.900   5.5502E-01
   17.910   1.2990E+00
   17.920   1.4231E+00
   17.930   1.0695E+00
   17.940   5.2643E-01
   17.950   1.8045E-02
   17.960  -4.0607E-01
   17.970  -8.3023E-01
   17.980  -1.3380E+00
   17.990  -1.9121E+00
   18.000  -2.4550E+00
   18.010  -2.9068E+00
   18.020  -3.2953E+00
   18.030  -3.6540E+00
   18.040  -3.9136E+00
   18.050  -3.9778E+00
   18.060  -3.8463E+00
   18.070  -3.6379E+00
   18.080  -3.4582E+00
   18.090  -3.2612E+00
   18.100  -2.9013E+00
   18.110  -2.2815E+00
   18.120  -1.4184E+00
   18.130  -4.3627E-01
   18.140   5.1079E-01
   18.150   1.3213E+00
   18.160   1.9442E+00
   18.170   2.3548E+00
   18.180   2.5391E+00
   18.190   2.4673E+00
   18.200   2.1035E+00
   18.210   1.4678E+00
   18.220   6.9413E-01
   18.230  -5.8809E-03
   18.240  -4.6201E-01
   18.250  -6.2761E-01
   18.260  -5.2434E-01
   18.270  -1.7641E-01
   18.280   3.9046E-01
   18.290   1.1166E+00
   18.300   1.9496E+00
   18.310   2.8989E+00
   18.320   3.9746E+00
   18.330   5.0917E+00
   18.340   6.0583E+00
   18.350   6.6941E+00
   18.360   6.9624E+00
   18.370   6.9693E+00
   18.380   6.8643E+00
   18.390   6.7185E+00
   18.400   6.5189E+00
   18.410   6.2376E+00
   18.420   5.8753E+00
   18.430   5.4599E+00
   18.440   4.9881E+00
   18.450   4.3972E+00
   18.460   3.5961E+00
   18.470   2.5530E+00
   18.480   1.3478E+00
   18.490   1.0466E-01
   18.500  -1.0460E+00
   18.510  -2.0008E+00
   18.520  -2.6892E+00
   18.530  -3.0844E+00
   18.540  -3.2365E+00
   18.550  -3.2071E+00
   18.560  -2.9969E+00
   18.570  -2.5322E+00
   18.580  -1.7581E+00
   18.590  -7.5841E-01
   18.600   3.1374E-01
   18.610   1.3488E+00
   18.620   2.2718E+00
   18.630   2.9618E+00
   18.640   3.2905E+00
   18.650   3.2567E+00
   18.660   3.0154E+00
   18.670   2.7321E+00
   18.680   2.4603E+00
   18.690   2.1825E+00
   18.700   1.8918E+00
   18.710   1.5956E+00
   18.720   1.2690E+00
   18.730   8.6639E-01
   18.740   3.7555E-01
   18.750  -1.4144E-01
   18.760  -5.7116E-01
   18.770  -8.4045E-01
   18.780  -9.5004E-01
   18.790  -9.5605E-01
   18.800  -9.2933E-01
   18.810  -9.4147E-01
   18.820  -1.0189E+00
   18.830  -1.1240E+00
   18.840  -1.2273E+00
   18.850  -1.3397E+00
   18.860  -1.4619E+00
   18.870  -1.5810E+00
   18.880  -1.6851E+00
   18.890  -1.7451E+00
   18.900  -1.7138E+00
   18.910  -1.5687E+00
   18.920  -1.3578E+00
   18.930  -1.1638E+00
   18.940  -1.0391E+00
   18.950  -1.0534E+00
   18.960  -1.3100E+00
   18.970  -1.8715E+00
   18.980  -2.6546E+00
   18.990  -3.4433E+00
   19.000  -4.0419E+00
   19.010  -4.3977E+00
   19.020  -4.5913E+00
   19.030  -4.6697E+00
   19.040  -4.5413E+00
   19.050  -4.0709E+00
   19.060  -3.2775E+00
   19.070  -2.3610E+00
   19.080  -1.5853E+00
   19.090  -1.0851E+00
   19.100  -8.0180E-01
   19.110  -6.2524E-01
   19.120  -4.9287E-01
   19.130  -3.8786E-01
   19.140  -2.8733E-01
   19.150  -1.8403E-01
   19.160  -1.5496E-01
   19.170  -3.1287E-01
   19.180  -6.6897E-01
   19.190  -1.1295E+00
   19.200  -1.6036E+00
   19.210  -2.0788E+00
   19.220  -2.5854E+00
   19.230  -3.0993E+00
   19.240  -3.5235E+00
   19.250  -3.7638E+00
   19.260  -3.8120E+00
   19.270  -3.7282E+00
   19.280  -3.5720E+00
   19.290  -3.3621E+00
   19.300  -3.0655E+00
   19.310  -2.6063E+00
   19.320  -1.9010E+00
   19.330  -9.1884E-01
   19.340   2.6787E-01
   19.350   1.4885E+00
   19.360   2.5425E+00
   19.370   3.2948E+00
   19.380   3.7232E+00
   19.390   3.8786E+00
   19.400   3.8017E+00
   19.410   3.4962E+00
   19.420   2.9779E+00
   19.430   2.3059E+00
   19.440   1.5339E+00
   19.450   6.6505E-01
   19.460  -2.9146E-01
   19.470  -1.2256E+00
   19.480  -1.9533E+00
   19.490  -2.3695E+00
   19.500  -2.5356E+00
   19.510  -2.5827E+00
   19.520  -2.5623E+00
   19.530  -2.4447E+00
   19.540  -2.2464E+00
   19.550  -2.0798E+00
   19.560  -2.0378E+00
   19.570  -2.0689E+00
   19.580  -2.0173E+00
   19.590  -1.7760E+00
   19.600  -1.3584E+00
   19.610  -8.2800E-01
   19.620  -2.2323E-01
   19.630   4.0683E-01
   19.640   9.4009E-01
   19.650   1.2352E+00
   19.660   1.2685E+00
   19.670   1.1742E+00
   19.680   1.1208E+00
   19.690   1.1708E+00
   19.700   1.2794E+00
   19.710   1.3919E+00
   19.720   1.4983E+00
   19.730   1.6062E+00
   19.740   1.7195E+00
   19.750   1.8564E+00
   19.760   2.0534E+00
   19.770   2.3271E+00
   19.780   2.6581E+00
   19.790   3.0358E+00
   19.800   3.5017E+00
   19.810   4.1163E+00
   19.820   4.8782E+00
   19.830   5.6890E+00
   19.840   6.4017E+00
   19.850   6.9006E+00
   19.860   7.1380E+00
   19.870   7.1076E+00
   19.880   6.7960E+00
   19.890   6.1789E+00
   19.900   5.2774E+00
   19.910   4.2090E+00
   19.920   3.1491E+00
   19.930   2.2251E+00
   19.940   1.4538E+00
   19.950   7.7819E-01
   19.960   1.3769E-01
   19.970  -5.0941E-01
   19.980  -1.1911E+00
   19.990  -1.8986E+00
   20.000  -2.5574E+00
   20.010  -3.0589E+00
   20.020  -3.3354E+00
   20.030  -3.3986E+00
   20.040  -3.3139E+00
   20.050  -3.1647E+00
   20.060  -3.0289E+00
   20.070  -2.9462E+00
   20.080  -2.8801E+00
   20.090  -2.7397E+00
   20.100  -2.4661E+00
   20.110  -2.0927E+00
   20.120  -1.7123E+00
   20.130  -1.4059E+00
   20.140  -1.2213E+00
   20.150  -1.1947E+00
   20.160  -1.3493E+00
   20.170  -1.6692E+00
   20.180  -2.0976E+00
   20.190  -2.5636E+00
   20.200  -2.9884E+00
   20.210  -3.2671E+00
   20.220  -3.2808E+00
   20.230  -2.9574E+00
   20.240  -2.3240E+00
   20.250  -1.4963E+00
   20.260  -6.2133E-01
   20.270   1.8462E-01
   20.280   8.8029E-01
   20.290   1.5064E+00
   20.300   2.1295E+00
   20.310   2.7518E+00
   20.320   3.2811E+00
   20.330   3.6105E+00
   20.340   3.7181E+00
   20.350   3.6631E+00
   20.360   3.4931E+00
   20.370   3.2054E+00
   20.380   2.8261E+00
   20.390   2.4826E+00
   20.400   2.3306E+00
   20.410   2.3928E+00
   20.420   2.5057E+00
   20.430   2.4499E+00
   20.440   2.1154E+00
   20.450   1.5271E+00
   20.460   7.5332E-01
   20.470  -1.4912E-01
   20.480  -1.0989E+00
   20.490  -1.9618E+00
   20.500  -2.6064E+00
   20.510  -2.9813E+00
   20.520  -3.1159E+00
   20.530  -3.0668E+00
   20.540  -2.8867E+00
   20.550  -2.6281E+00
   20.560  -2.3301E+00
   20.570  -1.9995E+00
   20.580  -1.6404E+00
   20.590  -1.3115E+00
   20.600  -1.1163E+00
   20.610  -1.1142E+00
   20.620  -1.2723E+00
   20.630  -1.5324E+00
   20.640  -1.9025E+00
   20.650  -2.4434E+00
   20.660  -3.1742E+00
   20.670  -4.0221E+00
   20.680  -4.8589E+00
   20.690  -5.5538E+00
   20.700  -5.9952E+00
   20.710  -6.1063E+00
   20.720  -5.8710E+00
   20.730  -5.3320E+00
   20.740  -4.5492E+00
   20.750  -3.5671E+00
   20.760  -2.4248E+00
   20.770  -1.1780E+00
   20.780   9.9553E-02
   20.790   1.3292E+00
   20.800   2.4502E+00
   20.810   3.4550E+00
   20.820   4.4021E+00
   20.830   5.3503E+00
   20.840   6.2546E+00
   20.850   7.4712E+00
   20.860   7.8445E+00
   20.870   7.8430E+00
   20.880   7.5548E+00
   20.890   7.0483E+00
   20.900   6.3423E+00
   20.910   4.9493E+00
   20.920   4.1644E+00
   20.930   3.4426E+00
   20.940   2.7826E+00
   20.950   2.1815E+00
   20.960   1.6942E+00
   20.970   1.3807E+00
   20.980   1.2110E+00
   20.990   1.0733E+00
   21.000   8.8695E-01
   21.010   6.8044E-01
   21.020   6.9094E-01
   21.030   6.8080E-01
   21.040   8.3497E-01
   21.050   1.1917E+00
   21.060   1.3925E+00
   21.070   1.2907E+00
   21.080   7.3461E-01
   21.090  -2.2924E-01
   21.100  -1.3479E+00
   21.110  -2.3197E+00
   21.120  -2.9896E+00
   21.130  -3.4087E+00
   21.140  -3.7269E+00
   21.150  -4.0442E+00
   21.160  -4.3447E+00
   21.170  -4.5273E+00
   21.180  -4.4766E+00
   21.190  -4.1313E+00
   21.200  -3.5197E+00
   21.210  -2.7325E+00
   21.220  -1.8499E+00
   21.230  -9.0251E-01
   21.240   8.5253E-02
   21.250   1.0380E+00
   21.260   1.8554E+00
   21.270   2.5031E+00
   21.280   3.0529E+00
   21.290   3.6210E+00
   21.300   4.2768E+00
   21.310   5.0084E+00
   21.320   5.7411E+00
   21.330   6.3750E+00
   21.340   6.8247E+00
   21.350   7.0404E+00
   21.360   7.0254E+00
   21.370   6.6017E+00
   21.380   5.7920E+00
   21.390   4.6537E+00
   21.400   3.3390E+00
   21.410   2.0131E+00
   21.420   7.9005E-01
   21.430  -4.2202E-01
   21.440  -1.0866E+00
   21.450  -1.3432E+00
   21.460  -1.2691E+00
   21.470  -1.0776E+00
   21.480  -9.4676E-01
   21.490  -1.1365E+00
   21.500  -1.1256E+00
   21.510  -1.1400E+00
   21.520  -3.7618E-01
   21.530  -5.7236E-01
   21.540  -3.3216E-01
   21.550  -5.8506E-02
   21.560   8.1226E-02
   21.570   5.9768E-02
   21.580  -1.9206E-01
   21.590  -5.2343E-01
   21.600  -9.1097E-01
   21.610  -1.3934E+00
   21.620  -2.0020E+00
   21.630  -2.7292E+00
   21.640  -3.5432E+00
   21.650  -4.3968E+00
   21.660  -5.2199E+00
   21.670  -6.1941E+00
   21.680  -6.7297E+00
   21.690  -7.0070E+00
   21.700  -7.0198E+00
   21.710  -6.7961E+00
   21.720  -6.3938E+00
   21.730  -5.8794E+00
   21.740  -5.2999E+00
   21.750  -4.6772E+00
   21.760  -4.0191E+00
   21.770  -3.3239E+00
   21.780  -3.1003E+00
   21.790  -2.7170E+00
   21.800  -2.1383E+00
   21.810  -1.7100E+00
   21.820  -1.1796E+00
   21.830  -5.8831E-01
   21.840   4.5847E-02
   21.850   5.9257E-01
   21.860   8.8168E-01
   21.870   8.2831E-01
   21.880  -5.4710E-01
   21.890  -2.5951E-01
   21.900  -4.6293E-01
   21.910  -5.7922E-01
   21.920  -5.1038E-01
   21.930  -1.8995E-01
   21.940   3.2145E-01
   21.950   8.5122E-01
   21.960   1.2409E+00
   21.970   1.4438E+00
   21.980   1.5113E+00
   21.990   1.5339E+00
   22.000   1.7519E+00
   22.010   2.0385E+00
   22.020   2.4694E+00
   22.030   2.9189E+00
   22.040   2.9254E+00
   22.050   2.9238E+00
   22.060   2.6471E+00
   22.070   2.1746E+00
   22.080   1.5652E+00
   22.090   7.4776E-01
   22.100  -2.3206E-01
   22.110  -1.5561E+00
   22.120  -2.7877E+00
   22.130  -4.1017E+00
   22.140  -5.2566E+00
   22.150  -6.5543E+00
   22.160  -7.3016E+00
   22.170  -7.6161E+00
   22.180  -7.5368E+00
   22.190  -7.0900E+00
   22.200  -6.6052E+00
   22.210  -5.9495E+00
   22.220  -5.0434E+00
   22.230  -4.0027E+00
   22.240  -2.5271E+00
   22.250  -1.2196E+00
   22.260   2.4719E-02
   22.270   1.1321E+00
   22.280   1.9817E+00
   22.290   2.4558E+00
   22.300   2.5815E+00
   22.310   2.5587E+00
   22.320   2.5886E+00
   22.330   2.6932E+00
   22.340   1.9987E+00
   22.350   1.9836E+00
   22.360   1.8237E+00
   22.370   1.5598E+00
   22.380   1.2101E+00
   22.390   5.4849E-01
   22.400   1.3301E-01
   22.410  -1.1559E-01
   22.420  -2.0467E-01
   22.430  -2.4577E-01
   22.440   1.4496E-01
   22.450  -8.3643E-02
   22.460  -8.2426E-02
   22.470   8.1412E-01
   22.480   1.5984E+00
   22.490   2.5269E+00
   22.500   3.5880E+00
   22.510   4.0970E+00
   22.520   4.2358E+00
   22.530   3.9866E+00
   22.540   3.4309E+00
   22.550   2.7087E+00
   22.560   1.9557E+00
   22.570   1.2701E+00
   22.580   1.5621E+00
   22.590   1.1701E+00
   22.600   7.9318E-01
   22.610   3.8703E-01
   22.620  -8.2331E-02
   22.630  -5.7796E-01
   22.640  -1.0013E+00
   22.650  -1.4614E+00
   22.660  -1.6140E+00
   22.670  -1.7424E+00
   22.680  -2.0217E+00
   22.690  -2.4230E+00
   22.700  -2.8145E+00
   22.710  -3.0318E+00
   22.720  -2.9739E+00
   22.730  -2.6280E+00
   22.740  -2.0296E+00
   22.750  -1.2405E+00
   22.760  -3.6634E-01
   22.770   4.5599E-01
   22.780   1.0504E+00
   22.790   1.9605E+00
   22.800   2.0491E+00
   22.810   2.0684E+00
   22.820   1.8930E+00
   22.830   1.4654E+00
   22.840   9.4257E-01
   22.850   1.3175E-01
   22.860  -8.3969E-01
   22.870  -1.7932E+00
   22.880  -2.5026E+00
   22.890  -2.8372E+00
   22.900  -2.8240E+00
   22.910  -2.5598E+00
   22.920  -2.1039E+00
   22.930  -4.5136E-01
   22.940   2.5234E-01
   22.950   7.6492E-01
   22.960   1.4123E+00
   22.970   1.4167E+00
   22.980   1.5974E+00
   22.990   1.7317E+00
   23.000   1.6498E+00
   23.010   1.4916E+00
   23.020   1.3464E+00
   23.030   1.2827E+00
   23.040   1.7300E-01
   23.050   2.7917E-01
   23.060   4.1902E-01
   23.070   1.2732E-01
   23.080   1.1396E-01
   23.090   2.7856E-02
   23.100   3.5791E-01
   23.110  -3.0443E-01
   23.120  -4.1176E-01
   23.130  -6.8682E-01
   23.140  -1.1953E+00
   23.150  -1.6289E+00
   23.160  -2.0585E+00
   23.170  -2.5077E+00
   23.180  -2.9120E+00
   23.190  -2.9933E+00
   23.200  -3.0140E+00
   23.210  -2.7685E+00
   23.220  -2.3035E+00
   23.230  -1.6942E+00
   23.240  -1.0221E+00
   23.250  -3.4394E-01
   23.260   5.0573E-01
   23.270   1.2146E+00
   23.280   1.9311E+00
   23.290   2.5917E+00
   23.300   2.8018E+00
   23.310   3.1762E+00
   23.320   3.0805E+00
   23.330   2.6688E+00
   23.340   1.9729E+00
   23.350   1.2794E+00
   23.360   2.1946E-01
   23.370  -6.0225E-01
   23.380  -1.0665E+00
   23.390  -1.1984E+00
   23.400  -1.0971E+00
   23.410  -8.6712E-01
   23.420  -6.1813E-01
   23.430  -4.6953E-01
   23.440  -6.9106E-01
   23.450  -8.3986E-01
   23.460  -1.7148E+00
   23.470  -1.5711E+00
   23.480  -1.1407E+00
   23.490  -2.5559E-01
   23.500   1.0668E-01
   23.510   2.4417E-01
   23.520   1.8158E-01
   23.530   6.6684E-02
   23.540  -2.2013E-02
   23.550  -9.3497E-01
   23.560  -1.1878E+00
   23.570  -1.5593E+00
   23.580  -1.0990E+00
   23.590  -1.7236E+00
   23.600  -2.1486E+00
   23.610  -3.0380E+00
   23.620  -5.3559E+00
   23.630  -5.5892E+00
   23.640  -5.5655E+00
   23.650  -5.3265E+00
   23.660  -4.7714E+00
   23.670  -4.0040E+00
   23.680  -2.9029E+00
   23.690  -1.6300E+00
   23.700  -2.5723E-01
   23.710   1.1198E+00
   23.720   2.3416E+00
   23.730   3.2458E+00
   23.740   3.9006E+00
   23.750   4.3616E+00
   23.760   4.5621E+00
   23.770   4.9865E+00
   23.780   4.8152E+00
   23.790   4.4748E+00
   23.800   4.0403E+00
   23.810   3.5996E+00
   23.820   3.0273E+00
   23.830   2.5459E+00
   23.840   2.0492E+00
   23.850   1.4913E+00
   23.860   8.1966E-01
   23.870  -8.1014E-01
   23.880  -1.5682E+00
   23.890  -2.2297E+00
   23.900  -2.7112E+00
   23.910  -2.9662E+00
   23.920  -2.8865E+00
   23.930  -2.7482E+00
   23.940  -2.4197E+00
   23.950  -1.8771E+00
   23.960  -1.1285E+00
   23.970  -3.7258E-01
   23.980   4.2258E-01
   23.990   1.0314E+00
   24.000   1.7097E+00
   24.010   1.7656E+00
   24.020   1.6516E+00
   24.030   1.4691E+00
   24.040   8.6312E-01
   24.050   2.2860E-01
   24.060  -3.6759E-01
   24.070  -8.3877E-01
   24.080  -1.2018E+00
   24.090  -1.6485E+00
   24.100  -1.8640E+00
   24.110  -2.1733E+00
   24.120  -2.7770E+00
   24.130  -3.3483E+00
   24.140  -3.3874E+00
   24.150  -3.3579E+00
   24.160  -3.2215E+00
   24.170  -2.1452E+00
   24.180  -1.3336E+00
   24.190  -3.5501E-01
   24.200   3.8646E-01
   24.210   1.3253E+00
   24.220   2.1622E+00
   24.230   2.6602E+00
   24.240   2.8986E+00
   24.250   2.8767E+00
   24.260   2.6012E+00
   24.270   2.1449E+00
   24.280   1.6549E+00
   24.290   1.2639E+00
   24.300   9.7312E-01
   24.310   8.0587E-01
   24.320   6.8190E-01
   24.330   3.2779E-01
   24.340   3.2641E-01
   24.350   4.1170E-01
   24.360   5.8453E-01
   24.370   8.1756E-01
   24.380   1.0620E+00
   24.390   1.2355E+00
   24.400   1.3572E+00
   24.410   1.3298E+00
   24.420   1.6837E+00
   24.430   2.2800E+00
   24.440   2.4173E+00
   24.450   3.2221E+00
   24.460   3.9882E+00
   24.470   4.5870E+00
   24.480   4.8917E+00
   24.490   4.6910E+00
   24.500   4.1487E+00
   24.510   3.1948E+00
   24.520   1.9249E+00
   24.530   1.2990E+00
   24.540   1.3692E-01
   24.550  -1.0051E+00
   24.560  -2.0617E+00
   24.570  -2.9465E+00
   24.580  -3.5870E+00
   24.590  -3.9110E+00
   24.600  -4.0948E+00
   24.610  -4.2032E+00
   24.620  -4.2983E+00
   24.630  -4.4968E+00
   24.640  -4.7286E+00
   24.650  -4.9337E+00
   24.660  -5.0412E+00
   24.670  -4.9770E+00
   24.680  -4.6708E+00
   24.690  -4.3594E+00
   24.700  -3.6757E+00
   24.710  -2.7365E+00
   24.720  -1.7288E+00
   24.730  -7.3679E-01
   24.740   2.3126E-01
   24.750   1.1337E+00
   24.760   1.9579E+00
   24.770   2.5004E+00
   24.780   3.1224E+00
   24.790   3.4949E+00
   24.800   3.5601E+00
   24.810   3.3333E+00
   24.820   2.9082E+00
   24.830   2.4221E+00
   24.840   2.0080E+00
   24.850   2.4241E+00
   24.860   2.3727E+00
   24.870   2.2009E+00
   24.880   2.3769E+00
   24.890   2.5748E+00
   24.900   2.8321E+00
   24.910   3.1255E+00
   24.920   3.3843E+00
   24.930   3.4335E+00
   24.940   3.4236E+00
   24.950   3.2331E+00
   24.960   3.0128E+00
   24.970   2.6945E+00
   24.980   2.2778E+00
   24.990   1.7979E+00
   25.000   1.3229E+00
   25.010   4.6768E-01
   25.020   4.5614E-02
   25.030  -2.2111E-01
   25.040  -4.9349E-01
   25.050  -7.8639E-01
   25.060  -1.0856E+00
   25.070  -1.3851E+00
   25.080  -1.6988E+00
   25.090  -2.0277E+00
   25.100  -2.1480E+00
   25.110  -2.4023E+00
   25.120  -2.5859E+00
   25.130  -2.7482E+00
   25.140  -2.9322E+00
   25.150  -2.7032E+00
   25.160  -2.8319E+00
   25.170  -2.3112E+00
   25.180  -2.1074E+00
   25.190  -1.7252E+00
   25.200  -1.2337E+00
   25.210  -7.8674E-01
   25.220  -4.9721E-01
   25.230  -3.1746E-01
   25.240  -2.8529E-01
   25.250  -2.0470E-01
   25.260  -3.0367E-01
   25.270  -4.1755E-01
   25.280  -7.5885E-01
   25.290  -1.2001E+00
   25.300  -1.5806E+00
   25.310  -1.9087E+00
   25.320  -2.1638E+00
   25.330  -2.0595E+00
   25.340  -2.1541E+00
   25.350  -2.0773E+00
   25.360  -1.8414E+00
   25.370  -1.5028E+00
   25.380  -6.3660E-01
   25.390   2.5304E-02
   25.400   6.6837E-01
   25.410   1.1885E+00
   25.420   1.5462E+00
   25.430   1.7493E+00
   25.440   1.8615E+00
   25.450   1.9348E+00
   25.460   2.0136E+00
   25.470   2.1146E+00
   25.480   2.2500E+00
   25.490   2.3424E+00
   25.500   2.3849E+00
   25.510   2.3722E+00
   25.520   2.3098E+00
   25.530   2.2952E+00
   25.540   2.1539E+00
   25.550   1.8800E+00
   25.560   1.4523E+00
   25.570   8.9513E-01
   25.580   2.6334E-01
   25.590  -3.8450E-01
   25.600  -1.0656E+00
   25.610  -1.5894E+00
   25.620  -1.9184E+00
   25.630  -2.2670E+00
   25.640  -2.4064E+00
   25.650  -2.4415E+00
   25.660  -2.3711E+00
   25.670  -2.2206E+00
   25.680  -2.0522E+00
   25.690  -1.7109E+00
   25.700  -1.6765E+00
   25.710  -1.7410E+00
   25.720  -1.4691E+00
   25.730  -1.5169E+00
   25.740  -1.5242E+00
   25.750  -1.4808E+00
   25.760  -1.3786E+00
   25.770  -1.2136E+00
   25.780  -1.0000E+00
   25.790  -7.6603E-01
   25.800  -5.4208E-01
   25.810  -3.3180E-01
   25.820  -4.4772E-02
   25.830   3.3808E-01
   25.840   4.9616E-01
   25.850   6.5084E-01
   25.860   8.2681E-01
   25.870   9.5360E-01
   25.880   1.1150E+00
   25.890   1.2602E+00
   25.900   1.4082E+00
   25.910   1.5738E+00
   25.920   1.7563E+00
   25.930   1.9401E+00
   25.940   2.1043E+00
   25.950   2.2212E+00
   25.960   2.3642E+00
   25.970   2.4511E+00
   25.980   2.4669E+00
   25.990   2.4071E+00
   26.000   2.2957E+00
   26.010   2.1424E+00
   26.020   1.9683E+00
   26.030   1.7912E+00
   26.040   1.6198E+00
   26.050   1.4134E+00
   26.060   1.2189E+00
   26.070   7.4335E-01
   26.080   4.8893E-01
   26.090   1.5056E-01
   26.100  -2.2847E-01
   26.110  -5.8777E-01
   26.120  -8.5658E-01
   26.130  -9.8944E-01
   26.140  -9.7471E-01
   26.150  -9.1617E-01
   26.160  -8.3289E-01
   26.170  -7.3627E-01
   26.180  -6.6874E-01
   26.190  -6.4330E-01
   26.200  -6.6811E-01
   26.210  -7.3825E-01
   26.220  -8.3491E-01
   26.230  -9.3212E-01
   26.240  -1.0043E+00
   26.250  -1.0334E+00
   26.260  -1.0151E+00
   26.270  -9.5504E-01
   26.280  -8.8942E-01
   26.290  -7.8266E-01
   26.300  -6.4558E-01
   26.310  -5.0636E-01
   26.320  -3.9977E-01
   26.330  -3.3604E-01
   26.340   2.6121E-02
   26.350   4.6029E-02
   26.360   7.8592E-02
   26.370   1.1635E-01
   26.380   1.5290E-01
   26.390   2.0161E-01
   26.400   2.8717E-01
   26.410   4.2312E-01
   26.420   6.0004E-01
   26.430   7.9254E-01
   26.440   9.7334E-01
   26.450   9.7976E-01
   26.460   1.0651E+00
   26.470   1.0857E+00
   26.480   1.0122E+00
   26.490   8.3377E-01
   26.500   4.5530E-01
   26.510   1.7118E-01
   26.520  -9.9498E-02
   26.530  -2.7398E-01
   26.540  -3.8858E-01
   26.550  -4.6371E-01
   26.560  -5.2302E-01
   26.570  -5.7901E-01
   26.580  -6.2666E-01
   26.590  -6.5132E-01
   26.600  -4.9532E-01
   26.610  -5.2451E-01
   26.620  -5.3250E-01
   26.630  -5.0317E-01
   26.640  -4.1787E-01
   26.650  -9.5036E-02
   26.660   8.4631E-02
   26.670   2.0706E-01
   26.680   2.6142E-01
   26.690   2.7568E-01
   26.700   2.2434E-01
   26.710   1.8277E-01
   26.720   1.2102E-01
   26.730   4.0072E-02
   26.740  -5.8696E-02
   26.750  -1.7101E-01
   26.760  -2.8877E-01
   26.770  -4.0096E-01
   26.780  -4.9717E-01
   26.790  -5.7100E-01
   26.800  -6.1889E-01
   26.810  -5.8182E-01
   26.820  -5.5212E-01
   26.830  -5.0035E-01
   26.840  -4.4173E-01
   26.850  -2.1736E-01
   26.860  -2.0443E-01
   26.870  -2.3893E-01
   26.880  -2.8737E-01
   26.890  -3.4695E-01
   26.900  -4.0991E-01
   26.910  -4.6568E-01
   26.920  -5.0537E-01
   26.930  -5.2263E-01
   26.940  -5.1173E-01
   26.950  -3.8941E-01
   26.960  -3.8725E-01
   26.970  -3.6667E-01
   26.980  -3.2909E-01
   26.990  -2.9254E-01
   27.000  -2.3083E-01
   27.010  -1.7357E-01
   27.020  -1.3288E-01
   27.030  -1.1708E-01
   27.040  -1.2635E-01
   27.050  -1.4945E-01
   27.060  -1.6681E-01
   27.070  -1.6143E-01
   27.080  -1.4179E-01
   27.090  -9.4931E-02
   27.100  -4.1570E-02
   27.110   8.8947E-03
   27.120   5.4832E-02
   27.130   9.8522E-02
   27.140   1.4068E-01
   27.150   1.7975E-01
   27.160   2.1672E-01
   27.170   2.5815E-01
   27.180   3.1003E-01
   27.190   3.6739E-01
   27.200   4.0799E-01
   27.210   4.7101E-01
   27.220   4.5202E-01
   27.230   4.0921E-01
   27.240   3.6133E-01
   27.250   3.2212E-01
   27.260   3.0138E-01
   27.270   3.0608E-01
   27.280   3.3511E-01
   27.290   3.7640E-01
   27.300   4.1334E-01
   27.310   4.3268E-01
   27.320   4.2499E-01
   27.330   3.8336E-01
   27.340   3.0873E-01
   27.350   2.1476E-01
   27.360   1.2036E-01
   27.370   3.5944E-02
   27.380  -3.8032E-02
   27.390  -9.9133E-02
   27.400  -1.3696E-01
   27.410  -1.3429E-01
   27.420  -1.4112E-01
   27.430  -8.9831E-02
   27.440  -3.6292E-02
   27.450   1.4016E-02
   27.460   5.6164E-02
   27.470   8.4678E-02
   27.480   9.6936E-02
   27.490   9.3105E-02
   27.500   7.0011E-02
   27.510   2.0114E-02
   27.520  -5.8729E-02
   27.530  -1.5442E-01
   27.540  -2.4891E-01
   27.550  -3.2880E-01
   27.560  -3.9376E-01
   27.570  -4.7191E-01
   27.580  -5.2817E-01
   27.590  -5.7786E-01
   27.600  -6.4564E-01
   27.610  -6.7102E-01
   27.620  -6.6546E-01
   27.630  -6.2505E-01
   27.640  -4.3609E-01
   27.650  -3.6980E-01
   27.660  -2.6950E-01
   27.670  -1.4639E-01
   27.680  -3.9354E-02
   27.690   5.2520E-02
   27.700   1.2449E-01
   27.710   1.7717E-01
   27.720   2.1086E-01
   27.730   2.2446E-01
   27.740   2.2112E-01
   27.750   2.1162E-01
   27.760   2.0892E-01
   27.770   2.1954E-01
   27.780   2.4160E-01
   27.790   2.6980E-01
   27.800   2.9908E-01
   27.810   3.2366E-01
   27.820   3.3614E-01
   27.830  -5.5748E-02
   27.840  -6.2182E-02
   27.850  -6.1621E-02
   27.860  -5.9318E-02
   27.870  -6.0208E-02
   27.880  -6.3988E-02
   27.890  -6.7120E-02
   27.900  -5.9667E-02
   27.910  -5.0459E-02
   27.920  -4.0168E-02
   27.930  -2.9439E-02
   27.940  -1.6045E-02
   27.950   3.4437E-03
   27.960   3.0509E-02
   27.970   1.0716E-01
   27.980   9.4639E-02
   27.990   6.8604E-02
   28.000   2.9088E-02
   28.010   1.1907E-02
   28.020  -3.4757E-03
   28.030  -1.1119E-02
   28.040  -1.2110E-02
   28.050  -1.0128E-02
   28.060  -8.4694E-03
   28.070  -8.4077E-03
   28.080  -9.6781E-03
   28.090  -1.1720E-02
   28.100  -1.4571E-02
   28.110   4.6296E-03
   28.120  -1.5624E-03
   28.130  -7.7106E-03
   28.140  -1.1724E-02
   28.150  -1.2207E-02
   28.160  -1.0076E-02
   28.170  -7.7798E-03
   28.180  -6.3957E-03
   28.190  -3.7437E-03
   28.200   4.1056E-03
   28.210   1.9389E-02
   28.220   3.3126E-02
   28.230   5.0907E-02
   28.240   7.7196E-02
   28.250   1.0194E-01
   28.260   1.2333E-01
   28.270   1.3997E-01
   28.280   1.4551E-01
   28.290   1.4950E-01
   28.300   1.4796E-01
   28.310   1.3794E-01
   28.320   1.1665E-01
   28.330   8.4202E-02
   28.340   4.4601E-02
   28.350  -1.5496E-02
   28.360  -4.3505E-02
   28.370  -6.2274E-02
   28.380  -6.9661E-02
   28.390  -6.5524E-02
   28.400  -5.2475E-02
   28.410  -3.5189E-02
   28.420  -1.8429E-02
   28.430  -5.7536E-03
   28.440   2.2336E-02
   28.450   1.9073E-02
   28.460   7.5851E-03
   28.470  -9.8572E-03
   28.480  -3.0148E-02
   28.490  -2.1161E-02
   28.500   2.3273E-02
   28.510   1.9980E-02
   28.520   1.5722E-02
   28.530   1.1143E-02
   28.540   6.5824E-03
   28.550   2.1329E-03
   28.560  -2.0919E-03
   28.570  -5.8881E-03
   28.580  -9.0987E-03
   28.590  -1.1763E-02
   28.600  -1.5261E-02
   28.610  -1.7723E-02
   28.620  -2.0579E-02
   28.630  -2.3570E-02
   28.640  -2.5949E-02
   28.650  -2.7098E-02
   28.660  -2.7137E-02
   28.670  -2.6918E-02
   28.680  -2.5696E-02
   28.690  -2.7618E-02
   28.700  -3.0978E-02
   28.710  -3.5603E-02
   28.720  -4.1235E-02
   28.730  -4.7282E-02
   28.740  -5.2670E-02
   28.750  -5.6204E-02
   28.760  -5.7143E-02
   28.770  -5.5332E-02
   28.780  -5.0764E-02
   28.790  -4.3147E-02
   28.800  -3.2024E-02
   28.810  -1.7319E-02
   28.820   1.7806E-04
   28.830   1.8755E-02
   28.840   3.6372E-02
   28.850   5.1758E-02
   28.860   6.5208E-02
   28.870  -1.8677E-03
   28.880  -3.1197E-03
   28.890  -4.0799E-03
   28.900  -4.8450E-03
   28.910  -5.3519E-03
   28.920  -5.5002E-03
   28.930  -5.3640E-03
   28.940  -5.1494E-03
   28.950  -4.8886E-03
   28.960  -4.3037E-03
   28.970  -3.1182E-03
   28.980  -1.4677E-03
   28.990   1.1141E-04
   29.000   1.0953E-03
   29.010   1.2607E-03
   29.020   5.8051E-04
   29.030  -9.4722E-04
   29.040  -3.1802E-03
   29.050  -5.6156E-03
   29.060  -7.5292E-03
   29.070  -3.9758E-03
   29.080  -3.6201E-03
   29.090  -3.2803E-03
   29.100  -3.0746E-03
   29.110  -2.9188E-03
   29.120  -2.7024E-03
   29.130  -2.4411E-03
   29.140  -2.1986E-03
   29.150  -1.9258E-03
   29.160  -1.4886E-03
   29.170  -8.4174E-04
   29.180  -8.0953E-05
   29.190   6.9999E-04
   29.200   1.5190E-03
   29.210   2.4389E-03
   29.220   3.4632E-03
   29.230   4.5635E-03
   29.240   5.7426E-03
   29.250   6.9808E-03
   29.260   8.1401E-03
   29.270   9.0272E-03
   29.280   9.5694E-03
   29.290   9.8438E-03
   29.300   9.8813E-03
   29.310   9.5299E-03
   29.320   8.6149E-03
   29.330   7.2274E-03
   29.340   5.7588E-03
   29.350   4.6089E-03
   29.360   3.9003E-03
   29.370   3.5035E-03
   29.380   3.2690E-03
   29.390   3.1552E-03
   29.400   3.1520E-03
   29.410   3.1981E-03
   29.420   3.2452E-03
   29.430   3.3675E-03
   29.440   3.7201E-03
   29.450   4.3580E-03
   29.460   5.1218E-03
   29.470   5.7408E-03
   29.480   6.0529E-03
   29.490   6.1230E-03
   29.500   2.5979E-03
   29.510   1.9577E-03
   29.520   1.5146E-03
   29.530   1.2662E-03
   29.540  -1.7116E-03
   29.550  -2.8224E-03
   29.560  -3.9518E-03
   29.570  -5.1888E-03
   29.580  -6.5164E-03
   29.590  -7.7904E-03
   29.600  -8.8053E-03
   29.610  -9.3765E-03
   29.620  -9.3806E-03
   29.630  -8.7436E-03
   29.640  -7.4156E-03
   29.650  -5.3755E-03
   29.660  -2.6831E-03
   29.670   4.6032E-04
   29.680   3.7014E-03
   29.690   6.5991E-03
   29.700   3.9533E-03
   29.710   4.9387E-03
   29.720   5.5133E-03
   29.730   5.7968E-03
   29.740   5.9218E-03
   29.750   5.9223E-03
   29.760   5.7363E-03
   29.770   5.3028E-03
   29.780   4.6333E-03
   29.790   3.8036E-03
   29.800   2.9141E-03
   29.810   2.0604E-03
   29.820   1.3119E-03
   29.830   7.0482E-04
   29.840   2.7278E-04
   29.850   8.1205E-05
   29.860   1.9516E-04
   29.870   5.9083E-04
   29.880   1.1230E-03
   29.890   1.6030E-03
   29.900   1.8976E-03
   29.910   1.9495E-03
   29.920   1.7509E-03
   29.930   1.3482E-03
   29.940   8.5631E-04
   29.950   4.1035E-04
   29.960   8.3923E-05
   29.970  -1.3002E-04
   29.980  -2.7207E-04
   29.990  -3.9459E-04
   30.000  -5.8331E-04
   30.010  -1.2987E-03
   30.020  -1.6965E-03
   30.030  -2.1521E-03
   30.040  -2.6947E-03
   30.050  -3.3695E-03
   30.060  -4.1812E-03
   30.070  -5.0340E-03
   30.080  -5.7725E-03
   30.090  -6.2890E-03
   30.100  -6.5707E-03
   30.110  -6.6374E-03
   30.120  -6.4555E-03
   30.130  -5.9112E-03
   30.140  -4.8489E-03
   30.150  -3.1535E-03
   30.160   6.1941E-04
   30.170   2.9800E-03
   30.180   5.0180E-03
   30.190   6.3114E-03
   30.200   6.7455E-03
   30.210   6.5134E-03
   30.220   5.8989E-03
   30.230   5.0763E-03
   30.240   4.1021E-03
   30.250   3.0311E-03
   30.260   1.9830E-03
   30.270   1.1006E-03
   30.280   4.8124E-04
   30.290   1.4771E-04
   30.300   4.8288E-05
   30.310   7.0950E-05
   30.320   9.8753E-05
   30.330   8.5837E-05
   30.340   5.7065E-05
   30.350   2.6712E-06
   30.360  -1.9361E-04
   30.370  -6.5352E-04
   30.380  -1.3232E-03
   30.390  -1.9537E-03
   30.400  -2.3001E-03
   30.410  -2.3108E-03
   30.420  -2.0982E-03
   30.430  -1.7730E-03
   30.440  -1.3644E-03
   30.450  -8.7839E-04
   30.460  -3.6543E-04
   30.470   7.5820E-05
   30.480   3.0559E-04
   30.490   1.4429E-04
   30.500  -5.6180E-04
   30.510  -1.8084E-03
   30.520  -3.3697E-03
   30.530  -4.8956E-03
   30.540  -6.0804E-03
   30.550  -6.7600E-03
   30.560  -6.9134E-03
   30.570  -6.6345E-03
   30.580  -6.0927E-03
   30.590  -5.4534E-03
   30.600  -4.7887E-03
   30.610  -4.0515E-03
   30.620  -3.1276E-03
   30.630  -1.9177E-03
   30.640  -4.1280E-04
   30.650   1.2588E-03
   30.660   2.8504E-03
   30.670   4.1014E-03
   30.680   4.8477E-03
   30.690   5.0434E-03
   30.700   4.7037E-03
   30.710   3.8715E-03
   30.720   2.6305E-03
   30.730   1.0981E-03
   30.740  -6.0912E-04
   30.750  -2.3600E-03
   30.760  -3.9490E-03
   30.770  -5.1252E-03
   30.780  -5.7519E-03
   30.790  -5.9120E-03
   30.800  -5.7915E-03
   30.810  -5.4762E-03
   30.820  -4.9408E-03
   30.830  -4.2408E-03
   30.840  -3.6208E-03
   30.850  -3.3564E-03
   30.860  -3.5073E-03
   30.870  -3.8653E-03
   30.880  -4.1173E-03
   30.890  -4.0227E-03
   30.900  -3.4792E-03
   30.910  -2.5124E-03
   30.920  -1.2404E-03
   30.930   1.9575E-04
   30.940   1.7033E-03
   30.950   3.2285E-03
   30.960   0.0000E+00
   30.970   0.0000E+00
   30.980   0.0000E+00
   30.990   0.0000E+00
   31.000   0.0000E+00
   31.010   0.0000E+00
   31.020   0.0000E+00
   31.030   0.0000E+00
   31.040   0.0000E+00
   31.050   0.0000E+00
   31.060   0.0000E+00
   31.070   0.0000E+00
   31.080   0.0000E+00
   31.090   0.0000E+00
   31.100   0.0000E+00
   31.110   0.0000E+00
   31.120   0.0000E+00
   31.130   0.0000E+00
   31.140   0.0000E+00
   31.150   0.0000E+00
   31.160   0.0000E+00
   31.170   0.0000E+00
   31.180   0.0000E+00
   31.190   0.0000E+00
   31.200   0.0000E+00
   31.210   0.0000E+00
   31.220   0.0000E+00
   31.230   0.0000E+00
   31.240   0.0000E+00
   31.250   0.0000E+00
   31.260   0.0000E+00
   31.270   0.0000E+00
   31.280   0.0000E+00
   31.290   0.0000E+00
   31.300   0.0000E+00
   31.310   0.0000E+00
   31.320   0.0000E+00
   31.330   0.0000E+00
   31.340   0.0000E+00
   31.350   0.0000E+00
   31.360   0.0000E+00
   31.370   0.0000E+00
   31.380   0.0000E+00
   31.390   0.0000E+00
   31.400   0.0000E+00
   31.410   0.0000E+00
   31.420   0.0000E+00
   31.430   0.0000E+00
   31.440   0.0000E+00
   31.450   0.0000E+00
   31.460   0.0000E+00
   31.470   0.0000E+00
   31.480   0.0000E+00
   31.490   0.0000E+00
   31.500   0.0000E+00
   31.510   0.0000E+00
   31.520   0.0000E+00
   31.530   0.0000E+00
   31.540   0.0000E+00
   31.550   0.0000E+00
   31.560   0.0000E+00
   31.570   0.0000E+00
   31.580   0.0000E+00
   31.590   0.0000E+00
   31.600   0.0000E+00
   31.610   0.0000E+00
   31.620   0.0000E+00
   31.630   0.0000E+00
   31.640   0.0000E+00
   31.650   0.0000E+00
   31.660   0.0000E+00
   31.670   0.0000E+00
   31.680   0.0000E+00
   31.690   0.0000E+00
   31.700   0.0000E+00
   31.710   0.0000E+00
   31.720   0.0000E+00
   31.730   0.0000E+00
   31.740   0.0000E+00
   31.750   0.0000E+00
   31.760   0.0000E+00
   31.770   0.0000E+00
   31.780   0.0000E+00
   31.790   0.0000E+00
   31.800   0.0000E+00
   31.810   0.0000E+00
   31.820   0.0000E+00
   31.830   0.0000E+00
   31.840   0.0000E+00
   31.850   0.0000E+00
   31.860   0.0000E+00
   31.870   0.0000E+00
   31.880   0.0000E+00
   31.890   0.0000E+00
   31.900   0.0000E+00
   31.910   0.0000E+00
   31.920   0.0000E+00
   31.930   0.0000E+00
   31.940   0.0000E+00
   31.950   0.0000E+00
   31.960   0.0000E+00
   31.970   0.0000E+00
   31.980   0.0000E+00
   31.990   0.0000E+00
   32.000   0.0000E+00
   32.010   0.0000E+00
   32.020   0.0000E+00
   32.030   0.0000E+00
   32.040   0.0000E+00
   32.050   0.0000E+00
   32.060   0.0000E+00
   32.070   0.0000E+00
   32.080   0.0000E+00
   32.090   0.0000E+00
   32.100   0.0000E+00
   32.110   0.0000E+00
   32.120   0.0000E+00
   32.130   0.0000E+00
   32.140   0.0000E+00
   32.150   0.0000E+00
   32.160   0.0000E+00
   32.170   0.0000E+00
   32.180   0.0000E+00
   32.190   0.0000E+00
   32.200   0.0000E+00
   32.210   0.0000E+00
   32.220   0.0000E+00
   32.230   0.0000E+00
   32.240   0.0000E+00
   32.250   0.0000E+00
   32.260   0.0000E+00
   32.270   0.0000E+00
   32.280   0.0000E+00
   32.290   0.0000E+00
   32.300   0.0000E+00
   32.310   0.0000E+00
   32.320   0.0000E+00
   32.330   0.0000E+00
   32.340   0.0000E+00
   32.350   0.0000E+00
   32.360   0.0000E+00
   32.370   0.0000E+00
   32.380   0.0000E+00
   32.390   0.0000E+00
   32.400   0.0000E+00
   32.410   0.0000E+00
   32.420   0.0000E+00
   32.430   0.0000E+00
   32.440   0.0000E+00
   32.450   0.0000E+00
   32.460   0.0000E+00
   32.470   0.0000E+00
   32.480   0.0000E+00
   32.490   0.0000E+00
   32.500   0.0000E+00
   32.510   0.0000E+00
   32.520   0.0000E+00
   32.530   0.0000E+00
   32.540   0.0000E+00
   32.550   0.0000E+00
   32.560   0.0000E+00
   32.570   0.0000E+00
   32.580   0.0000E+00
   32.590   0.0000E+00
   32.600   0.0000E+00
   32.610   0.0000E+00
   32.620   0.0000E+00
   32.630   0.0000E+00
   32.640   0.0000E+00
   32.650   0.0000E+00
   32.660   0.0000E+00
   32.670   0.0000E+00
   32.680   0.0000E+00
   32.690   0.0000E+00
   32.700   0.0000E+00
   32.710   0.0000E+00
   32.720   0.0000E+00
   32.730   0.0000E+00
   32.740   0.0000E+00
   32.750   0.0000E+00
   32.760   0.0000E+00
   32.770   0.0000E+00
   32.780   0.0000E+00
   32.790   0.0000E+00
   32.800   0.0000E+00
   32.810   0.0000E+00
   32.820   0.0000E+00
   32.830   0.0000E+00
   32.840   0.0000E+00
   32.850   0.0000E+00
   32.860   0.0000E+00
   32.870   0.0000E+00
   32.880   0.0000E+00
   32.890   0.0000E+00
   32.900   0.0000E+00
   32.910   0.0000E+00
   32.920   0.0000E+00
   32.930   0.0000E+00
   32.940   0.0000E+00
   32.950   0.0000E+00
   32.960   0.0000E+00
   32.970   0.0000E+00
   32.980   0.0000E+00
   32.990   0.0000E+00
   33.000   0.0000E+00
   33.010   0.0000E+00
   33.020   0.0000E+00
   33.030   0.0000E+00
   33.040   0.0000E+00
   33.050   0.0000E+00
   33.060   0.0000E+00
   33.070   0.0000E+00
   33.080   0.0000E+00
   33.090   0.0000E+00
   33.100   0.0000E+00
   33.110   0.0000E+00
   33.120   0.0000E+00
   33.130   0.0000E+00
   33.140   0.0000E+00
   33.150   0.0000E+00
   33.160   0.0000E+00
   33.170   0.0000E+00
   33.180   0.0000E+00
   33.190   0.0000E+00
   33.200   0.0000E+00
   33.210   0.0000E+00
   33.220   0.0000E+00
   33.230   0.0000E+00
   33.240   0.0000E+00
   33.250   0.0000E+00
   33.260   0.0000E+00
   33.270   0.0000E+00
   33.280   0.0000E+00
   33.290   0.0000E+00
   33.300   0.0000E+00
   33.310   0.0000E+00
   33.320   0.0000E+00
   33.330   0.0000E+00
   33.340   0.0000E+00
   33.350   0.0000E+00
   33.360   0.0000E+00
   33.370   0.0000E+00
   33.380   0.0000E+00
   33.390   0.0000E+00
   33.400   0.0000E+00
   33.410   0.0000E+00
   33.420   0.0000E+00
   33.430   0.0000E+00
   33.440   0.0000E+00
   33.450   0.0000E+00
   33.460   0.0000E+00
   33.470   0.0000E+00
   33.480   0.0000E+00
   33.490   0.0000E+00
   33.500   0.0000E+00
   33.510   0.0000E+00
   33.520   0.0000E+00
   33.530   0.0000E+00
   33.540   0.0000E+00
   33.550   0.0000E+00
   33.560   0.0000E+00
   33.570   0.0000E+00
   33.580   0.0000E+00
   33.590   0.0000E+00
   33.600   0.0000E+00
   33.610   0.0000E+00
   33.620   0.0000E+00
   33.630   0.0000E+00
   33.640   0.0000E+00
   33.650   0.0000E+00
   33.660   0.0000E+00
   33.670   0.0000E+00
   33.680   0.0000E+00
   33.690   0.0000E+00
   33.700   0.0000E+00
   33.710   0.0000E+00
   33.720   0.0000E+00
   33.730   0.0000E+00
   33.740   0.0000E+00
   33.750   0.0000E+00
   33.760   0.0000E+00
   33.770   0.0000E+00
   33.780   0.0000E+00
   33.790   0.0000E+00
   33.800   0.0000E+00
   33.810   0.0000E+00
   33.820   0.0000E+00
   33.830   0.0000E+00
   33.840   0.0000E+00
   33.850   0.0000E+00
   33.860   0.0000E+00
   33.870   0.0000E+00
   33.880   0.0000E+00
   33.890   0.0000E+00
   33.900   0.0000E+00
   33.910   0.0000E+00
   33.920   0.0000E+00
   33.930   0.0000E+00
   33.940   0.0000E+00
   33.950   0.0000E+00
   33.960   0.0000E+00
   33.970   0.0000E+00
   33.980   0.0000E+00
   33.990   0.0000E+00
   34.000   0.0000E+00
   34.010   0.0000E+00
   34.020   0.0000E+00
   34.030   0.0000E+00
   34.040   0.0000E+00
   34.050   0.0000E+00
   34.060   0.0000E+00
   34.070   0.0000E+00
   34.080   0.0000E+00
   34.090   0.0000E+00
   34.100   0.0000E+00
   34.110   0.0000E+00
   34.120   0.0000E+00
   34.130   0.0000E+00
   34.140   0.0000E+00
   34.150   0.0000E+00
   34.160   0.0000E+00
   34.170   0.0000E+00
   34.180   0.0000E+00
   34.190   0.0000E+00
   34.200   0.0000E+00
   34.210   0.0000E+00
   34.220   0.0000E+00
   34.230   0.0000E+00
   34.240   0.0000E+00
   34.250   0.0000E+00
   34.260   0.0000E+00
   34.270   0.0000E+00
   34.280   0.0000E+00
   34.290   0.0000E+00
   34.300   0.0000E+00
   34.310   0.0000E+00
   34.320   0.0000E+00
   34.330   0.0000E+00
   34.340   0.0000E+00
   34.350   0.0000E+00
   34.360   0.0000E+00
   34.370   0.0000E+00
   34.380   0.0000E+00
   34.390   0.0000E+00
   34.400   0.0000E+00
   34.410   0.0000E+00
   34.420   0.0000E+00
   34.430   0.0000E+00
   34.440   0.0000E+00
   34.450   0.0000E+00
   34.460   0.0000E+00
   34.470   0.0000E+00
   34.480   0.0000E+00
   34.490   0.0000E+00
   34.500   0.0000E+00
   34.510   0.0000E+00
   34.520   0.0000E+00
   34.530   0.0000E+00
   34.540   0.0000E+00
   34.550   0.0000E+00
   34.560   0.0000E+00
   34.570   0.0000E+00
   34.580   0.0000E+00
   34.590   0.0000E+00
   34.600   0.0000E+00
   34.610   0.0000E+00
   34.620   0.0000E+00
   34.630   0.0000E+00
   34.640   0.0000E+00
   34.650   0.0000E+00
   34.660   0.0000E+00
   34.670   0.0000E+00
   34.680   0.0000E+00
   34.690   0.0000E+00
   34.700   0.0000E+00
   34.710   0.0000E+00
   34.720   0.0000E+00
   34.730   0.0000E+00
   34.740   0.0000E+00
   34.750   0.0000E+00
   34.760   0.0000E+00
   34.770   0.0000E+00
   34.780   0.0000E+00
   34.790   0.0000E+00
   34.800   0.0000E+00
   34.810   0.0000E+00
   34.820   0.0000E+00
   34.830   0.0000E+00
   34.840   0.0000E+00
   34.850   0.0000E+00
   34.860   0.0000E+00
   34.870   0.0000E+00
   34.880   0.0000E+00
   34.890   0.0000E+00
   34.900   0.0000E+00
   34.910   0.0000E+00
   34.920   0.0000E+00
   34.930   0.0000E+00
   34.940   0.0000E+00
   34.950   0.0000E+00
   34.960   0.0000E+00
   34.970   0.0000E+00
   34.980   0.0000E+00
   34.990   0.0000E+00
   35.000   0.0000E+00
   35.010   0.0000E+00
   35.020   0.0000E+00
   35.030   0.0000E+00
   35.040   0.0000E+00
   35.050   0.0000E+00
   35.060   0.0000E+00
   35.070   0.0000E+00
   35.080   0.0000E+00
   35.090   0.0000E+00
   35.100   0.0000E+00
   35.110   0.0000E+00
   35.120   0.0000E+00
   35.130   0.0000E+00
   35.140   0.0000E+00
   35.150   0.0000E+00
   35.160   0.0000E+00
   35.170   0.0000E+00
   35.180   0.0000E+00
   35.190   0.0000E+00
   35.200   0.0000E+00
   35.210   0.0000E+00
   35.220   0.0000E+00
   35.230   0.0000E+00
   35.240   0.0000E+00
   35.250   0.0000E+00
   35.260   0.0000E+00
   35.270   0.0000E+00
   35.280   0.0000E+00
   35.290   0.0000E+00
   35.300   0.0000E+00
   35.310   0.0000E+00
   35.320   0.0000E+00
   35.330   0.0000E+00
   35.340   0.0000E+00
   35.350   0.0000E+00
   35.360   0.0000E+00
   35.370   0.0000E+00
   35.380   0.0000E+00
   35.390   0.0000E+00
   35.400   0.0000E+00
   35.410   0.0000E+00
   35.420   0.0000E+00
   35.430   0.0000E+00
   35.440   0.0000E+00
   35.450   0.0000E+00
   35.460   0.0000E+00
   35.470   0.0000E+00
   35.480   0.0000E+00
   35.490   0.0000E+00
   35.500   0.0000E+00
   35.510   0.0000E+00
   35.520   0.0000E+00
   35.530   0.0000E+00
   35.540   0.0000E+00
   35.550   0.0000E+00
   35.560   0.0000E+00
   35.570   0.0000E+00
   35.580   0.0000E+00
   35.590   0.0000E+00
   35.600   0.0000E+00
   35.610   0.0000E+00
   35.620   0.0000E+00
   35.630   0.0000E+00
   35.640   0.0000E+00
   35.650   0.0000E+00
   35.660   0.0000E+00
   35.670   0.0000E+00
   35.680   0.0000E+00
   35.690   0.0000E+00
   35.700   0.0000E+00
   35.710   0.0000E+00
   35.720   0.0000E+00
   35.730   0.0000E+00
   35.740   0.0000E+00
   35.750   0.0000E+00
   35.760   0.0000E+00
   35.770   0.0000E+00
   35.780   0.0000E+00
   35.790   0.0000E+00
   35.800   0.0000E+00
   35.810   0.0000E+00
   35.820   0.0000E+00
   35.830   0.0000E+00
   35.840   0.0000E+00
   35.850   0.0000E+00
   35.860   0.0000E+00
   35.870   0.0000E+00
   35.880   0.0000E+00
   35.890   0.0000E+00
   35.900   0.0000E+00
   35.910   0.0000E+00
   35.920   0.0000E+00
   35.930   0.0000E+00
   35.940   0.0000E+00
   35.950   0.0000E+00
   35.960   0.0000E+00
   35.970   0.0000E+00
   35.980   0.0000E+00
   35.990   0.0000E+00
   36.000   0.0000E+00
   36.010   0.0000E+00
   36.020   0.0000E+00
   36.030   0.0000E+00
   36.040   0.0000E+00
   36.050   0.0000E+00
   36.060   0.0000E+00
   36.070   0.0000E+00
   36.080   0.0000E+00
   36.090   0.0000E+00
   36.100   0.0000E+00
   36.110   0.0000E+00
   36.120   0.0000E+00
   36.130   0.0000E+00
   36.140   0.0000E+00
   36.150   0.0000E+00
   36.160   0.0000E+00
   36.170   0.0000E+00
   36.180   0.0000E+00
   36.190   0.0000E+00
   36.200   0.0000E+00
   36.210   0.0000E+00
   36.220   0.0000E+00
   36.230   0.0000E+00
   36.240   0.0000E+00
   36.250   0.0000E+00
   36.260   0.0000E+00
   36.270   0.0000E+00
   36.280   0.0000E+00
   36.290   0.0000E+00
   36.300   0.0000E+00
   36.310   0.0000E+00
   36.320   0.0000E+00
   36.330   0.0000E+00
   36.340   0.0000E+00
   36.350   0.0000E+00
   36.360   0.0000E+00
   36.370   0.0000E+00
   36.380   0.0000E+00
   36.390   0.0000E+00
   36.400   0.0000E+00
   36.410   0.0000E+00
   36.420   0.0000E+00
   36.430   0.0000E+00
   36.440   0.0000E+00
   36.450   0.0000E+00
   36.460   0.0000E+00
   36.470   0.0000E+00
   36.480   0.0000E+00
   36.490   0.0000E+00
   36.500   0.0000E+00
   36.510   0.0000E+00
   36.520   0.0000E+00
   36.530   0.0000E+00
   36.540   0.0000E+00
   36.550   0.0000E+00
   36.560   0.0000E+00
   36.570   0.0000E+00
   36.580   0.0000E+00
   36.590   0.0000E+00
   36.600   0.0000E+00
   36.610   0.0000E+00
   36.620   0.0000E+00
   36.630   0.0000E+00
   36.640   0.0000E+00
   36.650   0.0000E+00
   36.660   0.0000E+00
   36.670   0.0000E+00
   36.680   0.0000E+00
   36.690   0.0000E+00
   36.700   0.0000E+00
   36.710   0.0000E+00
   36.720   0.0000E+00
   36.730   0.0000E+00
   36.740   0.0000E+00
   36.750   0.0000E+00
   36.760   0.0000E+00
   36.770   0.0000E+00
   36.780   0.0000E+00
   36.790   0.0000E+00
   36.800   0.0000E+00
   36.810   0.0000E+00
   36.820   0.0000E+00
   36.830   0.0000E+00
   36.840   0.0000E+00
   36.850   0.0000E+00
   36.860   0.0000E+00
   36.870   0.0000E+00
   36.880   0.0000E+00
   36.890   0.0000E+00
   36.900   0.0000E+00
   36.910   0.0000E+00
   36.920   0.0000E+00
   36.930   0.0000E+00
   36.940   0.0000E+00
   36.950   0.0000E+00
   36.960   0.0000E+00
   36.970   0.0000E+00
   36.980   0.0000E+00
   36.990   0.0000E+00
   37.000   0.0000E+00
   37.010   0.0000E+00
   37.020   0.0000E+00
   37.030   0.0000E+00
   37.040   0.0000E+00
   37.050   0.0000E+00
   37.060   0.0000E+00
   37.070   0.0000E+00
   37.080   0.0000E+00
   37.090   0.0000E+00
   37.100   0.0000E+00
   37.110   0.0000E+00
   37.120   0.0000E+00
   37.130   0.0000E+00
   37.140   0.0000E+00
   37.150   0.0000E+00
   37.160   0.0000E+00
   37.170   0.0000E+00
   37.180   0.0000E+00
   37.190   0.0000E+00
   37.200   0.0000E+00
   37.210   0.0000E+00
   37.220   0.0000E+00
   37.230   0.0000E+00
   37.240   0.0000E+00
   37.250   0.0000E+00
   37.260   0.0000E+00
   37.270   0.0000E+00
   37.280   0.0000E+00
   37.290   0.0000E+00
   37.300   0.0000E+00
   37.310   0.0000E+00
   37.320   0.0000E+00
   37.330   0.0000E+00
   37.340   0.0000E+00
   37.350   0.0000E+00
   37.360   0.0000E+00
   37.370   0.0000E+00
   37.380   0.0000E+00
   37.390   0.0000E+00
   37.400   0.0000E+00
   37.410   0.0000E+00
   37.420   0.0000E+00
   37.430   0.0000E+00
   37.440   0.0000E+00
   37.450   0.0000E+00
   37.460   0.0000E+00
   37.470   0.0000E+00
   37.480   0.0000E+00
   37.490   0.0000E+00
   37.500   0.0000E+00
   37.510   0.0000E+00
   37.520   0.0000E+00
   37.530   0.0000E+00
   37.540   0.0000E+00
   37.550   0.0000E+00
   37.560   0.0000E+00
   37.570   0.0000E+00
   37.580   0.0000E+00
   37.590   0.0000E+00
   37.600   0.0000E+00
   37.610   0.0000E+00
   37.620   0.0000E+00
   37.630   0.0000E+00
   37.640   0.0000E+00
   37.650   0.0000E+00
   37.660   0.0000E+00
   37.670   0.0000E+00
   37.680   0.0000E+00
   37.690   0.0000E+00
   37.700   0.0000E+00
   37.710   0.0000E+00
   37.720   0.0000E+00
   37.730   0.0000E+00
   37.740   0.0000E+00
   37.750   0.0000E+00
   37.760   0.0000E+00
   37.770   0.0000E+00
   37.780   0.0000E+00
   37.790   0.0000E+00
   37.800   0.0000E+00
   37.810   0.0000E+00
   37.820   0.0000E+00
   37.830   0.0000E+00
   37.840   0.0000E+00
   37.850   0.0000E+00
   37.860   0.0000E+00
   37.870   0.0000E+00
   37.880   0.0000E+00
   37.890   0.0000E+00
   37.900   0.0000E+00
   37.910   0.0000E+00
   37.920   0.0000E+00
   37.930   0.0000E+00
   37.940   0.0000E+00
   37.950   0.0000E+00
   37.960   0.0000E+00
   37.970   0.0000E+00
   37.980   0.0000E+00
   37.990   0.0000E+00
   38.000   0.0000E+00
   38.010   0.0000E+00
   38.020   0.0000E+00
   38.030   0.0000E+00
   38.040   0.0000E+00
   38.050   0.0000E+00
   38.060   0.0000E+00
   38.070   0.0000E+00
   38.080   0.0000E+00
   38.090   0.0000E+00
   38.100   0.0000E+00
   38.110   0.0000E+00
   38.120   0.0000E+00
   38.130   0.0000E+00
   38.140   0.0000E+00
   38.150   0.0000E+00
   38.160   0.0000E+00
   38.170   0.0000E+00
   38.180   0.0000E+00
   38.190   0.0000E+00
   38.200   0.0000E+00
   38.210   0.0000E+00
   38.220   0.0000E+00
   38.230   0.0000E+00
   38.240   0.0000E+00
   38.250   0.0000E+00
   38.260   0.0000E+00
   38.270   0.0000E+00
   38.280   0.0000E+00
   38.290   0.0000E+00
   38.300   0.0000E+00
   38.310   0.0000E+00
   38.320   0.0000E+00
   38.330   0.0000E+00
   38.340   0.0000E+00
   38.350   0.0000E+00
   38.360   0.0000E+00
   38.370   0.0000E+00
   38.380   0.0000E+00
   38.390   0.0000E+00
   38.400   0.0000E+00
   38.410   0.0000E+00
   38.420   0.0000E+00
   38.430   0.0000E+00
   38.440   0.0000E+00
   38.450   0.0000E+00
   38.460   0.0000E+00
   38.470   0.0000E+00
   38.480   0.0000E+00
   38.490   0.0000E+00
   38.500   0.0000E+00
   38.510   0.0000E+00
   38.520   0.0000E+00
   38.530   0.0000E+00
   38.540   0.0000E+00
   38.550   0.0000E+00
   38.560   0.0000E+00
   38.570   0.0000E+00
   38.580   0.0000E+00
   38.590   0.0000E+00
   38.600   0.0000E+00
   38.610   0.0000E+00
   38.620   0.0000E+00
   38.630   0.0000E+00
   38.640   0.0000E+00
   38.650   0.0000E+00
   38.660   0.0000E+00
   38.670   0.0000E+00
   38.680   0.0000E+00
   38.690   0.0000E+00
   38.700   0.0000E+00
   38.710   0.0000E+00
   38.720   0.0000E+00
   38.730   0.0000E+00
   38.740   0.0000E+00
   38.750   0.0000E+00
   38.760   0.0000E+00
   38.770   0.0000E+00
   38.780   0.0000E+00
   38.790   0.0000E+00
   38.800   0.0000E+00
   38.810   0.0000E+00
   38.820   0.0000E+00
   38.830   0.0000E+00
   38.840   0.0000E+00
   38.850   0.0000E+00
   38.860   0.0000E+00
   38.870   0.0000E+00
   38.880   0.0000E+00
   38.890   0.0000E+00
   38.900   0.0000E+00
   38.910   0.0000E+00
   38.920   0.0000E+00
   38.930   0.0000E+00
   38.940   0.0000E+00
   38.950   0.0000E+00
   38.960   0.0000E+00
   38.970   0.0000E+00
   38.980   0.0000E+00
   38.990   0.0000E+00
   39.000   0.0000E+00
   39.010   0.0000E+00
   39.020   0.0000E+00
   39.030   0.0000E+00
   39.040   0.0000E+00
   39.050   0.0000E+00
   39.060   0.0000E+00
   39.070   0.0000E+00
   39.080   0.0000E+00
   39.090   0.0000E+00
   39.100   0.0000E+00
   39.110   0.0000E+00
   39.120   0.0000E+00
   39.130   0.0000E+00
   39.140   0.0000E+00
   39.150   0.0000E+00
   39.160   0.0000E+00
   39.170   0.0000E+00
   39.180   0.0000E+00
   39.190   0.0000E+00
   39.200   0.0000E+00
   39.210   0.0000E+00
   39.220   0.0000E+00
   39.230   0.0000E+00
   39.240   0.0000E+00
   39.250   0.0000E+00
   39.260   0.0000E+00
   39.270   0.0000E+00
   39.280   0.0000E+00
   39.290   0.0000E+00
   39.300   0.0000E+00
   39.310   0.0000E+00
   39.320   0.0000E+00
   39.330   0.0000E+00
   39.340   0.0000E+00
   39.350   0.0000E+00
   39.360   0.0000E+00
   39.370   0.0000E+00
   39.380   0.0000E+00
   39.390   0.0000E+00
   39.400   0.0000E+00
   39.410   0.0000E+00
   39.420   0.0000E+00
   39.430   0.0000E+00
   39.440   0.0000E+00
   39.450   0.0000E+00
   39.460   0.0000E+00
   39.470   0.0000E+00
   39.480   0.0000E+00
   39.490   0.0000E+00
   39.500   0.0000E+00
   39.510   0.0000E+00
   39.520   0.0000E+00
   39.530   0.0000E+00
   39.540   0.0000E+00
   39.550   0.0000E+00
   39.560   0.0000E+00
   39.570   0.0000E+00
   39.580   0.0000E+00
   39.590   0.0000E+00
   39.600   0.0000E+00
   39.610   0.0000E+00
   39.620   0.0000E+00
   39.630   0.0000E+00
   39.640   0.0000E+00
   39.650   0.0000E+00
   39.660   0.0000E+00
   39.670   0.0000E+00
   39.680   0.0000E+00
   39.690   0.0000E+00
   39.700   0.0000E+00
   39.710   0.0000E+00
   39.720   0.0000E+00
   39.730   0.0000E+00
   39.740   0.0000E+00
   39.750   0.0000E+00
   39.760   0.0000E+00
   39.770   0.0000E+00
   39.780   0.0000E+00
   39.790   0.0000E+00
   39.800   0.0000E+00
   39.810   0.0000E+00
   39.820   0.0000E+00
   39.830   0.0000E+00
   39.840   0.0000E+00
   39.850   0.0000E+00
   39.860   0.0000E+00
   39.870   0.0000E+00
   39.880   0.0000E+00
   39.890   0.0000E+00
   39.900   0.0000E+00
   39.910   0.0000E+00
   39.920   0.0000E+00
   39.930   0.0000E+00
   39.940   0.0000E+00
   39.950   0.0000E+00
   39.960   0.0000E+00
   39.970   0.0000E+00
   39.980   0.0000E+00
   39.990   0.0000E+00
   40.000   0.0000E+00
   40.010   0.0000E+00
   40.020   0.0000E+00
   40.030   0.0000E+00
   40.040   0.0000E+00
   40.050   0.0000E+00
   40.060   0.0000E+00
   40.070   0.0000E+00
   40.080   0.0000E+00
   40.090   0.0000E+00
   40.100   0.0000E+00
   40.110   0.0000E+00
   40.120   0.0000E+00
   40.130   0.0000E+00
   40.140   0.0000E+00
   40.150   0.0000E+00
   40.160   0.0000E+00
   40.170   0.0000E+00
   40.180   0.0000E+00
   40.190   0.0000E+00
   40.200   0.0000E+00
   40.210   0.0000E+00
   40.220   0.0000E+00
   40.230   0.0000E+00
   40.240   0.0000E+00
   40.250   0.0000E+00
   40.260   0.0000E+00
   40.270   0.0000E+00
   40.280   0.0000E+00
   40.290   0.0000E+00
   40.300   0.0000E+00
   40.310   0.0000E+00
   40.320   0.0000E+00
   40.330   0.0000E+00
   40.340   0.0000E+00
   40.350   0.0000E+00
   40.360   0.0000E+00
   40.370   0.0000E+00
   40.380   0.0000E+00
   40.390   0.0000E+00
   40.400   0.0000E+00
   40.410   0.0000E+00
   40.420   0.0000E+00
   40.430   0.0000E+00
   40.440   0.0000E+00
   40.450   0.0000E+00
   40.460   0.0000E+00
   40.470   0.0000E+00
   40.480   0.0000E+00
   40.490   0.0000E+00
   40.500   0.0000E+00
   40.510   0.0000E+00
   40.520   0.0000E+00
   40.530   0.0000E+00
   40.540   0.0000E+00
   40.550   0.0000E+00
   40.560   0.0000E+00
   40.570   0.0000E+00
   40.580   0.0000E+00
   40.590   0.0000E+00
   40.600   0.0000E+00
   40.610   0.0000E+00
   40.620   0.0000E+00
   40.630   0.0000E+00
   40.640   0.0000E+00
   40.650   0.0000E+00
   40.660   0.0000E+00
   40.670   0.0000E+00
   40.680   0.0000E+00
   40.690   0.0000E+00
   40.700   0.0000E+00
   40.710   0.0000E+00
   40.720   0.0000E+00
   40.730   0.0000E+00
   40.740   0.0000E+00
   40.750   0.0000E+00
   40.760   0.0000E+00
   40.770   0.0000E+00
   40.780   0.0000E+00
   40.790   0.0000E+00
   40.800   0.0000E+00
   40.810   0.0000E+00
   40.820   0.0000E+00
   40.830   0.0000E+00
   40.840   0.0000E+00
   40.850   0.0000E+00
   40.860   0.0000E+00
   40.870   0.0000E+00
   40.880   0.0000E+00
   40.890   0.0000E+00
   40.900   0.0000E+00
   40.910   0.0000E+00
   40.920   0.0000E+00
   40.930   0.0000E+00
   40.940   0.0000E+00
   40.950   0.0000E+00
