**********************************************
*******  Acceleration Time Series ************
*** Site #   1
*** trial   25
Input Parameters file =  aqu_0604_y_parameters.out                                                                                               
  4096 samples
dt:  0.010 sec
data format: (1x,f8.3,1p,2x,e11.4)
maximum absolute acceleration: 471.36
fault Dis.(km)=    4.28
Hypo  Dis.(km)=   11.58
  time(s) acc(cm/s**2)
    0.000   0.0000E+00
    0.010   0.0000E+00
    0.020   0.0000E+00
    0.030   0.0000E+00
    0.040   0.0000E+00
    0.050   0.0000E+00
    0.060   0.0000E+00
    0.070   0.0000E+00
    0.080   0.0000E+00
    0.090   0.0000E+00
    0.100   0.0000E+00
    0.110   0.0000E+00
    0.120   0.0000E+00
    0.130   0.0000E+00
    0.140   0.0000E+00
    0.150   0.0000E+00
    0.160   0.0000E+00
    0.170   0.0000E+00
    0.180   0.0000E+00
    0.190   0.0000E+00
    0.200   0.0000E+00
    0.210   0.0000E+00
    0.220  -2.5975E-01
    0.230  -2.5514E-01
    0.240  -2.1444E-01
    0.250  -1.5506E-01
    0.260  -7.3500E-02
    0.270  -1.2288E-01
    0.280  -1.8523E-01
    0.290  -2.4724E-01
    0.300  -2.9555E-01
    0.310  -3.1557E-01
    0.320  -2.9745E-01
    0.330  -2.4510E-01
    0.340  -1.7507E-01
    0.350  -1.0399E-01
    0.360  -3.8538E-02
    0.370   2.2440E-02
    0.380   7.9342E-02
    0.390   1.2746E-01
    0.400   1.5942E-01
    0.410   1.6966E-01
    0.420   1.5664E-01
    0.430   1.2168E-01
    0.440   6.6310E-02
    0.450  -7.9065E-03
    0.460  -9.5181E-02
    0.470  -1.8224E-01
    0.480  -2.5249E-01
    0.490  -2.9542E-01
    0.500  -3.1118E-01
    0.510  -3.0705E-01
    0.520  -2.9269E-01
    0.530  -2.7889E-01
    0.540  -2.7441E-01
    0.550  -2.7832E-01
    0.560  -2.7707E-01
    0.570  -2.5445E-01
    0.580  -2.0477E-01
    0.590  -1.3389E-01
    0.600  -4.9376E-02
    0.610   2.5545E-01
    0.620   3.1774E-01
    0.630   3.9194E-01
    0.640   4.6463E-01
    0.650   5.1873E-01
    0.660   5.2889E-01
    0.670   4.6956E-01
    0.680   3.3652E-01
    0.690   1.6024E-01
    0.700  -2.1247E-01
    0.710  -1.8126E-01
    0.720  -8.4433E-02
    0.730   4.0503E-02
    0.740   1.4637E-01
    0.750   4.1314E-01
    0.760   4.2481E-01
    0.770   3.6832E-01
    0.780   9.5698E-02
    0.790  -1.0066E-01
    0.800  -3.8406E-01
    0.810  -7.5055E-01
    0.820  -1.1644E+00
    0.830  -1.5568E+00
    0.840  -1.8468E+00
    0.850  -1.9713E+00
    0.860  -1.9049E+00
    0.870  -2.2207E+00
    0.880  -1.6655E+00
    0.890  -1.0554E+00
    0.900  -2.3600E-01
    0.910   3.8851E-01
    0.920   9.0741E-01
    0.930   1.2746E+00
    0.940   1.9658E+00
    0.950   2.2015E+00
    0.960   1.5605E+00
    0.970   1.7129E+00
    0.980   1.6950E+00
    0.990   1.9332E+00
    1.000   2.0615E+00
    1.010   2.0101E+00
    1.020   1.2039E+00
    1.030   7.4830E-01
    1.040   2.7367E-01
    1.050  -1.5219E-01
    1.060  -5.1960E-01
    1.070  -8.6753E-01
    1.080  -1.2173E+00
    1.090  -1.5136E+00
    1.100  -1.5236E+00
    1.110  -1.4044E+00
    1.120  -1.0333E+00
    1.130  -2.4865E-01
    1.140   5.8510E-01
    1.150   1.3264E+00
    1.160   1.8626E+00
    1.170   2.1365E+00
    1.180   2.1649E+00
    1.190   2.0209E+00
    1.200   1.7798E+00
    1.210   1.4844E+00
    1.220   1.2346E+00
    1.230   6.0836E-01
    1.240   1.7885E-01
    1.250  -1.6146E-01
    1.260  -7.1763E-01
    1.270  -1.0139E+00
    1.280  -1.5957E+00
    1.290  -1.7263E+00
    1.300  -1.7890E+00
    1.310  -1.5340E+00
    1.320  -1.6073E+00
    1.330  -1.7251E+00
    1.340  -2.2676E+00
    1.350  -2.7825E+00
    1.360  -2.6405E+00
    1.370  -2.3423E+00
    1.380  -1.9059E+00
    1.390  -1.3399E+00
    1.400  -6.6338E-01
    1.410   1.4377E+00
    1.420   1.9962E+00
    1.430   2.2301E+00
    1.440   2.1719E+00
    1.450   1.5470E+00
    1.460   1.1783E+00
    1.470   2.9368E-01
    1.480  -7.2578E-01
    1.490  -1.7264E+00
    1.500  -2.5467E+00
    1.510  -3.1040E+00
    1.520  -3.3699E+00
    1.530  -3.3733E+00
    1.540  -3.0309E+00
    1.550  -2.5019E+00
    1.560  -1.7614E+00
    1.570  -1.2760E+00
    1.580  -8.7769E-01
    1.590  -3.7342E-01
    1.600   2.1984E-01
    1.610   9.0934E-01
    1.620   1.7090E+00
    1.630   2.6181E+00
    1.640   3.5254E+00
    1.650   4.4653E+00
    1.660   5.2758E+00
    1.670   5.9038E+00
    1.680   6.2734E+00
    1.690   6.0152E+00
    1.700   5.3465E+00
    1.710   4.3388E+00
    1.720   3.1569E+00
    1.730   1.9678E+00
    1.740   8.8766E-01
    1.750  -4.6189E-04
    1.760  -6.2830E-01
    1.770  -9.6385E-01
    1.780  -5.3858E-01
    1.790  -1.1792E+00
    1.800  -1.0562E+00
    1.810  -1.6668E+00
    1.820  -1.7875E+00
    1.830  -1.6577E+00
    1.840  -1.6585E+00
    1.850  -1.2690E+00
    1.860  -3.8377E-01
    1.870   6.7822E-01
    1.880   1.7850E+00
    1.890   3.6082E+00
    1.900   4.2062E+00
    1.910   4.7081E+00
    1.920   4.8210E+00
    1.930   4.9411E+00
    1.940   4.8772E+00
    1.950   5.3019E+00
    1.960   4.8085E+00
    1.970   3.7784E+00
    1.980   2.1451E+00
    1.990   1.8897E-01
    2.000  -1.7138E+00
    2.010  -3.2081E+00
    2.020  -4.0958E+00
    2.030  -4.4165E+00
    2.040  -4.1331E+00
    2.050  -4.2858E+00
    2.060  -4.3307E+00
    2.070  -4.2418E+00
    2.080  -4.0857E+00
    2.090  -3.9855E+00
    2.100  -3.7296E+00
    2.110  -3.7233E+00
    2.120  -3.6834E+00
    2.130  -3.5246E+00
    2.140  -3.3980E+00
    2.150  -3.2696E+00
    2.160  -3.1463E+00
    2.170  -3.0189E+00
    2.180  -3.0687E+00
    2.190  -2.4208E+00
    2.200  -1.8765E+00
    2.210  -1.5248E+00
    2.220  -1.4907E+00
    2.230  -1.7768E+00
    2.240  -2.2987E+00
    2.250  -2.9505E+00
    2.260  -3.5900E+00
    2.270  -4.0122E+00
    2.280  -4.0400E+00
    2.290  -3.6693E+00
    2.300  -3.0579E+00
    2.310  -2.3413E+00
    2.320  -1.5859E+00
    2.330  -5.9181E-01
    2.340   8.4174E-01
    2.350   2.1538E+00
    2.360   3.3846E+00
    2.370   4.3976E+00
    2.380   5.0847E+00
    2.390   5.4323E+00
    2.400   5.5406E+00
    2.410   5.6492E+00
    2.420   5.4600E+00
    2.430   5.6125E+00
    2.440   5.4925E+00
    2.450   5.0220E+00
    2.460   4.2544E+00
    2.470   2.5575E+00
    2.480   1.5174E+00
    2.490   3.4937E-01
    2.500  -9.3296E-01
    2.510  -2.3495E+00
    2.520  -3.9496E+00
    2.530  -5.6989E+00
    2.540  -7.3803E+00
    2.550  -8.6636E+00
    2.560  -9.3035E+00
    2.570  -9.2736E+00
    2.580  -8.7299E+00
    2.590  -7.8899E+00
    2.600  -6.8873E+00
    2.610  -5.9588E+00
    2.620  -5.1498E+00
    2.630  -4.1792E+00
    2.640  -3.1021E+00
    2.650  -1.9367E+00
    2.660  -2.5478E-01
    2.670   8.1762E-01
    2.680   1.5852E+00
    2.690   1.7532E+00
    2.700   1.0948E+00
    2.710  -3.1755E-01
    2.720  -2.7016E+00
    2.730  -4.1710E+00
    2.740  -5.2535E+00
    2.750  -5.5358E+00
    2.760  -6.0954E+00
    2.770  -6.5903E+00
    2.780  -7.0471E+00
    2.790  -7.2714E+00
    2.800  -7.3945E+00
    2.810  -5.8880E+00
    2.820  -4.1364E+00
    2.830  -1.6570E+00
    2.840   1.2491E+00
    2.850   4.1394E+00
    2.860   6.6810E+00
    2.870   8.5583E+00
    2.880   9.7084E+00
    2.890   1.0266E+01
    2.900   1.0316E+01
    2.910   9.9394E+00
    2.920   9.3664E+00
    2.930   8.4485E+00
    2.940   7.5103E+00
    2.950   6.5322E+00
    2.960   5.9022E+00
    2.970   5.0368E+00
    2.980   4.7201E+00
    2.990   4.5409E+00
    3.000   4.3377E+00
    3.010   3.5132E+00
    3.020   2.7414E+00
    3.030   1.7972E+00
    3.040   8.3824E-01
    3.050   4.0025E-02
    3.060  -4.3167E-01
    3.070  -5.4338E-01
    3.080  -2.5235E-01
    3.090   3.8787E-01
    3.100   1.3966E+00
    3.110   2.7593E+00
    3.120   4.3778E+00
    3.130   6.0173E+00
    3.140   7.3527E+00
    3.150   7.8467E+00
    3.160   7.9813E+00
    3.170   7.5118E+00
    3.180   6.4754E+00
    3.190   4.8718E+00
    3.200   2.7898E+00
    3.210   5.1241E-01
    3.220  -1.5774E+00
    3.230  -3.2346E+00
    3.240  -4.4976E+00
    3.250  -5.6733E+00
    3.260  -6.7923E+00
    3.270  -7.8727E+00
    3.280  -8.5228E+00
    3.290  -8.3724E+00
    3.300  -7.3632E+00
    3.310  -5.5983E+00
    3.320  -3.5639E+00
    3.330  -1.3701E+00
    3.340   9.7539E-01
    3.350   3.0439E+00
    3.360   4.8924E+00
    3.370   6.7773E+00
    3.380   8.0180E+00
    3.390   9.0916E+00
    3.400   9.9961E+00
    3.410   1.0306E+01
    3.420   9.9286E+00
    3.430   9.0400E+00
    3.440   7.8737E+00
    3.450   6.6333E+00
    3.460   5.3641E+00
    3.470   4.1873E+00
    3.480   2.4358E+00
    3.490   1.1221E+00
    3.500  -1.2867E-01
    3.510  -1.0537E+00
    3.520  -1.6720E+00
    3.530  -2.5643E+00
    3.540  -2.4011E+00
    3.550  -1.6195E+00
    3.560  -1.5516E-01
    3.570   1.7732E+00
    3.580   3.0936E+00
    3.590   3.3189E+00
    3.600   2.5920E+00
    3.610   1.5286E+00
    3.620   6.4676E-01
    3.630   3.0334E-02
    3.640  -6.0365E-01
    3.650  -1.6613E+00
    3.660  -3.6578E+00
    3.670  -6.8107E+00
    3.680  -1.1485E+01
    3.690  -1.6150E+01
    3.700  -2.0597E+01
    3.710  -2.4130E+01
    3.720  -2.7004E+01
    3.730  -2.8755E+01
    3.740  -2.8890E+01
    3.750  -2.7040E+01
    3.760  -2.3464E+01
    3.770  -1.9042E+01
    3.780  -1.4742E+01
    3.790  -1.1465E+01
    3.800  -9.2659E+00
    3.810  -8.2633E+00
    3.820  -8.3318E+00
    3.830  -8.6039E+00
    3.840  -7.9563E+00
    3.850  -5.7592E+00
    3.860  -2.3069E+00
    3.870   1.6707E+00
    3.880   4.9211E+00
    3.890   6.6946E+00
    3.900   7.1564E+00
    3.910   6.9198E+00
    3.920   6.6676E+00
    3.930   6.9220E+00
    3.940   7.6846E+00
    3.950   8.4363E+00
    3.960   8.4339E+00
    3.970   6.9967E+00
    3.980   4.1289E+00
    3.990   2.3728E-01
    4.000  -3.9144E+00
    4.010  -7.4858E+00
    4.020  -9.7375E+00
    4.030  -1.0059E+01
    4.040  -8.3382E+00
    4.050  -4.7515E+00
    4.060  -2.0659E-01
    4.070   4.4559E+00
    4.080   8.8580E+00
    4.090   1.3646E+01
    4.100   1.7808E+01
    4.110   2.1798E+01
    4.120   2.5473E+01
    4.130   2.8348E+01
    4.140   2.9829E+01
    4.150   2.8566E+01
    4.160   2.5157E+01
    4.170   2.0346E+01
    4.180   1.5132E+01
    4.190   9.9316E+00
    4.200   4.7310E+00
    4.210  -2.6511E-01
    4.220  -4.5124E+00
    4.230  -7.2544E+00
    4.240  -8.4827E+00
    4.250  -8.5012E+00
    4.260  -8.2439E+00
    4.270  -6.8508E+00
    4.280  -5.4679E+00
    4.290  -4.5450E+00
    4.300  -3.9343E+00
    4.310  -3.1589E+00
    4.320  -1.8439E+00
    4.330  -2.8013E-01
    4.340   1.5205E+00
    4.350   2.9291E+00
    4.360   3.6419E+00
    4.370   3.7968E+00
    4.380   3.3644E+00
    4.390   1.8091E+00
    4.400  -1.7243E+00
    4.410  -6.0819E+00
    4.420  -1.0263E+01
    4.430  -1.2611E+01
    4.440  -1.1949E+01
    4.450  -1.0119E+01
    4.460  -8.0301E+00
    4.470  -6.3579E+00
    4.480  -4.7800E+00
    4.490  -2.9915E+00
    4.500  -5.3762E-01
    4.510   3.1232E+00
    4.520   8.7223E+00
    4.530   1.6250E+01
    4.540   2.4736E+01
    4.550   3.2419E+01
    4.560   3.8682E+01
    4.570   4.4012E+01
    4.580   4.8473E+01
    4.590   5.0711E+01
    4.600   4.8883E+01
    4.610   4.2442E+01
    4.620   3.3006E+01
    4.630   2.2885E+01
    4.640   1.4251E+01
    4.650   8.6274E+00
    4.660   6.5689E+00
    4.670   6.9167E+00
    4.680   7.2792E+00
    4.690   5.0740E+00
    4.700  -3.6923E-01
    4.710  -7.7620E+00
    4.720  -1.5432E+01
    4.730  -2.1353E+01
    4.740  -2.4611E+01
    4.750  -2.4936E+01
    4.760  -2.2313E+01
    4.770  -1.8151E+01
    4.780  -1.4369E+01
    4.790  -1.2435E+01
    4.800  -1.2466E+01
    4.810  -1.3435E+01
    4.820  -1.3489E+01
    4.830  -1.1048E+01
    4.840  -5.7975E+00
    4.850   1.2161E+00
    4.860   8.4055E+00
    4.870   1.4191E+01
    4.880   1.6549E+01
    4.890   1.4201E+01
    4.900   6.4514E+00
    4.910  -3.7615E+00
    4.920  -1.4657E+01
    4.930  -2.4000E+01
    4.940  -3.1242E+01
    4.950  -3.6434E+01
    4.960  -3.9736E+01
    4.970  -4.1854E+01
    4.980  -4.3927E+01
    4.990  -4.6280E+01
    5.000  -4.7848E+01
    5.010  -4.7534E+01
    5.020  -4.5598E+01
    5.030  -4.3005E+01
    5.040  -3.9568E+01
    5.050  -3.3974E+01
    5.060  -2.5790E+01
    5.070  -1.6557E+01
    5.080  -8.4268E+00
    5.090  -2.3312E+00
    5.100   2.1029E+00
    5.110   5.4796E+00
    5.120   8.1758E+00
    5.130   1.0490E+01
    5.140   1.2714E+01
    5.150   1.2913E+01
    5.160   1.0381E+01
    5.170   5.3423E+00
    5.180   1.4904E-02
    5.190  -2.9190E+00
    5.200  -2.3619E+00
    5.210   4.8027E-01
    5.220   3.4504E+00
    5.230   5.2545E+00
    5.240   6.4302E+00
    5.250   9.6358E+00
    5.260   1.8303E+01
    5.270   2.9751E+01
    5.280   3.8381E+01
    5.290   4.1148E+01
    5.300   3.9092E+01
    5.310   3.5491E+01
    5.320   3.2254E+01
    5.330   3.0226E+01
    5.340   2.9389E+01
    5.350   2.8078E+01
    5.360   2.4116E+01
    5.370   1.5705E+01
    5.380   2.7617E+00
    5.390  -1.1649E+01
    5.400  -2.2142E+01
    5.410  -2.9102E+01
    5.420  -3.7939E+01
    5.430  -5.1875E+01
    5.440  -6.3746E+01
    5.450  -6.6393E+01
    5.460  -5.5285E+01
    5.470  -3.4308E+01
    5.480  -1.0789E+01
    5.490   8.3380E+00
    5.500   1.8580E+01
    5.510   1.7863E+01
    5.520   6.3751E+00
    5.530  -5.9052E+00
    5.540  -8.6384E+00
    5.550  -9.8622E-02
    5.560   1.4604E+01
    5.570   3.0530E+01
    5.580   4.4613E+01
    5.590   5.5301E+01
    5.600   5.9725E+01
    5.610   5.7042E+01
    5.620   5.0163E+01
    5.630   4.5739E+01
    5.640   4.7413E+01
    5.650   5.2482E+01
    5.660   5.7092E+01
    5.670   5.7506E+01
    5.680   5.2050E+01
    5.690   4.0345E+01
    5.700   2.4121E+01
    5.710   6.8378E+00
    5.720  -9.2798E+00
    5.730  -1.8734E+01
    5.740  -1.6650E+01
    5.750  -4.2894E+00
    5.760   1.3655E+01
    5.770   2.9488E+01
    5.780   3.8996E+01
    5.790   4.5629E+01
    5.800   5.3288E+01
    5.810   6.1736E+01
    5.820   6.6824E+01
    5.830   7.1415E+01
    5.840   7.7420E+01
    5.850   7.9515E+01
    5.860   7.2279E+01
    5.870   5.9632E+01
    5.880   5.1049E+01
    5.890   4.6054E+01
    5.900   3.6710E+01
    5.910   1.7912E+01
    5.920  -5.0769E+00
    5.930  -2.6399E+01
    5.940  -4.0425E+01
    5.950  -4.9367E+01
    5.960  -5.7262E+01
    5.970  -6.5220E+01
    5.980  -7.4017E+01
    5.990  -8.1878E+01
    6.000  -8.4161E+01
    6.010  -7.2515E+01
    6.020  -4.6555E+01
    6.030  -1.7391E+01
    6.040   3.5102E+00
    6.050   9.0862E+00
    6.060   4.6258E+00
    6.070  -2.4398E+00
    6.080  -3.4579E+00
    6.090   3.1812E+00
    6.100   9.5140E+00
    6.110   8.3523E+00
    6.120  -3.4442E-01
    6.130  -8.9610E+00
    6.140  -1.4448E+01
    6.150  -2.2352E+01
    6.160  -4.0500E+01
    6.170  -6.6927E+01
    6.180  -8.7238E+01
    6.190  -9.0583E+01
    6.200  -7.6510E+01
    6.210  -5.4224E+01
    6.220  -3.1005E+01
    6.230  -4.4329E+00
    6.240   2.8499E+01
    6.250   6.1145E+01
    6.260   8.3522E+01
    6.270   9.6152E+01
    6.280   1.0835E+02
    6.290   1.2392E+02
    6.300   1.3110E+02
    6.310   1.2103E+02
    6.320   9.3755E+01
    6.330   5.8351E+01
    6.340   2.7722E+01
    6.350   1.1716E+01
    6.360   1.5535E+01
    6.370   3.2213E+01
    6.380   5.2499E+01
    6.390   5.8139E+01
    6.400   3.1113E+01
    6.410  -1.4560E+01
    6.420  -5.3019E+01
    6.430  -7.5269E+01
    6.440  -8.4535E+01
    6.450  -8.0106E+01
    6.460  -5.9084E+01
    6.470  -3.3823E+01
    6.480  -2.5418E+01
    6.490  -3.8947E+01
    6.500  -5.9934E+01
    6.510  -7.5215E+01
    6.520  -7.8234E+01
    6.530  -6.5304E+01
    6.540  -3.7498E+01
    6.550  -5.8613E+00
    6.560   1.5682E+01
    6.570   2.0346E+01
    6.580   5.0614E+00
    6.590  -3.0411E+01
    6.600  -8.3242E+01
    6.610  -1.3269E+02
    6.620  -1.6096E+02
    6.630  -1.6338E+02
    6.640  -1.4244E+02
    6.650  -1.0862E+02
    6.660  -7.8280E+01
    6.670  -6.0102E+01
    6.680  -5.3930E+01
    6.690  -5.4288E+01
    6.700  -5.6537E+01
    6.710  -5.8741E+01
    6.720  -6.7817E+01
    6.730  -9.0718E+01
    6.740  -1.1655E+02
    6.750  -1.2870E+02
    6.760  -1.1413E+02
    6.770  -7.8320E+01
    6.780  -4.8166E+01
    6.790  -3.4832E+01
    6.800  -2.0079E+01
    6.810   9.1356E+00
    6.820   4.0229E+01
    6.830   5.6285E+01
    6.840   5.8700E+01
    6.850   6.3039E+01
    6.860   6.6464E+01
    6.870   5.7049E+01
    6.880   2.5692E+01
    6.890  -1.8834E+01
    6.900  -5.6985E+01
    6.910  -8.3694E+01
    6.920  -1.0401E+02
    6.930  -1.1976E+02
    6.940  -1.2089E+02
    6.950  -1.0124E+02
    6.960  -5.8848E+01
    6.970   2.9426E+00
    6.980   6.1339E+01
    6.990   1.0016E+02
    7.000   1.2302E+02
    7.010   1.3881E+02
    7.020   1.6059E+02
    7.030   1.8990E+02
    7.040   2.1110E+02
    7.050   2.1732E+02
    7.060   2.0869E+02
    7.070   1.8646E+02
    7.080   1.5082E+02
    7.090   1.1439E+02
    7.100   9.1698E+01
    7.110   7.8397E+01
    7.120   6.5050E+01
    7.130   4.3610E+01
    7.140   1.4732E+01
    7.150  -8.5318E+00
    7.160  -1.1339E+01
    7.170   1.2492E+01
    7.180   4.5626E+01
    7.190   6.8641E+01
    7.200   7.7052E+01
    7.210   7.0737E+01
    7.220   5.1664E+01
    7.230   2.5431E+01
    7.240   4.2453E+00
    7.250   3.2019E+00
    7.260   3.1060E+01
    7.270   7.2867E+01
    7.280   9.9405E+01
    7.290   1.0307E+02
    7.300   9.8685E+01
    7.310   1.0237E+02
    7.320   1.1736E+02
    7.330   1.4426E+02
    7.340   1.7655E+02
    7.350   2.0199E+02
    7.360   2.1702E+02
    7.370   2.1711E+02
    7.380   2.0336E+02
    7.390   1.7591E+02
    7.400   1.3314E+02
    7.410   7.7756E+01
    7.420   1.8661E+01
    7.430  -2.5275E+01
    7.440  -3.8494E+01
    7.450  -3.0155E+01
    7.460  -1.6409E+01
    7.470  -5.7785E+00
    7.480  -5.2250E+00
    7.490  -1.0921E+01
    7.500  -1.7542E+01
    7.510  -2.7694E+01
    7.520  -4.5834E+01
    7.530  -7.0595E+01
    7.540  -8.7061E+01
    7.550  -7.8961E+01
    7.560  -4.8962E+01
    7.570  -1.5511E+01
    7.580   1.2687E+01
    7.590   3.4983E+01
    7.600   2.9427E+01
    7.610  -1.9321E+01
    7.620  -9.3907E+01
    7.630  -1.6167E+02
    7.640  -1.9700E+02
    7.650  -1.9572E+02
    7.660  -1.7534E+02
    7.670  -1.5064E+02
    7.680  -1.2952E+02
    7.690  -1.1926E+02
    7.700  -1.1944E+02
    7.710  -1.2227E+02
    7.720  -1.1572E+02
    7.730  -9.9011E+01
    7.740  -8.5568E+01
    7.750  -8.1930E+01
    7.760  -7.7392E+01
    7.770  -6.2740E+01
    7.780  -3.4169E+01
    7.790   4.2920E+00
    7.800   3.9872E+01
    7.810   4.5916E+01
    7.820  -4.9553E-01
    7.830  -7.4105E+01
    7.840  -1.3015E+02
    7.850  -1.5074E+02
    7.860  -1.6092E+02
    7.870  -1.9003E+02
    7.880  -2.2859E+02
    7.890  -2.4632E+02
    7.900  -2.4198E+02
    7.910  -2.2474E+02
    7.920  -1.9424E+02
    7.930  -1.5976E+02
    7.940  -1.3185E+02
    7.950  -1.1017E+02
    7.960  -9.7902E+01
    7.970  -1.0701E+02
    7.980  -1.2652E+02
    7.990  -1.3942E+02
    8.000  -1.4019E+02
    8.010  -1.4117E+02
    8.020  -1.6084E+02
    8.030  -1.9428E+02
    8.040  -2.2225E+02
    8.050  -2.3460E+02
    8.060  -2.3989E+02
    8.070  -2.5896E+02
    8.080  -2.9788E+02
    8.090  -3.3461E+02
    8.100  -3.5343E+02
    8.110  -3.5141E+02
    8.120  -3.3161E+02
    8.130  -2.9872E+02
    8.140  -2.5580E+02
    8.150  -2.0162E+02
    8.160  -1.3981E+02
    8.170  -7.6745E+01
    8.180  -2.5019E+01
    8.190  -3.1484E+00
    8.200  -2.0551E+00
    8.210   1.5653E+01
    8.220   5.5551E+01
    8.230   9.5468E+01
    8.240   1.1125E+02
    8.250   8.7109E+01
    8.260   3.4320E+01
    8.270  -1.6732E+01
    8.280  -5.0724E+01
    8.290  -6.6905E+01
    8.300  -5.9888E+01
    8.310  -3.9093E+01
    8.320  -2.1460E+01
    8.330  -1.9192E+01
    8.340  -3.1106E+01
    8.350  -4.8436E+01
    8.360  -5.6999E+01
    8.370  -5.4727E+01
    8.380  -5.2999E+01
    8.390  -4.9789E+01
    8.400  -2.9064E+01
    8.410   1.0656E+01
    8.420   4.8075E+01
    8.430   6.5085E+01
    8.440   7.5008E+01
    8.450   1.0329E+02
    8.460   1.6134E+02
    8.470   2.4535E+02
    8.480   3.3166E+02
    8.490   3.9566E+02
    8.500   4.4172E+02
    8.510   4.7136E+02
    8.520   4.6585E+02
    8.530   4.2509E+02
    8.540   3.7461E+02
    8.550   3.3548E+02
    8.560   2.9237E+02
    8.570   2.3335E+02
    8.580   1.7175E+02
    8.590   1.2177E+02
    8.600   8.9194E+01
    8.610   6.8706E+01
    8.620   5.4502E+01
    8.630   4.2533E+01
    8.640   3.0328E+01
    8.650   1.6662E+01
    8.660   1.5486E+01
    8.670   3.1461E+01
    8.680   5.3682E+01
    8.690   7.0516E+01
    8.700   7.5093E+01
    8.710   7.6161E+01
    8.720   9.4596E+01
    8.730   1.3329E+02
    8.740   1.6902E+02
    8.750   1.8508E+02
    8.760   1.8581E+02
    8.770   1.7731E+02
    8.780   1.6045E+02
    8.790   1.4211E+02
    8.800   1.2919E+02
    8.810   1.2877E+02
    8.820   1.4593E+02
    8.830   1.7734E+02
    8.840   2.0515E+02
    8.850   2.0331E+02
    8.860   1.7911E+02
    8.870   1.6372E+02
    8.880   1.5907E+02
    8.890   1.5193E+02
    8.900   1.4146E+02
    8.910   1.3671E+02
    8.920   1.4826E+02
    8.930   1.7927E+02
    8.940   2.1721E+02
    8.950   2.6278E+02
    8.960   3.2220E+02
    8.970   3.8382E+02
    8.980   4.2841E+02
    8.990   4.5182E+02
    9.000   4.4899E+02
    9.010   4.0463E+02
    9.020   3.2010E+02
    9.030   2.1652E+02
    9.040   1.2915E+02
    9.050   7.7078E+01
    9.060   4.8792E+01
    9.070   2.6086E+01
    9.080  -6.8064E+00
    9.090  -5.1522E+01
    9.100  -8.7353E+01
    9.110  -9.5447E+01
    9.120  -7.7859E+01
    9.130  -6.1657E+01
    9.140  -7.0931E+01
    9.150  -8.6796E+01
    9.160  -7.5879E+01
    9.170  -2.5752E+01
    9.180   4.7685E+01
    9.190   1.0876E+02
    9.200   1.4123E+02
    9.210   1.5375E+02
    9.220   1.5194E+02
    9.230   1.3913E+02
    9.240   1.0930E+02
    9.250   6.0532E+01
    9.260   8.4430E+00
    9.270  -1.7602E+01
    9.280  -1.9129E+01
    9.290  -2.0610E+01
    9.300  -4.2311E+01
    9.310  -1.0777E+02
    9.320  -2.1919E+02
    9.330  -3.3760E+02
    9.340  -4.1460E+02
    9.350  -4.3827E+02
    9.360  -4.2890E+02
    9.370  -4.0972E+02
    9.380  -3.8997E+02
    9.390  -3.6621E+02
    9.400  -3.3872E+02
    9.410  -3.0996E+02
    9.420  -2.7862E+02
    9.430  -2.4348E+02
    9.440  -2.0517E+02
    9.450  -1.5785E+02
    9.460  -1.0077E+02
    9.470  -4.9059E+01
    9.480  -5.6057E+00
    9.490   4.3040E+01
    9.500   1.0507E+02
    9.510   1.7064E+02
    9.520   2.1129E+02
    9.530   2.1136E+02
    9.540   1.7960E+02
    9.550   1.3685E+02
    9.560   1.0203E+02
    9.570   7.1357E+01
    9.580   3.9144E+01
    9.590   1.5056E+00
    9.600  -3.1640E+01
    9.610  -5.1309E+01
    9.620  -6.2828E+01
    9.630  -6.3629E+01
    9.640  -5.0867E+01
    9.650  -3.1038E+01
    9.660  -2.5573E+00
    9.670   3.1642E+01
    9.680   5.9341E+01
    9.690   7.4716E+01
    9.700   8.3789E+01
    9.710   9.0310E+01
    9.720   9.2881E+01
    9.730   8.5881E+01
    9.740   6.2624E+01
    9.750   2.8206E+01
    9.760  -9.0634E+00
    9.770  -4.4550E+01
    9.780  -8.4960E+01
    9.790  -1.3494E+02
    9.800  -1.9900E+02
    9.810  -2.7260E+02
    9.820  -3.3490E+02
    9.830  -3.7552E+02
    9.840  -3.9542E+02
    9.850  -3.9226E+02
    9.860  -3.6738E+02
    9.870  -3.2904E+02
    9.880  -2.8817E+02
    9.890  -2.5846E+02
    9.900  -2.3663E+02
    9.910  -1.9122E+02
    9.920  -1.0096E+02
    9.930   1.2661E+01
    9.940   1.1238E+02
    9.950   1.7778E+02
    9.960   1.9684E+02
    9.970   1.6855E+02
    9.980   1.1294E+02
    9.990   5.0206E+01
   10.000  -1.4617E+01
   10.010  -8.5297E+01
   10.020  -1.5551E+02
   10.030  -2.0837E+02
   10.040  -2.3383E+02
   10.050  -2.3186E+02
   10.060  -2.2347E+02
   10.070  -2.2946E+02
   10.080  -2.4358E+02
   10.090  -2.4865E+02
   10.100  -2.2928E+02
   10.110  -1.9337E+02
   10.120  -1.6077E+02
   10.130  -1.4550E+02
   10.140  -1.4232E+02
   10.150  -1.3056E+02
   10.160  -1.0118E+02
   10.170  -6.4511E+01
   10.180  -3.6058E+01
   10.190  -2.1942E+01
   10.200  -1.8629E+01
   10.210  -8.2239E+00
   10.220   2.5903E+01
   10.230   8.6470E+01
   10.240   1.5883E+02
   10.250   2.1598E+02
   10.260   2.3845E+02
   10.270   2.3399E+02
   10.280   2.2482E+02
   10.290   2.1208E+02
   10.300   1.8438E+02
   10.310   1.4047E+02
   10.320   9.1863E+01
   10.330   4.8661E+01
   10.340   4.8777E+00
   10.350  -5.7032E+01
   10.360  -1.2794E+02
   10.370  -1.8179E+02
   10.380  -2.0298E+02
   10.390  -1.9753E+02
   10.400  -1.7254E+02
   10.410  -1.3121E+02
   10.420  -7.6300E+01
   10.430  -2.4981E+01
   10.440   4.9119E+00
   10.450   1.4268E+01
   10.460   1.3893E+01
   10.470   6.4108E+00
   10.480  -6.3967E-01
   10.490  -3.4254E+00
   10.500  -1.1998E+01
   10.510  -2.2512E+01
   10.520  -2.3037E+01
   10.530  -1.6252E+01
   10.540  -2.1340E+01
   10.550  -4.7473E+01
   10.560  -9.7975E+01
   10.570  -1.6004E+02
   10.580  -2.0622E+02
   10.590  -2.1274E+02
   10.600  -1.5997E+02
   10.610  -6.6566E+01
   10.620   2.1183E+01
   10.630   7.7128E+01
   10.640   1.1009E+02
   10.650   1.4220E+02
   10.660   1.8618E+02
   10.670   2.3451E+02
   10.680   2.6628E+02
   10.690   2.7239E+02
   10.700   2.6050E+02
   10.710   2.4475E+02
   10.720   2.3167E+02
   10.730   2.2183E+02
   10.740   2.1098E+02
   10.750   1.9613E+02
   10.760   1.7740E+02
   10.770   1.4063E+02
   10.780   8.1029E+01
   10.790   1.4198E+01
   10.800  -3.9113E+01
   10.810  -6.2956E+01
   10.820  -6.4662E+01
   10.830  -5.6506E+01
   10.840  -4.2577E+01
   10.850  -2.5607E+01
   10.860  -1.2488E+00
   10.870   2.0673E+01
   10.880   3.3352E+01
   10.890   4.5670E+01
   10.900   6.3184E+01
   10.910   8.7252E+01
   10.920   1.1153E+02
   10.930   1.2818E+02
   10.940   1.3073E+02
   10.950   1.1657E+02
   10.960   8.7672E+01
   10.970   5.8636E+01
   10.980   4.7243E+01
   10.990   4.9404E+01
   11.000   4.4443E+01
   11.010   3.0206E+01
   11.020   1.3630E+01
   11.030  -3.8294E+00
   11.040  -1.9636E+01
   11.050  -2.0427E+01
   11.060  -9.8624E-01
   11.070   3.5498E+01
   11.080   8.6810E+01
   11.090   1.4015E+02
   11.100   1.7027E+02
   11.110   1.6195E+02
   11.120   1.1646E+02
   11.130   4.7364E+01
   11.140  -1.9903E+01
   11.150  -5.8987E+01
   11.160  -7.2219E+01
   11.170  -7.3220E+01
   11.180  -7.5747E+01
   11.190  -7.5964E+01
   11.200  -6.1482E+01
   11.210  -2.7498E+01
   11.220   1.4918E+01
   11.230   5.5025E+01
   11.240   8.3469E+01
   11.250   1.0263E+02
   11.260   1.1741E+02
   11.270   1.1726E+02
   11.280   9.8230E+01
   11.290   6.7917E+01
   11.300   3.3796E+01
   11.310   1.6945E-01
   11.320  -1.4716E+01
   11.330  -3.1397E+00
   11.340   2.1978E+01
   11.350   5.1859E+01
   11.360   7.9327E+01
   11.370   1.0159E+02
   11.380   1.2085E+02
   11.390   1.3581E+02
   11.400   1.4558E+02
   11.410   1.4830E+02
   11.420   1.3881E+02
   11.430   1.1326E+02
   11.440   7.4740E+01
   11.450   2.6359E+01
   11.460  -2.1858E+01
   11.470  -5.8411E+01
   11.480  -8.4472E+01
   11.490  -1.0777E+02
   11.500  -1.3468E+02
   11.510  -1.6455E+02
   11.520  -1.9058E+02
   11.530  -2.0044E+02
   11.540  -1.8267E+02
   11.550  -1.3888E+02
   11.560  -8.9945E+01
   11.570  -4.9521E+01
   11.580  -2.0269E+01
   11.590  -8.9827E+00
   11.600  -1.3120E+01
   11.610  -2.5380E+01
   11.620  -4.4113E+01
   11.630  -5.5276E+01
   11.640  -4.8725E+01
   11.650  -3.4485E+01
   11.660  -3.0101E+01
   11.670  -4.3063E+01
   11.680  -6.6547E+01
   11.690  -8.9575E+01
   11.700  -1.1509E+02
   11.710  -1.4152E+02
   11.720  -1.4682E+02
   11.730  -1.1679E+02
   11.740  -7.1698E+01
   11.750  -4.6317E+01
   11.760  -5.0563E+01
   11.770  -7.6193E+01
   11.780  -1.1105E+02
   11.790  -1.4031E+02
   11.800  -1.5675E+02
   11.810  -1.5460E+02
   11.820  -1.3494E+02
   11.830  -1.0727E+02
   11.840  -8.7553E+01
   11.850  -7.6655E+01
   11.860  -5.7267E+01
   11.870  -2.3123E+01
   11.880   1.4467E+01
   11.890   4.2339E+01
   11.900   5.0133E+01
   11.910   4.0274E+01
   11.920   2.6670E+01
   11.930   2.0045E+01
   11.940   2.2451E+01
   11.950   2.7558E+01
   11.960   3.0742E+01
   11.970   3.5444E+01
   11.980   4.4541E+01
   11.990   4.9732E+01
   12.000   4.6393E+01
   12.010   4.2446E+01
   12.020   4.5482E+01
   12.030   5.7491E+01
   12.040   7.6394E+01
   12.050   9.7629E+01
   12.060   1.1434E+02
   12.070   1.2172E+02
   12.080   1.1426E+02
   12.090   9.0564E+01
   12.100   5.6198E+01
   12.110   1.7561E+01
   12.120  -1.6326E+01
   12.130  -4.1422E+01
   12.140  -6.0426E+01
   12.150  -7.2353E+01
   12.160  -7.5290E+01
   12.170  -7.1085E+01
   12.180  -6.5700E+01
   12.190  -6.2925E+01
   12.200  -6.4670E+01
   12.210  -7.1439E+01
   12.220  -7.9297E+01
   12.230  -8.4088E+01
   12.240  -8.2768E+01
   12.250  -7.8653E+01
   12.260  -7.5071E+01
   12.270  -7.2335E+01
   12.280  -6.6416E+01
   12.290  -5.6906E+01
   12.300  -4.9150E+01
   12.310  -4.0988E+01
   12.320  -2.7553E+01
   12.330  -1.3830E+01
   12.340  -4.6703E-01
   12.350   1.7262E+01
   12.360   3.6904E+01
   12.370   5.7402E+01
   12.380   8.0552E+01
   12.390   1.0146E+02
   12.400   1.0943E+02
   12.410   1.0407E+02
   12.420   8.9957E+01
   12.430   7.0540E+01
   12.440   5.2601E+01
   12.450   3.8854E+01
   12.460   2.6765E+01
   12.470   1.4695E+01
   12.480   7.8921E+00
   12.490   9.6963E+00
   12.500   2.2213E+01
   12.510   4.4773E+01
   12.520   6.9545E+01
   12.530   9.3110E+01
   12.540   1.1786E+02
   12.550   1.4380E+02
   12.560   1.6510E+02
   12.570   1.7414E+02
   12.580   1.6633E+02
   12.590   1.4996E+02
   12.600   1.3835E+02
   12.610   1.3581E+02
   12.620   1.3982E+02
   12.630   1.4229E+02
   12.640   1.3640E+02
   12.650   1.2312E+02
   12.660   1.0866E+02
   12.670   9.6305E+01
   12.680   9.1001E+01
   12.690   9.4099E+01
   12.700   9.4946E+01
   12.710   8.1407E+01
   12.720   5.4086E+01
   12.730   2.8054E+01
   12.740   1.1244E+01
   12.750   1.9663E+00
   12.760  -3.8802E+00
   12.770  -8.9498E+00
   12.780  -1.7798E+01
   12.790  -2.9530E+01
   12.800  -3.6175E+01
   12.810  -3.8095E+01
   12.820  -4.6048E+01
   12.830  -6.5753E+01
   12.840  -9.1534E+01
   12.850  -1.1404E+02
   12.860  -1.2383E+02
   12.870  -1.2342E+02
   12.880  -1.2170E+02
   12.890  -1.2096E+02
   12.900  -1.1558E+02
   12.910  -1.0420E+02
   12.920  -9.2209E+01
   12.930  -8.1921E+01
   12.940  -7.4802E+01
   12.950  -6.9237E+01
   12.960  -6.2329E+01
   12.970  -4.9075E+01
   12.980  -2.8331E+01
   12.990  -6.9938E+00
   13.000   9.9928E+00
   13.010   1.9885E+01
   13.020   2.4274E+01
   13.030   2.6695E+01
   13.040   2.9826E+01
   13.050   3.1369E+01
   13.060   2.8829E+01
   13.070   1.9333E+01
   13.080  -2.1311E-03
   13.090  -2.6817E+01
   13.100  -5.1675E+01
   13.110  -6.5799E+01
   13.120  -6.9372E+01
   13.130  -6.6821E+01
   13.140  -6.1357E+01
   13.150  -5.1462E+01
   13.160  -3.6560E+01
   13.170  -2.0668E+01
   13.180  -3.7226E+00
   13.190   1.0336E+01
   13.200   1.5013E+01
   13.210   7.1663E+00
   13.220  -1.0581E+01
   13.230  -3.0723E+01
   13.240  -4.6905E+01
   13.250  -5.4337E+01
   13.260  -5.2560E+01
   13.270  -4.4912E+01
   13.280  -3.6549E+01
   13.290  -3.4507E+01
   13.300  -3.8123E+01
   13.310  -4.0866E+01
   13.320  -3.6073E+01
   13.330  -2.2394E+01
   13.340  -5.3539E+00
   13.350   6.4321E+00
   13.360   8.4610E+00
   13.370  -4.1323E-01
   13.380  -1.9391E+01
   13.390  -4.2875E+01
   13.400  -6.4019E+01
   13.410  -7.8602E+01
   13.420  -8.4793E+01
   13.430  -8.7073E+01
   13.440  -9.2352E+01
   13.450  -9.9432E+01
   13.460  -1.0276E+02
   13.470  -1.0035E+02
   13.480  -9.3757E+01
   13.490  -8.6168E+01
   13.500  -8.1147E+01
   13.510  -7.8211E+01
   13.520  -7.6594E+01
   13.530  -7.5150E+01
   13.540  -7.1109E+01
   13.550  -6.1201E+01
   13.560  -4.4153E+01
   13.570  -2.4694E+01
   13.580  -8.2638E+00
   13.590   4.0026E+00
   13.600   1.5209E+01
   13.610   2.8955E+01
   13.620   4.7934E+01
   13.630   6.8053E+01
   13.640   8.1288E+01
   13.650   8.3933E+01
   13.660   8.0910E+01
   13.670   7.8499E+01
   13.680   7.6691E+01
   13.690   7.2652E+01
   13.700   6.4294E+01
   13.710   5.2871E+01
   13.720   4.3130E+01
   13.730   3.9614E+01
   13.740   4.0636E+01
   13.750   4.1163E+01
   13.760   4.1058E+01
   13.770   4.1358E+01
   13.780   4.2717E+01
   13.790   4.4076E+01
   13.800   4.8085E+01
   13.810   5.5934E+01
   13.820   6.0683E+01
   13.830   5.7004E+01
   13.840   4.6488E+01
   13.850   3.5819E+01
   13.860   2.6093E+01
   13.870   1.4925E+01
   13.880   2.6213E+00
   13.890  -8.3066E+00
   13.900  -1.5379E+01
   13.910  -1.9329E+01
   13.920  -2.1035E+01
   13.930  -1.7482E+01
   13.940  -7.9233E+00
   13.950   2.3020E+00
   13.960   8.2560E+00
   13.970   1.0527E+01
   13.980   1.2088E+01
   13.990   1.5927E+01
   14.000   2.2275E+01
   14.010   2.6886E+01
   14.020   2.6872E+01
   14.030   2.1561E+01
   14.040   1.3823E+01
   14.050   9.3035E+00
   14.060   1.3905E+01
   14.070   2.5623E+01
   14.080   3.5032E+01
   14.090   3.6594E+01
   14.100   3.2333E+01
   14.110   2.7340E+01
   14.120   2.2462E+01
   14.130   1.5517E+01
   14.140   8.4049E+00
   14.150   3.7187E+00
   14.160   1.6816E+00
   14.170   2.3431E+00
   14.180   5.6237E+00
   14.190   1.2653E+01
   14.200   2.0551E+01
   14.210   2.6547E+01
   14.220   2.9760E+01
   14.230   3.0461E+01
   14.240   3.1087E+01
   14.250   3.3413E+01
   14.260   3.6930E+01
   14.270   4.2209E+01
   14.280   4.9733E+01
   14.290   5.7609E+01
   14.300   6.0969E+01
   14.310   5.7202E+01
   14.320   4.7673E+01
   14.330   3.5760E+01
   14.340   2.4701E+01
   14.350   1.6090E+01
   14.360   1.0821E+01
   14.370   7.7270E+00
   14.380   3.4108E+00
   14.390  -2.5486E+00
   14.400  -8.7333E+00
   14.410  -1.3697E+01
   14.420  -1.6555E+01
   14.430  -1.8437E+01
   14.440  -2.0540E+01
   14.450  -2.3476E+01
   14.460  -2.5718E+01
   14.470  -2.5975E+01
   14.480  -2.5401E+01
   14.490  -2.3664E+01
   14.500  -2.2382E+01
   14.510  -2.3430E+01
   14.520  -2.6697E+01
   14.530  -3.0880E+01
   14.540  -3.2968E+01
   14.550  -3.1995E+01
   14.560  -2.9128E+01
   14.570  -2.6449E+01
   14.580  -2.5493E+01
   14.590  -2.6740E+01
   14.600  -2.9628E+01
   14.610  -3.3809E+01
   14.620  -3.8736E+01
   14.630  -4.2312E+01
   14.640  -4.3470E+01
   14.650  -4.3957E+01
   14.660  -4.6365E+01
   14.670  -5.0415E+01
   14.680  -5.4754E+01
   14.690  -5.6325E+01
   14.700  -5.4079E+01
   14.710  -4.8738E+01
   14.720  -4.0979E+01
   14.730  -3.3169E+01
   14.740  -2.6816E+01
   14.750  -2.2126E+01
   14.760  -1.8680E+01
   14.770  -1.4603E+01
   14.780  -9.5114E+00
   14.790  -4.6756E+00
   14.800  -2.7787E+00
   14.810  -3.9479E+00
   14.820  -5.6139E+00
   14.830  -6.0101E+00
   14.840  -4.5419E+00
   14.850  -2.0807E+00
   14.860   3.4100E-01
   14.870   3.3383E+00
   14.880   7.6963E+00
   14.890   1.2413E+01
   14.900   1.5450E+01
   14.910   1.4547E+01
   14.920   1.0817E+01
   14.930   7.7282E+00
   14.940   7.3202E+00
   14.950   9.4061E+00
   14.960   1.1147E+01
   14.970   9.8945E+00
   14.980   6.7858E+00
   14.990   3.8308E+00
   15.000   1.6033E+00
   15.010   7.8664E-01
   15.020   1.3788E+00
   15.030   2.0360E+00
   15.040   6.2638E-01
   15.050  -3.4574E+00
   15.060  -8.4193E+00
   15.070  -1.2296E+01
   15.080  -1.4584E+01
   15.090  -1.5992E+01
   15.100  -1.6807E+01
   15.110  -1.6190E+01
   15.120  -1.3413E+01
   15.130  -9.7579E+00
   15.140  -7.1829E+00
   15.150  -5.3964E+00
   15.160  -3.8881E+00
   15.170  -3.4434E+00
   15.180  -4.5698E+00
   15.190  -6.3162E+00
   15.200  -7.3869E+00
   15.210  -7.9152E+00
   15.220  -9.3468E+00
   15.230  -1.1816E+01
   15.240  -1.3837E+01
   15.250  -1.2730E+01
   15.260  -8.2900E+00
   15.270  -2.4121E+00
   15.280   4.0211E+00
   15.290   9.7380E+00
   15.300   1.3026E+01
   15.310   1.3861E+01
   15.320   1.3437E+01
   15.330   1.3764E+01
   15.340   1.6822E+01
   15.350   2.1796E+01
   15.360   2.6688E+01
   15.370   2.9927E+01
   15.380   3.0763E+01
   15.390   2.9273E+01
   15.400   2.6037E+01
   15.410   2.1957E+01
   15.420   1.8160E+01
   15.430   1.5710E+01
   15.440   1.5531E+01
   15.450   1.7843E+01
   15.460   2.1383E+01
   15.470   2.3785E+01
   15.480   2.4697E+01
   15.490   2.5335E+01
   15.500   2.6505E+01
   15.510   2.8242E+01
   15.520   3.0602E+01
   15.530   3.3050E+01
   15.540   3.4652E+01
   15.550   3.5079E+01
   15.560   3.4278E+01
   15.570   3.2552E+01
   15.580   3.0294E+01
   15.590   2.7898E+01
   15.600   2.5654E+01
   15.610   2.3560E+01
   15.620   2.1116E+01
   15.630   1.7458E+01
   15.640   1.2675E+01
   15.650   8.0110E+00
   15.660   4.1498E+00
   15.670   5.6782E-01
   15.680  -3.1137E+00
   15.690  -6.4164E+00
   15.700  -9.2275E+00
   15.710  -1.1986E+01
   15.720  -1.4469E+01
   15.730  -1.6145E+01
   15.740  -1.6613E+01
   15.750  -1.5650E+01
   15.760  -1.3627E+01
   15.770  -1.1451E+01
   15.780  -9.9589E+00
   15.790  -9.7319E+00
   15.800  -1.0915E+01
   15.810  -1.2092E+01
   15.820  -1.2014E+01
   15.830  -1.0586E+01
   15.840  -8.5065E+00
   15.850  -7.0699E+00
   15.860  -6.6248E+00
   15.870  -6.3423E+00
   15.880  -5.8860E+00
   15.890  -5.5456E+00
   15.900  -5.3719E+00
   15.910  -4.9673E+00
   15.920  -3.8768E+00
   15.930  -2.1819E+00
   15.940  -2.3706E-01
   15.950   1.5223E+00
   15.960   2.6987E+00
   15.970   2.9450E+00
   15.980   1.9961E+00
   15.990  -3.5506E-01
   16.000  -3.5383E+00
   16.010  -6.2773E+00
   16.020  -7.1303E+00
   16.030  -5.6779E+00
   16.040  -3.1549E+00
   16.050  -5.8296E-01
   16.060   2.1574E+00
   16.070   5.2064E+00
   16.080   8.2973E+00
   16.090   1.0363E+01
   16.100   1.0358E+01
   16.110   8.2530E+00
   16.120   4.9334E+00
   16.130   1.4502E+00
   16.140  -1.5956E+00
   16.150  -3.7758E+00
   16.160  -4.9575E+00
   16.170  -5.6814E+00
   16.180  -6.4913E+00
   16.190  -7.6469E+00
   16.200  -9.0000E+00
   16.210  -1.0072E+01
   16.220  -1.0363E+01
   16.230  -9.6062E+00
   16.240  -7.9749E+00
   16.250  -5.9390E+00
   16.260  -3.9737E+00
   16.270  -2.4594E+00
   16.280  -1.7312E+00
   16.290  -1.8973E+00
   16.300  -2.7332E+00
   16.310  -3.9097E+00
   16.320  -5.0779E+00
   16.330  -5.9395E+00
   16.340  -6.4323E+00
   16.350  -6.7841E+00
   16.360  -7.2069E+00
   16.370  -7.5937E+00
   16.380  -7.8145E+00
   16.390  -7.8091E+00
   16.400  -7.5476E+00
   16.410  -7.0318E+00
   16.420  -6.3489E+00
   16.430  -5.7670E+00
   16.440  -5.5006E+00
   16.450  -5.5699E+00
   16.460  -5.7796E+00
   16.470  -5.8995E+00
   16.480  -5.6831E+00
   16.490  -4.8245E+00
   16.500  -3.3823E+00
   16.510  -1.7141E+00
   16.520  -6.4848E-02
   16.530   1.4460E+00
   16.540   2.7976E+00
   16.550   4.0881E+00
   16.560   5.5313E+00
   16.570   7.2923E+00
   16.580   9.2398E+00
   16.590   1.0946E+01
   16.600   1.1875E+01
   16.610   1.1773E+01
   16.620   1.0826E+01
   16.630   9.4973E+00
   16.640   8.2775E+00
   16.650   7.4757E+00
   16.660   7.1788E+00
   16.670   7.2573E+00
   16.680   7.4873E+00
   16.690   7.7876E+00
   16.700   8.1129E+00
   16.710   8.5046E+00
   16.720   8.9949E+00
   16.730   9.4374E+00
   16.740   9.6631E+00
   16.750   9.5325E+00
   16.760   8.9912E+00
   16.770   8.2434E+00
   16.780   7.4199E+00
   16.790   6.4418E+00
   16.800   5.3691E+00
   16.810   4.3096E+00
   16.820   3.2734E+00
   16.830   2.4253E+00
   16.840   1.9467E+00
   16.850   2.0047E+00
   16.860   2.5914E+00
   16.870   3.4055E+00
   16.880   4.0489E+00
   16.890   4.2749E+00
   16.900   3.9188E+00
   16.910   2.8710E+00
   16.920   1.2415E+00
   16.930  -6.6551E-01
   16.940  -2.3967E+00
   16.950  -3.4596E+00
   16.960  -3.5855E+00
   16.970  -2.7966E+00
   16.980  -1.4041E+00
   16.990   2.5386E-01
   17.000   1.8983E+00
   17.010   3.2514E+00
   17.020   4.2058E+00
   17.030   4.9046E+00
   17.040   5.5265E+00
   17.050   6.0493E+00
   17.060   6.3968E+00
   17.070   6.3994E+00
   17.080   5.9346E+00
   17.090   4.9840E+00
   17.100   3.4409E+00
   17.110   1.5052E+00
   17.120  -3.5913E-01
   17.130  -1.8829E+00
   17.140  -2.9758E+00
   17.150  -3.6161E+00
   17.160  -3.8129E+00
   17.170  -3.5598E+00
   17.180  -2.9037E+00
   17.190  -1.9243E+00
   17.200  -8.5227E-01
   17.210   1.4245E-01
   17.220   1.0492E+00
   17.230   1.9517E+00
   17.240   2.8806E+00
   17.250   3.6483E+00
   17.260   4.2112E+00
   17.270   4.5033E+00
   17.280   4.3027E+00
   17.290   3.5204E+00
   17.300   2.3480E+00
   17.310   1.0756E+00
   17.320   6.6518E-02
   17.330  -5.7266E-01
   17.340  -9.3086E-01
   17.350  -1.0878E+00
   17.360  -1.0680E+00
   17.370  -9.6562E-01
   17.380  -1.0549E+00
   17.390  -1.5184E+00
   17.400  -2.3398E+00
   17.410  -3.3802E+00
   17.420  -4.5007E+00
   17.430  -5.5641E+00
   17.440  -6.3921E+00
   17.450  -6.8029E+00
   17.460  -6.7505E+00
   17.470  -6.4011E+00
   17.480  -5.9811E+00
   17.490  -5.6179E+00
   17.500  -5.3656E+00
   17.510  -5.2011E+00
   17.520  -5.0292E+00
   17.530  -4.8301E+00
   17.540  -4.7372E+00
   17.550  -4.9634E+00
   17.560  -5.6329E+00
   17.570  -6.6323E+00
   17.580  -7.7181E+00
   17.590  -8.6795E+00
   17.600  -9.3362E+00
   17.610  -9.5515E+00
   17.620  -9.2598E+00
   17.630  -8.5055E+00
   17.640  -7.4424E+00
   17.650  -6.2757E+00
   17.660  -5.1574E+00
   17.670  -4.1290E+00
   17.680  -3.1759E+00
   17.690  -2.2876E+00
   17.700  -1.4715E+00
   17.710  -7.4542E-01
   17.720  -1.2586E-01
   17.730   4.2658E-01
   17.740   9.7114E-01
   17.750   1.4561E+00
   17.760   1.7609E+00
   17.770   1.8109E+00
   17.780   1.6260E+00
   17.790   1.3303E+00
   17.800   1.0893E+00
   17.810   1.0121E+00
   17.820   1.0995E+00
   17.830   1.2466E+00
   17.840   1.3531E+00
   17.850   1.3799E+00
   17.860   1.2912E+00
   17.870   1.0461E+00
   17.880   6.5214E-01
   17.890   2.2540E-01
   17.900  -5.1213E-02
   17.910  -2.7040E-02
   17.920   3.5205E-01
   17.930   1.0679E+00
   17.940   2.0295E+00
   17.950   3.0269E+00
   17.960   3.8178E+00
   17.970   4.2765E+00
   17.980   4.4756E+00
   17.990   4.6259E+00
   18.000   4.8920E+00
   18.010   5.2355E+00
   18.020   5.4737E+00
   18.030   5.4209E+00
   18.040   4.9871E+00
   18.050   4.2129E+00
   18.060   3.2081E+00
   18.070   2.0783E+00
   18.080   8.7601E-01
   18.090  -3.6073E-01
   18.100  -1.5547E+00
   18.110  -2.5858E+00
   18.120  -3.3275E+00
   18.130  -3.6936E+00
   18.140  -3.6570E+00
   18.150  -3.2586E+00
   18.160  -2.6115E+00
   18.170  -1.8771E+00
   18.180  -1.2041E+00
   18.190  -6.7867E-01
   18.200  -3.2118E-01
   18.210  -1.0559E-01
   18.220   2.7298E-02
   18.230   1.4864E-01
   18.240   3.0138E-01
   18.250   4.7581E-01
   18.260   6.3816E-01
   18.270   7.7503E-01
   18.280   8.9100E-01
   18.290   9.7079E-01
   18.300   9.7972E-01
   18.310   9.1920E-01
   18.320   8.6032E-01
   18.330   8.9102E-01
   18.340   1.0247E+00
   18.350   1.1719E+00
   18.360   1.2093E+00
   18.370   1.0859E+00
   18.380   8.7931E-01
   18.390   7.5893E-01
   18.400   8.7255E-01
   18.410   1.2289E+00
   18.420   1.6754E+00
   18.430   2.0094E+00
   18.440   2.1379E+00
   18.450   2.1341E+00
   18.460   2.1352E+00
   18.470   2.1936E+00
   18.480   2.2367E+00
   18.490   2.1599E+00
   18.500   1.9324E+00
   18.510   1.6089E+00
   18.520   1.2647E+00
   18.530   9.4839E-01
   18.540   6.8803E-01
   18.550   5.0317E-01
   18.560   3.8256E-01
   18.570   2.5711E-01
   18.580   2.4673E-02
   18.590  -3.7544E-01
   18.600  -8.9660E-01
   18.610  -1.3880E+00
   18.620  -1.6707E+00
   18.630  -1.6384E+00
   18.640  -1.3109E+00
   18.650  -8.0402E-01
   18.660  -2.5080E-01
   18.670   2.5076E-01
   18.680   6.3197E-01
   18.690   8.4035E-01
   18.700   8.6742E-01
   18.710   7.7597E-01
   18.720   6.5521E-01
   18.730   5.2657E-01
   18.740   3.1288E-01
   18.750  -8.6827E-02
   18.760  -7.0814E-01
   18.770  -1.5124E+00
   18.780  -2.4244E+00
   18.790  -3.3362E+00
   18.800  -4.0928E+00
   18.810  -4.5469E+00
   18.820  -4.6680E+00
   18.830  -4.5856E+00
   18.840  -4.4936E+00
   18.850  -4.5061E+00
   18.860  -4.5995E+00
   18.870  -4.6685E+00
   18.880  -4.6219E+00
   18.890  -4.4427E+00
   18.900  -4.1797E+00
   18.910  -3.8860E+00
   18.920  -3.5483E+00
   18.930  -3.0806E+00
   18.940  -2.4006E+00
   18.950  -1.5206E+00
   18.960  -5.6864E-01
   18.970   2.6681E-01
   18.980   8.1413E-01
   18.990   9.7957E-01
   19.000   7.8630E-01
   19.010   3.7001E-01
   19.020  -8.8675E-02
   19.030  -4.5658E-01
   19.040  -6.9028E-01
   19.050  -8.1294E-01
   19.060  -8.7758E-01
   19.070  -9.4465E-01
   19.080  -1.0439E+00
   19.090  -1.1253E+00
   19.100  -1.0650E+00
   19.110  -7.5087E-01
   19.120  -1.5635E-01
   19.130   6.7274E-01
   19.140   1.6642E+00
   19.150   2.7018E+00
   19.160   3.5880E+00
   19.170   4.1149E+00
   19.180   4.2237E+00
   19.190   4.0597E+00
   19.200   3.8249E+00
   19.210   3.5897E+00
   19.220   3.2784E+00
   19.230   2.8148E+00
   19.240   2.2282E+00
   19.250   1.6219E+00
   19.260   1.0939E+00
   19.270   7.0614E-01
   19.280   4.7729E-01
   19.290   3.5513E-01
   19.300   2.1971E-01
   19.310  -2.9624E-02
   19.320  -3.7270E-01
   19.330  -6.7323E-01
   19.340  -7.9047E-01
   19.350  -6.7888E-01
   19.360  -3.9339E-01
   19.370  -3.8718E-02
   19.380   2.6820E-01
   19.390   4.1907E-01
   19.400   3.5440E-01
   19.410   1.1820E-01
   19.420  -1.2753E-01
   19.430  -1.7331E-01
   19.440   1.0638E-01
   19.450   6.5232E-01
   19.460   1.2416E+00
   19.470   1.6272E+00
   19.480   1.6843E+00
   19.490   1.4491E+00
   19.500   1.0499E+00
   19.510   6.2054E-01
   19.520   2.5873E-01
   19.530   9.8639E-03
   19.540  -1.4501E-01
   19.550  -2.7293E-01
   19.560  -4.2873E-01
   19.570  -5.9759E-01
   19.580  -6.9433E-01
   19.590  -6.1136E-01
   19.600  -2.6557E-01
   19.610   3.7098E-01
   19.620   1.2463E+00
   19.630   2.2205E+00
   19.640   3.1055E+00
   19.650   3.7391E+00
   19.660   4.0417E+00
   19.670   4.0241E+00
   19.680   3.7688E+00
   19.690   3.4023E+00
   19.700   3.0569E+00
   19.710   2.8168E+00
   19.720   2.6903E+00
   19.730   2.6357E+00
   19.740   2.6179E+00
   19.750   2.6251E+00
   19.760   2.6294E+00
   19.770   2.5438E+00
   19.780   2.2452E+00
   19.790   1.6595E+00
   19.800   8.2781E-01
   19.810  -1.0420E-01
   19.820  -9.5793E-01
   19.830  -1.5888E+00
   19.840  -1.9230E+00
   19.850  -1.9809E+00
   19.860  -1.8825E+00
   19.870  -1.7997E+00
   19.880  -1.8530E+00
   19.890  -2.0295E+00
   19.900  -2.1957E+00
   19.910  -2.1912E+00
   19.920  -1.9285E+00
   19.930  -1.4431E+00
   19.940  -8.8742E-01
   19.950  -4.6816E-01
   19.960  -3.5237E-01
   19.970  -5.9764E-01
   19.980  -1.1526E+00
   19.990  -1.8998E+00
   20.000  -2.6818E+00
   20.010  -3.3227E+00
   20.020  -3.6981E+00
   20.030  -3.8250E+00
   20.040  -3.8534E+00
   20.050  -3.9274E+00
   20.060  -4.0484E+00
   20.070  -4.0884E+00
   20.080  -3.9230E+00
   20.090  -3.5317E+00
   20.100  -2.9911E+00
   20.110  -2.4156E+00
   20.120  -1.9099E+00
   20.130  -1.5339E+00
   20.140  -1.2712E+00
   20.150  -1.0336E+00
   20.160  -7.1543E-01
   20.170  -2.6683E-01
   20.180   2.6826E-01
   20.190   7.6648E-01
   20.200   1.0887E+00
   20.210   1.1641E+00
   20.220   1.0353E+00
   20.230   8.1780E-01
   20.240   6.0909E-01
   20.250   4.3575E-01
   20.260   2.7045E-01
   20.270   6.3428E-02
   20.280  -2.4710E-01
   20.290  -7.0922E-01
   20.300  -1.2978E+00
   20.310  -1.8863E+00
   20.320  -2.3072E+00
   20.330  -2.4485E+00
   20.340  -2.2985E+00
   20.350  -1.9292E+00
   20.360  -1.4675E+00
   20.370  -1.0535E+00
   20.380  -7.6270E-01
   20.390  -5.5076E-01
   20.400  -3.0897E-01
   20.410   3.4966E-03
   20.420   3.0108E-01
   20.430   4.5201E-01
   20.440   3.8994E-01
   20.450   1.3089E-01
   20.460  -2.8569E-01
   20.470  -8.3455E-01
   20.480  -1.4914E+00
   20.490  -2.2125E+00
   20.500  -2.9307E+00
   20.510  -3.5548E+00
   20.520  -3.9758E+00
   20.530  -4.0957E+00
   20.540  -3.8629E+00
   20.550  -3.2835E+00
   20.560  -2.4162E+00
   20.570  -1.3774E+00
   20.580  -3.5018E-01
   20.590   4.5006E-01
   20.600   8.7002E-01
   20.610   9.2780E-01
   20.620   8.5488E-01
   20.630   1.0049E+00
   20.640   1.6475E+00
   20.650   2.7806E+00
   20.660   4.1238E+00
   20.670   5.3102E+00
   20.680   6.1073E+00
   20.690   6.4890E+00
   20.700   6.8200E+00
   20.710   6.7121E+00
   20.720   6.5032E+00
   20.730   6.2565E+00
   20.740   5.9288E+00
   20.750   5.5750E+00
   20.760   4.9918E+00
   20.770   4.1533E+00
   20.780   3.1306E+00
   20.790   2.0911E+00
   20.800   1.2572E+00
   20.810   8.0072E-01
   20.820   7.4026E-01
   20.830   9.5905E-01
   20.840   1.3272E+00
   20.850   1.7731E+00
   20.860   2.2375E+00
   20.870   2.6297E+00
   20.880   2.8879E+00
   20.890   3.0507E+00
   20.900   3.2103E+00
   20.910   3.3989E+00
   20.920   3.5596E+00
   20.930   3.6182E+00
   20.940   3.5393E+00
   20.950   3.3166E+00
   20.960   2.9551E+00
   20.970   2.4827E+00
   20.980   1.9466E+00
   20.990   1.3792E+00
   21.000   7.7856E-01
   21.010   1.3199E-01
   21.020  -5.4109E-01
   21.030  -1.1615E+00
   21.040  -1.6009E+00
   21.050  -1.7591E+00
   21.060  -1.6711E+00
   21.070  -1.5176E+00
   21.080  -1.4677E+00
   21.090  -1.7176E+00
   21.100  -1.6405E+00
   21.110  -1.3782E+00
   21.120  -9.6408E-01
   21.130  -4.8562E-01
   21.140   4.9510E-02
   21.150   6.8164E-01
   21.160   1.3802E+00
   21.170   2.0260E+00
   21.180   2.7058E+00
   21.190   2.8002E+00
   21.200   2.6403E+00
   21.210   2.2545E+00
   21.220   1.7015E+00
   21.230   8.2324E-01
   21.240   4.0831E-02
   21.250  -8.1387E-01
   21.260  -1.4926E+00
   21.270  -2.1139E+00
   21.280  -2.3672E+00
   21.290  -2.2148E+00
   21.300  -1.7378E+00
   21.310  -1.0826E+00
   21.320  -4.1602E-01
   21.330   1.2982E-01
   21.340   5.3165E-01
   21.350   1.4511E+00
   21.360   1.7228E+00
   21.370   2.1267E+00
   21.380   2.3252E+00
   21.390   2.4897E+00
   21.400   2.3655E+00
   21.410   1.9444E+00
   21.420   7.9643E-01
   21.430  -1.6328E-01
   21.440  -3.0473E-01
   21.450  -1.0938E+00
   21.460  -1.4969E+00
   21.470  -2.0815E+00
   21.480  -2.7529E+00
   21.490  -3.6434E+00
   21.500  -4.1602E+00
   21.510  -5.1924E+00
   21.520  -6.1056E+00
   21.530  -6.7954E+00
   21.540  -7.2440E+00
   21.550  -7.4907E+00
   21.560  -7.5963E+00
   21.570  -7.5956E+00
   21.580  -7.5800E+00
   21.590  -7.2436E+00
   21.600  -6.6829E+00
   21.610  -6.1590E+00
   21.620  -5.4322E+00
   21.630  -4.4678E+00
   21.640  -3.2982E+00
   21.650  -2.0614E+00
   21.660  -9.1236E-01
   21.670   7.5572E-02
   21.680   8.7764E-01
   21.690   1.4111E+00
   21.700   1.4651E+00
   21.710   1.4490E+00
   21.720   9.6145E-01
   21.730   3.5377E-01
   21.740   8.1459E-02
   21.750  -3.0795E-01
   21.760  -2.8124E-01
   21.770  -5.4460E-01
   21.780  -6.5790E-01
   21.790  -8.6170E-01
   21.800  -5.8546E-01
   21.810  -2.1322E-01
   21.820   6.2523E-01
   21.830   1.5955E+00
   21.840   2.2046E+00
   21.850   2.9636E+00
   21.860   3.7657E+00
   21.870   4.4697E+00
   21.880   4.9690E+00
   21.890   3.7885E+00
   21.900   3.6982E+00
   21.910   3.3884E+00
   21.920   2.9460E+00
   21.930   2.8585E+00
   21.940   2.4027E+00
   21.950   2.3140E+00
   21.960   2.2025E+00
   21.970   2.0247E+00
   21.980   1.7556E+00
   21.990   1.3699E+00
   22.000   8.5521E-01
   22.010   2.9009E-01
   22.020  -3.5541E-01
   22.030  -9.4220E-01
   22.040  -1.5685E+00
   22.050  -1.8086E+00
   22.060  -1.8212E+00
   22.070  -1.7947E+00
   22.080  -1.7200E+00
   22.090  -1.5672E+00
   22.100  -1.2745E+00
   22.110  -8.4129E-01
   22.120  -3.1401E-01
   22.130   3.6331E-02
   22.140   2.1561E-01
   22.150   2.5799E-01
   22.160   2.6499E-01
   22.170   5.6975E-01
   22.180   8.7115E-01
   22.190   1.0758E+00
   22.200   1.1336E+00
   22.210   1.0904E+00
   22.220   1.0400E+00
   22.230   1.0351E+00
   22.240   1.0623E+00
   22.250   1.0758E+00
   22.260   5.2660E-01
   22.270   1.1101E+00
   22.280   8.7382E-01
   22.290   1.2731E+00
   22.300   1.1584E+00
   22.310   9.3539E-01
   22.320   1.1825E+00
   22.330   1.5304E+00
   22.340   1.9018E+00
   22.350   2.4752E+00
   22.360   3.0944E+00
   22.370   2.7425E+00
   22.380   3.0992E+00
   22.390   2.9872E+00
   22.400   2.8884E+00
   22.410   2.6784E+00
   22.420   2.6570E+00
   22.430   1.9833E+00
   22.440   1.7622E+00
   22.450   1.4309E+00
   22.460   1.1209E+00
   22.470   8.1039E-01
   22.480   4.7528E-01
   22.490   1.1558E-01
   22.500  -2.4143E-01
   22.510  -5.8884E-01
   22.520  -1.2015E+00
   22.530  -1.2366E+00
   22.540  -1.2318E+00
   22.550  -1.1222E+00
   22.560  -8.8310E-01
   22.570  -5.6864E-01
   22.580  -5.0012E-01
   22.590  -2.1334E-01
   22.600   1.0486E-01
   22.610   3.4230E-01
   22.620   5.2295E-01
   22.630   5.2594E-01
   22.640   3.8410E-01
   22.650   1.7592E-01
   22.660   1.3510E-01
   22.670  -6.6391E-01
   22.680  -1.5618E+00
   22.690  -2.5873E+00
   22.700  -3.5755E+00
   22.710  -4.3355E+00
   22.720  -4.7858E+00
   22.730  -5.0074E+00
   22.740  -5.1643E+00
   22.750  -5.3638E+00
   22.760  -5.5779E+00
   22.770  -5.6764E+00
   22.780  -5.5339E+00
   22.790  -5.1217E+00
   22.800  -4.4329E+00
   22.810  -3.6795E+00
   22.820  -3.0939E+00
   22.830  -2.1977E+00
   22.840  -1.1735E+00
   22.850  -1.0211E-01
   22.860   8.7940E-01
   22.870   1.6527E+00
   22.880   2.1893E+00
   22.890   2.4152E+00
   22.900   2.6859E+00
   22.910   2.2629E+00
   22.920   1.6515E+00
   22.930   9.3926E-01
   22.940   1.5610E-01
   22.950  -8.2464E-03
   22.960  -1.0830E+00
   22.970  -2.1273E+00
   22.980  -2.9127E+00
   22.990  -3.2458E+00
   23.000  -3.0682E+00
   23.010  -2.4670E+00
   23.020  -1.6029E+00
   23.030  -6.2958E-01
   23.040   3.3313E-01
   23.050   1.1853E+00
   23.060   1.8501E+00
   23.070   2.3071E+00
   23.080   2.5545E+00
   23.090   2.7980E+00
   23.100   3.1137E+00
   23.110   3.2574E+00
   23.120   3.2604E+00
   23.130   3.0333E+00
   23.140   2.0173E+00
   23.150   1.2563E+00
   23.160   3.7576E-01
   23.170  -4.6795E-01
   23.180  -1.1909E+00
   23.190  -1.8026E+00
   23.200  -1.7197E+00
   23.210  -2.3533E+00
   23.220  -2.8746E+00
   23.230  -3.6524E+00
   23.240  -3.6933E+00
   23.250  -3.4304E+00
   23.260  -2.8900E+00
   23.270  -2.2137E+00
   23.280  -1.0449E+00
   23.290  -6.1585E-01
   23.300   5.6389E-01
   23.310   1.7680E+00
   23.320   2.8058E+00
   23.330   3.5865E+00
   23.340   3.9952E+00
   23.350   4.0566E+00
   23.360   3.7900E+00
   23.370   3.2597E+00
   23.380   2.6301E+00
   23.390   1.9317E+00
   23.400   9.5438E-01
   23.410  -3.7643E-04
   23.420  -9.1245E-01
   23.430  -1.4245E+00
   23.440  -1.7993E+00
   23.450  -1.5354E+00
   23.460  -1.5696E+00
   23.470  -1.6365E+00
   23.480  -1.7088E+00
   23.490  -1.2873E+00
   23.500  -1.0470E+00
   23.510  -6.4558E-01
   23.520  -5.7403E-02
   23.530   7.0839E-01
   23.540   1.5706E+00
   23.550   2.4816E+00
   23.560   3.3267E+00
   23.570   4.0925E+00
   23.580   4.7125E+00
   23.590   5.1115E+00
   23.600   5.1808E+00
   23.610   4.8385E+00
   23.620   4.1052E+00
   23.630   3.3834E+00
   23.640   2.2916E+00
   23.650   1.3021E+00
   23.660   5.4090E-01
   23.670   2.4066E-02
   23.680  -3.4212E-01
   23.690  -6.9392E-01
   23.700  -1.1253E+00
   23.710  -1.6597E+00
   23.720  -2.2698E+00
   23.730  -2.8128E+00
   23.740  -3.3141E+00
   23.750  -3.5228E+00
   23.760  -3.4009E+00
   23.770  -3.0024E+00
   23.780  -2.4269E+00
   23.790  -1.8985E+00
   23.800  -1.2418E+00
   23.810  -4.8385E-01
   23.820   2.5017E-01
   23.830   1.0667E+00
   23.840   1.5449E+00
   23.850   1.3458E+00
   23.860   1.3513E+00
   23.870   1.1961E+00
   23.880   6.8374E-01
   23.890  -1.4122E-02
   23.900  -7.5193E-01
   23.910  -1.3792E+00
   23.920  -1.8280E+00
   23.930  -2.1636E+00
   23.940  -2.3486E+00
   23.950  -2.4259E+00
   23.960  -1.7207E+00
   23.970  -1.2801E+00
   23.980  -6.8019E-01
   23.990  -8.4053E-02
   24.000   4.9337E-01
   24.010   1.4844E+00
   24.020   1.5937E+00
   24.030   1.5835E+00
   24.040   1.6080E+00
   24.050   1.5223E+00
   24.060   1.5633E+00
   24.070   1.5737E+00
   24.080   1.4599E+00
   24.090   1.2012E+00
   24.100   8.7690E-01
   24.110   6.1434E-01
   24.120   4.9484E-01
   24.130   4.7252E-01
   24.140   5.5308E-01
   24.150   6.1366E-01
   24.160   1.0779E+00
   24.170   9.1184E-01
   24.180   5.8502E-01
   24.190  -8.1907E-02
   24.200  -5.2087E-01
   24.210  -8.2408E-01
   24.220  -9.3573E-01
   24.230  -8.4967E-01
   24.240  -5.8271E-01
   24.250  -1.9488E-01
   24.260   2.1015E-01
   24.270   7.8077E-01
   24.280   1.1780E+00
   24.290   1.3853E+00
   24.300   1.5629E+00
   24.310   1.7086E+00
   24.320   1.7993E+00
   24.330   1.7993E+00
   24.340   1.6643E+00
   24.350   1.1409E+00
   24.360   5.0833E-01
   24.370   1.5783E-02
   24.380  -4.2248E-01
   24.390  -8.7589E-01
   24.400  -1.2832E+00
   24.410  -1.6073E+00
   24.420  -1.7949E+00
   24.430  -1.8050E+00
   24.440  -1.6272E+00
   24.450  -1.1804E+00
   24.460  -6.4917E-01
   24.470  -1.2788E-01
   24.480   2.8892E-01
   24.490   5.6290E-01
   24.500   7.2381E-01
   24.510   7.7493E-01
   24.520   8.6574E-01
   24.530   8.7822E-01
   24.540   9.4197E-01
   24.550   1.0670E+00
   24.560   1.1810E+00
   24.570   6.1709E-01
   24.580   5.3771E-01
   24.590   5.6465E-01
   24.600   6.8800E-01
   24.610   8.5999E-01
   24.620   8.0053E-01
   24.630   1.1148E+00
   24.640   1.2236E+00
   24.650   1.2156E+00
   24.660   1.0442E+00
   24.670   7.1831E-01
   24.680   3.0998E-01
   24.690  -7.8890E-02
   24.700  -2.7932E-01
   24.710  -4.2124E-01
   24.720  -4.1428E-01
   24.730  -2.8053E-01
   24.740   4.8476E-01
   24.750   5.6821E-01
   24.760   6.1522E-01
   24.770   7.3480E-01
   24.780   8.8120E-01
   24.790   1.0249E+00
   24.800   1.1055E+00
   24.810   1.2488E+00
   24.820   9.6362E-01
   24.830   4.6275E-01
   24.840  -1.7774E-02
   24.850  -4.6592E-01
   24.860  -8.6637E-01
   24.870  -1.0856E+00
   24.880  -7.2837E-01
   24.890  -7.1255E-01
   24.900  -7.3906E-01
   24.910  -8.0977E-01
   24.920  -1.4032E+00
   24.930  -1.4539E+00
   24.940  -1.4303E+00
   24.950  -1.3854E+00
   24.960  -1.4493E+00
   24.970  -1.4607E+00
   24.980  -1.5104E+00
   24.990  -1.5968E+00
   25.000  -1.7239E+00
   25.010  -1.7856E+00
   25.020  -1.9401E+00
   25.030  -1.9957E+00
   25.040  -1.9623E+00
   25.050  -1.8967E+00
   25.060  -1.8268E+00
   25.070  -1.7647E+00
   25.080  -1.6812E+00
   25.090  -1.4661E+00
   25.100  -1.2409E+00
   25.110  -9.4412E-01
   25.120  -6.4240E-01
   25.130  -4.0577E-01
   25.140  -2.8744E-01
   25.150  -1.8026E-01
   25.160  -1.9118E-01
   25.170  -1.6971E-01
   25.180  -1.0138E-01
   25.190   2.6302E-03
   25.200   3.9818E-01
   25.210   5.6391E-01
   25.220   5.7942E-01
   25.230   7.4512E-01
   25.240   8.0568E-01
   25.250   8.1736E-01
   25.260   7.6930E-01
   25.270   6.7651E-01
   25.280   4.3434E-01
   25.290   1.2501E-01
   25.300  -2.1780E-01
   25.310  -5.5062E-01
   25.320  -8.1252E-01
   25.330  -9.3852E-01
   25.340  -9.4134E-01
   25.350  -8.8941E-01
   25.360  -4.9955E-01
   25.370  -8.2990E-02
   25.380   7.4341E-01
   25.390   7.6465E-01
   25.400   9.8959E-01
   25.410   1.1873E+00
   25.420   1.3863E+00
   25.430   1.5735E+00
   25.440   1.7017E+00
   25.450   1.7292E+00
   25.460   1.6459E+00
   25.470   1.4673E+00
   25.480   1.2213E+00
   25.490   9.4990E-01
   25.500   6.6055E-01
   25.510   3.8488E-01
   25.520   1.2917E-01
   25.530  -9.8505E-02
   25.540  -2.8162E-01
   25.550  -4.0612E-01
   25.560  -4.7220E-01
   25.570  -4.8944E-01
   25.580  -4.6591E-01
   25.590  -4.1149E-01
   25.600  -3.5213E-01
   25.610  -3.3079E-01
   25.620  -7.9040E-01
   25.630  -8.1149E-01
   25.640  -8.6395E-01
   25.650  -8.9703E-01
   25.660  -8.8089E-01
   25.670  -7.9933E-01
   25.680  -7.0455E-01
   25.690  -5.9807E-01
   25.700  -4.8064E-01
   25.710  -3.5836E-01
   25.720  -2.4147E-01
   25.730  -1.4371E-01
   25.740  -4.9863E-01
   25.750  -4.4375E-01
   25.760  -4.0459E-01
   25.770  -3.8595E-01
   25.780  -3.9877E-01
   25.790  -4.9916E-01
   25.800  -5.7996E-01
   25.810  -6.4250E-01
   25.820  -6.5943E-01
   25.830  -6.4441E-01
   25.840  -5.7124E-01
   25.850  -4.2035E-01
   25.860  -2.6871E-01
   25.870  -2.1045E-03
   25.880   2.4985E-01
   25.890   5.1182E-01
   25.900   7.8415E-01
   25.910   1.0610E+00
   25.920   4.9950E-01
   25.930   7.3009E-01
   25.940   8.5309E-01
   25.950   9.1751E-01
   25.960   1.1380E+00
   25.970   1.1265E+00
   25.980   9.6498E-01
   25.990   4.3592E-01
   26.000   4.5343E-01
   26.010   4.4547E-01
   26.020   3.9246E-01
   26.030   3.0603E-01
   26.040   2.2361E-01
   26.050   1.5522E-01
   26.060   1.6843E-01
   26.070   2.1991E-01
   26.080   3.9156E-01
   26.090   4.1620E-01
   26.100   3.5883E-01
   26.110   2.8795E-01
   26.120   1.8989E-01
   26.130   1.0251E-01
   26.140   1.3879E-01
   26.150   5.9620E-02
   26.160  -2.0346E-04
   26.170  -4.5400E-02
   26.180  -7.9854E-02
   26.190  -8.1880E-02
   26.200  -8.3237E-02
   26.210  -9.4296E-02
   26.220  -1.0667E-01
   26.230  -9.6769E-02
   26.240   6.0613E-02
   26.250   1.3048E-01
   26.260   2.1017E-01
   26.270   2.6506E-01
   26.280   2.7906E-01
   26.290   2.5875E-01
   26.300   2.2168E-01
   26.310   1.8521E-01
   26.320   1.6468E-01
   26.330   1.7109E-01
   26.340   2.0400E-01
   26.350   2.5081E-01
   26.360   2.9883E-01
   26.370   7.6656E-01
   26.380   3.2151E-01
   26.390   3.4279E-01
   26.400   3.6949E-01
   26.410   3.9941E-01
   26.420   4.1978E-01
   26.430   4.1382E-01
   26.440   3.7470E-01
   26.450   3.1537E-01
   26.460   2.6282E-01
   26.470   2.4003E-01
   26.480   2.5143E-01
   26.490   2.8297E-01
   26.500   4.3734E-01
   26.510   4.2566E-01
   26.520   3.9371E-01
   26.530   4.5800E-01
   26.540   4.0849E-01
   26.550   3.5668E-01
   26.560   2.1089E-02
   26.570   1.3227E-01
   26.580   1.8228E-01
   26.590   1.8089E-01
   26.600   1.3603E-01
   26.610   6.7435E-02
   26.620  -7.6800E-03
   26.630  -8.0394E-02
   26.640  -1.4616E-01
   26.650  -2.0039E-01
   26.660  -2.4934E-01
   26.670  -2.9074E-01
   26.680  -3.2942E-01
   26.690  -3.6346E-01
   26.700  -3.8562E-01
   26.710  -3.8004E-01
   26.720  -3.1311E-01
   26.730  -2.7154E-01
   26.740  -2.0740E-01
   26.750  -1.5665E-01
   26.760  -1.3943E-01
   26.770  -3.1100E-01
   26.780  -3.0578E-01
   26.790  -2.8117E-01
   26.800  -2.3750E-01
   26.810  -1.8661E-01
   26.820  -1.3940E-01
   26.830   1.1613E-02
   26.840   5.1947E-02
   26.850   9.8867E-02
   26.860   1.5143E-01
   26.870   2.0227E-01
   26.880   2.4183E-01
   26.890   2.5999E-01
   26.900   2.4426E-01
   26.910   1.8217E-01
   26.920   7.0744E-02
   26.930  -6.9805E-02
   26.940  -2.0201E-01
   26.950  -2.8697E-01
   26.960  -3.0516E-01
   26.970  -2.6498E-01
   26.980  -1.5479E-01
   26.990  -9.5494E-02
   27.000  -4.8186E-02
   27.010  -7.2448E-03
   27.020  -1.0708E-01
   27.030  -1.0221E-02
   27.040   6.3205E-02
   27.050   1.5299E-01
   27.060   2.4720E-01
   27.070   3.1402E-01
   27.080   3.3739E-01
   27.090   3.1086E-01
   27.100   2.4443E-01
   27.110   1.5583E-01
   27.120   5.9265E-02
   27.130  -8.3367E-02
   27.140  -1.5146E-01
   27.150  -2.0918E-01
   27.160  -2.5646E-01
   27.170  -2.9258E-01
   27.180  -3.1197E-01
   27.190  -3.0602E-01
   27.200  -2.8273E-01
   27.210  -2.4037E-01
   27.220  -2.0257E-01
   27.230  -1.8823E-01
   27.240  -2.0039E-01
   27.250  -2.2565E-01
   27.260  -2.5965E-01
   27.270  -2.7959E-01
   27.280  -2.7817E-01
   27.290  -2.4966E-01
   27.300  -1.9408E-01
   27.310  -1.1734E-01
   27.320  -3.0757E-02
   27.330   4.6845E-02
   27.340   1.1499E-01
   27.350   1.5650E-01
   27.360   1.6668E-01
   27.370   1.4779E-01
   27.380   1.0893E-01
   27.390   6.0567E-02
   27.400   8.1790E-03
   27.410  -4.6398E-02
   27.420  -9.6813E-02
   27.430  -1.2917E-01
   27.440  -1.2522E-01
   27.450  -1.3405E-01
   27.460  -9.4692E-02
   27.470  -4.2404E-02
   27.480   1.1530E-02
   27.490  -4.5306E-03
   27.500   2.3074E-02
   27.510   4.4461E-02
   27.520   5.4782E-02
   27.530   5.4227E-02
   27.540   4.4972E-02
   27.550   2.7951E-02
   27.560   3.5214E-03
   27.570  -2.6153E-02
   27.580  -5.7431E-02
   27.590  -8.7768E-02
   27.600  -1.1700E-01
   27.610  -1.4174E-01
   27.620  -1.5844E-01
   27.630  -1.6314E-01
   27.640  -1.5486E-01
   27.650  -1.3452E-01
   27.660  -1.0186E-01
   27.670  -5.5655E-02
   27.680   2.3580E-03
   27.690   6.4811E-02
   27.700   1.1913E-01
   27.710   1.5881E-01
   27.720   1.8323E-01
   27.730   1.9158E-01
   27.740   1.8993E-01
   27.750   1.8536E-01
   27.760   1.8435E-01
   27.770   1.9071E-01
   27.780   2.0394E-01
   27.790   2.1920E-01
   27.800   2.2927E-01
   27.810   2.2836E-01
   27.820   2.1525E-01
   27.830   1.9263E-01
   27.840   1.6308E-01
   27.850   1.2635E-01
   27.860   8.1114E-02
   27.870   2.8534E-02
   27.880  -2.6987E-02
   27.890  -8.0018E-02
   27.900  -1.2600E-01
   27.910  -1.6164E-01
   27.920  -1.8420E-01
   27.930  -1.9768E-01
   27.940  -2.0299E-01
   27.950  -2.4923E-01
   27.960  -2.3774E-01
   27.970  -1.8464E-01
   27.980  -1.5883E-01
   27.990  -1.3180E-01
   28.000  -1.0720E-01
   28.010   2.6626E-02
   28.020   2.4147E-02
   28.030   1.7811E-02
   28.040   8.2439E-03
   28.050  -2.7455E-03
   28.060  -1.2950E-02
   28.070  -2.1044E-02
   28.080  -2.3806E-02
   28.090  -2.7212E-02
   28.100  -2.9044E-02
   28.110  -2.9501E-02
   28.120  -2.2178E-02
   28.130  -2.1621E-02
   28.140  -1.9413E-02
   28.150  -1.5849E-02
   28.160  -1.2295E-02
   28.170  -1.0058E-02
   28.180  -9.1179E-03
   28.190  -8.6583E-03
   28.200  -8.7477E-03
   28.210  -9.2124E-03
   28.220  -1.2581E-02
   28.230  -1.7514E-02
   28.240  -2.1774E-02
   28.250  -2.4097E-02
   28.260  -2.4749E-02
   28.270  -2.4260E-02
   28.280  -2.2507E-02
   28.290  -1.9350E-02
   28.300  -1.5908E-02
   28.310  -1.3021E-02
   28.320  -1.1715E-02
   28.330  -1.0751E-02
   28.340  -1.0905E-02
   28.350  -1.1414E-02
   28.360  -1.1969E-02
   28.370  -1.2932E-02
   28.380  -1.4889E-02
   28.390  -1.8053E-02
   28.400  -2.1936E-02
   28.410  -2.5471E-02
   28.420  -2.7486E-02
   28.430  -2.7200E-02
   28.440  -2.4336E-02
   28.450  -1.8886E-02
   28.460  -1.1049E-02
   28.470  -1.5874E-03
   28.480   7.9123E-03
   28.490   1.5451E-02
   28.500   1.9498E-02
   28.510   1.9530E-02
   28.520   1.5876E-02
   28.530   9.3631E-03
   28.540   1.2462E-03
   28.550  -6.6468E-03
   28.560  -1.2832E-02
   28.570  -1.1471E-02
   28.580  -1.1240E-02
   28.590  -7.5372E-03
   28.600  -2.1813E-03
   28.610   3.0691E-03
   28.620   7.4431E-03
   28.630   1.1073E-02
   28.640   1.4246E-02
   28.650   1.6960E-02
   28.660   1.9145E-02
   28.670   2.0966E-02
   28.680   2.2692E-02
   28.690   2.3306E-05
   28.700   2.1944E-03
   28.710   4.3595E-03
   28.720   6.4124E-03
   28.730   8.0087E-03
   28.740   8.8518E-03
   28.750   8.2871E-03
   28.760   8.6153E-03
   28.770   8.8974E-03
   28.780   9.1914E-03
   28.790   9.3688E-03
   28.800   9.2391E-03
   28.810   8.6887E-03
   28.820   7.7842E-03
   28.830   6.7396E-03
   28.840   5.7222E-03
   28.850   4.6867E-03
   28.860   3.4395E-03
   28.870   1.8821E-03
   28.880   2.0571E-04
   28.890  -1.0857E-03
   28.900  -1.3214E-03
   28.910   4.2617E-05
   28.920   3.0762E-03
   28.930   7.2337E-03
   28.940   1.1596E-02
   28.950   1.5305E-02
   28.960   1.7825E-02
   28.970   1.8923E-02
   28.980   1.8577E-02
   28.990   1.6937E-02
   29.000   1.4254E-02
   29.010   1.0776E-02
   29.020   6.7490E-03
   29.030   2.5754E-03
   29.040  -1.1299E-03
   29.050  -3.7704E-03
   29.060  -5.1099E-03
   29.070  -5.4004E-03
   29.080  -5.1993E-03
   29.090  -5.0442E-03
   29.100  -5.2018E-03
   29.110  -5.6133E-03
   29.120  -6.0659E-03
   29.130  -6.4607E-03
   29.140  -6.9314E-03
   29.150  -7.6824E-03
   29.160  -8.7222E-03
   29.170  -9.7733E-03
   29.180  -1.0440E-02
   29.190  -1.0467E-02
   29.200  -9.8931E-03
   29.210  -9.0236E-03
   29.220  -8.2341E-03
   29.230  -7.7600E-03
   29.240  -7.1092E-03
   29.250  -7.5215E-03
   29.260  -7.8422E-03
   29.270  -8.2856E-03
   29.280  -8.9641E-03
   29.290  -9.7399E-03
   29.300  -1.0253E-02
   29.310  -1.0147E-02
   29.320  -9.3116E-03
   29.330  -7.9455E-03
   29.340  -6.4037E-03
   29.350  -5.0268E-03
   29.360  -4.0696E-03
   29.370  -3.6774E-03
   29.380  -3.8239E-03
   29.390  -4.2748E-03
   29.400  -4.6795E-03
   29.410  -4.7521E-03
   29.420  -4.3813E-03
   29.430  -3.5900E-03
   29.440  -2.4226E-03
   29.450  -8.8331E-04
   29.460   1.0221E-03
   29.470   3.1904E-03
   29.480   5.3728E-03
   29.490   7.2474E-03
   29.500   8.5638E-03
   29.510   9.2216E-03
   29.520   9.2213E-03
   29.530   8.5942E-03
   29.540   7.4266E-03
   29.550   5.9242E-03
   29.560   4.3697E-03
   29.570   2.9722E-03
   29.580   1.7674E-03
   29.590   6.7181E-04
   29.600  -3.9174E-04
   29.610  -1.4359E-03
   29.620  -2.4416E-03
   29.630  -3.4102E-03
   29.640   4.1118E-05
   29.650  -6.6658E-04
   29.660  -1.6244E-03
   29.670  -2.7423E-03
   29.680  -3.8668E-03
   29.690  -4.8471E-03
   29.700  -5.5872E-03
   29.710  -6.0301E-03
   29.720  -6.1012E-03
   29.730  -5.7206E-03
   29.740  -4.9031E-03
   29.750  -3.8191E-03
   29.760  -2.7104E-03
   29.770  -1.7354E-03
   29.780  -9.0667E-04
   29.790   0.0000E+00
   29.800   0.0000E+00
   29.810   0.0000E+00
   29.820   0.0000E+00
   29.830   0.0000E+00
   29.840   0.0000E+00
   29.850   0.0000E+00
   29.860   0.0000E+00
   29.870   0.0000E+00
   29.880   0.0000E+00
   29.890   0.0000E+00
   29.900   0.0000E+00
   29.910   0.0000E+00
   29.920   0.0000E+00
   29.930   0.0000E+00
   29.940   0.0000E+00
   29.950   0.0000E+00
   29.960   0.0000E+00
   29.970   0.0000E+00
   29.980   0.0000E+00
   29.990   0.0000E+00
   30.000   0.0000E+00
   30.010   0.0000E+00
   30.020   0.0000E+00
   30.030   0.0000E+00
   30.040   0.0000E+00
   30.050   0.0000E+00
   30.060   0.0000E+00
   30.070   0.0000E+00
   30.080   0.0000E+00
   30.090   0.0000E+00
   30.100   0.0000E+00
   30.110   0.0000E+00
   30.120   0.0000E+00
   30.130   0.0000E+00
   30.140   0.0000E+00
   30.150   0.0000E+00
   30.160   0.0000E+00
   30.170   0.0000E+00
   30.180   0.0000E+00
   30.190   0.0000E+00
   30.200   0.0000E+00
   30.210   0.0000E+00
   30.220   0.0000E+00
   30.230   0.0000E+00
   30.240   0.0000E+00
   30.250   0.0000E+00
   30.260   0.0000E+00
   30.270   0.0000E+00
   30.280   0.0000E+00
   30.290   0.0000E+00
   30.300   0.0000E+00
   30.310   0.0000E+00
   30.320   0.0000E+00
   30.330   0.0000E+00
   30.340   0.0000E+00
   30.350   0.0000E+00
   30.360   0.0000E+00
   30.370   0.0000E+00
   30.380   0.0000E+00
   30.390   0.0000E+00
   30.400   0.0000E+00
   30.410   0.0000E+00
   30.420   0.0000E+00
   30.430   0.0000E+00
   30.440   0.0000E+00
   30.450   0.0000E+00
   30.460   0.0000E+00
   30.470   0.0000E+00
   30.480   0.0000E+00
   30.490   0.0000E+00
   30.500   0.0000E+00
   30.510   0.0000E+00
   30.520   0.0000E+00
   30.530   0.0000E+00
   30.540   0.0000E+00
   30.550   0.0000E+00
   30.560   0.0000E+00
   30.570   0.0000E+00
   30.580   0.0000E+00
   30.590   0.0000E+00
   30.600   0.0000E+00
   30.610   0.0000E+00
   30.620   0.0000E+00
   30.630   0.0000E+00
   30.640   0.0000E+00
   30.650   0.0000E+00
   30.660   0.0000E+00
   30.670   0.0000E+00
   30.680   0.0000E+00
   30.690   0.0000E+00
   30.700   0.0000E+00
   30.710   0.0000E+00
   30.720   0.0000E+00
   30.730   0.0000E+00
   30.740   0.0000E+00
   30.750   0.0000E+00
   30.760   0.0000E+00
   30.770   0.0000E+00
   30.780   0.0000E+00
   30.790   0.0000E+00
   30.800   0.0000E+00
   30.810   0.0000E+00
   30.820   0.0000E+00
   30.830   0.0000E+00
   30.840   0.0000E+00
   30.850   0.0000E+00
   30.860   0.0000E+00
   30.870   0.0000E+00
   30.880   0.0000E+00
   30.890   0.0000E+00
   30.900   0.0000E+00
   30.910   0.0000E+00
   30.920   0.0000E+00
   30.930   0.0000E+00
   30.940   0.0000E+00
   30.950   0.0000E+00
   30.960   0.0000E+00
   30.970   0.0000E+00
   30.980   0.0000E+00
   30.990   0.0000E+00
   31.000   0.0000E+00
   31.010   0.0000E+00
   31.020   0.0000E+00
   31.030   0.0000E+00
   31.040   0.0000E+00
   31.050   0.0000E+00
   31.060   0.0000E+00
   31.070   0.0000E+00
   31.080   0.0000E+00
   31.090   0.0000E+00
   31.100   0.0000E+00
   31.110   0.0000E+00
   31.120   0.0000E+00
   31.130   0.0000E+00
   31.140   0.0000E+00
   31.150   0.0000E+00
   31.160   0.0000E+00
   31.170   0.0000E+00
   31.180   0.0000E+00
   31.190   0.0000E+00
   31.200   0.0000E+00
   31.210   0.0000E+00
   31.220   0.0000E+00
   31.230   0.0000E+00
   31.240   0.0000E+00
   31.250   0.0000E+00
   31.260   0.0000E+00
   31.270   0.0000E+00
   31.280   0.0000E+00
   31.290   0.0000E+00
   31.300   0.0000E+00
   31.310   0.0000E+00
   31.320   0.0000E+00
   31.330   0.0000E+00
   31.340   0.0000E+00
   31.350   0.0000E+00
   31.360   0.0000E+00
   31.370   0.0000E+00
   31.380   0.0000E+00
   31.390   0.0000E+00
   31.400   0.0000E+00
   31.410   0.0000E+00
   31.420   0.0000E+00
   31.430   0.0000E+00
   31.440   0.0000E+00
   31.450   0.0000E+00
   31.460   0.0000E+00
   31.470   0.0000E+00
   31.480   0.0000E+00
   31.490   0.0000E+00
   31.500   0.0000E+00
   31.510   0.0000E+00
   31.520   0.0000E+00
   31.530   0.0000E+00
   31.540   0.0000E+00
   31.550   0.0000E+00
   31.560   0.0000E+00
   31.570   0.0000E+00
   31.580   0.0000E+00
   31.590   0.0000E+00
   31.600   0.0000E+00
   31.610   0.0000E+00
   31.620   0.0000E+00
   31.630   0.0000E+00
   31.640   0.0000E+00
   31.650   0.0000E+00
   31.660   0.0000E+00
   31.670   0.0000E+00
   31.680   0.0000E+00
   31.690   0.0000E+00
   31.700   0.0000E+00
   31.710   0.0000E+00
   31.720   0.0000E+00
   31.730   0.0000E+00
   31.740   0.0000E+00
   31.750   0.0000E+00
   31.760   0.0000E+00
   31.770   0.0000E+00
   31.780   0.0000E+00
   31.790   0.0000E+00
   31.800   0.0000E+00
   31.810   0.0000E+00
   31.820   0.0000E+00
   31.830   0.0000E+00
   31.840   0.0000E+00
   31.850   0.0000E+00
   31.860   0.0000E+00
   31.870   0.0000E+00
   31.880   0.0000E+00
   31.890   0.0000E+00
   31.900   0.0000E+00
   31.910   0.0000E+00
   31.920   0.0000E+00
   31.930   0.0000E+00
   31.940   0.0000E+00
   31.950   0.0000E+00
   31.960   0.0000E+00
   31.970   0.0000E+00
   31.980   0.0000E+00
   31.990   0.0000E+00
   32.000   0.0000E+00
   32.010   0.0000E+00
   32.020   0.0000E+00
   32.030   0.0000E+00
   32.040   0.0000E+00
   32.050   0.0000E+00
   32.060   0.0000E+00
   32.070   0.0000E+00
   32.080   0.0000E+00
   32.090   0.0000E+00
   32.100   0.0000E+00
   32.110   0.0000E+00
   32.120   0.0000E+00
   32.130   0.0000E+00
   32.140   0.0000E+00
   32.150   0.0000E+00
   32.160   0.0000E+00
   32.170   0.0000E+00
   32.180   0.0000E+00
   32.190   0.0000E+00
   32.200   0.0000E+00
   32.210   0.0000E+00
   32.220   0.0000E+00
   32.230   0.0000E+00
   32.240   0.0000E+00
   32.250   0.0000E+00
   32.260   0.0000E+00
   32.270   0.0000E+00
   32.280   0.0000E+00
   32.290   0.0000E+00
   32.300   0.0000E+00
   32.310   0.0000E+00
   32.320   0.0000E+00
   32.330   0.0000E+00
   32.340   0.0000E+00
   32.350   0.0000E+00
   32.360   0.0000E+00
   32.370   0.0000E+00
   32.380   0.0000E+00
   32.390   0.0000E+00
   32.400   0.0000E+00
   32.410   0.0000E+00
   32.420   0.0000E+00
   32.430   0.0000E+00
   32.440   0.0000E+00
   32.450   0.0000E+00
   32.460   0.0000E+00
   32.470   0.0000E+00
   32.480   0.0000E+00
   32.490   0.0000E+00
   32.500   0.0000E+00
   32.510   0.0000E+00
   32.520   0.0000E+00
   32.530   0.0000E+00
   32.540   0.0000E+00
   32.550   0.0000E+00
   32.560   0.0000E+00
   32.570   0.0000E+00
   32.580   0.0000E+00
   32.590   0.0000E+00
   32.600   0.0000E+00
   32.610   0.0000E+00
   32.620   0.0000E+00
   32.630   0.0000E+00
   32.640   0.0000E+00
   32.650   0.0000E+00
   32.660   0.0000E+00
   32.670   0.0000E+00
   32.680   0.0000E+00
   32.690   0.0000E+00
   32.700   0.0000E+00
   32.710   0.0000E+00
   32.720   0.0000E+00
   32.730   0.0000E+00
   32.740   0.0000E+00
   32.750   0.0000E+00
   32.760   0.0000E+00
   32.770   0.0000E+00
   32.780   0.0000E+00
   32.790   0.0000E+00
   32.800   0.0000E+00
   32.810   0.0000E+00
   32.820   0.0000E+00
   32.830   0.0000E+00
   32.840   0.0000E+00
   32.850   0.0000E+00
   32.860   0.0000E+00
   32.870   0.0000E+00
   32.880   0.0000E+00
   32.890   0.0000E+00
   32.900   0.0000E+00
   32.910   0.0000E+00
   32.920   0.0000E+00
   32.930   0.0000E+00
   32.940   0.0000E+00
   32.950   0.0000E+00
   32.960   0.0000E+00
   32.970   0.0000E+00
   32.980   0.0000E+00
   32.990   0.0000E+00
   33.000   0.0000E+00
   33.010   0.0000E+00
   33.020   0.0000E+00
   33.030   0.0000E+00
   33.040   0.0000E+00
   33.050   0.0000E+00
   33.060   0.0000E+00
   33.070   0.0000E+00
   33.080   0.0000E+00
   33.090   0.0000E+00
   33.100   0.0000E+00
   33.110   0.0000E+00
   33.120   0.0000E+00
   33.130   0.0000E+00
   33.140   0.0000E+00
   33.150   0.0000E+00
   33.160   0.0000E+00
   33.170   0.0000E+00
   33.180   0.0000E+00
   33.190   0.0000E+00
   33.200   0.0000E+00
   33.210   0.0000E+00
   33.220   0.0000E+00
   33.230   0.0000E+00
   33.240   0.0000E+00
   33.250   0.0000E+00
   33.260   0.0000E+00
   33.270   0.0000E+00
   33.280   0.0000E+00
   33.290   0.0000E+00
   33.300   0.0000E+00
   33.310   0.0000E+00
   33.320   0.0000E+00
   33.330   0.0000E+00
   33.340   0.0000E+00
   33.350   0.0000E+00
   33.360   0.0000E+00
   33.370   0.0000E+00
   33.380   0.0000E+00
   33.390   0.0000E+00
   33.400   0.0000E+00
   33.410   0.0000E+00
   33.420   0.0000E+00
   33.430   0.0000E+00
   33.440   0.0000E+00
   33.450   0.0000E+00
   33.460   0.0000E+00
   33.470   0.0000E+00
   33.480   0.0000E+00
   33.490   0.0000E+00
   33.500   0.0000E+00
   33.510   0.0000E+00
   33.520   0.0000E+00
   33.530   0.0000E+00
   33.540   0.0000E+00
   33.550   0.0000E+00
   33.560   0.0000E+00
   33.570   0.0000E+00
   33.580   0.0000E+00
   33.590   0.0000E+00
   33.600   0.0000E+00
   33.610   0.0000E+00
   33.620   0.0000E+00
   33.630   0.0000E+00
   33.640   0.0000E+00
   33.650   0.0000E+00
   33.660   0.0000E+00
   33.670   0.0000E+00
   33.680   0.0000E+00
   33.690   0.0000E+00
   33.700   0.0000E+00
   33.710   0.0000E+00
   33.720   0.0000E+00
   33.730   0.0000E+00
   33.740   0.0000E+00
   33.750   0.0000E+00
   33.760   0.0000E+00
   33.770   0.0000E+00
   33.780   0.0000E+00
   33.790   0.0000E+00
   33.800   0.0000E+00
   33.810   0.0000E+00
   33.820   0.0000E+00
   33.830   0.0000E+00
   33.840   0.0000E+00
   33.850   0.0000E+00
   33.860   0.0000E+00
   33.870   0.0000E+00
   33.880   0.0000E+00
   33.890   0.0000E+00
   33.900   0.0000E+00
   33.910   0.0000E+00
   33.920   0.0000E+00
   33.930   0.0000E+00
   33.940   0.0000E+00
   33.950   0.0000E+00
   33.960   0.0000E+00
   33.970   0.0000E+00
   33.980   0.0000E+00
   33.990   0.0000E+00
   34.000   0.0000E+00
   34.010   0.0000E+00
   34.020   0.0000E+00
   34.030   0.0000E+00
   34.040   0.0000E+00
   34.050   0.0000E+00
   34.060   0.0000E+00
   34.070   0.0000E+00
   34.080   0.0000E+00
   34.090   0.0000E+00
   34.100   0.0000E+00
   34.110   0.0000E+00
   34.120   0.0000E+00
   34.130   0.0000E+00
   34.140   0.0000E+00
   34.150   0.0000E+00
   34.160   0.0000E+00
   34.170   0.0000E+00
   34.180   0.0000E+00
   34.190   0.0000E+00
   34.200   0.0000E+00
   34.210   0.0000E+00
   34.220   0.0000E+00
   34.230   0.0000E+00
   34.240   0.0000E+00
   34.250   0.0000E+00
   34.260   0.0000E+00
   34.270   0.0000E+00
   34.280   0.0000E+00
   34.290   0.0000E+00
   34.300   0.0000E+00
   34.310   0.0000E+00
   34.320   0.0000E+00
   34.330   0.0000E+00
   34.340   0.0000E+00
   34.350   0.0000E+00
   34.360   0.0000E+00
   34.370   0.0000E+00
   34.380   0.0000E+00
   34.390   0.0000E+00
   34.400   0.0000E+00
   34.410   0.0000E+00
   34.420   0.0000E+00
   34.430   0.0000E+00
   34.440   0.0000E+00
   34.450   0.0000E+00
   34.460   0.0000E+00
   34.470   0.0000E+00
   34.480   0.0000E+00
   34.490   0.0000E+00
   34.500   0.0000E+00
   34.510   0.0000E+00
   34.520   0.0000E+00
   34.530   0.0000E+00
   34.540   0.0000E+00
   34.550   0.0000E+00
   34.560   0.0000E+00
   34.570   0.0000E+00
   34.580   0.0000E+00
   34.590   0.0000E+00
   34.600   0.0000E+00
   34.610   0.0000E+00
   34.620   0.0000E+00
   34.630   0.0000E+00
   34.640   0.0000E+00
   34.650   0.0000E+00
   34.660   0.0000E+00
   34.670   0.0000E+00
   34.680   0.0000E+00
   34.690   0.0000E+00
   34.700   0.0000E+00
   34.710   0.0000E+00
   34.720   0.0000E+00
   34.730   0.0000E+00
   34.740   0.0000E+00
   34.750   0.0000E+00
   34.760   0.0000E+00
   34.770   0.0000E+00
   34.780   0.0000E+00
   34.790   0.0000E+00
   34.800   0.0000E+00
   34.810   0.0000E+00
   34.820   0.0000E+00
   34.830   0.0000E+00
   34.840   0.0000E+00
   34.850   0.0000E+00
   34.860   0.0000E+00
   34.870   0.0000E+00
   34.880   0.0000E+00
   34.890   0.0000E+00
   34.900   0.0000E+00
   34.910   0.0000E+00
   34.920   0.0000E+00
   34.930   0.0000E+00
   34.940   0.0000E+00
   34.950   0.0000E+00
   34.960   0.0000E+00
   34.970   0.0000E+00
   34.980   0.0000E+00
   34.990   0.0000E+00
   35.000   0.0000E+00
   35.010   0.0000E+00
   35.020   0.0000E+00
   35.030   0.0000E+00
   35.040   0.0000E+00
   35.050   0.0000E+00
   35.060   0.0000E+00
   35.070   0.0000E+00
   35.080   0.0000E+00
   35.090   0.0000E+00
   35.100   0.0000E+00
   35.110   0.0000E+00
   35.120   0.0000E+00
   35.130   0.0000E+00
   35.140   0.0000E+00
   35.150   0.0000E+00
   35.160   0.0000E+00
   35.170   0.0000E+00
   35.180   0.0000E+00
   35.190   0.0000E+00
   35.200   0.0000E+00
   35.210   0.0000E+00
   35.220   0.0000E+00
   35.230   0.0000E+00
   35.240   0.0000E+00
   35.250   0.0000E+00
   35.260   0.0000E+00
   35.270   0.0000E+00
   35.280   0.0000E+00
   35.290   0.0000E+00
   35.300   0.0000E+00
   35.310   0.0000E+00
   35.320   0.0000E+00
   35.330   0.0000E+00
   35.340   0.0000E+00
   35.350   0.0000E+00
   35.360   0.0000E+00
   35.370   0.0000E+00
   35.380   0.0000E+00
   35.390   0.0000E+00
   35.400   0.0000E+00
   35.410   0.0000E+00
   35.420   0.0000E+00
   35.430   0.0000E+00
   35.440   0.0000E+00
   35.450   0.0000E+00
   35.460   0.0000E+00
   35.470   0.0000E+00
   35.480   0.0000E+00
   35.490   0.0000E+00
   35.500   0.0000E+00
   35.510   0.0000E+00
   35.520   0.0000E+00
   35.530   0.0000E+00
   35.540   0.0000E+00
   35.550   0.0000E+00
   35.560   0.0000E+00
   35.570   0.0000E+00
   35.580   0.0000E+00
   35.590   0.0000E+00
   35.600   0.0000E+00
   35.610   0.0000E+00
   35.620   0.0000E+00
   35.630   0.0000E+00
   35.640   0.0000E+00
   35.650   0.0000E+00
   35.660   0.0000E+00
   35.670   0.0000E+00
   35.680   0.0000E+00
   35.690   0.0000E+00
   35.700   0.0000E+00
   35.710   0.0000E+00
   35.720   0.0000E+00
   35.730   0.0000E+00
   35.740   0.0000E+00
   35.750   0.0000E+00
   35.760   0.0000E+00
   35.770   0.0000E+00
   35.780   0.0000E+00
   35.790   0.0000E+00
   35.800   0.0000E+00
   35.810   0.0000E+00
   35.820   0.0000E+00
   35.830   0.0000E+00
   35.840   0.0000E+00
   35.850   0.0000E+00
   35.860   0.0000E+00
   35.870   0.0000E+00
   35.880   0.0000E+00
   35.890   0.0000E+00
   35.900   0.0000E+00
   35.910   0.0000E+00
   35.920   0.0000E+00
   35.930   0.0000E+00
   35.940   0.0000E+00
   35.950   0.0000E+00
   35.960   0.0000E+00
   35.970   0.0000E+00
   35.980   0.0000E+00
   35.990   0.0000E+00
   36.000   0.0000E+00
   36.010   0.0000E+00
   36.020   0.0000E+00
   36.030   0.0000E+00
   36.040   0.0000E+00
   36.050   0.0000E+00
   36.060   0.0000E+00
   36.070   0.0000E+00
   36.080   0.0000E+00
   36.090   0.0000E+00
   36.100   0.0000E+00
   36.110   0.0000E+00
   36.120   0.0000E+00
   36.130   0.0000E+00
   36.140   0.0000E+00
   36.150   0.0000E+00
   36.160   0.0000E+00
   36.170   0.0000E+00
   36.180   0.0000E+00
   36.190   0.0000E+00
   36.200   0.0000E+00
   36.210   0.0000E+00
   36.220   0.0000E+00
   36.230   0.0000E+00
   36.240   0.0000E+00
   36.250   0.0000E+00
   36.260   0.0000E+00
   36.270   0.0000E+00
   36.280   0.0000E+00
   36.290   0.0000E+00
   36.300   0.0000E+00
   36.310   0.0000E+00
   36.320   0.0000E+00
   36.330   0.0000E+00
   36.340   0.0000E+00
   36.350   0.0000E+00
   36.360   0.0000E+00
   36.370   0.0000E+00
   36.380   0.0000E+00
   36.390   0.0000E+00
   36.400   0.0000E+00
   36.410   0.0000E+00
   36.420   0.0000E+00
   36.430   0.0000E+00
   36.440   0.0000E+00
   36.450   0.0000E+00
   36.460   0.0000E+00
   36.470   0.0000E+00
   36.480   0.0000E+00
   36.490   0.0000E+00
   36.500   0.0000E+00
   36.510   0.0000E+00
   36.520   0.0000E+00
   36.530   0.0000E+00
   36.540   0.0000E+00
   36.550   0.0000E+00
   36.560   0.0000E+00
   36.570   0.0000E+00
   36.580   0.0000E+00
   36.590   0.0000E+00
   36.600   0.0000E+00
   36.610   0.0000E+00
   36.620   0.0000E+00
   36.630   0.0000E+00
   36.640   0.0000E+00
   36.650   0.0000E+00
   36.660   0.0000E+00
   36.670   0.0000E+00
   36.680   0.0000E+00
   36.690   0.0000E+00
   36.700   0.0000E+00
   36.710   0.0000E+00
   36.720   0.0000E+00
   36.730   0.0000E+00
   36.740   0.0000E+00
   36.750   0.0000E+00
   36.760   0.0000E+00
   36.770   0.0000E+00
   36.780   0.0000E+00
   36.790   0.0000E+00
   36.800   0.0000E+00
   36.810   0.0000E+00
   36.820   0.0000E+00
   36.830   0.0000E+00
   36.840   0.0000E+00
   36.850   0.0000E+00
   36.860   0.0000E+00
   36.870   0.0000E+00
   36.880   0.0000E+00
   36.890   0.0000E+00
   36.900   0.0000E+00
   36.910   0.0000E+00
   36.920   0.0000E+00
   36.930   0.0000E+00
   36.940   0.0000E+00
   36.950   0.0000E+00
   36.960   0.0000E+00
   36.970   0.0000E+00
   36.980   0.0000E+00
   36.990   0.0000E+00
   37.000   0.0000E+00
   37.010   0.0000E+00
   37.020   0.0000E+00
   37.030   0.0000E+00
   37.040   0.0000E+00
   37.050   0.0000E+00
   37.060   0.0000E+00
   37.070   0.0000E+00
   37.080   0.0000E+00
   37.090   0.0000E+00
   37.100   0.0000E+00
   37.110   0.0000E+00
   37.120   0.0000E+00
   37.130   0.0000E+00
   37.140   0.0000E+00
   37.150   0.0000E+00
   37.160   0.0000E+00
   37.170   0.0000E+00
   37.180   0.0000E+00
   37.190   0.0000E+00
   37.200   0.0000E+00
   37.210   0.0000E+00
   37.220   0.0000E+00
   37.230   0.0000E+00
   37.240   0.0000E+00
   37.250   0.0000E+00
   37.260   0.0000E+00
   37.270   0.0000E+00
   37.280   0.0000E+00
   37.290   0.0000E+00
   37.300   0.0000E+00
   37.310   0.0000E+00
   37.320   0.0000E+00
   37.330   0.0000E+00
   37.340   0.0000E+00
   37.350   0.0000E+00
   37.360   0.0000E+00
   37.370   0.0000E+00
   37.380   0.0000E+00
   37.390   0.0000E+00
   37.400   0.0000E+00
   37.410   0.0000E+00
   37.420   0.0000E+00
   37.430   0.0000E+00
   37.440   0.0000E+00
   37.450   0.0000E+00
   37.460   0.0000E+00
   37.470   0.0000E+00
   37.480   0.0000E+00
   37.490   0.0000E+00
   37.500   0.0000E+00
   37.510   0.0000E+00
   37.520   0.0000E+00
   37.530   0.0000E+00
   37.540   0.0000E+00
   37.550   0.0000E+00
   37.560   0.0000E+00
   37.570   0.0000E+00
   37.580   0.0000E+00
   37.590   0.0000E+00
   37.600   0.0000E+00
   37.610   0.0000E+00
   37.620   0.0000E+00
   37.630   0.0000E+00
   37.640   0.0000E+00
   37.650   0.0000E+00
   37.660   0.0000E+00
   37.670   0.0000E+00
   37.680   0.0000E+00
   37.690   0.0000E+00
   37.700   0.0000E+00
   37.710   0.0000E+00
   37.720   0.0000E+00
   37.730   0.0000E+00
   37.740   0.0000E+00
   37.750   0.0000E+00
   37.760   0.0000E+00
   37.770   0.0000E+00
   37.780   0.0000E+00
   37.790   0.0000E+00
   37.800   0.0000E+00
   37.810   0.0000E+00
   37.820   0.0000E+00
   37.830   0.0000E+00
   37.840   0.0000E+00
   37.850   0.0000E+00
   37.860   0.0000E+00
   37.870   0.0000E+00
   37.880   0.0000E+00
   37.890   0.0000E+00
   37.900   0.0000E+00
   37.910   0.0000E+00
   37.920   0.0000E+00
   37.930   0.0000E+00
   37.940   0.0000E+00
   37.950   0.0000E+00
   37.960   0.0000E+00
   37.970   0.0000E+00
   37.980   0.0000E+00
   37.990   0.0000E+00
   38.000   0.0000E+00
   38.010   0.0000E+00
   38.020   0.0000E+00
   38.030   0.0000E+00
   38.040   0.0000E+00
   38.050   0.0000E+00
   38.060   0.0000E+00
   38.070   0.0000E+00
   38.080   0.0000E+00
   38.090   0.0000E+00
   38.100   0.0000E+00
   38.110   0.0000E+00
   38.120   0.0000E+00
   38.130   0.0000E+00
   38.140   0.0000E+00
   38.150   0.0000E+00
   38.160   0.0000E+00
   38.170   0.0000E+00
   38.180   0.0000E+00
   38.190   0.0000E+00
   38.200   0.0000E+00
   38.210   0.0000E+00
   38.220   0.0000E+00
   38.230   0.0000E+00
   38.240   0.0000E+00
   38.250   0.0000E+00
   38.260   0.0000E+00
   38.270   0.0000E+00
   38.280   0.0000E+00
   38.290   0.0000E+00
   38.300   0.0000E+00
   38.310   0.0000E+00
   38.320   0.0000E+00
   38.330   0.0000E+00
   38.340   0.0000E+00
   38.350   0.0000E+00
   38.360   0.0000E+00
   38.370   0.0000E+00
   38.380   0.0000E+00
   38.390   0.0000E+00
   38.400   0.0000E+00
   38.410   0.0000E+00
   38.420   0.0000E+00
   38.430   0.0000E+00
   38.440   0.0000E+00
   38.450   0.0000E+00
   38.460   0.0000E+00
   38.470   0.0000E+00
   38.480   0.0000E+00
   38.490   0.0000E+00
   38.500   0.0000E+00
   38.510   0.0000E+00
   38.520   0.0000E+00
   38.530   0.0000E+00
   38.540   0.0000E+00
   38.550   0.0000E+00
   38.560   0.0000E+00
   38.570   0.0000E+00
   38.580   0.0000E+00
   38.590   0.0000E+00
   38.600   0.0000E+00
   38.610   0.0000E+00
   38.620   0.0000E+00
   38.630   0.0000E+00
   38.640   0.0000E+00
   38.650   0.0000E+00
   38.660   0.0000E+00
   38.670   0.0000E+00
   38.680   0.0000E+00
   38.690   0.0000E+00
   38.700   0.0000E+00
   38.710   0.0000E+00
   38.720   0.0000E+00
   38.730   0.0000E+00
   38.740   0.0000E+00
   38.750   0.0000E+00
   38.760   0.0000E+00
   38.770   0.0000E+00
   38.780   0.0000E+00
   38.790   0.0000E+00
   38.800   0.0000E+00
   38.810   0.0000E+00
   38.820   0.0000E+00
   38.830   0.0000E+00
   38.840   0.0000E+00
   38.850   0.0000E+00
   38.860   0.0000E+00
   38.870   0.0000E+00
   38.880   0.0000E+00
   38.890   0.0000E+00
   38.900   0.0000E+00
   38.910   0.0000E+00
   38.920   0.0000E+00
   38.930   0.0000E+00
   38.940   0.0000E+00
   38.950   0.0000E+00
   38.960   0.0000E+00
   38.970   0.0000E+00
   38.980   0.0000E+00
   38.990   0.0000E+00
   39.000   0.0000E+00
   39.010   0.0000E+00
   39.020   0.0000E+00
   39.030   0.0000E+00
   39.040   0.0000E+00
   39.050   0.0000E+00
   39.060   0.0000E+00
   39.070   0.0000E+00
   39.080   0.0000E+00
   39.090   0.0000E+00
   39.100   0.0000E+00
   39.110   0.0000E+00
   39.120   0.0000E+00
   39.130   0.0000E+00
   39.140   0.0000E+00
   39.150   0.0000E+00
   39.160   0.0000E+00
   39.170   0.0000E+00
   39.180   0.0000E+00
   39.190   0.0000E+00
   39.200   0.0000E+00
   39.210   0.0000E+00
   39.220   0.0000E+00
   39.230   0.0000E+00
   39.240   0.0000E+00
   39.250   0.0000E+00
   39.260   0.0000E+00
   39.270   0.0000E+00
   39.280   0.0000E+00
   39.290   0.0000E+00
   39.300   0.0000E+00
   39.310   0.0000E+00
   39.320   0.0000E+00
   39.330   0.0000E+00
   39.340   0.0000E+00
   39.350   0.0000E+00
   39.360   0.0000E+00
   39.370   0.0000E+00
   39.380   0.0000E+00
   39.390   0.0000E+00
   39.400   0.0000E+00
   39.410   0.0000E+00
   39.420   0.0000E+00
   39.430   0.0000E+00
   39.440   0.0000E+00
   39.450   0.0000E+00
   39.460   0.0000E+00
   39.470   0.0000E+00
   39.480   0.0000E+00
   39.490   0.0000E+00
   39.500   0.0000E+00
   39.510   0.0000E+00
   39.520   0.0000E+00
   39.530   0.0000E+00
   39.540   0.0000E+00
   39.550   0.0000E+00
   39.560   0.0000E+00
   39.570   0.0000E+00
   39.580   0.0000E+00
   39.590   0.0000E+00
   39.600   0.0000E+00
   39.610   0.0000E+00
   39.620   0.0000E+00
   39.630   0.0000E+00
   39.640   0.0000E+00
   39.650   0.0000E+00
   39.660   0.0000E+00
   39.670   0.0000E+00
   39.680   0.0000E+00
   39.690   0.0000E+00
   39.700   0.0000E+00
   39.710   0.0000E+00
   39.720   0.0000E+00
   39.730   0.0000E+00
   39.740   0.0000E+00
   39.750   0.0000E+00
   39.760   0.0000E+00
   39.770   0.0000E+00
   39.780   0.0000E+00
   39.790   0.0000E+00
   39.800   0.0000E+00
   39.810   0.0000E+00
   39.820   0.0000E+00
   39.830   0.0000E+00
   39.840   0.0000E+00
   39.850   0.0000E+00
   39.860   0.0000E+00
   39.870   0.0000E+00
   39.880   0.0000E+00
   39.890   0.0000E+00
   39.900   0.0000E+00
   39.910   0.0000E+00
   39.920   0.0000E+00
   39.930   0.0000E+00
   39.940   0.0000E+00
   39.950   0.0000E+00
   39.960   0.0000E+00
   39.970   0.0000E+00
   39.980   0.0000E+00
   39.990   0.0000E+00
   40.000   0.0000E+00
   40.010   0.0000E+00
   40.020   0.0000E+00
   40.030   0.0000E+00
   40.040   0.0000E+00
   40.050   0.0000E+00
   40.060   0.0000E+00
   40.070   0.0000E+00
   40.080   0.0000E+00
   40.090   0.0000E+00
   40.100   0.0000E+00
   40.110   0.0000E+00
   40.120   0.0000E+00
   40.130   0.0000E+00
   40.140   0.0000E+00
   40.150   0.0000E+00
   40.160   0.0000E+00
   40.170   0.0000E+00
   40.180   0.0000E+00
   40.190   0.0000E+00
   40.200   0.0000E+00
   40.210   0.0000E+00
   40.220   0.0000E+00
   40.230   0.0000E+00
   40.240   0.0000E+00
   40.250   0.0000E+00
   40.260   0.0000E+00
   40.270   0.0000E+00
   40.280   0.0000E+00
   40.290   0.0000E+00
   40.300   0.0000E+00
   40.310   0.0000E+00
   40.320   0.0000E+00
   40.330   0.0000E+00
   40.340   0.0000E+00
   40.350   0.0000E+00
   40.360   0.0000E+00
   40.370   0.0000E+00
   40.380   0.0000E+00
   40.390   0.0000E+00
   40.400   0.0000E+00
   40.410   0.0000E+00
   40.420   0.0000E+00
   40.430   0.0000E+00
   40.440   0.0000E+00
   40.450   0.0000E+00
   40.460   0.0000E+00
   40.470   0.0000E+00
   40.480   0.0000E+00
   40.490   0.0000E+00
   40.500   0.0000E+00
   40.510   0.0000E+00
   40.520   0.0000E+00
   40.530   0.0000E+00
   40.540   0.0000E+00
   40.550   0.0000E+00
   40.560   0.0000E+00
   40.570   0.0000E+00
   40.580   0.0000E+00
   40.590   0.0000E+00
   40.600   0.0000E+00
   40.610   0.0000E+00
   40.620   0.0000E+00
   40.630   0.0000E+00
   40.640   0.0000E+00
   40.650   0.0000E+00
   40.660   0.0000E+00
   40.670   0.0000E+00
   40.680   0.0000E+00
   40.690   0.0000E+00
   40.700   0.0000E+00
   40.710   0.0000E+00
   40.720   0.0000E+00
   40.730   0.0000E+00
   40.740   0.0000E+00
   40.750   0.0000E+00
   40.760   0.0000E+00
   40.770   0.0000E+00
   40.780   0.0000E+00
   40.790   0.0000E+00
   40.800   0.0000E+00
   40.810   0.0000E+00
   40.820   0.0000E+00
   40.830   0.0000E+00
   40.840   0.0000E+00
   40.850   0.0000E+00
   40.860   0.0000E+00
   40.870   0.0000E+00
   40.880   0.0000E+00
   40.890   0.0000E+00
   40.900   0.0000E+00
   40.910   0.0000E+00
   40.920   0.0000E+00
   40.930   0.0000E+00
   40.940   0.0000E+00
   40.950   0.0000E+00
