**********************************************
*******  Acceleration Time Series ************
*** Site #   1
*** trial   15
Input Parameters file =  aqu_0604_y_parameters.out                                                                                               
  4096 samples
dt:  0.010 sec
data format: (1x,f8.3,1p,2x,e11.4)
maximum absolute acceleration: 390.38
fault Dis.(km)=    4.28
Hypo  Dis.(km)=   11.58
  time(s) acc(cm/s**2)
    0.000   0.0000E+00
    0.010   0.0000E+00
    0.020   0.0000E+00
    0.030   0.0000E+00
    0.040   0.0000E+00
    0.050   0.0000E+00
    0.060   0.0000E+00
    0.070   0.0000E+00
    0.080   0.0000E+00
    0.090   0.0000E+00
    0.100   0.0000E+00
    0.110   0.0000E+00
    0.120   0.0000E+00
    0.130   0.0000E+00
    0.140   0.0000E+00
    0.150   0.0000E+00
    0.160   0.0000E+00
    0.170   0.0000E+00
    0.180   0.0000E+00
    0.190   0.0000E+00
    0.200   0.0000E+00
    0.210   0.0000E+00
    0.220   0.0000E+00
    0.230   0.0000E+00
    0.240   0.0000E+00
    0.250   0.0000E+00
    0.260   0.0000E+00
    0.270   0.0000E+00
    0.280   0.0000E+00
    0.290   0.0000E+00
    0.300   0.0000E+00
    0.310   0.0000E+00
    0.320   1.0709E-01
    0.330   4.5269E-02
    0.340  -1.5671E-02
    0.350  -7.7100E-02
    0.360  -1.3581E-01
    0.370  -1.8450E-01
    0.380  -2.1529E-01
    0.390  -2.2229E-01
    0.400  -2.0276E-01
    0.410  -1.5923E-01
    0.420  -1.0064E-01
    0.430  -3.9359E-02
    0.440   1.5007E-02
    0.450   5.9302E-02
    0.460   9.5508E-02
    0.470   1.2690E-01
    0.480   1.5478E-01
    0.490   1.7691E-01
    0.500   1.8846E-01
    0.510   1.8624E-01
    0.520   1.7255E-01
    0.530   1.5388E-01
    0.540   1.3546E-01
    0.550   1.1900E-01
    0.560   1.0562E-01
    0.570   1.7029E-01
    0.580   1.8111E-01
    0.590   1.8957E-01
    0.600   1.7292E-01
    0.610   1.2107E-01
    0.620   4.1707E-02
    0.630  -4.9444E-02
    0.640  -1.3877E-01
    0.650  -2.1547E-01
    0.660  -2.6994E-01
    0.670  -2.9792E-01
    0.680  -3.0389E-01
    0.690  -2.9428E-01
    0.700  -2.6781E-01
    0.710  -2.1848E-01
    0.720  -1.4971E-01
    0.730  -7.9977E-02
    0.740  -3.0705E-02
    0.750  -1.0989E-02
    0.760  -1.6232E-02
    0.770  -3.7196E-02
    0.780  -6.4613E-02
    0.790  -8.7359E-02
    0.800  -9.4745E-02
    0.810  -3.7751E-01
    0.820  -2.8060E-01
    0.830  -7.1489E-01
    0.840  -6.5304E-01
    0.850  -5.4526E-01
    0.860  -3.8967E-01
    0.870  -2.1290E-01
    0.880  -5.1389E-02
    0.890  -2.6876E-01
    0.900  -3.4813E-01
    0.910  -4.9714E-01
    0.920  -7.0031E-01
    0.930  -1.2871E+00
    0.940  -1.5713E+00
    0.950  -2.2031E+00
    0.960  -2.4180E+00
    0.970  -2.4607E+00
    0.980  -2.3448E+00
    0.990  -1.9535E+00
    1.000  -1.6102E+00
    1.010  -1.2213E+00
    1.020  -1.0660E+00
    1.030  -4.4348E-01
    1.040  -1.3617E-01
    1.050   6.4235E-02
    1.060   3.0828E-01
    1.070   4.6211E-01
    1.080   5.1752E-01
    1.090   5.1506E-01
    1.100   5.7632E-01
    1.110   5.4158E-01
    1.120   2.5771E-01
    1.130   1.6405E-01
    1.140   1.9142E-01
    1.150   5.3815E-01
    1.160   9.1829E-01
    1.170   1.2279E+00
    1.180   1.3969E+00
    1.190   1.3918E+00
    1.200   1.2088E+00
    1.210   8.7539E-01
    1.220   4.4793E-01
    1.230  -8.1669E-03
    1.240  -4.4397E-01
    1.250  -8.2924E-01
    1.260  -1.4710E+00
    1.270  -1.8609E+00
    1.280  -2.0577E+00
    1.290  -2.0482E+00
    1.300  -1.9049E+00
    1.310  -1.7279E+00
    1.320  -1.8675E+00
    1.330  -1.6252E+00
    1.340  -8.6768E-01
    1.350  -4.6369E-01
    1.360  -3.5834E-02
    1.370   3.1241E-01
    1.380   6.4402E-01
    1.390   7.9178E-01
    1.400   7.5864E-01
    1.410   1.9472E-01
    1.420   3.1033E-01
    1.430   1.6464E-01
    1.440   1.1438E-01
    1.450  -2.0109E-02
    1.460  -2.1817E-01
    1.470  -4.4594E-01
    1.480  -6.6414E-01
    1.490  -8.1240E-01
    1.500  -8.2201E-01
    1.510  -7.4145E-01
    1.520  -6.9907E-01
    1.530  -1.0729E+00
    1.540  -1.0130E+00
    1.550  -8.9499E-01
    1.560  -6.3773E-01
    1.570  -2.3575E-01
    1.580   2.2207E-01
    1.590   6.0686E-01
    1.600   8.0473E-01
    1.610   7.4142E-01
    1.620   3.9697E-01
    1.630  -1.7861E-01
    1.640  -8.6910E-01
    1.650  -2.5019E+00
    1.660  -2.8380E+00
    1.670  -3.1330E+00
    1.680  -3.1651E+00
    1.690  -2.9908E+00
    1.700  -2.7251E+00
    1.710  -2.5268E+00
    1.720  -2.5589E+00
    1.730  -2.9130E+00
    1.740  -3.5276E+00
    1.750  -3.7768E+00
    1.760  -3.8967E+00
    1.770  -3.9706E+00
    1.780  -3.6171E+00
    1.790  -2.9730E+00
    1.800  -2.1828E+00
    1.810  -1.3041E+00
    1.820  -2.6160E-01
    1.830   8.0032E-01
    1.840   1.9201E+00
    1.850   2.9634E+00
    1.860   3.7345E+00
    1.870   4.0554E+00
    1.880   3.8704E+00
    1.890   3.2934E+00
    1.900   2.5434E+00
    1.910   1.8144E+00
    1.920   1.1954E+00
    1.930   7.2316E-01
    1.940   1.0448E-01
    1.950  -2.0392E-01
    1.960  -5.7993E-01
    1.970  -1.0724E+00
    1.980  -2.0822E+00
    1.990  -2.8916E+00
    2.000  -3.5868E+00
    2.010  -4.0726E+00
    2.020  -4.3058E+00
    2.030  -4.2493E+00
    2.040  -3.8581E+00
    2.050  -3.2602E+00
    2.060  -2.2148E+00
    2.070  -9.7185E-01
    2.080   3.0720E-01
    2.090   1.5194E+00
    2.100   2.5890E+00
    2.110   3.4607E+00
    2.120   4.4543E+00
    2.130   4.7906E+00
    2.140   4.8423E+00
    2.150   4.7502E+00
    2.160   4.0442E+00
    2.170   3.8225E+00
    2.180   4.1930E+00
    2.190   4.4239E+00
    2.200   4.2821E+00
    2.210   3.5035E+00
    2.220   2.4664E+00
    2.230   1.0224E+00
    2.240  -5.0966E-01
    2.250  -2.1145E+00
    2.260  -3.5674E+00
    2.270  -4.4543E+00
    2.280  -4.9885E+00
    2.290  -5.0755E+00
    2.300  -4.6632E+00
    2.310  -3.7675E+00
    2.320  -2.1563E+00
    2.330  -6.6620E-01
    2.340   8.2883E-01
    2.350   2.7392E+00
    2.360   3.3431E+00
    2.370   3.2023E+00
    2.380   3.0758E+00
    2.390   2.8764E+00
    2.400   2.6744E+00
    2.410   2.5432E+00
    2.420   2.4308E+00
    2.430   2.3418E+00
    2.440   2.2713E+00
    2.450   2.2276E+00
    2.460   2.2770E+00
    2.470   2.4844E+00
    2.480   2.7923E+00
    2.490   2.8400E+00
    2.500   2.7278E+00
    2.510   2.4566E+00
    2.520   1.7220E+00
    2.530   8.3078E-01
    2.540  -2.4697E-02
    2.550  -6.6756E-01
    2.560  -9.4672E-01
    2.570  -7.4639E-01
    2.580  -4.3706E-02
    2.590   9.9611E-01
    2.600   1.9981E+00
    2.610   2.5089E+00
    2.620   2.2749E+00
    2.630   1.3759E+00
    2.640   1.2918E-01
    2.650  -2.0225E+00
    2.660  -3.2011E+00
    2.670  -4.2589E+00
    2.680  -5.4625E+00
    2.690  -6.5270E+00
    2.700  -7.5496E+00
    2.710  -8.1069E+00
    2.720  -8.2069E+00
    2.730  -7.8122E+00
    2.740  -6.8975E+00
    2.750  -5.5393E+00
    2.760  -4.6447E+00
    2.770  -4.3672E+00
    2.780  -4.2807E+00
    2.790  -4.0043E+00
    2.800  -3.2435E+00
    2.810  -1.6246E+00
    2.820   8.1322E-01
    2.830   3.8536E+00
    2.840   7.0227E+00
    2.850   9.7757E+00
    2.860   1.1705E+01
    2.870   1.2679E+01
    2.880   1.2655E+01
    2.890   1.1740E+01
    2.900   1.0075E+01
    2.910   7.8458E+00
    2.920   5.3659E+00
    2.930   2.9638E+00
    2.940   8.9019E-01
    2.950  -7.3245E-01
    2.960  -2.6001E+00
    2.970  -3.4879E+00
    2.980  -4.4047E+00
    2.990  -4.8341E+00
    3.000  -4.8579E+00
    3.010  -5.8537E+00
    3.020  -7.5009E+00
    3.030  -9.6105E+00
    3.040  -1.1568E+01
    3.050  -1.2782E+01
    3.060  -1.2802E+01
    3.070  -1.1603E+01
    3.080  -9.4787E+00
    3.090  -6.8904E+00
    3.100  -4.9970E+00
    3.110  -2.3600E+00
    3.120   2.1415E-01
    3.130   2.4592E+00
    3.140   4.0184E+00
    3.150   4.6600E+00
    3.160   4.3545E+00
    3.170   3.0394E+00
    3.180   9.1486E-01
    3.190  -1.6791E+00
    3.200  -3.9759E+00
    3.210  -5.2055E+00
    3.220  -5.8061E+00
    3.230  -6.1052E+00
    3.240  -6.5601E+00
    3.250  -7.1541E+00
    3.260  -7.5010E+00
    3.270  -7.0416E+00
    3.280  -5.7604E+00
    3.290  -3.8929E+00
    3.300  -1.4025E+00
    3.310   9.7416E-01
    3.320   2.4222E+00
    3.330   3.5660E+00
    3.340   4.6027E+00
    3.350   5.9113E+00
    3.360   7.7348E+00
    3.370   9.5908E+00
    3.380   1.1318E+01
    3.390   1.2418E+01
    3.400   1.2753E+01
    3.410   1.2328E+01
    3.420   1.1050E+01
    3.430   9.0993E+00
    3.440   7.0309E+00
    3.450   5.5428E+00
    3.460   5.0880E+00
    3.470   6.5061E+00
    3.480   8.0787E+00
    3.490   9.7201E+00
    3.500   1.1124E+01
    3.510   1.1878E+01
    3.520   1.2195E+01
    3.530   1.2268E+01
    3.540   1.2507E+01
    3.550   1.2905E+01
    3.560   1.3308E+01
    3.570   1.3582E+01
    3.580   1.3756E+01
    3.590   1.3575E+01
    3.600   1.2829E+01
    3.610   1.1745E+01
    3.620   1.0503E+01
    3.630   9.6593E+00
    3.640   8.7522E+00
    3.650   8.0090E+00
    3.660   6.1273E+00
    3.670   3.0338E+00
    3.680  -1.1329E+00
    3.690  -5.8510E+00
    3.700  -1.0495E+01
    3.710  -1.4509E+01
    3.720  -1.8449E+01
    3.730  -2.0300E+01
    3.740  -2.0893E+01
    3.750  -2.0563E+01
    3.760  -1.9165E+01
    3.770  -1.6443E+01
    3.780  -1.2531E+01
    3.790  -8.1513E+00
    3.800  -4.4383E+00
    3.810  -2.1162E+00
    3.820  -2.0883E+00
    3.830  -2.2009E+00
    3.840  -2.4291E+00
    3.850  -1.8099E+00
    3.860  -2.0435E-02
    3.870   3.1005E+00
    3.880   6.0255E+00
    3.890   8.2626E+00
    3.900   9.3001E+00
    3.910   9.6995E+00
    3.920   8.8602E+00
    3.930   7.9022E+00
    3.940   6.9089E+00
    3.950   5.7967E+00
    3.960   4.2892E+00
    3.970   1.9251E+00
    3.980   1.3260E-01
    3.990  -7.1354E-01
    4.000   2.5484E-01
    4.010   1.7707E+00
    4.020   4.1592E+00
    4.030   7.0794E+00
    4.040   9.9175E+00
    4.050   1.2366E+01
    4.060   1.3177E+01
    4.070   1.3027E+01
    4.080   1.2438E+01
    4.090   1.1774E+01
    4.100   1.0857E+01
    4.110   8.9590E+00
    4.120   5.9875E+00
    4.130   2.2564E+00
    4.140  -1.2495E+00
    4.150  -3.6570E+00
    4.160  -4.5190E+00
    4.170  -4.8255E+00
    4.180  -5.3688E+00
    4.190  -6.7893E+00
    4.200  -9.3699E+00
    4.210  -1.2822E+01
    4.220  -1.6384E+01
    4.230  -1.9249E+01
    4.240  -2.1008E+01
    4.250  -2.1645E+01
    4.260  -2.1179E+01
    4.270  -1.9212E+01
    4.280  -1.6976E+01
    4.290  -1.4860E+01
    4.300  -1.3559E+01
    4.310  -1.3178E+01
    4.320  -1.3484E+01
    4.330  -1.4391E+01
    4.340  -1.5820E+01
    4.350  -1.7195E+01
    4.360  -1.7616E+01
    4.370  -1.6725E+01
    4.380  -1.5081E+01
    4.390  -1.3467E+01
    4.400  -1.2116E+01
    4.410  -1.0846E+01
    4.420  -9.6803E+00
    4.430  -8.7899E+00
    4.440  -7.9238E+00
    4.450  -8.3028E+00
    4.460  -8.6331E+00
    4.470  -8.7052E+00
    4.480  -8.3467E+00
    4.490  -7.5120E+00
    4.500  -6.0333E+00
    4.510  -3.6564E+00
    4.520  -5.9321E-02
    4.530   4.8450E+00
    4.540   1.0761E+01
    4.550   1.6707E+01
    4.560   2.2009E+01
    4.570   2.5974E+01
    4.580   2.9005E+01
    4.590   3.1694E+01
    4.600   3.2765E+01
    4.610   3.1620E+01
    4.620   2.7345E+01
    4.630   2.0317E+01
    4.640   1.2484E+01
    4.650   6.1725E+00
    4.660   2.1799E+00
    4.670   3.8081E-01
    4.680  -1.0584E-01
    4.690  -1.8940E-01
    4.700  -8.0841E-01
    4.710  -2.7711E+00
    4.720  -6.0664E+00
    4.730  -9.5251E+00
    4.740  -1.1496E+01
    4.750  -1.0999E+01
    4.760  -8.3936E+00
    4.770  -5.0283E+00
    4.780  -2.3705E+00
    4.790  -1.0725E+00
    4.800  -4.7412E-01
    4.810   8.7977E-01
    4.820   3.8582E+00
    4.830   7.7101E+00
    4.840   1.0637E+01
    4.850   1.0261E+01
    4.860   6.1096E+00
    4.870  -1.2395E+00
    4.880  -9.8897E+00
    4.890  -1.7732E+01
    4.900  -2.2972E+01
    4.910  -2.4917E+01
    4.920  -2.4177E+01
    4.930  -2.1935E+01
    4.940  -1.9495E+01
    4.950  -1.7198E+01
    4.960  -1.4288E+01
    4.970  -9.6327E+00
    4.980  -3.2398E+00
    4.990   3.1682E+00
    5.000   7.7521E+00
    5.010   9.9109E+00
    5.020   1.1268E+01
    5.030   1.3465E+01
    5.040   1.7873E+01
    5.050   2.3503E+01
    5.060   3.1060E+01
    5.070   3.9548E+01
    5.080   4.6569E+01
    5.090   5.0181E+01
    5.100   5.0455E+01
    5.110   4.9085E+01
    5.120   4.7455E+01
    5.130   4.5963E+01
    5.140   4.4399E+01
    5.150   4.2881E+01
    5.160   4.1784E+01
    5.170   4.0598E+01
    5.180   4.0276E+01
    5.190   4.0028E+01
    5.200   3.7598E+01
    5.210   3.1472E+01
    5.220   2.3401E+01
    5.230   1.7239E+01
    5.240   1.5008E+01
    5.250   1.4616E+01
    5.260   1.3348E+01
    5.270   1.1041E+01
    5.280   1.0494E+01
    5.290   1.3364E+01
    5.300   1.7608E+01
    5.310   1.9641E+01
    5.320   1.7135E+01
    5.330   9.5356E+00
    5.340  -1.6843E+00
    5.350  -1.2356E+01
    5.360  -1.8429E+01
    5.370  -1.9396E+01
    5.380  -1.8415E+01
    5.390  -1.8142E+01
    5.400  -2.0031E+01
    5.410  -2.2531E+01
    5.420  -2.3841E+01
    5.430  -2.6488E+01
    5.440  -3.1263E+01
    5.450  -3.6184E+01
    5.460  -3.8725E+01
    5.470  -3.5673E+01
    5.480  -2.5277E+01
    5.490  -1.0733E+01
    5.500   3.3453E+00
    5.510   1.3198E+01
    5.520   1.8005E+01
    5.530   1.8428E+01
    5.540   1.5935E+01
    5.550   1.3341E+01
    5.560   1.2681E+01
    5.570   1.5222E+01
    5.580   2.0007E+01
    5.590   2.4227E+01
    5.600   2.5835E+01
    5.610   2.3843E+01
    5.620   1.9057E+01
    5.630   1.5057E+01
    5.640   1.6399E+01
    5.650   2.4057E+01
    5.660   3.2798E+01
    5.670   3.5079E+01
    5.680   3.0529E+01
    5.690   2.4798E+01
    5.700   2.2524E+01
    5.710   2.5443E+01
    5.720   3.3423E+01
    5.730   4.6778E+01
    5.740   6.2741E+01
    5.750   7.6892E+01
    5.760   8.6391E+01
    5.770   9.0838E+01
    5.780   9.0145E+01
    5.790   8.6668E+01
    5.800   8.2081E+01
    5.810   7.4741E+01
    5.820   6.1657E+01
    5.830   4.4387E+01
    5.840   2.8542E+01
    5.850   1.7787E+01
    5.860   1.3408E+01
    5.870   1.3490E+01
    5.880   1.3870E+01
    5.890   1.3530E+01
    5.900   1.1275E+01
    5.910  -1.5947E-01
    5.920  -2.0115E+01
    5.930  -3.8366E+01
    5.940  -4.8559E+01
    5.950  -5.2576E+01
    5.960  -5.5235E+01
    5.970  -6.0800E+01
    5.980  -6.8736E+01
    5.990  -7.4861E+01
    6.000  -7.8133E+01
    6.010  -8.0260E+01
    6.020  -8.0247E+01
    6.030  -7.8178E+01
    6.040  -7.8273E+01
    6.050  -7.6429E+01
    6.060  -6.2245E+01
    6.070  -3.9128E+01
    6.080  -2.0540E+01
    6.090  -1.6137E+01
    6.100  -2.2195E+01
    6.110  -2.2741E+01
    6.120  -1.3407E+01
    6.130  -4.2452E+00
    6.140  -6.8337E+00
    6.150  -1.4952E+01
    6.160  -1.2158E+01
    6.170   7.4426E+00
    6.180   3.9997E+01
    6.190   7.8245E+01
    6.200   1.0601E+02
    6.210   1.0868E+02
    6.220   8.6606E+01
    6.230   5.4172E+01
    6.240   3.1227E+01
    6.250   2.7874E+01
    6.260   4.1814E+01
    6.270   5.9265E+01
    6.280   7.1405E+01
    6.290   7.7898E+01
    6.300   8.4442E+01
    6.310   8.7841E+01
    6.320   7.3332E+01
    6.330   3.9658E+01
    6.340   2.3379E+00
    6.350  -2.9520E+01
    6.360  -5.4944E+01
    6.370  -7.4709E+01
    6.380  -8.4854E+01
    6.390  -7.6976E+01
    6.400  -4.8919E+01
    6.410  -1.6640E+01
    6.420  -1.1813E+00
    6.430  -5.8394E+00
    6.440  -1.5965E+01
    6.450  -1.2893E+01
    6.460   8.4738E+00
    6.470   3.2809E+01
    6.480   4.2239E+01
    6.490   3.1809E+01
    6.500   6.3851E+00
    6.510  -1.8565E+01
    6.520  -1.7645E+01
    6.530   1.8270E+01
    6.540   6.7262E+01
    6.550   9.4229E+01
    6.560   8.0325E+01
    6.570   3.0561E+01
    6.580  -4.1596E+01
    6.590  -1.1689E+02
    6.600  -1.7918E+02
    6.610  -2.2557E+02
    6.620  -2.5627E+02
    6.630  -2.7381E+02
    6.640  -2.8312E+02
    6.650  -2.8083E+02
    6.660  -2.5863E+02
    6.670  -2.1137E+02
    6.680  -1.4655E+02
    6.690  -8.2748E+01
    6.700  -4.4406E+01
    6.710  -4.4344E+01
    6.720  -6.0499E+01
    6.730  -6.8089E+01
    6.740  -6.1466E+01
    6.750  -4.0426E+01
    6.760  -3.0680E+00
    6.770   4.2364E+01
    6.780   8.4057E+01
    6.790   1.0631E+02
    6.800   9.9144E+01
    6.810   8.6658E+01
    6.820   8.5085E+01
    6.830   8.8391E+01
    6.840   8.3298E+01
    6.850   5.6137E+01
    6.860   8.2161E+00
    6.870  -3.8047E+01
    6.880  -6.6919E+01
    6.890  -7.8014E+01
    6.900  -8.3429E+01
    6.910  -9.3026E+01
    6.920  -1.0407E+02
    6.930  -1.0641E+02
    6.940  -9.6142E+01
    6.950  -9.1191E+01
    6.960  -1.1042E+02
    6.970  -1.4538E+02
    6.980  -1.6695E+02
    6.990  -1.5619E+02
    7.000  -1.2567E+02
    7.010  -1.0199E+02
    7.020  -1.0778E+02
    7.030  -1.4839E+02
    7.040  -2.0200E+02
    7.050  -2.4012E+02
    7.060  -2.5380E+02
    7.070  -2.4700E+02
    7.080  -2.3075E+02
    7.090  -2.1704E+02
    7.100  -2.0964E+02
    7.110  -2.0375E+02
    7.120  -1.9917E+02
    7.130  -2.0010E+02
    7.140  -2.0788E+02
    7.150  -2.0946E+02
    7.160  -1.9031E+02
    7.170  -1.5006E+02
    7.180  -9.4759E+01
    7.190  -3.5469E+01
    7.200   1.9744E+01
    7.210   6.3216E+01
    7.220   8.6295E+01
    7.230   8.5972E+01
    7.240   7.1135E+01
    7.250   5.4609E+01
    7.260   4.5390E+01
    7.270   4.6800E+01
    7.280   5.0533E+01
    7.290   4.4145E+01
    7.300   2.5209E+01
    7.310   3.7202E+00
    7.320  -1.4446E+01
    7.330  -2.8005E+01
    7.340  -3.0147E+01
    7.350  -1.6686E+01
    7.360   6.0182E+00
    7.370   1.1702E+01
    7.380  -2.4956E+01
    7.390  -9.2256E+01
    7.400  -1.4216E+02
    7.410  -1.4149E+02
    7.420  -9.2837E+01
    7.430  -1.0040E+01
    7.440   7.5101E+01
    7.450   1.3651E+02
    7.460   1.7679E+02
    7.470   2.0234E+02
    7.480   2.2025E+02
    7.490   2.3596E+02
    7.500   2.4740E+02
    7.510   2.4867E+02
    7.520   2.2546E+02
    7.530   1.8196E+02
    7.540   1.3703E+02
    7.550   1.1289E+02
    7.560   1.1459E+02
    7.570   1.2737E+02
    7.580   1.2984E+02
    7.590   1.1842E+02
    7.600   9.2916E+01
    7.610   4.5055E+01
    7.620  -1.9845E+01
    7.630  -8.9895E+01
    7.640  -1.4631E+02
    7.650  -1.6883E+02
    7.660  -1.5320E+02
    7.670  -1.1595E+02
    7.680  -7.8788E+01
    7.690  -4.4182E+01
    7.700  -9.2605E+00
    7.710   1.6306E+01
    7.720   3.2204E+01
    7.730   4.5980E+01
    7.740   6.1495E+01
    7.750   7.6628E+01
    7.760   8.3323E+01
    7.770   9.0136E+01
    7.780   1.0379E+02
    7.790   1.1424E+02
    7.800   1.3350E+02
    7.810   1.7951E+02
    7.820   2.4610E+02
    7.830   3.0525E+02
    7.840   3.3374E+02
    7.850   3.3335E+02
    7.860   3.1570E+02
    7.870   2.9105E+02
    7.880   2.7187E+02
    7.890   2.6196E+02
    7.900   2.5121E+02
    7.910   2.2408E+02
    7.920   1.7960E+02
    7.930   1.3873E+02
    7.940   1.2527E+02
    7.950   1.3388E+02
    7.960   1.5141E+02
    7.970   1.6339E+02
    7.980   1.6717E+02
    7.990   1.7104E+02
    8.000   1.6985E+02
    8.010   1.5367E+02
    8.020   1.1992E+02
    8.030   7.9842E+01
    8.040   5.7738E+01
    8.050   6.3774E+01
    8.060   8.4016E+01
    8.070   1.0984E+02
    8.080   1.4110E+02
    8.090   1.6943E+02
    8.100   1.7070E+02
    8.110   1.3254E+02
    8.120   6.9779E+01
    8.130   1.0448E+01
    8.140  -1.5680E+01
    8.150  -4.1934E+00
    8.160   2.5643E+01
    8.170   6.1934E+01
    8.180   9.0750E+01
    8.190   1.0143E+02
    8.200   9.8920E+01
    8.210   7.9688E+01
    8.220   5.5081E+01
    8.230   4.7371E+01
    8.240   5.9175E+01
    8.250   7.5405E+01
    8.260   7.3568E+01
    8.270   4.1322E+01
    8.280  -1.5492E+01
    8.290  -7.4594E+01
    8.300  -1.1879E+02
    8.310  -1.4901E+02
    8.320  -1.7199E+02
    8.330  -2.0412E+02
    8.340  -2.3429E+02
    8.350  -2.3643E+02
    8.360  -2.0456E+02
    8.370  -1.4485E+02
    8.380  -6.8859E+01
    8.390   1.4220E+00
    8.400   4.5269E+01
    8.410   5.6330E+01
    8.420   3.3949E+01
    8.430  -1.0242E+01
    8.440  -4.7002E+01
    8.450  -5.0604E+01
    8.460  -2.9896E+01
    8.470   4.7904E+00
    8.480   5.7138E+01
    8.490   1.0819E+02
    8.500   1.3673E+02
    8.510   1.3858E+02
    8.520   1.1769E+02
    8.530   8.0591E+01
    8.540   2.3676E+01
    8.550  -5.4016E+01
    8.560  -1.3988E+02
    8.570  -2.1937E+02
    8.580  -2.7577E+02
    8.590  -2.9755E+02
    8.600  -2.7633E+02
    8.610  -2.2689E+02
    8.620  -1.7599E+02
    8.630  -1.3616E+02
    8.640  -1.0874E+02
    8.650  -9.9176E+01
    8.660  -1.2383E+02
    8.670  -1.7846E+02
    8.680  -2.3996E+02
    8.690  -2.8549E+02
    8.700  -2.9880E+02
    8.710  -2.8030E+02
    8.720  -2.3756E+02
    8.730  -1.8711E+02
    8.740  -1.5320E+02
    8.750  -1.3178E+02
    8.760  -1.0231E+02
    8.770  -6.9344E+01
    8.780  -4.7245E+01
    8.790  -4.1446E+01
    8.800  -7.4937E+01
    8.810  -1.3531E+02
    8.820  -1.7101E+02
    8.830  -1.6107E+02
    8.840  -1.3043E+02
    8.850  -1.0185E+02
    8.860  -7.8067E+01
    8.870  -5.9079E+01
    8.880  -4.6098E+01
    8.890  -3.6959E+01
    8.900  -2.6029E+01
    8.910  -1.8705E+01
    8.920  -1.2219E+01
    8.930  -3.0779E+00
    8.940   1.2032E+01
    8.950   4.1138E+01
    8.960   8.5355E+01
    8.970   1.3530E+02
    8.980   1.7675E+02
    8.990   2.0196E+02
    9.000   1.9991E+02
    9.010   1.6829E+02
    9.020   1.3549E+02
    9.030   1.2004E+02
    9.040   1.1515E+02
    9.050   1.0761E+02
    9.060   9.5440E+01
    9.070   8.7907E+01
    9.080   8.3942E+01
    9.090   7.3106E+01
    9.100   6.1006E+01
    9.110   6.1097E+01
    9.120   7.9121E+01
    9.130   1.1092E+02
    9.140   1.2852E+02
    9.150   1.0238E+02
    9.160   4.0861E+01
    9.170  -1.9674E+01
    9.180  -5.2057E+01
    9.190  -6.1577E+01
    9.200  -6.1762E+01
    9.210  -7.2642E+01
    9.220  -1.0594E+02
    9.230  -1.5763E+02
    9.240  -2.1570E+02
    9.250  -2.5913E+02
    9.260  -2.7527E+02
    9.270  -2.5999E+02
    9.280  -2.2182E+02
    9.290  -1.8157E+02
    9.300  -1.5789E+02
    9.310  -1.5365E+02
    9.320  -1.5780E+02
    9.330  -1.6811E+02
    9.340  -1.8622E+02
    9.350  -2.0718E+02
    9.360  -2.3527E+02
    9.370  -2.6015E+02
    9.380  -2.5736E+02
    9.390  -2.1619E+02
    9.400  -1.3757E+02
    9.410  -3.5610E+01
    9.420   5.5419E+01
    9.430   1.2078E+02
    9.440   1.7305E+02
    9.450   2.2354E+02
    9.460   2.7022E+02
    9.470   3.0854E+02
    9.480   3.4161E+02
    9.490   3.7265E+02
    9.500   3.9038E+02
    9.510   3.8102E+02
    9.520   3.5776E+02
    9.530   3.3787E+02
    9.540   3.1473E+02
    9.550   2.7724E+02
    9.560   2.1533E+02
    9.570   1.3650E+02
    9.580   6.5164E+01
    9.590   2.6938E+01
    9.600   3.1737E+01
    9.610   4.9935E+01
    9.620   4.5600E+01
    9.630   2.8393E+01
    9.640   3.8583E+01
    9.650   9.4783E+01
    9.660   1.6864E+02
    9.670   2.1055E+02
    9.680   2.0067E+02
    9.690   1.5599E+02
    9.700   1.0121E+02
    9.710   5.9905E+01
    9.720   4.1121E+01
    9.730   3.7888E+01
    9.740   3.7970E+01
    9.750   3.8667E+01
    9.760   4.0851E+01
    9.770   4.3955E+01
    9.780   4.7935E+01
    9.790   4.3369E+01
    9.800   1.9471E+01
    9.810  -2.5553E+01
    9.820  -8.1622E+01
    9.830  -1.2634E+02
    9.840  -1.4839E+02
    9.850  -1.4473E+02
    9.860  -1.1123E+02
    9.870  -5.7138E+01
    9.880  -3.2094E+00
    9.890   2.9524E+01
    9.900   3.3687E+01
    9.910   5.7893E+00
    9.920  -3.6859E+01
    9.930  -5.9558E+01
    9.940  -5.9306E+01
    9.950  -5.0557E+01
    9.960  -4.3418E+01
    9.970  -4.6992E+01
    9.980  -5.8896E+01
    9.990  -6.1692E+01
   10.000  -3.6649E+01
   10.010   1.3272E+01
   10.020   5.9028E+01
   10.030   8.6560E+01
   10.040   9.5377E+01
   10.050   8.7674E+01
   10.060   7.8905E+01
   10.070   8.1199E+01
   10.080   8.8282E+01
   10.090   9.5974E+01
   10.100   1.1480E+02
   10.110   1.3857E+02
   10.120   1.4436E+02
   10.130   1.3391E+02
   10.140   1.1182E+02
   10.150   8.4122E+01
   10.160   5.7011E+01
   10.170   3.6931E+01
   10.180   2.9410E+01
   10.190   2.7814E+01
   10.200   2.7653E+01
   10.210   3.1496E+01
   10.220   4.3787E+01
   10.230   5.3775E+01
   10.240   4.7355E+01
   10.250   2.7166E+01
   10.260  -9.2086E+00
   10.270  -6.2059E+01
   10.280  -1.2444E+02
   10.290  -1.8462E+02
   10.300  -2.2680E+02
   10.310  -2.5025E+02
   10.320  -2.5873E+02
   10.330  -2.4991E+02
   10.340  -2.2560E+02
   10.350  -1.8576E+02
   10.360  -1.4244E+02
   10.370  -1.1234E+02
   10.380  -9.8953E+01
   10.390  -8.5990E+01
   10.400  -6.4764E+01
   10.410  -4.6762E+01
   10.420  -2.9408E+01
   10.430  -6.3467E+00
   10.440   2.1927E+01
   10.450   4.3812E+01
   10.460   4.7049E+01
   10.470   4.0343E+01
   10.480   3.4906E+01
   10.490   2.7495E+01
   10.500   1.2952E+01
   10.510  -9.7087E+00
   10.520  -2.5253E+01
   10.530  -1.9565E+01
   10.540   5.8095E+00
   10.550   4.8662E+01
   10.560   1.0280E+02
   10.570   1.4883E+02
   10.580   1.6882E+02
   10.590   1.5933E+02
   10.600   1.2578E+02
   10.610   8.9098E+01
   10.620   6.1406E+01
   10.630   3.7338E+01
   10.640   1.4728E+01
   10.650  -3.6434E+00
   10.660  -1.9374E+01
   10.670  -2.8143E+01
   10.680  -2.1520E+01
   10.690  -6.8528E-01
   10.700   2.7234E+01
   10.710   5.6472E+01
   10.720   7.5974E+01
   10.730   8.1768E+01
   10.740   8.5163E+01
   10.750   9.7660E+01
   10.760   1.2390E+02
   10.770   1.5600E+02
   10.780   1.8167E+02
   10.790   1.9213E+02
   10.800   1.9174E+02
   10.810   1.9126E+02
   10.820   1.9254E+02
   10.830   1.8224E+02
   10.840   1.5405E+02
   10.850   1.1933E+02
   10.860   8.0636E+01
   10.870   3.4920E+01
   10.880  -1.9480E+01
   10.890  -6.9510E+01
   10.900  -1.0396E+02
   10.910  -1.3342E+02
   10.920  -1.6744E+02
   10.930  -1.9504E+02
   10.940  -2.0244E+02
   10.950  -1.9628E+02
   10.960  -1.9764E+02
   10.970  -2.1491E+02
   10.980  -2.3883E+02
   10.990  -2.6116E+02
   11.000  -2.7606E+02
   11.010  -2.7815E+02
   11.020  -2.6226E+02
   11.030  -2.3116E+02
   11.040  -2.0082E+02
   11.050  -1.9729E+02
   11.060  -2.2067E+02
   11.070  -2.4812E+02
   11.080  -2.5866E+02
   11.090  -2.4651E+02
   11.100  -2.1684E+02
   11.110  -1.7653E+02
   11.120  -1.2942E+02
   11.130  -7.8537E+01
   11.140  -3.1653E+01
   11.150   7.3189E+00
   11.160   4.1713E+01
   11.170   6.6367E+01
   11.180   7.5865E+01
   11.190   7.1327E+01
   11.200   5.9024E+01
   11.210   5.4527E+01
   11.220   5.7295E+01
   11.230   5.4855E+01
   11.240   4.0522E+01
   11.250   2.2182E+01
   11.260   8.5619E+00
   11.270   7.1863E+00
   11.280   1.8997E+01
   11.290   2.6454E+01
   11.300   1.9841E+01
   11.310   5.0649E+00
   11.320  -1.3010E+01
   11.330  -3.8140E+01
   11.340  -6.7126E+01
   11.350  -8.5454E+01
   11.360  -9.0031E+01
   11.370  -8.0349E+01
   11.380  -6.3153E+01
   11.390  -4.5457E+01
   11.400  -2.3848E+01
   11.410   1.6107E+00
   11.420   1.5270E+01
   11.430   1.5039E+01
   11.440   1.3486E+01
   11.450   1.9448E+01
   11.460   3.5456E+01
   11.470   5.7456E+01
   11.480   8.6015E+01
   11.490   1.1946E+02
   11.500   1.4186E+02
   11.510   1.3958E+02
   11.520   1.1391E+02
   11.530   7.1504E+01
   11.540   2.1171E+01
   11.550  -2.6340E+01
   11.560  -5.9111E+01
   11.570  -8.1943E+01
   11.580  -9.6441E+01
   11.590  -9.6728E+01
   11.600  -9.1928E+01
   11.610  -8.8031E+01
   11.620  -8.2103E+01
   11.630  -7.6012E+01
   11.640  -7.2051E+01
   11.650  -7.3193E+01
   11.660  -8.1929E+01
   11.670  -9.0154E+01
   11.680  -9.2759E+01
   11.690  -8.9995E+01
   11.700  -8.5271E+01
   11.710  -6.8679E+01
   11.720  -2.3858E+01
   11.730   4.1141E+01
   11.740   1.0108E+02
   11.750   1.3997E+02
   11.760   1.6027E+02
   11.770   1.7280E+02
   11.780   1.7680E+02
   11.790   1.6246E+02
   11.800   1.2904E+02
   11.810   8.8347E+01
   11.820   5.9078E+01
   11.830   4.8194E+01
   11.840   4.6655E+01
   11.850   4.9656E+01
   11.860   5.8257E+01
   11.870   6.5088E+01
   11.880   5.9575E+01
   11.890   4.6771E+01
   11.900   3.8493E+01
   11.910   3.9672E+01
   11.920   4.6219E+01
   11.930   5.4807E+01
   11.940   6.3559E+01
   11.950   6.6683E+01
   11.960   4.8274E+01
   11.970   4.9444E+00
   11.980  -4.7647E+01
   11.990  -9.7308E+01
   12.000  -1.3579E+02
   12.010  -1.5834E+02
   12.020  -1.6863E+02
   12.030  -1.6828E+02
   12.040  -1.6071E+02
   12.050  -1.5234E+02
   12.060  -1.4395E+02
   12.070  -1.3100E+02
   12.080  -1.1188E+02
   12.090  -8.3692E+01
   12.100  -4.3602E+01
   12.110   1.9840E-01
   12.120   3.0661E+01
   12.130   4.5133E+01
   12.140   5.0609E+01
   12.150   5.0091E+01
   12.160   4.5774E+01
   12.170   4.3517E+01
   12.180   4.5759E+01
   12.190   5.2277E+01
   12.200   6.2839E+01
   12.210   6.9883E+01
   12.220   6.5112E+01
   12.230   4.8694E+01
   12.240   2.9941E+01
   12.250   1.6268E+01
   12.260   1.0472E+01
   12.270   9.9510E+00
   12.280   1.0711E+01
   12.290   9.0923E+00
   12.300   7.7652E+00
   12.310   5.4246E+00
   12.320   3.4316E-01
   12.330  -5.6893E+00
   12.340  -9.6021E+00
   12.350  -5.2193E+00
   12.360   1.0481E+01
   12.370   3.4864E+01
   12.380   5.8373E+01
   12.390   6.9192E+01
   12.400   6.8810E+01
   12.410   6.2565E+01
   12.420   5.0576E+01
   12.430   3.5900E+01
   12.440   2.9967E+01
   12.450   3.7807E+01
   12.460   5.0993E+01
   12.470   5.8166E+01
   12.480   5.7579E+01
   12.490   5.5987E+01
   12.500   6.1583E+01
   12.510   7.2406E+01
   12.520   8.3135E+01
   12.530   9.3167E+01
   12.540   1.0331E+02
   12.550   1.1268E+02
   12.560   1.1473E+02
   12.570   9.9058E+01
   12.580   6.4232E+01
   12.590   1.9017E+01
   12.600  -2.1880E+01
   12.610  -4.8504E+01
   12.620  -6.6951E+01
   12.630  -8.2069E+01
   12.640  -9.0717E+01
   12.650  -8.9020E+01
   12.660  -7.7344E+01
   12.670  -5.8850E+01
   12.680  -3.5805E+01
   12.690  -1.4874E+01
   12.700  -4.1249E+00
   12.710  -2.7358E+00
   12.720  -5.2711E+00
   12.730  -4.1494E+00
   12.740   2.0267E+00
   12.750   9.1692E+00
   12.760   7.4319E+00
   12.770  -8.6004E+00
   12.780  -3.0690E+01
   12.790  -5.1225E+01
   12.800  -6.2508E+01
   12.810  -5.9380E+01
   12.820  -4.3767E+01
   12.830  -2.0901E+01
   12.840   5.9813E+00
   12.850   3.2002E+01
   12.860   5.4564E+01
   12.870   7.3268E+01
   12.880   8.4027E+01
   12.890   8.4612E+01
   12.900   7.7601E+01
   12.910   6.7809E+01
   12.920   6.4445E+01
   12.930   6.6281E+01
   12.940   5.9642E+01
   12.950   3.7820E+01
   12.960   2.9672E+00
   12.970  -3.2684E+01
   12.980  -5.9086E+01
   12.990  -7.7341E+01
   13.000  -8.6281E+01
   13.010  -8.5479E+01
   13.020  -7.4932E+01
   13.030  -5.5855E+01
   13.040  -3.4899E+01
   13.050  -1.5832E+01
   13.060   4.1805E-01
   13.070   7.7243E+00
   13.080   1.9004E+00
   13.090  -1.1664E+01
   13.100  -2.4101E+01
   13.110  -3.2101E+01
   13.120  -4.0586E+01
   13.130  -4.9905E+01
   13.140  -5.5472E+01
   13.150  -5.3397E+01
   13.160  -4.4873E+01
   13.170  -3.6626E+01
   13.180  -3.3489E+01
   13.190  -3.3948E+01
   13.200  -4.1592E+01
   13.210  -5.8366E+01
   13.220  -7.2843E+01
   13.230  -7.3528E+01
   13.240  -5.6581E+01
   13.250  -2.9458E+01
   13.260  -5.1848E+00
   13.270   9.9844E+00
   13.280   1.8249E+01
   13.290   2.4552E+01
   13.300   3.0484E+01
   13.310   3.7329E+01
   13.320   4.4109E+01
   13.330   5.1473E+01
   13.340   5.9490E+01
   13.350   6.1848E+01
   13.360   5.5326E+01
   13.370   4.0700E+01
   13.380   1.9821E+01
   13.390  -4.4488E+00
   13.400  -2.7185E+01
   13.410  -3.9826E+01
   13.420  -3.5538E+01
   13.430  -1.7548E+01
   13.440   4.9822E+00
   13.450   2.2455E+01
   13.460   2.9475E+01
   13.470   2.6953E+01
   13.480   2.0665E+01
   13.490   1.4840E+01
   13.500   1.0438E+01
   13.510   4.0572E+00
   13.520  -9.4288E+00
   13.530  -2.8891E+01
   13.540  -4.5787E+01
   13.550  -5.3739E+01
   13.560  -5.7154E+01
   13.570  -6.0436E+01
   13.580  -6.2977E+01
   13.590  -6.4179E+01
   13.600  -6.5221E+01
   13.610  -6.2764E+01
   13.620  -5.1792E+01
   13.630  -3.4688E+01
   13.640  -1.7950E+01
   13.650  -3.6314E+00
   13.660   8.8541E+00
   13.670   1.9237E+01
   13.680   2.4023E+01
   13.690   2.1096E+01
   13.700   1.0404E+01
   13.710  -7.2939E+00
   13.720  -2.6867E+01
   13.730  -4.0433E+01
   13.740  -4.3346E+01
   13.750  -3.3119E+01
   13.760  -1.5987E+01
   13.770  -1.3506E+00
   13.780   7.2829E+00
   13.790   1.2940E+01
   13.800   2.0684E+01
   13.810   3.2202E+01
   13.820   4.4609E+01
   13.830   5.4259E+01
   13.840   5.9606E+01
   13.850   6.2250E+01
   13.860   6.2614E+01
   13.870   5.7112E+01
   13.880   4.0231E+01
   13.890   1.5411E+01
   13.900  -5.8371E+00
   13.910  -1.4765E+01
   13.920  -9.1612E+00
   13.930   5.3463E+00
   13.940   2.0946E+01
   13.950   3.2239E+01
   13.960   3.7087E+01
   13.970   3.8479E+01
   13.980   3.9351E+01
   13.990   3.9360E+01
   14.000   3.7943E+01
   14.010   3.7126E+01
   14.020   3.8215E+01
   14.030   4.0930E+01
   14.040   4.5351E+01
   14.050   5.1723E+01
   14.060   5.8706E+01
   14.070   6.3550E+01
   14.080   6.3977E+01
   14.090   5.8933E+01
   14.100   5.0035E+01
   14.110   3.8268E+01
   14.120   2.1345E+01
   14.130  -4.9620E-01
   14.140  -2.2848E+01
   14.150  -3.8848E+01
   14.160  -4.6255E+01
   14.170  -4.8695E+01
   14.180  -4.7794E+01
   14.190  -4.4114E+01
   14.200  -3.7156E+01
   14.210  -2.6060E+01
   14.220  -1.3192E+01
   14.230  -2.2084E+00
   14.240   4.6332E+00
   14.250   5.9029E+00
   14.260   2.1513E+00
   14.270  -5.3338E+00
   14.280  -1.4777E+01
   14.290  -2.1136E+01
   14.300  -2.1300E+01
   14.310  -1.5303E+01
   14.320  -6.1832E+00
   14.330   1.0297E+00
   14.340   4.1668E+00
   14.350   5.3627E+00
   14.360   7.7611E+00
   14.370   1.3914E+01
   14.380   2.2914E+01
   14.390   3.1676E+01
   14.400   3.8884E+01
   14.410   4.3161E+01
   14.420   4.3705E+01
   14.430   4.1810E+01
   14.440   3.9304E+01
   14.450   3.7178E+01
   14.460   3.4807E+01
   14.470   2.9989E+01
   14.480   2.2966E+01
   14.490   1.5984E+01
   14.500   1.0399E+01
   14.510   6.5926E+00
   14.520   4.0055E+00
   14.530   2.4004E+00
   14.540   1.7534E+00
   14.550   2.7142E+00
   14.560   5.1440E+00
   14.570   7.9808E+00
   14.580   1.0664E+01
   14.590   1.2235E+01
   14.600   1.1198E+01
   14.610   6.8943E+00
   14.620   5.7517E-02
   14.630  -6.7983E+00
   14.640  -1.1028E+01
   14.650  -1.2299E+01
   14.660  -1.1703E+01
   14.670  -1.0905E+01
   14.680  -1.0528E+01
   14.690  -1.0029E+01
   14.700  -8.4255E+00
   14.710  -6.3737E+00
   14.720  -4.5794E+00
   14.730  -1.9670E+00
   14.740   1.6284E+00
   14.750   5.7924E+00
   14.760   9.6753E+00
   14.770   1.1398E+01
   14.780   1.0594E+01
   14.790   8.0245E+00
   14.800   4.1187E+00
   14.810   4.4080E-01
   14.820  -1.7281E+00
   14.830  -3.9038E+00
   14.840  -7.2739E+00
   14.850  -1.1117E+01
   14.860  -1.4921E+01
   14.870  -1.9227E+01
   14.880  -2.3097E+01
   14.890  -2.5821E+01
   14.900  -2.8490E+01
   14.910  -3.0664E+01
   14.920  -3.1239E+01
   14.930  -2.9896E+01
   14.940  -2.7604E+01
   14.950  -2.6029E+01
   14.960  -2.4609E+01
   14.970  -2.1496E+01
   14.980  -1.5950E+01
   14.990  -8.2128E+00
   15.000  -1.1859E-02
   15.010   6.3902E+00
   15.020   1.0686E+01
   15.030   1.3741E+01
   15.040   1.5229E+01
   15.050   1.4881E+01
   15.060   1.2909E+01
   15.070   9.4857E+00
   15.080   6.3390E+00
   15.090   4.8021E+00
   15.100   4.4782E+00
   15.110   4.8635E+00
   15.120   5.9185E+00
   15.130   6.8824E+00
   15.140   6.1200E+00
   15.150   2.3322E+00
   15.160  -4.4224E+00
   15.170  -1.2368E+01
   15.180  -1.9906E+01
   15.190  -2.7000E+01
   15.200  -3.4159E+01
   15.210  -4.0626E+01
   15.220  -4.5691E+01
   15.230  -4.9064E+01
   15.240  -5.0683E+01
   15.250  -5.0399E+01
   15.260  -4.8005E+01
   15.270  -4.4425E+01
   15.280  -4.0723E+01
   15.290  -3.7284E+01
   15.300  -3.4510E+01
   15.310  -3.2070E+01
   15.320  -2.9088E+01
   15.330  -2.5332E+01
   15.340  -2.1150E+01
   15.350  -1.6900E+01
   15.360  -1.2604E+01
   15.370  -8.3319E+00
   15.380  -4.5607E+00
   15.390  -1.9394E+00
   15.400  -2.8556E-01
   15.410   3.5330E-01
   15.420   6.9190E-02
   15.430  -1.5198E-01
   15.440   6.6798E-01
   15.450   2.9651E+00
   15.460   6.8999E+00
   15.470   1.1769E+01
   15.480   1.6130E+01
   15.490   1.9081E+01
   15.500   2.0421E+01
   15.510   2.0571E+01
   15.520   2.0781E+01
   15.530   2.1549E+01
   15.540   2.2459E+01
   15.550   2.3103E+01
   15.560   2.3463E+01
   15.570   2.3780E+01
   15.580   2.4223E+01
   15.590   2.4253E+01
   15.600   2.3286E+01
   15.610   2.1710E+01
   15.620   2.0487E+01
   15.630   1.9666E+01
   15.640   1.8458E+01
   15.650   1.6388E+01
   15.660   1.3420E+01
   15.670   9.7323E+00
   15.680   6.0511E+00
   15.690   3.2002E+00
   15.700   1.8335E+00
   15.710   2.0128E+00
   15.720   3.2097E+00
   15.730   5.0148E+00
   15.740   7.0974E+00
   15.750   9.3486E+00
   15.760   1.1496E+01
   15.770   1.2960E+01
   15.780   1.3322E+01
   15.790   1.2617E+01
   15.800   1.1048E+01
   15.810   8.7221E+00
   15.820   5.6554E+00
   15.830   1.8230E+00
   15.840  -2.5719E+00
   15.850  -6.9438E+00
   15.860  -1.0880E+01
   15.870  -1.4271E+01
   15.880  -1.7458E+01
   15.890  -2.0229E+01
   15.900  -2.1798E+01
   15.910  -2.1506E+01
   15.920  -1.8922E+01
   15.930  -1.4732E+01
   15.940  -1.0837E+01
   15.950  -8.6451E+00
   15.960  -8.6447E+00
   15.970  -1.0130E+01
   15.980  -1.1363E+01
   15.990  -1.0954E+01
   16.000  -8.8499E+00
   16.010  -5.8627E+00
   16.020  -2.6046E+00
   16.030   5.6793E-01
   16.040   3.8935E+00
   16.050   7.6571E+00
   16.060   1.1597E+01
   16.070   1.5180E+01
   16.080   1.8230E+01
   16.090   2.0670E+01
   16.100   2.2095E+01
   16.110   2.2186E+01
   16.120   2.1074E+01
   16.130   1.9517E+01
   16.140   1.8067E+01
   16.150   1.6823E+01
   16.160   1.6114E+01
   16.170   1.5947E+01
   16.180   1.6040E+01
   16.190   1.6109E+01
   16.200   1.5743E+01
   16.210   1.4557E+01
   16.220   1.2528E+01
   16.230   9.8004E+00
   16.240   6.8415E+00
   16.250   4.3765E+00
   16.260   2.3808E+00
   16.270   5.3042E-01
   16.280  -1.1204E+00
   16.290  -2.5762E+00
   16.300  -4.0600E+00
   16.310  -5.6439E+00
   16.320  -7.2815E+00
   16.330  -8.7360E+00
   16.340  -9.8293E+00
   16.350  -1.0367E+01
   16.360  -1.0360E+01
   16.370  -1.0525E+01
   16.380  -1.1053E+01
   16.390  -1.1547E+01
   16.400  -1.1809E+01
   16.410  -1.1971E+01
   16.420  -1.2240E+01
   16.430  -1.2686E+01
   16.440  -1.3045E+01
   16.450  -1.2856E+01
   16.460  -1.2078E+01
   16.470  -1.1156E+01
   16.480  -1.0274E+01
   16.490  -9.2229E+00
   16.500  -7.7391E+00
   16.510  -5.7504E+00
   16.520  -3.2567E+00
   16.530  -6.4835E-01
   16.540   1.2899E+00
   16.550   2.2535E+00
   16.560   2.3793E+00
   16.570   2.0164E+00
   16.580   1.5588E+00
   16.590   1.2421E+00
   16.600   1.2325E+00
   16.610   1.4045E+00
   16.620   1.7147E+00
   16.630   2.1547E+00
   16.640   2.6911E+00
   16.650   3.4337E+00
   16.660   4.4939E+00
   16.670   5.8274E+00
   16.680   7.3645E+00
   16.690   8.9933E+00
   16.700   1.0360E+01
   16.710   1.1189E+01
   16.720   1.1611E+01
   16.730   1.1865E+01
   16.740   1.2018E+01
   16.750   1.1866E+01
   16.760   1.1105E+01
   16.770   9.6374E+00
   16.780   7.5500E+00
   16.790   5.1403E+00
   16.800   2.8963E+00
   16.810   1.1719E+00
   16.820   1.3517E-01
   16.830  -3.8924E-01
   16.840  -7.7438E-01
   16.850  -1.3699E+00
   16.860  -2.2339E+00
   16.870  -3.0018E+00
   16.880  -3.6613E+00
   16.890  -4.4767E+00
   16.900  -5.4998E+00
   16.910  -6.6123E+00
   16.920  -7.7127E+00
   16.930  -8.7494E+00
   16.940  -9.6105E+00
   16.950  -1.0290E+01
   16.960  -1.0839E+01
   16.970  -1.1054E+01
   16.980  -1.0793E+01
   16.990  -1.0170E+01
   17.000  -9.3948E+00
   17.010  -8.6517E+00
   17.020  -8.0644E+00
   17.030  -7.6488E+00
   17.040  -7.3564E+00
   17.050  -7.0671E+00
   17.060  -6.5806E+00
   17.070  -5.7354E+00
   17.080  -4.5604E+00
   17.090  -3.1766E+00
   17.100  -1.7411E+00
   17.110  -2.9853E-01
   17.120   1.1048E+00
   17.130   2.3773E+00
   17.140   3.4973E+00
   17.150   4.4994E+00
   17.160   5.3714E+00
   17.170   6.0924E+00
   17.180   6.6586E+00
   17.190   7.0762E+00
   17.200   7.4495E+00
   17.210   7.9073E+00
   17.220   8.4876E+00
   17.230   9.0948E+00
   17.240   9.5661E+00
   17.250   9.8076E+00
   17.260   9.8425E+00
   17.270   9.6761E+00
   17.280   9.2355E+00
   17.290   8.4574E+00
   17.300   7.3776E+00
   17.310   6.1443E+00
   17.320   4.9584E+00
   17.330   3.9492E+00
   17.340   3.0871E+00
   17.350   2.2799E+00
   17.360   1.4982E+00
   17.370   7.3815E-01
   17.380  -3.5975E-03
   17.390  -7.2608E-01
   17.400  -1.3981E+00
   17.410  -1.9825E+00
   17.420  -2.4996E+00
   17.430  -2.9720E+00
   17.440  -3.4309E+00
   17.450  -3.8619E+00
   17.460  -4.1708E+00
   17.470  -4.2909E+00
   17.480  -4.2472E+00
   17.490  -4.1905E+00
   17.500  -4.2991E+00
   17.510  -4.6878E+00
   17.520  -5.3961E+00
   17.530  -6.3344E+00
   17.540  -7.2599E+00
   17.550  -7.8629E+00
   17.560  -7.9570E+00
   17.570  -7.6137E+00
   17.580  -7.0129E+00
   17.590  -6.3156E+00
   17.600  -5.5205E+00
   17.610  -4.5003E+00
   17.620  -3.2700E+00
   17.630  -1.9824E+00
   17.640  -8.1689E-01
   17.650   7.8850E-02
   17.660   5.9679E-01
   17.670   6.9588E-01
   17.680   4.7725E-01
   17.690   2.0419E-01
   17.700   1.1341E-01
   17.710   2.5148E-01
   17.720   5.2608E-01
   17.730   9.1584E-01
   17.740   1.5238E+00
   17.750   2.4020E+00
   17.760   3.4797E+00
   17.770   4.5416E+00
   17.780   5.2917E+00
   17.790   5.5676E+00
   17.800   5.4499E+00
   17.810   5.1460E+00
   17.820   4.8359E+00
   17.830   4.5613E+00
   17.840   4.2753E+00
   17.850   3.9393E+00
   17.860   3.5827E+00
   17.870   3.2858E+00
   17.880   3.1123E+00
   17.890   3.1080E+00
   17.900   3.2472E+00
   17.910   3.3679E+00
   17.920   3.3034E+00
   17.930   3.0522E+00
   17.940   2.7374E+00
   17.950   2.4150E+00
   17.960   1.9989E+00
   17.970   1.3291E+00
   17.980   3.7103E-01
   17.990  -7.0013E-01
   18.000  -1.6294E+00
   18.010  -2.2886E+00
   18.020  -2.7051E+00
   18.030  -2.9330E+00
   18.040  -3.0422E+00
   18.050  -3.1735E+00
   18.060  -3.4823E+00
   18.070  -4.0275E+00
   18.080  -4.7197E+00
   18.090  -5.3862E+00
   18.100  -5.9003E+00
   18.110  -6.2192E+00
   18.120  -6.3989E+00
   18.130  -6.4806E+00
   18.140  -6.4393E+00
   18.150  -6.2226E+00
   18.160  -5.7921E+00
   18.170  -5.1913E+00
   18.180  -4.5245E+00
   18.190  -3.9211E+00
   18.200  -3.4751E+00
   18.210  -3.1959E+00
   18.220  -2.9648E+00
   18.230  -2.5780E+00
   18.240  -1.9419E+00
   18.250  -1.1706E+00
   18.260  -4.8095E-01
   18.270   3.4961E-04
   18.280   3.4114E-01
   18.290   7.2351E-01
   18.300   1.2662E+00
   18.310   1.9572E+00
   18.320   2.6860E+00
   18.330   3.3201E+00
   18.340   3.7943E+00
   18.350   4.1745E+00
   18.360   4.5978E+00
   18.370   5.1297E+00
   18.380   5.6692E+00
   18.390   6.0231E+00
   18.400   6.0759E+00
   18.410   5.8868E+00
   18.420   5.5888E+00
   18.430   5.2273E+00
   18.440   4.7393E+00
   18.450   4.0737E+00
   18.460   3.3033E+00
   18.470   2.5994E+00
   18.480   2.1082E+00
   18.490   1.8635E+00
   18.500   1.8094E+00
   18.510   1.8768E+00
   18.520   2.0185E+00
   18.530   2.1778E+00
   18.540   2.2586E+00
   18.550   2.1565E+00
   18.560   1.8299E+00
   18.570   1.3261E+00
   18.580   7.2520E-01
   18.590   5.8919E-02
   18.600  -6.9317E-01
   18.610  -1.5170E+00
   18.620  -2.2841E+00
   18.630  -2.7902E+00
   18.640  -2.8962E+00
   18.650  -2.6368E+00
   18.660  -2.1843E+00
   18.670  -1.7082E+00
   18.680  -1.2667E+00
   18.690  -8.1795E-01
   18.700  -3.1282E-01
   18.710   2.1850E-01
   18.720   6.4207E-01
   18.730   7.6790E-01
   18.740   4.5849E-01
   18.750  -2.5875E-01
   18.760  -1.1720E+00
   18.770  -2.0059E+00
   18.780  -2.5890E+00
   18.790  -2.9131E+00
   18.800  -3.0420E+00
   18.810  -3.0000E+00
   18.820  -2.7659E+00
   18.830  -2.3477E+00
   18.840  -1.8157E+00
   18.850  -1.2581E+00
   18.860  -7.3557E-01
   18.870  -2.9059E-01
   18.880   3.8754E-02
   18.890   2.4602E-01
   18.900   3.8139E-01
   18.910   5.1326E-01
   18.920   6.6823E-01
   18.930   8.3966E-01
   18.940   1.0523E+00
   18.950   1.3690E+00
   18.960   1.8049E+00
   18.970   2.2620E+00
   18.980   2.5961E+00
   18.990   2.7421E+00
   19.000   2.7431E+00
   19.010   2.6574E+00
   19.020   2.4840E+00
   19.030   2.2049E+00
   19.040   1.8661E+00
   19.050   1.5646E+00
   19.060   1.3444E+00
   19.070   1.1331E+00
   19.080   8.0593E-01
   19.090   3.1233E-01
   19.100  -2.6208E-01
   19.110  -7.5732E-01
   19.120  -1.0607E+00
   19.130  -1.1813E+00
   19.140  -1.2213E+00
   19.150  -1.2830E+00
   19.160  -1.3959E+00
   19.170  -1.5198E+00
   19.180  -1.6044E+00
   19.190  -1.6511E+00
   19.200  -1.7313E+00
   19.210  -1.9462E+00
   19.220  -2.3443E+00
   19.230  -2.8578E+00
   19.240  -3.3269E+00
   19.250  -3.6138E+00
   19.260  -3.7027E+00
   19.270  -3.6825E+00
   19.280  -3.6338E+00
   19.290  -3.5482E+00
   19.300  -3.3593E+00
   19.310  -3.0325E+00
   19.320  -2.6047E+00
   19.330  -2.1520E+00
   19.340  -1.7435E+00
   19.350  -1.4271E+00
   19.360  -1.2288E+00
   19.370  -1.1367E+00
   19.380  -1.0878E+00
   19.390  -9.9174E-01
   19.400  -7.8500E-01
   19.410  -4.5824E-01
   19.420  -2.8911E-02
   19.430   4.9909E-01
   19.440   1.1231E+00
   19.450   1.7833E+00
   19.460   2.3397E+00
   19.470   2.6346E+00
   19.480   2.5896E+00
   19.490   2.2410E+00
   19.500   1.6980E+00
   19.510   1.0841E+00
   19.520   5.0658E-01
   19.530   3.7414E-02
   19.540  -3.1444E-01
   19.550  -6.0503E-01
   19.560  -8.9692E-01
   19.570  -1.1749E+00
   19.580  -1.3161E+00
   19.590  -1.1579E+00
   19.600  -6.1636E-01
   19.610   2.3784E-01
   19.620   1.2103E+00
   19.630   2.0956E+00
   19.640   2.7771E+00
   19.650   3.2407E+00
   19.660   3.5220E+00
   19.670   3.6576E+00
   19.680   3.6697E+00
   19.690   3.5551E+00
   19.700   3.2802E+00
   19.710   2.8149E+00
   19.720   2.1990E+00
   19.730   1.5588E+00
   19.740   1.0395E+00
   19.750   7.2493E-01
   19.760   6.2036E-01
   19.770   6.6983E-01
   19.780   7.4915E-01
   19.790   6.7101E-01
   19.800   2.7921E-01
   19.810  -4.1803E-01
   19.820  -1.2256E+00
   19.830  -1.8979E+00
   19.840  -2.3013E+00
   19.850  -2.4575E+00
   19.860  -2.4704E+00
   19.870  -2.4307E+00
   19.880  -2.3594E+00
   19.890  -2.2035E+00
   19.900  -1.8875E+00
   19.910  -1.3984E+00
   19.920  -8.2649E-01
   19.930  -3.1533E-01
   19.940   2.5336E-02
   19.950   1.6051E-01
   19.960   1.1727E-01
   19.970  -2.9340E-02
   19.980  -1.6257E-01
   19.990  -1.6257E-01
   20.000   2.1136E-02
   20.010   3.2782E-01
   20.020   6.2412E-01
   20.030   8.0130E-01
   20.040   8.6247E-01
   20.050   9.3580E-01
   20.060   1.1880E+00
   20.070   1.6839E+00
   20.080   2.3101E+00
   20.090   2.8506E+00
   20.100   3.1590E+00
   20.110   3.2648E+00
   20.120   3.3230E+00
   20.130   3.4739E+00
   20.140   3.7464E+00
   20.150   4.0594E+00
   20.160   4.2879E+00
   20.170   4.3400E+00
   20.180   4.2034E+00
   20.190   3.9356E+00
   20.200   3.6058E+00
   20.210   3.2446E+00
   20.220   2.8542E+00
   20.230   2.4492E+00
   20.240   2.0622E+00
   20.250   1.6958E+00
   20.260   1.2810E+00
   20.270   7.0184E-01
   20.280  -1.2554E-01
   20.290  -1.1777E+00
   20.300  -2.3021E+00
   20.310  -3.2632E+00
   20.320  -3.8384E+00
   20.330  -3.9212E+00
   20.340  -3.5682E+00
   20.350  -2.9588E+00
   20.360  -2.2959E+00
   20.370  -1.7175E+00
   20.380  -1.2689E+00
   20.390  -9.2875E-01
   20.400  -6.5581E-01
   20.410  -4.2854E-01
   20.420  -2.6714E-01
   20.430  -2.3076E-01
   20.440  -3.8313E-01
   20.450  -7.4161E-01
   20.460  -1.2476E+00
   20.470  -1.7930E+00
   20.480  -2.2913E+00
   20.490  -2.7360E+00
   20.500  -3.1857E+00
   20.510  -3.6777E+00
   20.520  -4.1408E+00
   20.530  -4.3953E+00
   20.540  -4.2530E+00
   20.550  -3.6444E+00
   20.560  -2.6691E+00
   20.570  -1.5412E+00
   20.580  -4.8311E-01
   20.590   3.5166E-01
   20.600   9.0089E-01
   20.610   1.1829E+00
   20.620   1.2798E+00
   20.630   1.3148E+00
   20.640   1.4107E+00
   20.650   1.6347E+00
   20.660   1.9562E+00
   20.670   2.2543E+00
   20.680   2.3858E+00
   20.690   2.2773E+00
   20.700   1.9714E+00
   20.710   1.5883E+00
   20.720   1.2317E+00
   20.730   9.1664E-01
   20.740   5.7220E-01
   20.750   1.0691E-01
   20.760  -5.1450E-01
   20.770  -1.2328E+00
   20.780  -1.9089E+00
   20.790  -2.3747E+00
   20.800  -2.5934E+00
   20.810  -2.2124E+00
   20.820  -1.4294E+00
   20.830  -4.0049E-01
   20.840   6.1454E-01
   20.850   1.3672E+00
   20.860   1.7594E+00
   20.870   1.8762E+00
   20.880   1.8657E+00
   20.890   1.7775E+00
   20.900   1.5246E+00
   20.910   1.0020E+00
   20.920   2.3615E-01
   20.930  -5.8352E-01
   20.940  -1.2178E+00
   20.950  -1.5389E+00
   20.960  -1.6141E+00
   20.970  -1.6537E+00
   20.980  -1.8613E+00
   20.990  -2.2962E+00
   21.000  -2.8469E+00
   21.010  -3.3222E+00
   21.020  -3.5739E+00
   21.030  -3.5564E+00
   21.040  -3.3054E+00
   21.050  -2.9554E+00
   21.060  -2.4236E+00
   21.070  -1.7931E+00
   21.080  -1.0649E+00
   21.090  -2.6255E-01
   21.100   5.5714E-01
   21.110   1.3400E+00
   21.120   2.0825E+00
   21.130   2.8201E+00
   21.140   3.5446E+00
   21.150   4.1397E+00
   21.160   4.4295E+00
   21.170   4.3107E+00
   21.180   3.8410E+00
   21.190   3.2031E+00
   21.200   2.5979E+00
   21.210   2.1657E+00
   21.220   1.9645E+00
   21.230   1.9700E+00
   21.240   2.0805E+00
   21.250   2.1541E+00
   21.260   2.0824E+00
   21.270   1.8549E+00
   21.280   1.5626E+00
   21.290   1.6331E+00
   21.300   1.5015E+00
   21.310   2.0795E+00
   21.320   2.2761E+00
   21.330   2.4884E+00
   21.340   2.7322E+00
   21.350   3.0913E+00
   21.360   3.5806E+00
   21.370   4.3726E+00
   21.380   4.6444E+00
   21.390   4.3600E+00
   21.400   3.4763E+00
   21.410   2.5272E+00
   21.420   1.1570E+00
   21.430   3.3382E-01
   21.440  -5.0544E-01
   21.450  -1.0792E+00
   21.460  -1.4780E+00
   21.470  -1.9824E+00
   21.480  -2.4040E+00
   21.490  -2.9002E+00
   21.500  -3.1886E+00
   21.510  -3.9194E+00
   21.520  -4.2349E+00
   21.530  -4.2825E+00
   21.540  -4.2003E+00
   21.550  -3.8863E+00
   21.560  -3.3630E+00
   21.570  -2.6638E+00
   21.580  -1.8700E+00
   21.590  -7.7731E-01
   21.600   7.8105E-01
   21.610   2.3023E+00
   21.620   3.6750E+00
   21.630   4.4281E+00
   21.640   4.5980E+00
   21.650   4.1926E+00
   21.660   3.3757E+00
   21.670   2.3922E+00
   21.680   1.4727E+00
   21.690   7.6807E-01
   21.700   3.1961E-01
   21.710   6.3150E-02
   21.720  -1.2204E-01
   21.730  -3.3450E-01
   21.740  -2.5216E-01
   21.750  -2.7895E-01
   21.760  -2.4578E-01
   21.770  -1.5812E-01
   21.780  -7.5245E-02
   21.790  -8.8974E-02
   21.800   5.0698E-02
   21.810  -2.6218E-01
   21.820  -9.2478E-01
   21.830  -8.6243E-01
   21.840  -4.3352E-01
   21.850   2.8448E-01
   21.860   9.6786E-01
   21.870   1.5846E+00
   21.880   2.0625E+00
   21.890   2.7871E+00
   21.900   2.6107E+00
   21.910   2.4907E+00
   21.920   2.0287E+00
   21.930   1.3557E+00
   21.940   4.5964E-01
   21.950  -6.0628E-01
   21.960  -1.7351E+00
   21.970  -2.8159E+00
   21.980  -3.7716E+00
   21.990  -4.4999E+00
   22.000  -4.9379E+00
   22.010  -4.8268E+00
   22.020  -5.0834E+00
   22.030  -5.3222E+00
   22.040  -5.6129E+00
   22.050  -6.0049E+00
   22.060  -6.4582E+00
   22.070  -6.8230E+00
   22.080  -6.9149E+00
   22.090  -6.6400E+00
   22.100  -6.0506E+00
   22.110  -5.2915E+00
   22.120  -4.5028E+00
   22.130  -2.7994E+00
   22.140  -2.3447E+00
   22.150  -1.8486E+00
   22.160  -1.5499E+00
   22.170  -1.4402E+00
   22.180  -1.4665E+00
   22.190  -1.5460E+00
   22.200  -1.5952E+00
   22.210  -1.5478E+00
   22.220  -1.3470E+00
   22.230  -1.3268E+00
   22.240  -8.9775E-01
   22.250   2.2952E-01
   22.260   1.5937E+00
   22.270   3.0108E+00
   22.280   4.2438E+00
   22.290   5.0873E+00
   22.300   5.4001E+00
   22.310   5.4196E+00
   22.320   5.2403E+00
   22.330   5.0416E+00
   22.340   4.9356E+00
   22.350   4.9690E+00
   22.360   5.1437E+00
   22.370   5.4141E+00
   22.380   5.6873E+00
   22.390   5.8579E+00
   22.400   5.8449E+00
   22.410   5.5456E+00
   22.420   5.1345E+00
   22.430   4.0215E+00
   22.440   2.5034E+00
   22.450   6.7612E-01
   22.460  -8.4898E-01
   22.470  -2.4506E+00
   22.480  -3.6688E+00
   22.490  -4.3107E+00
   22.500  -4.3145E+00
   22.510  -3.8153E+00
   22.520  -3.0858E+00
   22.530  -2.2465E+00
   22.540  -1.7445E+00
   22.550  -1.4992E+00
   22.560  -1.4998E+00
   22.570  -1.7572E+00
   22.580  -2.2428E+00
   22.590  -2.8909E+00
   22.600  -3.9850E+00
   22.610  -4.6672E+00
   22.620  -5.1231E+00
   22.630  -5.1899E+00
   22.640  -4.1188E+00
   22.650  -2.9646E+00
   22.660  -2.1149E+00
   22.670  -1.3107E+00
   22.680  -7.3660E-01
   22.690  -3.0257E-01
   22.700  -2.7618E-01
   22.710  -2.0491E-01
   22.720  -7.2017E-02
   22.730   3.2498E-01
   22.740   8.2531E-01
   22.750   1.0218E+00
   22.760   1.1935E+00
   22.770   1.3727E+00
   22.780   1.6015E+00
   22.790   1.8945E+00
   22.800   1.9299E+00
   22.810   2.3647E+00
   22.820   2.7832E+00
   22.830   2.4361E+00
   22.840   2.8310E+00
   22.850   3.4347E+00
   22.860   3.6790E+00
   22.870   3.8192E+00
   22.880   3.8595E+00
   22.890   3.7745E+00
   22.900   3.6802E+00
   22.910   3.5963E+00
   22.920   3.4718E+00
   22.930   3.2315E+00
   22.940   2.8214E+00
   22.950   2.2538E+00
   22.960   1.6346E+00
   22.970   1.2879E+00
   22.980   1.0202E+00
   22.990   7.5559E-01
   23.000   8.1213E-01
   23.010   1.0076E+00
   23.020   1.3230E+00
   23.030   1.6897E+00
   23.040   1.9499E+00
   23.050   1.9228E+00
   23.060   1.5131E+00
   23.070   7.4531E-01
   23.080  -2.8623E-01
   23.090  -1.4459E+00
   23.100  -2.5837E+00
   23.110  -3.5364E+00
   23.120  -4.1921E+00
   23.130  -3.6801E+00
   23.140  -3.8371E+00
   23.150  -3.9517E+00
   23.160  -3.8841E+00
   23.170  -3.9081E+00
   23.180  -3.7731E+00
   23.190  -3.6856E+00
   23.200  -3.4753E+00
   23.210  -3.1924E+00
   23.220  -3.0949E+00
   23.230  -3.4600E+00
   23.240  -3.6394E+00
   23.250  -3.4703E+00
   23.260  -3.1104E+00
   23.270  -2.5777E+00
   23.280  -1.8650E+00
   23.290  -1.1624E+00
   23.300  -3.9844E-01
   23.310   4.3945E-01
   23.320   1.3383E+00
   23.330   2.2026E+00
   23.340   2.9041E+00
   23.350   3.3205E+00
   23.360   3.5019E+00
   23.370   3.4911E+00
   23.380   3.3714E+00
   23.390   3.2400E+00
   23.400   3.1063E+00
   23.410   2.9491E+00
   23.420   2.7523E+00
   23.430   2.5164E+00
   23.440   2.9548E+00
   23.450   2.8089E+00
   23.460   3.0409E+00
   23.470   3.0131E+00
   23.480   2.5118E+00
   23.490   2.5012E+00
   23.500   2.4118E+00
   23.510   2.2547E+00
   23.520   2.0568E+00
   23.530   1.9731E+00
   23.540   1.9996E+00
   23.550   2.0700E+00
   23.560   2.0604E+00
   23.570   1.9578E+00
   23.580   2.6328E+00
   23.590   2.5190E+00
   23.600   2.2327E+00
   23.610   1.6804E+00
   23.620   8.6779E-01
   23.630  -8.7072E-02
   23.640  -1.0564E+00
   23.650  -1.8539E+00
   23.660  -2.5249E+00
   23.670  -3.0058E+00
   23.680  -3.3857E+00
   23.690  -3.8700E+00
   23.700  -3.9926E+00
   23.710  -3.8866E+00
   23.720  -3.5572E+00
   23.730  -3.0848E+00
   23.740  -2.5658E+00
   23.750  -2.2517E+00
   23.760  -2.0952E+00
   23.770  -2.0692E+00
   23.780  -2.5618E+00
   23.790  -3.1673E+00
   23.800  -3.2300E+00
   23.810  -3.2679E+00
   23.820  -3.1482E+00
   23.830  -2.9132E+00
   23.840  -2.7348E+00
   23.850  -2.4168E+00
   23.860  -2.2437E+00
   23.870  -2.0278E+00
   23.880  -1.7153E+00
   23.890  -1.2995E+00
   23.900  -6.6006E-01
   23.910   1.9066E-01
   23.920   1.1378E+00
   23.930   2.0606E+00
   23.940   2.9006E+00
   23.950   2.8101E+00
   23.960   3.1155E+00
   23.970   3.3080E+00
   23.980   3.1600E+00
   23.990   2.8834E+00
   24.000   2.4931E+00
   24.010   2.2173E+00
   24.020   1.8971E+00
   24.030   1.5107E+00
   24.040   1.1019E+00
   24.050   7.8552E-01
   24.060   5.1076E-01
   24.070   3.7157E-01
   24.080   3.9453E-01
   24.090   3.9736E-01
   24.100   4.7467E-01
   24.110   2.8440E-01
   24.120   1.4656E-01
   24.130  -6.2927E-01
   24.140  -1.2133E+00
   24.150  -1.6929E+00
   24.160  -1.9600E+00
   24.170  -2.0224E+00
   24.180  -1.9287E+00
   24.190  -1.7201E+00
   24.200  -4.6038E-01
   24.210  -3.3650E-02
   24.220   2.3730E-01
   24.230   4.6114E-01
   24.240   5.1819E-01
   24.250   3.8735E-01
   24.260   1.7529E-01
   24.270  -7.0277E-02
   24.280  -2.5803E-01
   24.290  -3.8914E-01
   24.300   4.2842E-01
   24.310   5.8620E-01
   24.320   8.1004E-01
   24.330   8.3110E-01
   24.340   7.0421E-01
   24.350   6.3583E-02
   24.360  -3.1162E-01
   24.370  -7.5066E-01
   24.380  -1.1276E+00
   24.390  -1.8477E+00
   24.400  -1.8603E+00
   24.410  -1.8416E+00
   24.420  -1.6668E+00
   24.430  -1.4005E+00
   24.440  -1.1075E+00
   24.450  -3.9870E-01
   24.460  -1.9533E-01
   24.470  -7.1743E-02
   24.480  -4.2388E-01
   24.490  -1.1407E-01
   24.500   6.7343E-02
   24.510  -2.2142E-02
   24.520  -2.5337E-01
   24.530  -8.3621E-01
   24.540  -8.3910E-01
   24.550  -7.7781E-01
   24.560  -6.6757E-01
   24.570  -5.4662E-01
   24.580  -4.7034E-01
   24.590  -3.1626E-01
   24.600  -3.2772E-01
   24.610  -3.8842E-01
   24.620  -4.3838E-01
   24.630  -4.0317E-01
   24.640  -5.2853E-01
   24.650  -4.2148E-01
   24.660  -2.1677E-01
   24.670  -2.3408E-02
   24.680   1.5544E-01
   24.690   3.0631E-01
   24.700   3.9357E-01
   24.710   3.8602E-01
   24.720   2.7976E-01
   24.730   8.5040E-02
   24.740  -2.0361E-01
   24.750  -9.9496E-01
   24.760  -1.3754E+00
   24.770  -1.6822E+00
   24.780  -1.8708E+00
   24.790  -1.9574E+00
   24.800  -1.9889E+00
   24.810  -1.9819E+00
   24.820  -1.9034E+00
   24.830  -1.7071E+00
   24.840  -1.3757E+00
   24.850  -9.3291E-01
   24.860  -4.3999E-01
   24.870   7.6652E-03
   24.880   3.0810E-01
   24.890   4.1297E-01
   24.900   3.7308E-01
   24.910   1.5813E-01
   24.920  -5.2479E-01
   24.930  -1.6549E-01
   24.940   2.8837E-01
   24.950   7.7991E-01
   24.960   1.1641E+00
   24.970   1.4573E+00
   24.980   1.6443E+00
   24.990   1.7292E+00
   25.000   1.7139E+00
   25.010   1.6478E+00
   25.020   1.4546E+00
   25.030   1.2629E+00
   25.040   9.0767E-01
   25.050   7.7568E-01
   25.060   6.9737E-01
   25.070   3.0452E-01
   25.080   4.4175E-01
   25.090   6.1798E-01
   25.100   8.6563E-01
   25.110   1.2334E+00
   25.120   1.6291E+00
   25.130   1.8324E+00
   25.140   2.0599E+00
   25.150   2.1400E+00
   25.160   2.0879E+00
   25.170   1.9261E+00
   25.180   1.6793E+00
   25.190   1.3910E+00
   25.200   1.1080E+00
   25.210   8.7060E-01
   25.220   6.8152E-01
   25.230   4.8681E-01
   25.240   2.7319E-01
   25.250   5.6392E-02
   25.260  -1.2325E-01
   25.270  -2.1354E-01
   25.280  -1.8051E-01
   25.290  -4.3174E-02
   25.300   1.3042E-01
   25.310   2.7281E-01
   25.320   1.4920E-01
   25.330   2.2132E-01
   25.340   1.9742E-01
   25.350   1.1748E-01
   25.360  -1.9129E-01
   25.370  -5.8949E-01
   25.380  -9.7655E-01
   25.390  -1.2868E+00
   25.400  -1.4313E+00
   25.410  -1.4971E+00
   25.420  -1.3923E+00
   25.430  -1.1652E+00
   25.440  -8.3226E-01
   25.450  -4.1898E-01
   25.460   2.6230E-02
   25.470   4.2060E-01
   25.480   5.1868E-01
   25.490   5.6632E-01
   25.500   4.4374E-01
   25.510   2.1634E-01
   25.520  -6.6115E-01
   25.530  -8.6120E-01
   25.540  -1.0143E+00
   25.550  -1.1399E+00
   25.560  -1.1475E+00
   25.570  -1.0739E+00
   25.580  -9.1696E-01
   25.590  -6.7494E-01
   25.600  -2.5796E-01
   25.610   2.6728E-01
   25.620   8.4051E-01
   25.630   1.1371E+00
   25.640   8.6793E-01
   25.650   1.0148E+00
   25.660   1.0636E+00
   25.670   1.0180E+00
   25.680   8.8302E-01
   25.690   6.7307E-01
   25.700   4.1442E-01
   25.710   1.8961E-01
   25.720  -1.0135E-01
   25.730  -3.7961E-01
   25.740  -7.9337E-01
   25.750  -1.0032E+00
   25.760  -1.0510E+00
   25.770  -1.1517E+00
   25.780  -1.1916E+00
   25.790  -1.1714E+00
   25.800  -1.1186E+00
   25.810  -1.0400E+00
   25.820  -9.3599E-01
   25.830  -7.2786E-01
   25.840  -5.6668E-01
   25.850  -4.7775E-01
   25.860  -4.7227E-01
   25.870  -5.4087E-01
   25.880  -7.5504E-01
   25.890  -8.5046E-01
   25.900  -8.7840E-01
   25.910  -8.1429E-01
   25.920  -6.5776E-01
   25.930  -4.3684E-01
   25.940  -2.0793E-01
   25.950  -3.6008E-02
   25.960   3.7409E-02
   25.970   9.1673E-03
   25.980  -2.5036E-01
   25.990  -3.9485E-01
   26.000  -5.1724E-01
   26.010  -5.7636E-01
   26.020  -5.5280E-01
   26.030  -4.5919E-01
   26.040  -3.3043E-01
   26.050  -2.0018E-01
   26.060  -8.5008E-02
   26.070   1.4742E-02
   26.080   1.0791E-01
   26.090   2.0915E-01
   26.100   3.3307E-01
   26.110   4.8006E-01
   26.120   6.2525E-01
   26.130   7.2831E-01
   26.140   7.5999E-01
   26.150   7.2070E-01
   26.160   6.3532E-01
   26.170   5.3607E-01
   26.180   4.5218E-01
   26.190   4.0759E-01
   26.200   5.2492E-01
   26.210   5.8405E-01
   26.220   6.3688E-01
   26.230   6.8989E-01
   26.240   6.9580E-01
   26.250   6.2611E-01
   26.260   5.7566E-01
   26.270   3.5401E-01
   26.280   9.4724E-02
   26.290  -2.7905E-01
   26.300  -1.5259E-02
   26.310   7.4999E-01
   26.320   5.8239E-01
   26.330   3.4040E-01
   26.340   6.7752E-02
   26.350  -1.8918E-01
   26.360  -4.0272E-01
   26.370  -2.8902E-01
   26.380  -2.9141E-01
   26.390  -2.4362E-01
   26.400  -1.5615E-01
   26.410   8.3752E-02
   26.420   1.3324E-01
   26.430   1.4925E-01
   26.440   1.4517E-01
   26.450   1.3697E-01
   26.460   1.2815E-01
   26.470   1.1196E-01
   26.480   8.3578E-02
   26.490  -1.1286E-01
   26.500  -1.4244E-01
   26.510  -1.5624E-01
   26.520  -1.7941E-01
   26.530  -1.9609E-01
   26.540  -2.3947E-01
   26.550  -2.4751E-01
   26.560  -2.7564E-01
   26.570  -2.7076E-01
   26.580  -2.5814E-01
   26.590  -2.3492E-01
   26.600  -1.9899E-01
   26.610  -1.5022E-01
   26.620  -9.1755E-02
   26.630  -3.0310E-02
   26.640   2.6348E-02
   26.650   7.3711E-02
   26.660   1.1260E-01
   26.670   1.4723E-01
   26.680   2.1589E-01
   26.690   2.5416E-01
   26.700   3.0143E-01
   26.710   3.4276E-01
   26.720   3.9741E-01
   26.730   4.3897E-01
   26.740   4.6222E-01
   26.750   4.6649E-01
   26.760   3.9186E-01
   26.770   3.6441E-01
   26.780   3.1168E-01
   26.790   2.3178E-01
   26.800   1.2600E-01
   26.810  -1.8630E-04
   26.820  -1.3631E-01
   26.830  -2.6891E-01
   26.840  -3.8568E-01
   26.850  -4.7672E-01
   26.860  -4.9961E-01
   26.870  -5.0987E-01
   26.880  -4.7976E-01
   26.890  -4.5073E-01
   26.900  -3.9120E-01
   26.910  -3.6798E-01
   26.920  -3.2883E-01
   26.930  -2.8666E-01
   26.940  -2.3860E-01
   26.950  -1.9113E-01
   26.960  -1.5345E-01
   26.970  -1.3012E-01
   26.980  -1.1134E-01
   26.990  -6.4671E-02
   27.000  -1.5604E-02
   27.010   4.0527E-02
   27.020   1.0346E-01
   27.030   1.6832E-01
   27.040   2.2911E-01
   27.050   3.0277E-01
   27.060   2.7722E-01
   27.070   2.7081E-01
   27.080   2.3711E-01
   27.090   1.7759E-01
   27.100   1.0157E-01
   27.110   4.5332E-02
   27.120  -3.0956E-02
   27.130  -8.6879E-02
   27.140  -1.1722E-01
   27.150  -1.2137E-01
   27.160  -1.0303E-01
   27.170  -6.9627E-02
   27.180  -3.0224E-02
   27.190   7.3128E-03
   27.200   3.7655E-02
   27.210  -3.4844E-02
   27.220  -2.6650E-02
   27.230  -2.7929E-02
   27.240  -3.4652E-02
   27.250  -4.2653E-02
   27.260  -4.7754E-02
   27.270  -4.4829E-02
   27.280  -3.0412E-02
   27.290   1.1585E-01
   27.300   1.1347E-01
   27.310   1.0207E-01
   27.320   8.2700E-02
   27.330   5.9400E-02
   27.340   3.5233E-02
   27.350   1.1026E-02
   27.360  -1.2427E-02
   27.370  -3.7213E-02
   27.380  -6.4015E-02
   27.390  -9.2090E-02
   27.400  -1.1708E-01
   27.410  -1.2751E-01
   27.420  -1.2924E-01
   27.430  -9.5009E-02
   27.440  -7.8633E-02
   27.450  -5.4011E-02
   27.460  -4.0059E-02
   27.470  -2.8784E-02
   27.480  -7.6009E-02
   27.490  -5.5514E-02
   27.500  -2.8508E-02
   27.510   2.1843E-03
   27.520   3.2465E-02
   27.530   5.8376E-02
   27.540   7.6555E-02
   27.550   8.4339E-02
   27.560   8.0680E-02
   27.570   6.6972E-02
   27.580   4.6143E-02
   27.590   2.0851E-02
   27.600  -8.5152E-03
   27.610  -3.6077E-02
   27.620  -6.0028E-02
   27.630  -7.8658E-02
   27.640  -9.2410E-02
   27.650  -1.0168E-01
   27.660  -2.0382E-01
   27.670  -1.7735E-01
   27.680  -1.3997E-01
   27.690  -9.6027E-02
   27.700  -4.9637E-02
   27.710  -2.9807E-03
   27.720   4.2774E-02
   27.730   8.6113E-02
   27.740   1.2538E-01
   27.750   1.5942E-01
   27.760   1.8734E-01
   27.770   2.0819E-01
   27.780   2.2854E-01
   27.790   2.2944E-01
   27.800   2.2384E-01
   27.810   2.1087E-01
   27.820   1.9161E-01
   27.830   1.6268E-01
   27.840   1.2016E-01
   27.850   8.0910E-02
   27.860   4.4155E-02
   27.870   1.1978E-02
   27.880   3.6543E-03
   27.890  -1.4924E-02
   27.900  -2.7530E-02
   27.910  -3.9720E-02
   27.920  -4.9343E-02
   27.930  -5.7513E-02
   27.940  -6.4988E-02
   27.950  -9.3373E-02
   27.960   2.5527E-02
   27.970   1.2483E-02
   27.980   4.2612E-04
   27.990  -8.6819E-03
   28.000  -1.3757E-02
   28.010  -1.5505E-02
   28.020  -1.5752E-02
   28.030  -1.5689E-02
   28.040  -1.5176E-02
   28.050  -1.3753E-02
   28.060  -1.1514E-02
   28.070  -8.5275E-03
   28.080  -8.7022E-03
   28.090  -1.9426E-03
   28.100   6.5719E-03
   28.110   1.4655E-02
   28.120   2.0410E-02
   28.130   2.3632E-02
   28.140   2.5175E-02
   28.150   2.7429E-02
   28.160   2.4260E-02
   28.170   1.7486E-02
   28.180   4.9819E-03
   28.190  -1.1360E-02
   28.200  -2.8107E-02
   28.210  -4.1901E-02
   28.220  -5.0525E-02
   28.230  -5.3599E-02
   28.240  -5.1704E-02
   28.250  -4.5161E-02
   28.260  -3.4059E-02
   28.270  -1.9423E-02
   28.280  -3.7130E-03
   28.290   1.0242E-02
   28.300   2.0731E-02
   28.310   2.7538E-02
   28.320   3.1383E-02
   28.330   3.3605E-02
   28.340   3.6350E-02
   28.350   4.2210E-02
   28.360   5.2913E-02
   28.370   6.8117E-02
   28.380   4.5124E-02
   28.390   5.7885E-02
   28.400   6.9118E-02
   28.410   7.8060E-02
   28.420   8.4146E-02
   28.430   8.6338E-02
   28.440   8.3548E-02
   28.450   7.5929E-02
   28.460   6.6725E-02
   28.470   5.6176E-02
   28.480   4.6893E-02
   28.490   3.8080E-02
   28.500   2.7984E-02
   28.510   1.6009E-02
   28.520   3.7932E-03
   28.530  -5.6399E-03
   28.540  -1.5156E-02
   28.550  -1.6855E-02
   28.560  -1.5606E-02
   28.570  -1.3993E-02
   28.580   1.1400E-03
   28.590   2.9520E-03
   28.600   4.2723E-03
   28.610   3.1329E-03
   28.620   2.9581E-03
   28.630   2.1288E-03
   28.640   5.8556E-04
   28.650  -1.9069E-03
   28.660  -5.6205E-03
   28.670  -1.0483E-02
   28.680  -1.5950E-02
   28.690  -2.1285E-02
   28.700  -2.5805E-02
   28.710  -2.8870E-02
   28.720  -2.9878E-02
   28.730  -2.8582E-02
   28.740  -2.5385E-02
   28.750  -2.1172E-02
   28.760  -1.6750E-02
   28.770  -1.2503E-02
   28.780  -8.5025E-03
   28.790  -4.7686E-03
   28.800  -1.3415E-03
   28.810   1.7677E-03
   28.820   4.5245E-03
   28.830   6.7738E-03
   28.840   8.2986E-03
   28.850   8.9783E-03
   28.860   8.8066E-03
   28.870   7.7471E-03
   28.880   5.6951E-03
   28.890   2.6619E-03
   28.900  -1.0576E-03
   28.910  -4.9803E-03
   28.920  -8.6758E-03
   28.930  -1.1885E-02
   28.940  -1.4490E-02
   28.950  -1.6495E-02
   28.960  -1.8023E-02
   28.970  -1.9182E-02
   28.980  -1.9827E-02
   28.990  -1.9510E-02
   29.000  -1.7742E-02
   29.010  -1.4364E-02
   29.020  -9.7508E-03
   29.030  -4.7338E-03
   29.040  -2.9516E-04
   29.050   2.8234E-03
   29.060   4.4015E-03
   29.070   4.7306E-03
   29.080   4.3959E-03
   29.090   4.0746E-03
   29.100   4.3832E-03
   29.110   5.6040E-03
   29.120   7.3879E-03
   29.130   8.8650E-03
   29.140   1.1251E-02
   29.150   1.1772E-02
   29.160   1.1964E-02
   29.170   1.2485E-02
   29.180   1.3437E-02
   29.190   1.4381E-02
   29.200   1.3580E-02
   29.210   1.1486E-02
   29.220   7.2678E-03
   29.230   1.3648E-03
   29.240  -4.8516E-03
   29.250  -7.2150E-03
   29.260  -9.3648E-03
   29.270  -1.0907E-02
   29.280  -1.1561E-02
   29.290  -1.1186E-02
   29.300  -9.8371E-03
   29.310  -7.8228E-03
   29.320  -5.6211E-03
   29.330  -3.6782E-03
   29.340  -2.2238E-03
   29.350  -1.2302E-03
   29.360  -4.9214E-04
   29.370   2.7715E-04
   29.380   1.3678E-03
   29.390   3.8336E-03
   29.400   5.8212E-03
   29.410   7.6935E-03
   29.420   8.9755E-03
   29.430   9.3722E-03
   29.440   8.9368E-03
   29.450   8.0075E-03
   29.460   7.0123E-03
   29.470   6.3002E-03
   29.480   6.0655E-03
   29.490   6.3588E-03
   29.500   7.1686E-03
   29.510   8.4950E-03
   29.520   1.0308E-02
   29.530   8.1564E-03
   29.540   8.4182E-03
   29.550   8.8662E-03
   29.560   8.9218E-03
   29.570   8.6350E-03
   29.580   8.1004E-03
   29.590   7.3382E-03
   29.600   6.2962E-03
   29.610   4.9199E-03
   29.620   3.1951E-03
   29.630   1.1418E-03
   29.640  -1.1990E-03
   29.650  -3.7655E-03
   29.660  -6.4515E-03
   29.670  -9.0719E-03
   29.680  -1.1373E-02
   29.690  -1.3134E-02
   29.700  -1.4270E-02
   29.710  -1.4790E-02
   29.720  -1.4640E-02
   29.730  -1.3647E-02
   29.740  -1.1684E-02
   29.750  -9.3960E-03
   29.760  -7.2096E-03
   29.770  -4.8762E-03
   29.780  -2.7691E-03
   29.790  -1.1309E-03
   29.800  -5.5577E-05
   29.810   4.5526E-04
   29.820   4.3141E-04
   29.830  -7.4057E-05
   29.840  -9.3840E-04
   29.850  -1.9301E-03
   29.860  -2.7408E-03
   29.870  -3.0927E-03
   29.880  -2.8544E-03
   29.890  -2.0851E-03
   29.900  -9.7347E-04
   29.910   2.8029E-04
   29.920   1.5483E-03
   29.930   2.7678E-03
   29.940   3.8850E-03
   29.950   4.8295E-03
   29.960   5.5388E-03
   29.970   5.9815E-03
   29.980   6.1601E-03
   29.990   6.1239E-03
   30.000   5.9864E-03
   30.010   5.8928E-03
   30.020   5.9340E-03
   30.030   6.1000E-03
   30.040   6.3250E-03
   30.050   6.5477E-03
   30.060   6.7011E-03
   30.070   6.6741E-03
   30.080   6.3424E-03
   30.090   5.6396E-03
   30.100   4.5746E-03
   30.110   3.1942E-03
   30.120   1.5769E-03
   30.130  -1.4891E-04
   30.140   0.0000E+00
   30.150   0.0000E+00
   30.160   0.0000E+00
   30.170   0.0000E+00
   30.180   0.0000E+00
   30.190   0.0000E+00
   30.200   0.0000E+00
   30.210   0.0000E+00
   30.220   0.0000E+00
   30.230   0.0000E+00
   30.240   0.0000E+00
   30.250   0.0000E+00
   30.260   0.0000E+00
   30.270   0.0000E+00
   30.280   0.0000E+00
   30.290   0.0000E+00
   30.300   0.0000E+00
   30.310   0.0000E+00
   30.320   0.0000E+00
   30.330   0.0000E+00
   30.340   0.0000E+00
   30.350   0.0000E+00
   30.360   0.0000E+00
   30.370   0.0000E+00
   30.380   0.0000E+00
   30.390   0.0000E+00
   30.400   0.0000E+00
   30.410   0.0000E+00
   30.420   0.0000E+00
   30.430   0.0000E+00
   30.440   0.0000E+00
   30.450   0.0000E+00
   30.460   0.0000E+00
   30.470   0.0000E+00
   30.480   0.0000E+00
   30.490   0.0000E+00
   30.500   0.0000E+00
   30.510   0.0000E+00
   30.520   0.0000E+00
   30.530   0.0000E+00
   30.540   0.0000E+00
   30.550   0.0000E+00
   30.560   0.0000E+00
   30.570   0.0000E+00
   30.580   0.0000E+00
   30.590   0.0000E+00
   30.600   0.0000E+00
   30.610   0.0000E+00
   30.620   0.0000E+00
   30.630   0.0000E+00
   30.640   0.0000E+00
   30.650   0.0000E+00
   30.660   0.0000E+00
   30.670   0.0000E+00
   30.680   0.0000E+00
   30.690   0.0000E+00
   30.700   0.0000E+00
   30.710   0.0000E+00
   30.720   0.0000E+00
   30.730   0.0000E+00
   30.740   0.0000E+00
   30.750   0.0000E+00
   30.760   0.0000E+00
   30.770   0.0000E+00
   30.780   0.0000E+00
   30.790   0.0000E+00
   30.800   0.0000E+00
   30.810   0.0000E+00
   30.820   0.0000E+00
   30.830   0.0000E+00
   30.840   0.0000E+00
   30.850   0.0000E+00
   30.860   0.0000E+00
   30.870   0.0000E+00
   30.880   0.0000E+00
   30.890   0.0000E+00
   30.900   0.0000E+00
   30.910   0.0000E+00
   30.920   0.0000E+00
   30.930   0.0000E+00
   30.940   0.0000E+00
   30.950   0.0000E+00
   30.960   0.0000E+00
   30.970   0.0000E+00
   30.980   0.0000E+00
   30.990   0.0000E+00
   31.000   0.0000E+00
   31.010   0.0000E+00
   31.020   0.0000E+00
   31.030   0.0000E+00
   31.040   0.0000E+00
   31.050   0.0000E+00
   31.060   0.0000E+00
   31.070   0.0000E+00
   31.080   0.0000E+00
   31.090   0.0000E+00
   31.100   0.0000E+00
   31.110   0.0000E+00
   31.120   0.0000E+00
   31.130   0.0000E+00
   31.140   0.0000E+00
   31.150   0.0000E+00
   31.160   0.0000E+00
   31.170   0.0000E+00
   31.180   0.0000E+00
   31.190   0.0000E+00
   31.200   0.0000E+00
   31.210   0.0000E+00
   31.220   0.0000E+00
   31.230   0.0000E+00
   31.240   0.0000E+00
   31.250   0.0000E+00
   31.260   0.0000E+00
   31.270   0.0000E+00
   31.280   0.0000E+00
   31.290   0.0000E+00
   31.300   0.0000E+00
   31.310   0.0000E+00
   31.320   0.0000E+00
   31.330   0.0000E+00
   31.340   0.0000E+00
   31.350   0.0000E+00
   31.360   0.0000E+00
   31.370   0.0000E+00
   31.380   0.0000E+00
   31.390   0.0000E+00
   31.400   0.0000E+00
   31.410   0.0000E+00
   31.420   0.0000E+00
   31.430   0.0000E+00
   31.440   0.0000E+00
   31.450   0.0000E+00
   31.460   0.0000E+00
   31.470   0.0000E+00
   31.480   0.0000E+00
   31.490   0.0000E+00
   31.500   0.0000E+00
   31.510   0.0000E+00
   31.520   0.0000E+00
   31.530   0.0000E+00
   31.540   0.0000E+00
   31.550   0.0000E+00
   31.560   0.0000E+00
   31.570   0.0000E+00
   31.580   0.0000E+00
   31.590   0.0000E+00
   31.600   0.0000E+00
   31.610   0.0000E+00
   31.620   0.0000E+00
   31.630   0.0000E+00
   31.640   0.0000E+00
   31.650   0.0000E+00
   31.660   0.0000E+00
   31.670   0.0000E+00
   31.680   0.0000E+00
   31.690   0.0000E+00
   31.700   0.0000E+00
   31.710   0.0000E+00
   31.720   0.0000E+00
   31.730   0.0000E+00
   31.740   0.0000E+00
   31.750   0.0000E+00
   31.760   0.0000E+00
   31.770   0.0000E+00
   31.780   0.0000E+00
   31.790   0.0000E+00
   31.800   0.0000E+00
   31.810   0.0000E+00
   31.820   0.0000E+00
   31.830   0.0000E+00
   31.840   0.0000E+00
   31.850   0.0000E+00
   31.860   0.0000E+00
   31.870   0.0000E+00
   31.880   0.0000E+00
   31.890   0.0000E+00
   31.900   0.0000E+00
   31.910   0.0000E+00
   31.920   0.0000E+00
   31.930   0.0000E+00
   31.940   0.0000E+00
   31.950   0.0000E+00
   31.960   0.0000E+00
   31.970   0.0000E+00
   31.980   0.0000E+00
   31.990   0.0000E+00
   32.000   0.0000E+00
   32.010   0.0000E+00
   32.020   0.0000E+00
   32.030   0.0000E+00
   32.040   0.0000E+00
   32.050   0.0000E+00
   32.060   0.0000E+00
   32.070   0.0000E+00
   32.080   0.0000E+00
   32.090   0.0000E+00
   32.100   0.0000E+00
   32.110   0.0000E+00
   32.120   0.0000E+00
   32.130   0.0000E+00
   32.140   0.0000E+00
   32.150   0.0000E+00
   32.160   0.0000E+00
   32.170   0.0000E+00
   32.180   0.0000E+00
   32.190   0.0000E+00
   32.200   0.0000E+00
   32.210   0.0000E+00
   32.220   0.0000E+00
   32.230   0.0000E+00
   32.240   0.0000E+00
   32.250   0.0000E+00
   32.260   0.0000E+00
   32.270   0.0000E+00
   32.280   0.0000E+00
   32.290   0.0000E+00
   32.300   0.0000E+00
   32.310   0.0000E+00
   32.320   0.0000E+00
   32.330   0.0000E+00
   32.340   0.0000E+00
   32.350   0.0000E+00
   32.360   0.0000E+00
   32.370   0.0000E+00
   32.380   0.0000E+00
   32.390   0.0000E+00
   32.400   0.0000E+00
   32.410   0.0000E+00
   32.420   0.0000E+00
   32.430   0.0000E+00
   32.440   0.0000E+00
   32.450   0.0000E+00
   32.460   0.0000E+00
   32.470   0.0000E+00
   32.480   0.0000E+00
   32.490   0.0000E+00
   32.500   0.0000E+00
   32.510   0.0000E+00
   32.520   0.0000E+00
   32.530   0.0000E+00
   32.540   0.0000E+00
   32.550   0.0000E+00
   32.560   0.0000E+00
   32.570   0.0000E+00
   32.580   0.0000E+00
   32.590   0.0000E+00
   32.600   0.0000E+00
   32.610   0.0000E+00
   32.620   0.0000E+00
   32.630   0.0000E+00
   32.640   0.0000E+00
   32.650   0.0000E+00
   32.660   0.0000E+00
   32.670   0.0000E+00
   32.680   0.0000E+00
   32.690   0.0000E+00
   32.700   0.0000E+00
   32.710   0.0000E+00
   32.720   0.0000E+00
   32.730   0.0000E+00
   32.740   0.0000E+00
   32.750   0.0000E+00
   32.760   0.0000E+00
   32.770   0.0000E+00
   32.780   0.0000E+00
   32.790   0.0000E+00
   32.800   0.0000E+00
   32.810   0.0000E+00
   32.820   0.0000E+00
   32.830   0.0000E+00
   32.840   0.0000E+00
   32.850   0.0000E+00
   32.860   0.0000E+00
   32.870   0.0000E+00
   32.880   0.0000E+00
   32.890   0.0000E+00
   32.900   0.0000E+00
   32.910   0.0000E+00
   32.920   0.0000E+00
   32.930   0.0000E+00
   32.940   0.0000E+00
   32.950   0.0000E+00
   32.960   0.0000E+00
   32.970   0.0000E+00
   32.980   0.0000E+00
   32.990   0.0000E+00
   33.000   0.0000E+00
   33.010   0.0000E+00
   33.020   0.0000E+00
   33.030   0.0000E+00
   33.040   0.0000E+00
   33.050   0.0000E+00
   33.060   0.0000E+00
   33.070   0.0000E+00
   33.080   0.0000E+00
   33.090   0.0000E+00
   33.100   0.0000E+00
   33.110   0.0000E+00
   33.120   0.0000E+00
   33.130   0.0000E+00
   33.140   0.0000E+00
   33.150   0.0000E+00
   33.160   0.0000E+00
   33.170   0.0000E+00
   33.180   0.0000E+00
   33.190   0.0000E+00
   33.200   0.0000E+00
   33.210   0.0000E+00
   33.220   0.0000E+00
   33.230   0.0000E+00
   33.240   0.0000E+00
   33.250   0.0000E+00
   33.260   0.0000E+00
   33.270   0.0000E+00
   33.280   0.0000E+00
   33.290   0.0000E+00
   33.300   0.0000E+00
   33.310   0.0000E+00
   33.320   0.0000E+00
   33.330   0.0000E+00
   33.340   0.0000E+00
   33.350   0.0000E+00
   33.360   0.0000E+00
   33.370   0.0000E+00
   33.380   0.0000E+00
   33.390   0.0000E+00
   33.400   0.0000E+00
   33.410   0.0000E+00
   33.420   0.0000E+00
   33.430   0.0000E+00
   33.440   0.0000E+00
   33.450   0.0000E+00
   33.460   0.0000E+00
   33.470   0.0000E+00
   33.480   0.0000E+00
   33.490   0.0000E+00
   33.500   0.0000E+00
   33.510   0.0000E+00
   33.520   0.0000E+00
   33.530   0.0000E+00
   33.540   0.0000E+00
   33.550   0.0000E+00
   33.560   0.0000E+00
   33.570   0.0000E+00
   33.580   0.0000E+00
   33.590   0.0000E+00
   33.600   0.0000E+00
   33.610   0.0000E+00
   33.620   0.0000E+00
   33.630   0.0000E+00
   33.640   0.0000E+00
   33.650   0.0000E+00
   33.660   0.0000E+00
   33.670   0.0000E+00
   33.680   0.0000E+00
   33.690   0.0000E+00
   33.700   0.0000E+00
   33.710   0.0000E+00
   33.720   0.0000E+00
   33.730   0.0000E+00
   33.740   0.0000E+00
   33.750   0.0000E+00
   33.760   0.0000E+00
   33.770   0.0000E+00
   33.780   0.0000E+00
   33.790   0.0000E+00
   33.800   0.0000E+00
   33.810   0.0000E+00
   33.820   0.0000E+00
   33.830   0.0000E+00
   33.840   0.0000E+00
   33.850   0.0000E+00
   33.860   0.0000E+00
   33.870   0.0000E+00
   33.880   0.0000E+00
   33.890   0.0000E+00
   33.900   0.0000E+00
   33.910   0.0000E+00
   33.920   0.0000E+00
   33.930   0.0000E+00
   33.940   0.0000E+00
   33.950   0.0000E+00
   33.960   0.0000E+00
   33.970   0.0000E+00
   33.980   0.0000E+00
   33.990   0.0000E+00
   34.000   0.0000E+00
   34.010   0.0000E+00
   34.020   0.0000E+00
   34.030   0.0000E+00
   34.040   0.0000E+00
   34.050   0.0000E+00
   34.060   0.0000E+00
   34.070   0.0000E+00
   34.080   0.0000E+00
   34.090   0.0000E+00
   34.100   0.0000E+00
   34.110   0.0000E+00
   34.120   0.0000E+00
   34.130   0.0000E+00
   34.140   0.0000E+00
   34.150   0.0000E+00
   34.160   0.0000E+00
   34.170   0.0000E+00
   34.180   0.0000E+00
   34.190   0.0000E+00
   34.200   0.0000E+00
   34.210   0.0000E+00
   34.220   0.0000E+00
   34.230   0.0000E+00
   34.240   0.0000E+00
   34.250   0.0000E+00
   34.260   0.0000E+00
   34.270   0.0000E+00
   34.280   0.0000E+00
   34.290   0.0000E+00
   34.300   0.0000E+00
   34.310   0.0000E+00
   34.320   0.0000E+00
   34.330   0.0000E+00
   34.340   0.0000E+00
   34.350   0.0000E+00
   34.360   0.0000E+00
   34.370   0.0000E+00
   34.380   0.0000E+00
   34.390   0.0000E+00
   34.400   0.0000E+00
   34.410   0.0000E+00
   34.420   0.0000E+00
   34.430   0.0000E+00
   34.440   0.0000E+00
   34.450   0.0000E+00
   34.460   0.0000E+00
   34.470   0.0000E+00
   34.480   0.0000E+00
   34.490   0.0000E+00
   34.500   0.0000E+00
   34.510   0.0000E+00
   34.520   0.0000E+00
   34.530   0.0000E+00
   34.540   0.0000E+00
   34.550   0.0000E+00
   34.560   0.0000E+00
   34.570   0.0000E+00
   34.580   0.0000E+00
   34.590   0.0000E+00
   34.600   0.0000E+00
   34.610   0.0000E+00
   34.620   0.0000E+00
   34.630   0.0000E+00
   34.640   0.0000E+00
   34.650   0.0000E+00
   34.660   0.0000E+00
   34.670   0.0000E+00
   34.680   0.0000E+00
   34.690   0.0000E+00
   34.700   0.0000E+00
   34.710   0.0000E+00
   34.720   0.0000E+00
   34.730   0.0000E+00
   34.740   0.0000E+00
   34.750   0.0000E+00
   34.760   0.0000E+00
   34.770   0.0000E+00
   34.780   0.0000E+00
   34.790   0.0000E+00
   34.800   0.0000E+00
   34.810   0.0000E+00
   34.820   0.0000E+00
   34.830   0.0000E+00
   34.840   0.0000E+00
   34.850   0.0000E+00
   34.860   0.0000E+00
   34.870   0.0000E+00
   34.880   0.0000E+00
   34.890   0.0000E+00
   34.900   0.0000E+00
   34.910   0.0000E+00
   34.920   0.0000E+00
   34.930   0.0000E+00
   34.940   0.0000E+00
   34.950   0.0000E+00
   34.960   0.0000E+00
   34.970   0.0000E+00
   34.980   0.0000E+00
   34.990   0.0000E+00
   35.000   0.0000E+00
   35.010   0.0000E+00
   35.020   0.0000E+00
   35.030   0.0000E+00
   35.040   0.0000E+00
   35.050   0.0000E+00
   35.060   0.0000E+00
   35.070   0.0000E+00
   35.080   0.0000E+00
   35.090   0.0000E+00
   35.100   0.0000E+00
   35.110   0.0000E+00
   35.120   0.0000E+00
   35.130   0.0000E+00
   35.140   0.0000E+00
   35.150   0.0000E+00
   35.160   0.0000E+00
   35.170   0.0000E+00
   35.180   0.0000E+00
   35.190   0.0000E+00
   35.200   0.0000E+00
   35.210   0.0000E+00
   35.220   0.0000E+00
   35.230   0.0000E+00
   35.240   0.0000E+00
   35.250   0.0000E+00
   35.260   0.0000E+00
   35.270   0.0000E+00
   35.280   0.0000E+00
   35.290   0.0000E+00
   35.300   0.0000E+00
   35.310   0.0000E+00
   35.320   0.0000E+00
   35.330   0.0000E+00
   35.340   0.0000E+00
   35.350   0.0000E+00
   35.360   0.0000E+00
   35.370   0.0000E+00
   35.380   0.0000E+00
   35.390   0.0000E+00
   35.400   0.0000E+00
   35.410   0.0000E+00
   35.420   0.0000E+00
   35.430   0.0000E+00
   35.440   0.0000E+00
   35.450   0.0000E+00
   35.460   0.0000E+00
   35.470   0.0000E+00
   35.480   0.0000E+00
   35.490   0.0000E+00
   35.500   0.0000E+00
   35.510   0.0000E+00
   35.520   0.0000E+00
   35.530   0.0000E+00
   35.540   0.0000E+00
   35.550   0.0000E+00
   35.560   0.0000E+00
   35.570   0.0000E+00
   35.580   0.0000E+00
   35.590   0.0000E+00
   35.600   0.0000E+00
   35.610   0.0000E+00
   35.620   0.0000E+00
   35.630   0.0000E+00
   35.640   0.0000E+00
   35.650   0.0000E+00
   35.660   0.0000E+00
   35.670   0.0000E+00
   35.680   0.0000E+00
   35.690   0.0000E+00
   35.700   0.0000E+00
   35.710   0.0000E+00
   35.720   0.0000E+00
   35.730   0.0000E+00
   35.740   0.0000E+00
   35.750   0.0000E+00
   35.760   0.0000E+00
   35.770   0.0000E+00
   35.780   0.0000E+00
   35.790   0.0000E+00
   35.800   0.0000E+00
   35.810   0.0000E+00
   35.820   0.0000E+00
   35.830   0.0000E+00
   35.840   0.0000E+00
   35.850   0.0000E+00
   35.860   0.0000E+00
   35.870   0.0000E+00
   35.880   0.0000E+00
   35.890   0.0000E+00
   35.900   0.0000E+00
   35.910   0.0000E+00
   35.920   0.0000E+00
   35.930   0.0000E+00
   35.940   0.0000E+00
   35.950   0.0000E+00
   35.960   0.0000E+00
   35.970   0.0000E+00
   35.980   0.0000E+00
   35.990   0.0000E+00
   36.000   0.0000E+00
   36.010   0.0000E+00
   36.020   0.0000E+00
   36.030   0.0000E+00
   36.040   0.0000E+00
   36.050   0.0000E+00
   36.060   0.0000E+00
   36.070   0.0000E+00
   36.080   0.0000E+00
   36.090   0.0000E+00
   36.100   0.0000E+00
   36.110   0.0000E+00
   36.120   0.0000E+00
   36.130   0.0000E+00
   36.140   0.0000E+00
   36.150   0.0000E+00
   36.160   0.0000E+00
   36.170   0.0000E+00
   36.180   0.0000E+00
   36.190   0.0000E+00
   36.200   0.0000E+00
   36.210   0.0000E+00
   36.220   0.0000E+00
   36.230   0.0000E+00
   36.240   0.0000E+00
   36.250   0.0000E+00
   36.260   0.0000E+00
   36.270   0.0000E+00
   36.280   0.0000E+00
   36.290   0.0000E+00
   36.300   0.0000E+00
   36.310   0.0000E+00
   36.320   0.0000E+00
   36.330   0.0000E+00
   36.340   0.0000E+00
   36.350   0.0000E+00
   36.360   0.0000E+00
   36.370   0.0000E+00
   36.380   0.0000E+00
   36.390   0.0000E+00
   36.400   0.0000E+00
   36.410   0.0000E+00
   36.420   0.0000E+00
   36.430   0.0000E+00
   36.440   0.0000E+00
   36.450   0.0000E+00
   36.460   0.0000E+00
   36.470   0.0000E+00
   36.480   0.0000E+00
   36.490   0.0000E+00
   36.500   0.0000E+00
   36.510   0.0000E+00
   36.520   0.0000E+00
   36.530   0.0000E+00
   36.540   0.0000E+00
   36.550   0.0000E+00
   36.560   0.0000E+00
   36.570   0.0000E+00
   36.580   0.0000E+00
   36.590   0.0000E+00
   36.600   0.0000E+00
   36.610   0.0000E+00
   36.620   0.0000E+00
   36.630   0.0000E+00
   36.640   0.0000E+00
   36.650   0.0000E+00
   36.660   0.0000E+00
   36.670   0.0000E+00
   36.680   0.0000E+00
   36.690   0.0000E+00
   36.700   0.0000E+00
   36.710   0.0000E+00
   36.720   0.0000E+00
   36.730   0.0000E+00
   36.740   0.0000E+00
   36.750   0.0000E+00
   36.760   0.0000E+00
   36.770   0.0000E+00
   36.780   0.0000E+00
   36.790   0.0000E+00
   36.800   0.0000E+00
   36.810   0.0000E+00
   36.820   0.0000E+00
   36.830   0.0000E+00
   36.840   0.0000E+00
   36.850   0.0000E+00
   36.860   0.0000E+00
   36.870   0.0000E+00
   36.880   0.0000E+00
   36.890   0.0000E+00
   36.900   0.0000E+00
   36.910   0.0000E+00
   36.920   0.0000E+00
   36.930   0.0000E+00
   36.940   0.0000E+00
   36.950   0.0000E+00
   36.960   0.0000E+00
   36.970   0.0000E+00
   36.980   0.0000E+00
   36.990   0.0000E+00
   37.000   0.0000E+00
   37.010   0.0000E+00
   37.020   0.0000E+00
   37.030   0.0000E+00
   37.040   0.0000E+00
   37.050   0.0000E+00
   37.060   0.0000E+00
   37.070   0.0000E+00
   37.080   0.0000E+00
   37.090   0.0000E+00
   37.100   0.0000E+00
   37.110   0.0000E+00
   37.120   0.0000E+00
   37.130   0.0000E+00
   37.140   0.0000E+00
   37.150   0.0000E+00
   37.160   0.0000E+00
   37.170   0.0000E+00
   37.180   0.0000E+00
   37.190   0.0000E+00
   37.200   0.0000E+00
   37.210   0.0000E+00
   37.220   0.0000E+00
   37.230   0.0000E+00
   37.240   0.0000E+00
   37.250   0.0000E+00
   37.260   0.0000E+00
   37.270   0.0000E+00
   37.280   0.0000E+00
   37.290   0.0000E+00
   37.300   0.0000E+00
   37.310   0.0000E+00
   37.320   0.0000E+00
   37.330   0.0000E+00
   37.340   0.0000E+00
   37.350   0.0000E+00
   37.360   0.0000E+00
   37.370   0.0000E+00
   37.380   0.0000E+00
   37.390   0.0000E+00
   37.400   0.0000E+00
   37.410   0.0000E+00
   37.420   0.0000E+00
   37.430   0.0000E+00
   37.440   0.0000E+00
   37.450   0.0000E+00
   37.460   0.0000E+00
   37.470   0.0000E+00
   37.480   0.0000E+00
   37.490   0.0000E+00
   37.500   0.0000E+00
   37.510   0.0000E+00
   37.520   0.0000E+00
   37.530   0.0000E+00
   37.540   0.0000E+00
   37.550   0.0000E+00
   37.560   0.0000E+00
   37.570   0.0000E+00
   37.580   0.0000E+00
   37.590   0.0000E+00
   37.600   0.0000E+00
   37.610   0.0000E+00
   37.620   0.0000E+00
   37.630   0.0000E+00
   37.640   0.0000E+00
   37.650   0.0000E+00
   37.660   0.0000E+00
   37.670   0.0000E+00
   37.680   0.0000E+00
   37.690   0.0000E+00
   37.700   0.0000E+00
   37.710   0.0000E+00
   37.720   0.0000E+00
   37.730   0.0000E+00
   37.740   0.0000E+00
   37.750   0.0000E+00
   37.760   0.0000E+00
   37.770   0.0000E+00
   37.780   0.0000E+00
   37.790   0.0000E+00
   37.800   0.0000E+00
   37.810   0.0000E+00
   37.820   0.0000E+00
   37.830   0.0000E+00
   37.840   0.0000E+00
   37.850   0.0000E+00
   37.860   0.0000E+00
   37.870   0.0000E+00
   37.880   0.0000E+00
   37.890   0.0000E+00
   37.900   0.0000E+00
   37.910   0.0000E+00
   37.920   0.0000E+00
   37.930   0.0000E+00
   37.940   0.0000E+00
   37.950   0.0000E+00
   37.960   0.0000E+00
   37.970   0.0000E+00
   37.980   0.0000E+00
   37.990   0.0000E+00
   38.000   0.0000E+00
   38.010   0.0000E+00
   38.020   0.0000E+00
   38.030   0.0000E+00
   38.040   0.0000E+00
   38.050   0.0000E+00
   38.060   0.0000E+00
   38.070   0.0000E+00
   38.080   0.0000E+00
   38.090   0.0000E+00
   38.100   0.0000E+00
   38.110   0.0000E+00
   38.120   0.0000E+00
   38.130   0.0000E+00
   38.140   0.0000E+00
   38.150   0.0000E+00
   38.160   0.0000E+00
   38.170   0.0000E+00
   38.180   0.0000E+00
   38.190   0.0000E+00
   38.200   0.0000E+00
   38.210   0.0000E+00
   38.220   0.0000E+00
   38.230   0.0000E+00
   38.240   0.0000E+00
   38.250   0.0000E+00
   38.260   0.0000E+00
   38.270   0.0000E+00
   38.280   0.0000E+00
   38.290   0.0000E+00
   38.300   0.0000E+00
   38.310   0.0000E+00
   38.320   0.0000E+00
   38.330   0.0000E+00
   38.340   0.0000E+00
   38.350   0.0000E+00
   38.360   0.0000E+00
   38.370   0.0000E+00
   38.380   0.0000E+00
   38.390   0.0000E+00
   38.400   0.0000E+00
   38.410   0.0000E+00
   38.420   0.0000E+00
   38.430   0.0000E+00
   38.440   0.0000E+00
   38.450   0.0000E+00
   38.460   0.0000E+00
   38.470   0.0000E+00
   38.480   0.0000E+00
   38.490   0.0000E+00
   38.500   0.0000E+00
   38.510   0.0000E+00
   38.520   0.0000E+00
   38.530   0.0000E+00
   38.540   0.0000E+00
   38.550   0.0000E+00
   38.560   0.0000E+00
   38.570   0.0000E+00
   38.580   0.0000E+00
   38.590   0.0000E+00
   38.600   0.0000E+00
   38.610   0.0000E+00
   38.620   0.0000E+00
   38.630   0.0000E+00
   38.640   0.0000E+00
   38.650   0.0000E+00
   38.660   0.0000E+00
   38.670   0.0000E+00
   38.680   0.0000E+00
   38.690   0.0000E+00
   38.700   0.0000E+00
   38.710   0.0000E+00
   38.720   0.0000E+00
   38.730   0.0000E+00
   38.740   0.0000E+00
   38.750   0.0000E+00
   38.760   0.0000E+00
   38.770   0.0000E+00
   38.780   0.0000E+00
   38.790   0.0000E+00
   38.800   0.0000E+00
   38.810   0.0000E+00
   38.820   0.0000E+00
   38.830   0.0000E+00
   38.840   0.0000E+00
   38.850   0.0000E+00
   38.860   0.0000E+00
   38.870   0.0000E+00
   38.880   0.0000E+00
   38.890   0.0000E+00
   38.900   0.0000E+00
   38.910   0.0000E+00
   38.920   0.0000E+00
   38.930   0.0000E+00
   38.940   0.0000E+00
   38.950   0.0000E+00
   38.960   0.0000E+00
   38.970   0.0000E+00
   38.980   0.0000E+00
   38.990   0.0000E+00
   39.000   0.0000E+00
   39.010   0.0000E+00
   39.020   0.0000E+00
   39.030   0.0000E+00
   39.040   0.0000E+00
   39.050   0.0000E+00
   39.060   0.0000E+00
   39.070   0.0000E+00
   39.080   0.0000E+00
   39.090   0.0000E+00
   39.100   0.0000E+00
   39.110   0.0000E+00
   39.120   0.0000E+00
   39.130   0.0000E+00
   39.140   0.0000E+00
   39.150   0.0000E+00
   39.160   0.0000E+00
   39.170   0.0000E+00
   39.180   0.0000E+00
   39.190   0.0000E+00
   39.200   0.0000E+00
   39.210   0.0000E+00
   39.220   0.0000E+00
   39.230   0.0000E+00
   39.240   0.0000E+00
   39.250   0.0000E+00
   39.260   0.0000E+00
   39.270   0.0000E+00
   39.280   0.0000E+00
   39.290   0.0000E+00
   39.300   0.0000E+00
   39.310   0.0000E+00
   39.320   0.0000E+00
   39.330   0.0000E+00
   39.340   0.0000E+00
   39.350   0.0000E+00
   39.360   0.0000E+00
   39.370   0.0000E+00
   39.380   0.0000E+00
   39.390   0.0000E+00
   39.400   0.0000E+00
   39.410   0.0000E+00
   39.420   0.0000E+00
   39.430   0.0000E+00
   39.440   0.0000E+00
   39.450   0.0000E+00
   39.460   0.0000E+00
   39.470   0.0000E+00
   39.480   0.0000E+00
   39.490   0.0000E+00
   39.500   0.0000E+00
   39.510   0.0000E+00
   39.520   0.0000E+00
   39.530   0.0000E+00
   39.540   0.0000E+00
   39.550   0.0000E+00
   39.560   0.0000E+00
   39.570   0.0000E+00
   39.580   0.0000E+00
   39.590   0.0000E+00
   39.600   0.0000E+00
   39.610   0.0000E+00
   39.620   0.0000E+00
   39.630   0.0000E+00
   39.640   0.0000E+00
   39.650   0.0000E+00
   39.660   0.0000E+00
   39.670   0.0000E+00
   39.680   0.0000E+00
   39.690   0.0000E+00
   39.700   0.0000E+00
   39.710   0.0000E+00
   39.720   0.0000E+00
   39.730   0.0000E+00
   39.740   0.0000E+00
   39.750   0.0000E+00
   39.760   0.0000E+00
   39.770   0.0000E+00
   39.780   0.0000E+00
   39.790   0.0000E+00
   39.800   0.0000E+00
   39.810   0.0000E+00
   39.820   0.0000E+00
   39.830   0.0000E+00
   39.840   0.0000E+00
   39.850   0.0000E+00
   39.860   0.0000E+00
   39.870   0.0000E+00
   39.880   0.0000E+00
   39.890   0.0000E+00
   39.900   0.0000E+00
   39.910   0.0000E+00
   39.920   0.0000E+00
   39.930   0.0000E+00
   39.940   0.0000E+00
   39.950   0.0000E+00
   39.960   0.0000E+00
   39.970   0.0000E+00
   39.980   0.0000E+00
   39.990   0.0000E+00
   40.000   0.0000E+00
   40.010   0.0000E+00
   40.020   0.0000E+00
   40.030   0.0000E+00
   40.040   0.0000E+00
   40.050   0.0000E+00
   40.060   0.0000E+00
   40.070   0.0000E+00
   40.080   0.0000E+00
   40.090   0.0000E+00
   40.100   0.0000E+00
   40.110   0.0000E+00
   40.120   0.0000E+00
   40.130   0.0000E+00
   40.140   0.0000E+00
   40.150   0.0000E+00
   40.160   0.0000E+00
   40.170   0.0000E+00
   40.180   0.0000E+00
   40.190   0.0000E+00
   40.200   0.0000E+00
   40.210   0.0000E+00
   40.220   0.0000E+00
   40.230   0.0000E+00
   40.240   0.0000E+00
   40.250   0.0000E+00
   40.260   0.0000E+00
   40.270   0.0000E+00
   40.280   0.0000E+00
   40.290   0.0000E+00
   40.300   0.0000E+00
   40.310   0.0000E+00
   40.320   0.0000E+00
   40.330   0.0000E+00
   40.340   0.0000E+00
   40.350   0.0000E+00
   40.360   0.0000E+00
   40.370   0.0000E+00
   40.380   0.0000E+00
   40.390   0.0000E+00
   40.400   0.0000E+00
   40.410   0.0000E+00
   40.420   0.0000E+00
   40.430   0.0000E+00
   40.440   0.0000E+00
   40.450   0.0000E+00
   40.460   0.0000E+00
   40.470   0.0000E+00
   40.480   0.0000E+00
   40.490   0.0000E+00
   40.500   0.0000E+00
   40.510   0.0000E+00
   40.520   0.0000E+00
   40.530   0.0000E+00
   40.540   0.0000E+00
   40.550   0.0000E+00
   40.560   0.0000E+00
   40.570   0.0000E+00
   40.580   0.0000E+00
   40.590   0.0000E+00
   40.600   0.0000E+00
   40.610   0.0000E+00
   40.620   0.0000E+00
   40.630   0.0000E+00
   40.640   0.0000E+00
   40.650   0.0000E+00
   40.660   0.0000E+00
   40.670   0.0000E+00
   40.680   0.0000E+00
   40.690   0.0000E+00
   40.700   0.0000E+00
   40.710   0.0000E+00
   40.720   0.0000E+00
   40.730   0.0000E+00
   40.740   0.0000E+00
   40.750   0.0000E+00
   40.760   0.0000E+00
   40.770   0.0000E+00
   40.780   0.0000E+00
   40.790   0.0000E+00
   40.800   0.0000E+00
   40.810   0.0000E+00
   40.820   0.0000E+00
   40.830   0.0000E+00
   40.840   0.0000E+00
   40.850   0.0000E+00
   40.860   0.0000E+00
   40.870   0.0000E+00
   40.880   0.0000E+00
   40.890   0.0000E+00
   40.900   0.0000E+00
   40.910   0.0000E+00
   40.920   0.0000E+00
   40.930   0.0000E+00
   40.940   0.0000E+00
   40.950   0.0000E+00
