**********************************************
*******  Acceleration Time Series ************
*** Site #   1
*** trial   28
Input Parameters file =  aqu_0604_z_parameters.out                                                                                               
  4096 samples
dt:  0.010 sec
data format: (1x,f8.3,1p,2x,e11.4)
maximum absolute acceleration: 385.07
fault Dis.(km)=    4.28
Hypo  Dis.(km)=   11.58
  time(s) acc(cm/s**2)
    0.000   0.0000E+00
    0.010   0.0000E+00
    0.020   0.0000E+00
    0.030   0.0000E+00
    0.040   0.0000E+00
    0.050   0.0000E+00
    0.060   0.0000E+00
    0.070   0.0000E+00
    0.080   0.0000E+00
    0.090   0.0000E+00
    0.100   0.0000E+00
    0.110   0.0000E+00
    0.120   0.0000E+00
    0.130   0.0000E+00
    0.140   0.0000E+00
    0.150   0.0000E+00
    0.160   0.0000E+00
    0.170   0.0000E+00
    0.180   0.0000E+00
    0.190   0.0000E+00
    0.200   0.0000E+00
    0.210   0.0000E+00
    0.220   0.0000E+00
    0.230   0.0000E+00
    0.240   0.0000E+00
    0.250   0.0000E+00
    0.260   0.0000E+00
    0.270   0.0000E+00
    0.280   0.0000E+00
    0.290   0.0000E+00
    0.300   0.0000E+00
    0.310   0.0000E+00
    0.320   0.0000E+00
    0.330   0.0000E+00
    0.340   0.0000E+00
    0.350   0.0000E+00
    0.360  -2.3370E-01
    0.370  -1.9774E-01
    0.380  -1.8452E-01
    0.390  -1.9086E-01
    0.400  -2.0614E-01
    0.410  -2.1810E-01
    0.420  -2.1816E-01
    0.430  -2.0351E-01
    0.440  -1.7670E-01
    0.450  -1.4372E-01
    0.460  -1.1107E-01
    0.470  -8.3792E-02
    0.480  -6.6386E-02
    0.490  -6.4394E-02
    0.500  -8.2282E-02
    0.510  -1.1799E-01
    0.520  -1.6039E-01
    0.530   1.2991E-01
    0.540   2.2438E-01
    0.550   3.3459E-01
    0.560   4.4206E-01
    0.570   5.2183E-01
    0.580   5.5657E-01
    0.590   5.4323E-01
    0.600   4.8892E-01
    0.610   4.0229E-01
    0.620   2.8757E-01
    0.630   1.4247E-01
    0.640  -4.1753E-02
    0.650  -2.7500E-01
    0.660  -5.5500E-01
    0.670  -8.5430E-01
    0.680  -9.4313E-01
    0.690  -1.0495E+00
    0.700  -1.0606E+00
    0.710  -6.6425E-01
    0.720  -5.8689E-01
    0.730  -4.6398E-01
    0.740  -3.0623E-01
    0.750  -1.2122E-01
    0.760   8.7083E-02
    0.770   3.2126E-01
    0.780   5.7913E-01
    0.790   8.4687E-01
    0.800   1.1369E+00
    0.810   1.4138E+00
    0.820   1.6267E+00
    0.830   1.7391E+00
    0.840   1.7482E+00
    0.850   1.6806E+00
    0.860   1.5716E+00
    0.870   1.4463E+00
    0.880   1.3114E+00
    0.890   1.1588E+00
    0.900   9.8041E-01
    0.910   7.7948E-01
    0.920   5.6564E-01
    0.930   3.3909E-01
    0.940   8.6844E-02
    0.950  -2.0190E-01
    0.960  -5.2167E-01
    0.970  -8.5488E-01
    0.980  -1.1806E+00
    0.990  -1.4650E+00
    1.000  -1.6678E+00
    1.010  -1.7427E+00
    1.020  -1.6822E+00
    1.030  -1.5142E+00
    1.040  -1.2691E+00
    1.050  -9.5203E-01
    1.060  -5.5480E-01
    1.070  -9.2121E-02
    1.080   3.8440E-01
    1.090   8.0556E-01
    1.100   1.1126E+00
    1.110   1.0747E+00
    1.120   1.1049E+00
    1.130   1.0597E+00
    1.140   9.9720E-01
    1.150   9.4450E-01
    1.160   8.9845E-01
    1.170   8.5200E-01
    1.180   8.0984E-01
    1.190   7.1615E-01
    1.200   5.9607E-01
    1.210   3.9464E-01
    1.220   1.1450E-01
    1.230  -1.9294E-01
    1.240  -4.6144E-01
    1.250  -6.5161E-01
    1.260  -7.6663E-01
    1.270  -8.4138E-01
    1.280  -9.2112E-01
    1.290  -1.0385E+00
    1.300  -1.1724E+00
    1.310  -1.2363E+00
    1.320  -1.2784E+00
    1.330  -1.2965E+00
    1.340  -1.3002E+00
    1.350  -1.3042E+00
    1.360  -1.3244E+00
    1.370  -1.3737E+00
    1.380  -1.4508E+00
    1.390  -1.5277E+00
    1.400  -1.5530E+00
    1.410  -1.4743E+00
    1.420  -1.0909E+00
    1.430  -7.6839E-01
    1.440  -3.3509E-01
    1.450   1.5122E-01
    1.460   6.1050E-01
    1.470   9.6287E-01
    1.480   6.8216E-01
    1.490   1.1867E+00
    1.500   1.3785E+00
    1.510   1.4385E+00
    1.520   1.3833E+00
    1.530   1.2056E+00
    1.540   9.0116E-01
    1.550   5.0276E-01
    1.560  -5.4445E-03
    1.570  -4.0629E-01
    1.580  -9.0263E-02
    1.590  -1.1547E-02
    1.600   2.7006E-01
    1.610   8.2901E-01
    1.620   1.7830E+00
    1.630   1.8199E+00
    1.640   1.6563E+00
    1.650   1.3014E+00
    1.660   3.0879E-01
    1.670  -1.6845E-01
    1.680  -7.1858E-01
    1.690  -1.3138E+00
    1.700  -1.9157E+00
    1.710  -2.4784E+00
    1.720  -2.9609E+00
    1.730  -3.7618E+00
    1.740  -3.8338E+00
    1.750  -3.5963E+00
    1.760  -3.0139E+00
    1.770  -2.3177E+00
    1.780  -1.5572E+00
    1.790  -8.3721E-01
    1.800  -2.3003E-01
    1.810   2.2442E-01
    1.820   5.0994E-01
    1.830   6.4263E-01
    1.840   6.8103E-01
    1.850   7.0330E-01
    1.860   2.1843E-01
    1.870   2.5555E-01
    1.880   2.8598E-01
    1.890   4.8237E-01
    1.900   3.6217E-01
    1.910   9.6557E-02
    1.920  -2.0989E-01
    1.930  -4.4036E-01
    1.940  -4.9258E-01
    1.950  -3.0136E-01
    1.960   6.6972E-01
    1.970   9.8376E-01
    1.980   1.4102E+00
    1.990   1.6554E+00
    2.000   1.4292E+00
    2.010   2.8296E-01
    2.020  -1.2075E-01
    2.030  -6.8960E-01
    2.040  -1.3447E+00
    2.050  -1.9863E+00
    2.060  -2.4860E+00
    2.070  -3.9964E+00
    2.080  -3.1682E+00
    2.090  -2.9555E+00
    2.100  -2.3330E+00
    2.110  -1.9027E+00
    2.120  -1.4223E+00
    2.130  -8.9495E-01
    2.140  -4.6704E-01
    2.150  -5.7692E-01
    2.160  -3.0113E-01
    2.170  -2.9954E-01
    2.180  -4.8598E-01
    2.190  -7.9678E-01
    2.200  -1.1686E+00
    2.210  -1.1145E+00
    2.220  -6.2380E-01
    2.230  -4.0346E-02
    2.240   1.1308E+00
    2.250   2.3914E+00
    2.260   3.4622E+00
    2.270   3.3181E+00
    2.280   3.1969E+00
    2.290   3.7600E+00
    2.300   2.8802E+00
    2.310   1.9181E+00
    2.320   1.1574E+00
    2.330   4.2244E-01
    2.340   3.2866E-01
    2.350  -8.4002E-04
    2.360  -8.9947E-01
    2.370  -7.3386E-01
    2.380  -1.0296E+00
    2.390  -9.5299E-01
    2.400  -1.0852E+00
    2.410  -1.1473E+00
    2.420  -1.8742E+00
    2.430  -2.3156E+00
    2.440  -3.2775E+00
    2.450  -4.3533E+00
    2.460  -5.5712E+00
    2.470  -6.5631E+00
    2.480  -7.1462E+00
    2.490  -7.2528E+00
    2.500  -6.8390E+00
    2.510  -5.8739E+00
    2.520  -4.5747E+00
    2.530  -3.0116E+00
    2.540  -1.3168E+00
    2.550   5.0931E-01
    2.560   2.7926E+00
    2.570   4.8578E+00
    2.580   6.7010E+00
    2.590   7.9676E+00
    2.600   8.4399E+00
    2.610   8.1053E+00
    2.620   7.3696E+00
    2.630   6.5599E+00
    2.640   5.8484E+00
    2.650   5.2359E+00
    2.660   4.6812E+00
    2.670   4.1351E+00
    2.680   3.5774E+00
    2.690   2.9236E+00
    2.700   2.0798E+00
    2.710   1.0571E+00
    2.720   1.2438E-02
    2.730  -8.4943E-01
    2.740  -1.5569E+00
    2.750  -1.9854E+00
    2.760  -2.3353E+00
    2.770  -2.7968E+00
    2.780  -3.1876E+00
    2.790  -3.7368E+00
    2.800  -4.2426E+00
    2.810  -4.7875E+00
    2.820  -5.2895E+00
    2.830  -6.8827E+00
    2.840  -7.2836E+00
    2.850  -7.4019E+00
    2.860  -7.2191E+00
    2.870  -6.4995E+00
    2.880  -5.4764E+00
    2.890  -4.1334E+00
    2.900  -2.3869E+00
    2.910  -7.6384E-01
    2.920   4.8635E-01
    2.930   1.2423E+00
    2.940   1.5964E+00
    2.950   1.7381E+00
    2.960   2.1253E+00
    2.970   2.0746E+00
    2.980   1.6465E+00
    2.990   9.2853E-01
    3.000   1.4434E-01
    3.010  -1.9304E-01
    3.020  -8.3180E-01
    3.030  -1.6062E+00
    3.040  -7.9401E-01
    3.050   1.4089E-01
    3.060   9.6715E-01
    3.070   1.4427E+00
    3.080   1.3461E+00
    3.090   5.8733E-01
    3.100  -6.9498E-01
    3.110  -2.1573E+00
    3.120  -3.4180E+00
    3.130  -4.2366E+00
    3.140  -4.5781E+00
    3.150  -4.5237E+00
    3.160  -4.2384E+00
    3.170  -3.8647E+00
    3.180  -3.5033E+00
    3.190  -3.1883E+00
    3.200  -2.8858E+00
    3.210  -2.5580E+00
    3.220  -2.2264E+00
    3.230  -2.1457E+00
    3.240  -2.1840E+00
    3.250  -2.2729E+00
    3.260  -2.2594E+00
    3.270  -1.8957E+00
    3.280  -9.1262E-01
    3.290   7.9303E-01
    3.300   3.0031E+00
    3.310   5.2574E+00
    3.320   7.1302E+00
    3.330   8.4759E+00
    3.340   9.1788E+00
    3.350   9.2203E+00
    3.360   9.0357E+00
    3.370   8.5988E+00
    3.380   8.1431E+00
    3.390   7.3239E+00
    3.400   6.1234E+00
    3.410   4.4598E+00
    3.420   2.5312E+00
    3.430   5.7059E-01
    3.440  -1.4070E+00
    3.450  -2.4811E+00
    3.460  -3.4194E+00
    3.470  -4.1584E+00
    3.480  -5.5089E+00
    3.490  -6.9128E+00
    3.500  -8.5650E+00
    3.510  -1.0121E+01
    3.520  -1.1347E+01
    3.530  -1.2230E+01
    3.540  -1.2790E+01
    3.550  -1.2936E+01
    3.560  -1.2706E+01
    3.570  -1.1497E+01
    3.580  -9.4556E+00
    3.590  -6.9322E+00
    3.600  -4.3798E+00
    3.610  -2.1222E+00
    3.620  -3.7920E-01
    3.630   8.7662E-01
    3.640   2.8490E+00
    3.650   3.9546E+00
    3.660   4.7026E+00
    3.670   5.0989E+00
    3.680   5.5240E+00
    3.690   5.8822E+00
    3.700   6.2530E+00
    3.710   6.6163E+00
    3.720   6.2653E+00
    3.730   6.1428E+00
    3.740   5.6293E+00
    3.750   4.6838E+00
    3.760   3.4636E+00
    3.770   2.3066E+00
    3.780   1.5453E+00
    3.790   1.0952E+00
    3.800   1.0364E+00
    3.810   1.1062E+00
    3.820   1.6315E+00
    3.830   2.6145E+00
    3.840   4.2488E+00
    3.850   6.4416E+00
    3.860   8.5591E+00
    3.870   1.0291E+01
    3.880   1.1627E+01
    3.890   1.2581E+01
    3.900   1.2980E+01
    3.910   1.2600E+01
    3.920   1.1468E+01
    3.930   9.9863E+00
    3.940   8.7050E+00
    3.950   7.9336E+00
    3.960   7.5099E+00
    3.970   6.9545E+00
    3.980   5.9314E+00
    3.990   4.3690E+00
    4.000   2.5512E+00
    4.010   5.3464E-01
    4.020  -1.6785E+00
    4.030  -3.7473E+00
    4.040  -5.2687E+00
    4.050  -5.8388E+00
    4.060  -5.4490E+00
    4.070  -4.1730E+00
    4.080  -3.0042E+00
    4.090  -2.0444E+00
    4.100  -1.6680E+00
    4.110  -1.8792E+00
    4.120  -3.2471E+00
    4.130  -6.0076E+00
    4.140  -9.8439E+00
    4.150  -1.3686E+01
    4.160  -1.6836E+01
    4.170  -1.8870E+01
    4.180  -2.0292E+01
    4.190  -2.1032E+01
    4.200  -2.1672E+01
    4.210  -2.2051E+01
    4.220  -2.2327E+01
    4.230  -2.2020E+01
    4.240  -2.1630E+01
    4.250  -2.0360E+01
    4.260  -1.7908E+01
    4.270  -1.4878E+01
    4.280  -1.1983E+01
    4.290  -9.9099E+00
    4.300  -8.9290E+00
    4.310  -8.2804E+00
    4.320  -7.3520E+00
    4.330  -5.6052E+00
    4.340  -2.8271E+00
    4.350   8.6922E-01
    4.360   5.2199E+00
    4.370   9.9090E+00
    4.380   1.4519E+01
    4.390   1.8481E+01
    4.400   2.1408E+01
    4.410   2.2970E+01
    4.420   2.2518E+01
    4.430   2.1197E+01
    4.440   1.8913E+01
    4.450   1.6277E+01
    4.460   1.3873E+01
    4.470   1.1671E+01
    4.480   9.8013E+00
    4.490   8.4369E+00
    4.500   7.7377E+00
    4.510   7.6603E+00
    4.520   7.9736E+00
    4.530   8.3121E+00
    4.540   8.3800E+00
    4.550   7.7927E+00
    4.560   6.4457E+00
    4.570   4.5352E+00
    4.580   2.2275E+00
    4.590  -4.7045E-01
    4.600  -4.0675E+00
    4.610  -7.9822E+00
    4.620  -1.1895E+01
    4.630  -1.5367E+01
    4.640  -1.8140E+01
    4.650  -2.0002E+01
    4.660  -2.0789E+01
    4.670  -2.0818E+01
    4.680  -2.0731E+01
    4.690  -2.1115E+01
    4.700  -2.2048E+01
    4.710  -2.3253E+01
    4.720  -2.3478E+01
    4.730  -2.4328E+01
    4.740  -2.4095E+01
    4.750  -2.3910E+01
    4.760  -2.3239E+01
    4.770  -2.1758E+01
    4.780  -1.9361E+01
    4.790  -1.6493E+01
    4.800  -1.3352E+01
    4.810  -1.0170E+01
    4.820  -6.4592E+00
    4.830  -1.8372E+00
    4.840   3.7514E+00
    4.850   1.0028E+01
    4.860   1.7322E+01
    4.870   2.5345E+01
    4.880   3.2704E+01
    4.890   3.7374E+01
    4.900   3.8332E+01
    4.910   3.5993E+01
    4.920   3.1164E+01
    4.930   2.4121E+01
    4.940   1.5338E+01
    4.950   6.5534E+00
    4.960   2.9842E-01
    4.970  -1.8103E+00
    4.980  -3.4313E-01
    4.990   2.7456E+00
    5.000   5.5896E+00
    5.010   7.4617E+00
    5.020   8.8480E+00
    5.030   1.0698E+01
    5.040   1.3341E+01
    5.050   1.6056E+01
    5.060   1.7747E+01
    5.070   1.7950E+01
    5.080   1.6939E+01
    5.090   1.4794E+01
    5.100   1.1964E+01
    5.110   8.1326E+00
    5.120   4.2278E+00
    5.130   2.1198E+00
    5.140   3.3091E+00
    5.150   7.9675E+00
    5.160   1.4407E+01
    5.170   1.9780E+01
    5.180   2.2017E+01
    5.190   2.0853E+01
    5.200   1.7616E+01
    5.210   1.3768E+01
    5.220   9.6032E+00
    5.230   4.4172E+00
    5.240  -2.6074E+00
    5.250  -1.1543E+01
    5.260  -2.0904E+01
    5.270  -2.8811E+01
    5.280  -3.4118E+01
    5.290  -3.6660E+01
    5.300  -3.6765E+01
    5.310  -3.4648E+01
    5.320  -3.0288E+01
    5.330  -2.4332E+01
    5.340  -1.8768E+01
    5.350  -1.5308E+01
    5.360  -1.4574E+01
    5.370  -1.5632E+01
    5.380  -1.6826E+01
    5.390  -1.6511E+01
    5.400  -1.2631E+01
    5.410  -4.6182E+00
    5.420   5.5501E+00
    5.430   1.4574E+01
    5.440   2.3364E+01
    5.450   3.1874E+01
    5.460   4.0062E+01
    5.470   4.8838E+01
    5.480   5.7913E+01
    5.490   6.4995E+01
    5.500   6.8035E+01
    5.510   6.6306E+01
    5.520   6.1406E+01
    5.530   5.5341E+01
    5.540   5.0077E+01
    5.550   4.7746E+01
    5.560   4.7450E+01
    5.570   4.6514E+01
    5.580   4.4589E+01
    5.590   4.3808E+01
    5.600   4.2855E+01
    5.610   3.9512E+01
    5.620   3.4298E+01
    5.630   2.6733E+01
    5.640   1.5769E+01
    5.650   4.0424E+00
    5.660  -5.4400E+00
    5.670  -1.3134E+01
    5.680  -2.1029E+01
    5.690  -2.9690E+01
    5.700  -4.1207E+01
    5.710  -5.7821E+01
    5.720  -7.9170E+01
    5.730  -1.0171E+02
    5.740  -1.1619E+02
    5.750  -1.1619E+02
    5.760  -1.0309E+02
    5.770  -8.5218E+01
    5.780  -6.7041E+01
    5.790  -4.6533E+01
    5.800  -2.4476E+01
    5.810  -7.1070E+00
    5.820  -6.5464E-01
    5.830  -5.7991E+00
    5.840  -1.8863E+01
    5.850  -3.2869E+01
    5.860  -4.1423E+01
    5.870  -4.4588E+01
    5.880  -4.7343E+01
    5.890  -5.2877E+01
    5.900  -5.9974E+01
    5.910  -6.1945E+01
    5.920  -5.7229E+01
    5.930  -4.8217E+01
    5.940  -3.7230E+01
    5.950  -2.5589E+01
    5.960  -1.2100E+01
    5.970   1.7704E-01
    5.980   8.0854E+00
    5.990   8.1844E+00
    6.000  -1.1724E+00
    6.010  -1.7696E+01
    6.020  -3.3769E+01
    6.030  -4.2309E+01
    6.040  -4.5057E+01
    6.050  -4.8064E+01
    6.060  -5.5354E+01
    6.070  -6.5702E+01
    6.080  -7.2632E+01
    6.090  -6.8861E+01
    6.100  -5.3920E+01
    6.110  -3.1418E+01
    6.120  -4.8838E+00
    6.130   2.1186E+01
    6.140   4.3883E+01
    6.150   6.0130E+01
    6.160   6.6637E+01
    6.170   6.3661E+01
    6.180   5.6658E+01
    6.190   5.3006E+01
    6.200   5.3257E+01
    6.210   5.7096E+01
    6.220   6.2633E+01
    6.230   6.3436E+01
    6.240   5.8847E+01
    6.250   5.0973E+01
    6.260   4.1463E+01
    6.270   3.4639E+01
    6.280   3.1609E+01
    6.290   2.6929E+01
    6.300   1.5909E+01
    6.310   2.1556E+00
    6.320  -7.8816E+00
    6.330  -1.3002E+01
    6.340  -1.6747E+01
    6.350  -1.9980E+01
    6.360  -1.9499E+01
    6.370  -1.4082E+01
    6.380  -8.7314E+00
    6.390  -1.1193E+01
    6.400  -2.4979E+01
    6.410  -4.5185E+01
    6.420  -6.6911E+01
    6.430  -8.7698E+01
    6.440  -1.0753E+02
    6.450  -1.2530E+02
    6.460  -1.2981E+02
    6.470  -1.1546E+02
    6.480  -8.3441E+01
    6.490  -4.1327E+01
    6.500  -4.7471E+00
    6.510   1.3442E+01
    6.520   1.4201E+01
    6.530   9.5650E+00
    6.540   8.6443E+00
    6.550   1.4102E+01
    6.560   2.8770E+01
    6.570   5.5339E+01
    6.580   9.0328E+01
    6.590   1.2255E+02
    6.600   1.4033E+02
    6.610   1.3686E+02
    6.620   1.1785E+02
    6.630   9.4545E+01
    6.640   6.9787E+01
    6.650   4.3529E+01
    6.660   1.7875E+01
    6.670  -1.5723E+00
    6.680  -1.2525E+01
    6.690  -1.3532E+01
    6.700  -8.2709E+00
    6.710  -1.5439E+00
    6.720   9.3722E+00
    6.730   2.7862E+01
    6.740   5.4022E+01
    6.750   8.2274E+01
    6.760   1.0254E+02
    6.770   1.1303E+02
    6.780   1.1409E+02
    6.790   1.0217E+02
    6.800   8.4728E+01
    6.810   7.1753E+01
    6.820   6.6038E+01
    6.830   7.0538E+01
    6.840   9.2233E+01
    6.850   1.2601E+02
    6.860   1.5891E+02
    6.870   1.7820E+02
    6.880   1.7212E+02
    6.890   1.4911E+02
    6.900   1.2622E+02
    6.910   1.0942E+02
    6.920   1.0038E+02
    6.930   9.6159E+01
    6.940   8.6024E+01
    6.950   6.2200E+01
    6.960   2.6586E+01
    6.970  -4.6520E+00
    6.980  -2.0729E+01
    6.990  -2.6329E+01
    7.000  -3.3442E+01
    7.010  -5.7168E+01
    7.020  -8.9450E+01
    7.030  -1.0947E+02
    7.040  -1.1043E+02
    7.050  -9.9693E+01
    7.060  -8.3780E+01
    7.070  -7.4964E+01
    7.080  -7.7442E+01
    7.090  -7.8719E+01
    7.100  -7.5658E+01
    7.110  -6.5966E+01
    7.120  -5.5099E+01
    7.130  -5.3091E+01
    7.140  -5.5928E+01
    7.150  -4.5513E+01
    7.160  -1.5022E+01
    7.170   1.9584E+01
    7.180   3.8361E+01
    7.190   3.0376E+01
    7.200   2.6221E+00
    7.210  -3.2232E+01
    7.220  -6.9580E+01
    7.230  -9.3687E+01
    7.240  -8.3383E+01
    7.250  -3.1289E+01
    7.260   5.2053E+01
    7.270   1.4057E+02
    7.280   2.1592E+02
    7.290   2.8044E+02
    7.300   3.3797E+02
    7.310   3.7888E+02
    7.320   3.8507E+02
    7.330   3.4310E+02
    7.340   2.7185E+02
    7.350   2.0515E+02
    7.360   1.5435E+02
    7.370   1.1152E+02
    7.380   6.0720E+01
    7.390  -2.6124E+00
    7.400  -5.2978E+01
    7.410  -6.9810E+01
    7.420  -7.5184E+01
    7.430  -9.0404E+01
    7.440  -1.1248E+02
    7.450  -1.3505E+02
    7.460  -1.5151E+02
    7.470  -1.5675E+02
    7.480  -1.5850E+02
    7.490  -1.5540E+02
    7.500  -1.4576E+02
    7.510  -1.2996E+02
    7.520  -1.0409E+02
    7.530  -7.4162E+01
    7.540  -6.2416E+01
    7.550  -8.6055E+01
    7.560  -1.2608E+02
    7.570  -1.5432E+02
    7.580  -1.5702E+02
    7.590  -1.4281E+02
    7.600  -1.4286E+02
    7.610  -1.4803E+02
    7.620  -1.2335E+02
    7.630  -4.9716E+01
    7.640   5.0583E+01
    7.650   1.2840E+02
    7.660   1.5681E+02
    7.670   1.3613E+02
    7.680   8.9461E+01
    7.690   4.2592E+01
    7.700  -2.4243E+00
    7.710  -3.7347E+01
    7.720  -3.5329E+01
    7.730   8.1732E+00
    7.740   6.5986E+01
    7.750   1.0187E+02
    7.760   1.0446E+02
    7.770   8.2136E+01
    7.780   4.0479E+01
    7.790  -1.0241E+01
    7.800  -5.8371E+01
    7.810  -9.8047E+01
    7.820  -1.2212E+02
    7.830  -1.3383E+02
    7.840  -1.4882E+02
    7.850  -1.6689E+02
    7.860  -1.7375E+02
    7.870  -1.5755E+02
    7.880  -1.0929E+02
    7.890  -3.4342E+01
    7.900   3.9960E+01
    7.910   8.9374E+01
    7.920   1.1385E+02
    7.930   1.2070E+02
    7.940   1.2066E+02
    7.950   1.1395E+02
    7.960   9.7874E+01
    7.970   7.0908E+01
    7.980   4.6102E+01
    7.990   3.7687E+01
    8.000   3.4432E+01
    8.010   1.4835E+01
    8.020  -2.8167E+01
    8.030  -8.0487E+01
    8.040  -1.2316E+02
    8.050  -1.4875E+02
    8.060  -1.5220E+02
    8.070  -1.2845E+02
    8.080  -9.4134E+01
    8.090  -7.7404E+01
    8.100  -8.3877E+01
    8.110  -1.0687E+02
    8.120  -1.3075E+02
    8.130  -1.4407E+02
    8.140  -1.5264E+02
    8.150  -1.7033E+02
    8.160  -2.0500E+02
    8.170  -2.3789E+02
    8.180  -2.4507E+02
    8.190  -2.2948E+02
    8.200  -2.1066E+02
    8.210  -1.9830E+02
    8.220  -1.6826E+02
    8.230  -9.8618E+01
    8.240  -8.9948E+00
    8.250   5.6955E+01
    8.260   7.8066E+01
    8.270   6.1599E+01
    8.280   3.6443E+01
    8.290   2.6914E+01
    8.300   2.1099E+01
    8.310   1.0249E+01
    8.320   7.8953E+00
    8.330   2.3197E+01
    8.340   5.3662E+01
    8.350   9.3093E+01
    8.360   1.1486E+02
    8.370   9.9478E+01
    8.380   5.1027E+01
    8.390  -4.4807E+00
    8.400  -3.4301E+01
    8.410  -3.5053E+01
    8.420  -2.3424E+01
    8.430  -5.9065E+00
    8.440   1.9472E+01
    8.450   6.2464E+01
    8.460   1.1709E+02
    8.470   1.5021E+02
    8.480   1.3351E+02
    8.490   8.3082E+01
    8.500   3.7814E+01
    8.510   2.8958E+01
    8.520   5.5827E+01
    8.530   9.9947E+01
    8.540   1.3348E+02
    8.550   1.3539E+02
    8.560   1.0879E+02
    8.570   5.4070E+01
    8.580  -2.3875E+01
    8.590  -9.7182E+01
    8.600  -1.4496E+02
    8.610  -1.6056E+02
    8.620  -1.4540E+02
    8.630  -1.1355E+02
    8.640  -8.3028E+01
    8.650  -5.5640E+01
    8.660  -2.7427E+01
    8.670  -2.3273E+00
    8.680   2.6473E+01
    8.690   6.5562E+01
    8.700   1.1818E+02
    8.710   1.6430E+02
    8.720   1.7498E+02
    8.730   1.5538E+02
    8.740   1.1800E+02
    8.750   7.5191E+01
    8.760   2.4395E+01
    8.770  -3.8804E+01
    8.780  -1.0533E+02
    8.790  -1.7147E+02
    8.800  -2.2570E+02
    8.810  -2.4082E+02
    8.820  -2.2010E+02
    8.830  -1.9736E+02
    8.840  -1.9791E+02
    8.850  -2.2302E+02
    8.860  -2.4503E+02
    8.870  -2.3358E+02
    8.880  -1.9559E+02
    8.890  -1.5132E+02
    8.900  -1.0721E+02
    8.910  -6.6546E+01
    8.920  -3.5334E+01
    8.930  -2.0814E+01
    8.940  -1.8365E+01
    8.950  -8.8573E+00
    8.960   1.7978E+01
    8.970   4.1250E+01
    8.980   3.9983E+01
    8.990   2.2127E+01
    9.000   2.4817E+01
    9.010   6.5550E+01
    9.020   1.3365E+02
    9.030   1.9723E+02
    9.040   2.3812E+02
    9.050   2.5886E+02
    9.060   2.5167E+02
    9.070   1.9343E+02
    9.080   8.9768E+01
    9.090  -3.4907E+01
    9.100  -1.5013E+02
    9.110  -2.1686E+02
    9.120  -2.3149E+02
    9.130  -2.2508E+02
    9.140  -2.0806E+02
    9.150  -1.6552E+02
    9.160  -1.0132E+02
    9.170  -3.6320E+01
    9.180   1.5902E+01
    9.190   5.5057E+01
    9.200   9.3143E+01
    9.210   1.4582E+02
    9.220   2.0440E+02
    9.230   2.4510E+02
    9.240   2.6096E+02
    9.250   2.6382E+02
    9.260   2.6974E+02
    9.270   2.8059E+02
    9.280   2.8170E+02
    9.290   2.6980E+02
    9.300   2.4209E+02
    9.310   1.9163E+02
    9.320   1.3991E+02
    9.330   1.0198E+02
    9.340   5.7159E+01
    9.350  -1.4447E+01
    9.360  -1.0042E+02
    9.370  -1.7855E+02
    9.380  -2.4246E+02
    9.390  -2.8768E+02
    9.400  -3.0210E+02
    9.410  -2.8399E+02
    9.420  -2.4158E+02
    9.430  -1.8856E+02
    9.440  -1.4761E+02
    9.450  -1.3164E+02
    9.460  -1.2558E+02
    9.470  -1.0512E+02
    9.480  -5.5866E+01
    9.490   1.9035E+01
    9.500   1.0354E+02
    9.510   1.8835E+02
    9.520   2.5767E+02
    9.530   2.9363E+02
    9.540   2.8531E+02
    9.550   2.3274E+02
    9.560   1.5075E+02
    9.570   6.2994E+01
    9.580  -7.4401E+00
    9.590  -4.1752E+01
    9.600  -4.0250E+01
    9.610  -2.4619E+01
    9.620  -1.0378E+01
    9.630  -3.0694E+00
    9.640  -5.1860E+00
    9.650  -1.8606E+01
    9.660  -5.2756E+01
    9.670  -9.2436E+01
    9.680  -1.0646E+02
    9.690  -9.6946E+01
    9.700  -7.2182E+01
    9.710  -4.8751E+01
    9.720  -3.7545E+01
    9.730  -2.6158E+01
    9.740  -1.1121E+01
    9.750  -2.2581E-01
    9.760   1.1988E+01
    9.770   3.1910E+01
    9.780   4.4873E+01
    9.790   3.8614E+01
    9.800   3.4930E+01
    9.810   5.6261E+01
    9.820   1.0273E+02
    9.830   1.6103E+02
    9.840   2.0652E+02
    9.850   2.2521E+02
    9.860   2.2040E+02
    9.870   1.9199E+02
    9.880   1.5166E+02
    9.890   1.1789E+02
    9.900   1.0517E+02
    9.910   1.2360E+02
    9.920   1.6651E+02
    9.930   2.1522E+02
    9.940   2.6788E+02
    9.950   3.1104E+02
    9.960   3.1312E+02
    9.970   2.7201E+02
    9.980   2.1058E+02
    9.990   1.4953E+02
   10.000   1.0502E+02
   10.010   8.3592E+01
   10.020   8.0548E+01
   10.030   8.4819E+01
   10.040   7.9678E+01
   10.050   5.5745E+01
   10.060   2.0277E+01
   10.070  -1.4188E+01
   10.080  -4.3636E+01
   10.090  -7.0570E+01
   10.100  -9.1228E+01
   10.110  -9.5426E+01
   10.120  -8.1042E+01
   10.130  -5.9404E+01
   10.140  -3.9740E+01
   10.150  -2.2547E+01
   10.160  -1.2461E+01
   10.170  -2.4728E+01
   10.180  -5.1991E+01
   10.190  -7.1217E+01
   10.200  -6.9704E+01
   10.210  -4.5112E+01
   10.220  -8.4476E+00
   10.230   2.8255E+01
   10.240   6.1029E+01
   10.250   8.3096E+01
   10.260   9.7210E+01
   10.270   1.0837E+02
   10.280   1.1320E+02
   10.290   1.0931E+02
   10.300   1.0154E+02
   10.310   8.8655E+01
   10.320   6.2035E+01
   10.330   1.3877E+01
   10.340  -4.7378E+01
   10.350  -1.0425E+02
   10.360  -1.4359E+02
   10.370  -1.6117E+02
   10.380  -1.6260E+02
   10.390  -1.4788E+02
   10.400  -1.2025E+02
   10.410  -9.6469E+01
   10.420  -8.4831E+01
   10.430  -8.3480E+01
   10.440  -9.5323E+01
   10.450  -1.1700E+02
   10.460  -1.4404E+02
   10.470  -1.7178E+02
   10.480  -1.8360E+02
   10.490  -1.6740E+02
   10.500  -1.2584E+02
   10.510  -7.3592E+01
   10.520  -2.2771E+01
   10.530   1.8585E+01
   10.540   4.3641E+01
   10.550   6.0033E+01
   10.560   7.7682E+01
   10.570   8.9285E+01
   10.580   8.2610E+01
   10.590   5.8133E+01
   10.600   3.5045E+01
   10.610   2.4734E+01
   10.620   1.8091E+01
   10.630   1.1853E+01
   10.640   1.5231E+01
   10.650   2.3289E+01
   10.660   1.9636E+01
   10.670  -6.5825E+00
   10.680  -4.2853E+01
   10.690  -7.3378E+01
   10.700  -8.5344E+01
   10.710  -7.6081E+01
   10.720  -6.3704E+01
   10.730  -5.9141E+01
   10.740  -6.0113E+01
   10.750  -6.4922E+01
   10.760  -8.2022E+01
   10.770  -1.0968E+02
   10.780  -1.3271E+02
   10.790  -1.4702E+02
   10.800  -1.5189E+02
   10.810  -1.4273E+02
   10.820  -1.1859E+02
   10.830  -8.8275E+01
   10.840  -5.8027E+01
   10.850  -3.2121E+01
   10.860  -1.8940E+01
   10.870  -1.5694E+01
   10.880  -3.3853E+00
   10.890   2.1070E+01
   10.900   4.1219E+01
   10.910   4.5368E+01
   10.920   3.3432E+01
   10.930   1.4014E+01
   10.940  -3.7884E+00
   10.950  -2.3354E+01
   10.960  -4.8104E+01
   10.970  -7.4416E+01
   10.980  -9.1904E+01
   10.990  -9.4598E+01
   11.000  -8.8634E+01
   11.010  -8.6111E+01
   11.020  -9.3210E+01
   11.030  -1.0163E+02
   11.040  -1.1029E+02
   11.050  -1.2063E+02
   11.060  -1.3745E+02
   11.070  -1.6843E+02
   11.080  -2.1317E+02
   11.090  -2.6469E+02
   11.100  -3.0550E+02
   11.110  -3.2077E+02
   11.120  -3.1165E+02
   11.130  -2.9079E+02
   11.140  -2.6340E+02
   11.150  -2.2970E+02
   11.160  -1.9343E+02
   11.170  -1.5392E+02
   11.180  -1.1560E+02
   11.190  -8.2195E+01
   11.200  -5.0831E+01
   11.210  -2.2495E+01
   11.220   1.4175E+00
   11.230   2.4553E+01
   11.240   5.0019E+01
   11.250   7.7754E+01
   11.260   9.5312E+01
   11.270   1.0426E+02
   11.280   1.1447E+02
   11.290   1.2395E+02
   11.300   1.2962E+02
   11.310   1.3744E+02
   11.320   1.4850E+02
   11.330   1.4744E+02
   11.340   1.2587E+02
   11.350   8.7547E+01
   11.360   4.2224E+01
   11.370   5.2882E+00
   11.380  -1.7616E+01
   11.390  -2.6239E+01
   11.400  -1.8306E+01
   11.410  -3.4727E+00
   11.420   1.2968E+01
   11.430   3.2437E+01
   11.440   5.0943E+01
   11.450   6.1684E+01
   11.460   6.7181E+01
   11.470   7.2683E+01
   11.480   7.9560E+01
   11.490   8.6964E+01
   11.500   8.6259E+01
   11.510   7.0089E+01
   11.520   4.9325E+01
   11.530   3.3242E+01
   11.540   2.1133E+01
   11.550   3.2795E+00
   11.560  -2.7292E+01
   11.570  -6.2854E+01
   11.580  -8.8926E+01
   11.590  -9.3058E+01
   11.600  -7.3193E+01
   11.610  -3.6001E+01
   11.620   1.1455E+01
   11.630   5.9066E+01
   11.640   9.2465E+01
   11.650   1.0446E+02
   11.660   1.0577E+02
   11.670   1.0955E+02
   11.680   1.1418E+02
   11.690   1.1160E+02
   11.700   1.0629E+02
   11.710   1.0502E+02
   11.720   1.0614E+02
   11.730   1.0410E+02
   11.740   9.0027E+01
   11.750   6.4042E+01
   11.760   3.9874E+01
   11.770   2.2884E+01
   11.780   9.3172E+00
   11.790  -2.1440E+00
   11.800  -5.4137E+00
   11.810   3.7085E+00
   11.820   1.8861E+01
   11.830   2.7171E+01
   11.840   2.3627E+01
   11.850   1.4650E+01
   11.860   6.6115E+00
   11.870   4.4827E+00
   11.880  -2.6254E+00
   11.890  -2.0227E+01
   11.900  -4.2155E+01
   11.910  -5.7247E+01
   11.920  -4.8006E+01
   11.930  -1.0429E+01
   11.940   3.2157E+01
   11.950   5.1792E+01
   11.960   4.4869E+01
   11.970   2.5618E+01
   11.980   7.3361E+00
   11.990  -1.1105E+00
   12.000   5.6560E+00
   12.010   2.4018E+01
   12.020   4.6201E+01
   12.030   6.5693E+01
   12.040   7.9730E+01
   12.050   8.7099E+01
   12.060   9.2889E+01
   12.070   1.0117E+02
   12.080   1.0814E+02
   12.090   1.0149E+02
   12.100   7.5811E+01
   12.110   4.0613E+01
   12.120   8.7703E+00
   12.130  -2.0176E+01
   12.140  -4.5710E+01
   12.150  -5.7808E+01
   12.160  -5.5118E+01
   12.170  -4.4715E+01
   12.180  -3.1505E+01
   12.190  -1.3685E+01
   12.200   5.5914E+00
   12.210   1.7284E+01
   12.220   2.0673E+01
   12.230   1.9642E+01
   12.240   1.6682E+01
   12.250   8.6685E+00
   12.260  -4.2137E+00
   12.270  -1.5164E+01
   12.280  -2.4103E+01
   12.290  -3.1981E+01
   12.300  -3.7559E+01
   12.310  -4.3510E+01
   12.320  -5.1308E+01
   12.330  -5.4253E+01
   12.340  -5.3335E+01
   12.350  -5.2638E+01
   12.360  -5.2279E+01
   12.370  -5.1909E+01
   12.380  -4.9883E+01
   12.390  -4.3509E+01
   12.400  -3.2632E+01
   12.410  -1.4400E+01
   12.420   1.3392E+01
   12.430   4.2655E+01
   12.440   6.5147E+01
   12.450   8.1595E+01
   12.460   8.8951E+01
   12.470   8.3335E+01
   12.480   6.9612E+01
   12.490   5.8882E+01
   12.500   5.7031E+01
   12.510   6.2768E+01
   12.520   6.9305E+01
   12.530   7.3700E+01
   12.540   7.7089E+01
   12.550   8.0394E+01
   12.560   8.3640E+01
   12.570   8.5179E+01
   12.580   8.5146E+01
   12.590   8.4190E+01
   12.600   8.0213E+01
   12.610   6.6050E+01
   12.620   4.1541E+01
   12.630   1.6875E+01
   12.640  -2.8210E+00
   12.650  -1.6490E+01
   12.660  -2.6994E+01
   12.670  -3.6353E+01
   12.680  -3.6651E+01
   12.690  -2.3644E+01
   12.700  -2.8748E+00
   12.710   2.2105E+01
   12.720   4.4170E+01
   12.730   5.4552E+01
   12.740   5.6292E+01
   12.750   5.5093E+01
   12.760   4.3484E+01
   12.770   1.6393E+01
   12.780  -1.6657E+01
   12.790  -4.1560E+01
   12.800  -4.9542E+01
   12.810  -4.2925E+01
   12.820  -2.8572E+01
   12.830  -1.2215E+01
   12.840   2.0455E+00
   12.850   1.3930E+01
   12.860   2.2208E+01
   12.870   1.9355E+01
   12.880   6.8417E-01
   12.890  -2.9014E+01
   12.900  -6.3483E+01
   12.910  -9.7841E+01
   12.920  -1.2540E+02
   12.930  -1.3864E+02
   12.940  -1.3391E+02
   12.950  -1.1432E+02
   12.960  -8.3187E+01
   12.970  -4.2343E+01
   12.980   6.0318E-01
   12.990   3.2665E+01
   13.000   4.4918E+01
   13.010   3.6541E+01
   13.020   1.7577E+01
   13.030   2.8266E+00
   13.040  -4.0106E+00
   13.050  -8.2413E+00
   13.060  -1.3595E+01
   13.070  -1.7694E+01
   13.080  -1.7806E+01
   13.090  -1.0007E+01
   13.100   8.3617E+00
   13.110   3.1202E+01
   13.120   4.9609E+01
   13.130   6.0296E+01
   13.140   6.7877E+01
   13.150   7.7844E+01
   13.160   8.9211E+01
   13.170   9.5639E+01
   13.180   9.5608E+01
   13.190   9.2281E+01
   13.200   8.5952E+01
   13.210   7.7196E+01
   13.220   6.7800E+01
   13.230   5.5815E+01
   13.240   3.7566E+01
   13.250   1.3986E+01
   13.260  -1.0407E+01
   13.270  -3.3293E+01
   13.280  -5.5006E+01
   13.290  -7.6715E+01
   13.300  -9.9242E+01
   13.310  -1.2088E+02
   13.320  -1.3534E+02
   13.330  -1.3700E+02
   13.340  -1.2719E+02
   13.350  -1.1287E+02
   13.360  -9.9409E+01
   13.370  -8.5065E+01
   13.380  -6.9142E+01
   13.390  -5.4036E+01
   13.400  -3.9051E+01
   13.410  -2.5905E+01
   13.420  -1.9897E+01
   13.430  -2.4680E+01
   13.440  -3.6755E+01
   13.450  -4.5705E+01
   13.460  -4.3818E+01
   13.470  -3.5693E+01
   13.480  -3.3302E+01
   13.490  -3.8579E+01
   13.500  -4.2582E+01
   13.510  -3.9114E+01
   13.520  -3.3298E+01
   13.530  -3.0202E+01
   13.540  -2.7460E+01
   13.550  -2.4719E+01
   13.560  -2.4738E+01
   13.570  -2.8850E+01
   13.580  -3.4668E+01
   13.590  -3.5459E+01
   13.600  -2.6887E+01
   13.610  -1.2167E+01
   13.620   4.1131E+00
   13.630   1.9146E+01
   13.640   3.0768E+01
   13.650   3.4817E+01
   13.660   3.0308E+01
   13.670   2.0360E+01
   13.680   8.9659E+00
   13.690  -1.0035E+00
   13.700  -9.6719E+00
   13.710  -1.5625E+01
   13.720  -1.7850E+01
   13.730  -1.4340E+01
   13.740  -2.2524E+00
   13.750   1.4964E+01
   13.760   3.3301E+01
   13.770   4.8702E+01
   13.780   5.8452E+01
   13.790   6.2858E+01
   13.800   6.1283E+01
   13.810   5.2962E+01
   13.820   3.9155E+01
   13.830   2.3435E+01
   13.840   9.7153E+00
   13.850   1.7547E+00
   13.860   1.1476E+00
   13.870   2.1434E+00
   13.880  -1.8578E+00
   13.890  -1.0630E+01
   13.900  -2.1282E+01
   13.910  -2.9450E+01
   13.920  -3.0901E+01
   13.930  -2.5906E+01
   13.940  -1.8325E+01
   13.950  -1.3616E+01
   13.960  -1.3792E+01
   13.970  -1.6591E+01
   13.980  -2.1248E+01
   13.990  -2.8368E+01
   14.000  -3.7116E+01
   14.010  -4.7610E+01
   14.020  -5.7519E+01
   14.030  -6.3513E+01
   14.040  -6.3861E+01
   14.050  -6.0386E+01
   14.060  -5.6568E+01
   14.070  -5.2729E+01
   14.080  -4.6983E+01
   14.090  -3.7502E+01
   14.100  -2.2079E+01
   14.110  -2.9986E+00
   14.120   1.4523E+01
   14.130   2.8756E+01
   14.140   4.0778E+01
   14.150   5.2348E+01
   14.160   6.2651E+01
   14.170   7.0543E+01
   14.180   7.7473E+01
   14.190   8.1503E+01
   14.200   8.0466E+01
   14.210   7.5502E+01
   14.220   6.7497E+01
   14.230   5.5858E+01
   14.240   4.2724E+01
   14.250   2.8677E+01
   14.260   1.3521E+01
   14.270   8.8729E-01
   14.280  -4.1011E+00
   14.290  -9.5212E-01
   14.300   4.9645E+00
   14.310   8.8678E+00
   14.320   1.0984E+01
   14.330   1.4216E+01
   14.340   1.9346E+01
   14.350   2.3190E+01
   14.360   2.2664E+01
   14.370   1.9732E+01
   14.380   1.8599E+01
   14.390   2.0967E+01
   14.400   2.5637E+01
   14.410   2.9258E+01
   14.420   3.0317E+01
   14.430   3.0895E+01
   14.440   3.2444E+01
   14.450   3.4133E+01
   14.460   3.3679E+01
   14.470   2.9414E+01
   14.480   2.1875E+01
   14.490   1.2946E+01
   14.500   5.8348E+00
   14.510   2.1987E+00
   14.520   1.4947E+00
   14.530   3.2111E+00
   14.540   6.9301E+00
   14.550   1.2042E+01
   14.560   1.7705E+01
   14.570   2.0902E+01
   14.580   1.9460E+01
   14.590   1.3083E+01
   14.600   1.6617E+00
   14.610  -1.1433E+01
   14.620  -2.2233E+01
   14.630  -2.9695E+01
   14.640  -3.3371E+01
   14.650  -3.2445E+01
   14.660  -2.7190E+01
   14.670  -1.9163E+01
   14.680  -9.9249E+00
   14.690  -2.0545E+00
   14.700   1.7992E+00
   14.710   2.5568E+00
   14.720   4.3545E+00
   14.730   9.2609E+00
   14.740   1.3638E+01
   14.750   1.1752E+01
   14.760   3.1775E+00
   14.770  -7.2081E+00
   14.780  -1.5769E+01
   14.790  -2.1566E+01
   14.800  -2.4678E+01
   14.810  -2.2578E+01
   14.820  -1.4825E+01
   14.830  -4.9866E+00
   14.840   5.5052E+00
   14.850   1.5980E+01
   14.860   2.6043E+01
   14.870   3.3766E+01
   14.880   3.7879E+01
   14.890   3.9096E+01
   14.900   3.8206E+01
   14.910   3.5497E+01
   14.920   2.9681E+01
   14.930   2.1614E+01
   14.940   1.4531E+01
   14.950   8.5470E+00
   14.960   2.4005E+00
   14.970  -3.9443E+00
   14.980  -1.0127E+01
   14.990  -1.6061E+01
   15.000  -2.2562E+01
   15.010  -3.0000E+01
   15.020  -3.7271E+01
   15.030  -4.2610E+01
   15.040  -4.4206E+01
   15.050  -4.2053E+01
   15.060  -3.7987E+01
   15.070  -3.3985E+01
   15.080  -3.1011E+01
   15.090  -2.9236E+01
   15.100  -2.7528E+01
   15.110  -2.4840E+01
   15.120  -2.1263E+01
   15.130  -1.8309E+01
   15.140  -1.8163E+01
   15.150  -2.0748E+01
   15.160  -2.3623E+01
   15.170  -2.4701E+01
   15.180  -2.3423E+01
   15.190  -2.1234E+01
   15.200  -2.0351E+01
   15.210  -2.1065E+01
   15.220  -2.2356E+01
   15.230  -2.3014E+01
   15.240  -2.2351E+01
   15.250  -2.0562E+01
   15.260  -1.7812E+01
   15.270  -1.4121E+01
   15.280  -9.5385E+00
   15.290  -3.9060E+00
   15.300   2.5003E+00
   15.310   9.3736E+00
   15.320   1.5806E+01
   15.330   2.0371E+01
   15.340   2.3013E+01
   15.350   2.3840E+01
   15.360   2.2890E+01
   15.370   2.0387E+01
   15.380   1.6660E+01
   15.390   1.2010E+01
   15.400   7.7508E+00
   15.410   5.3808E+00
   15.420   4.3423E+00
   15.430   3.8702E+00
   15.440   4.3235E+00
   15.450   6.7745E+00
   15.460   1.1900E+01
   15.470   1.8486E+01
   15.480   2.4128E+01
   15.490   2.7477E+01
   15.500   2.8167E+01
   15.510   2.6210E+01
   15.520   2.2114E+01
   15.530   1.6705E+01
   15.540   1.1297E+01
   15.550   7.4355E+00
   15.560   5.3060E+00
   15.570   4.2303E+00
   15.580   3.5746E+00
   15.590   3.1541E+00
   15.600   3.5323E+00
   15.610   5.5826E+00
   15.620   8.9193E+00
   15.630   1.2208E+01
   15.640   1.4038E+01
   15.650   1.3501E+01
   15.660   1.0910E+01
   15.670   6.9733E+00
   15.680   2.3522E+00
   15.690  -2.5727E+00
   15.700  -7.4559E+00
   15.710  -1.1738E+01
   15.720  -1.5007E+01
   15.730  -1.7530E+01
   15.740  -1.9462E+01
   15.750  -2.0759E+01
   15.760  -2.1058E+01
   15.770  -2.0287E+01
   15.780  -1.8927E+01
   15.790  -1.7192E+01
   15.800  -1.4947E+01
   15.810  -1.2140E+01
   15.820  -8.8254E+00
   15.830  -5.4087E+00
   15.840  -2.2872E+00
   15.850   5.5385E-01
   15.860   3.5219E+00
   15.870   6.9490E+00
   15.880   1.0836E+01
   15.890   1.4442E+01
   15.900   1.6910E+01
   15.910   1.8341E+01
   15.920   1.9070E+01
   15.930   1.9485E+01
   15.940   1.9809E+01
   15.950   1.9750E+01
   15.960   1.8727E+01
   15.970   1.6602E+01
   15.980   1.3980E+01
   15.990   1.2050E+01
   16.000   1.1323E+01
   16.010   1.1351E+01
   16.020   1.1281E+01
   16.030   1.0726E+01
   16.040   9.8635E+00
   16.050   9.1901E+00
   16.060   9.0685E+00
   16.070   9.3226E+00
   16.080   9.6247E+00
   16.090   9.8721E+00
   16.100   1.0015E+01
   16.110   1.0077E+01
   16.120   1.0002E+01
   16.130   9.4718E+00
   16.140   7.8769E+00
   16.150   4.8779E+00
   16.160   7.3161E-01
   16.170  -3.9042E+00
   16.180  -8.3963E+00
   16.190  -1.2141E+01
   16.200  -1.4761E+01
   16.210  -1.6073E+01
   16.220  -1.6039E+01
   16.230  -1.5053E+01
   16.240  -1.3684E+01
   16.250  -1.2307E+01
   16.260  -1.0922E+01
   16.270  -9.3211E+00
   16.280  -7.5696E+00
   16.290  -6.0109E+00
   16.300  -5.0641E+00
   16.310  -5.2450E+00
   16.320  -6.5702E+00
   16.330  -8.3257E+00
   16.340  -9.5676E+00
   16.350  -9.6614E+00
   16.360  -8.6194E+00
   16.370  -6.8196E+00
   16.380  -4.7364E+00
   16.390  -2.7115E+00
   16.400  -8.7832E-01
   16.410   7.1809E-01
   16.420   1.8901E+00
   16.430   2.2536E+00
   16.440   1.5542E+00
   16.450  -1.8214E-01
   16.460  -2.8375E+00
   16.470  -6.0519E+00
   16.480  -9.1816E+00
   16.490  -1.1355E+01
   16.500  -1.1919E+01
   16.510  -1.0779E+01
   16.520  -8.2197E+00
   16.530  -4.6765E+00
   16.540  -8.2843E-01
   16.550   2.5323E+00
   16.560   4.8251E+00
   16.570   5.9238E+00
   16.580   6.1053E+00
   16.590   5.8078E+00
   16.600   5.2805E+00
   16.610   4.6257E+00
   16.620   4.0022E+00
   16.630   3.5624E+00
   16.640   3.3050E+00
   16.650   2.9872E+00
   16.660   2.3822E+00
   16.670   1.4568E+00
   16.680   3.4447E-01
   16.690  -7.2236E-01
   16.700  -1.6665E+00
   16.710  -2.6322E+00
   16.720  -3.7604E+00
   16.730  -5.0799E+00
   16.740  -6.3472E+00
   16.750  -7.1683E+00
   16.760  -7.3982E+00
   16.770  -7.2236E+00
   16.780  -6.8477E+00
   16.790  -6.2076E+00
   16.800  -5.1032E+00
   16.810  -3.5064E+00
   16.820  -1.7385E+00
   16.830  -2.2060E-01
   16.840   7.0320E-01
   16.850   8.6539E-01
   16.860   3.0735E-01
   16.870  -6.7816E-01
   16.880  -1.7080E+00
   16.890  -2.5092E+00
   16.900  -3.0468E+00
   16.910  -3.3629E+00
   16.920  -3.4605E+00
   16.930  -3.3845E+00
   16.940  -3.3293E+00
   16.950  -3.4594E+00
   16.960  -3.6495E+00
   16.970  -3.6126E+00
   16.980  -3.0649E+00
   16.990  -1.7822E+00
   17.000   2.7653E-01
   17.010   2.8682E+00
   17.020   5.5550E+00
   17.030   7.8393E+00
   17.040   9.4399E+00
   17.050   1.0444E+01
   17.060   1.1037E+01
   17.070   1.1252E+01
   17.080   1.0936E+01
   17.090   1.0013E+01
   17.100   8.7189E+00
   17.110   7.3926E+00
   17.120   6.1010E+00
   17.130   4.7595E+00
   17.140   3.3618E+00
   17.150   2.0602E+00
   17.160   1.1624E+00
   17.170   8.9592E-01
   17.180   1.2145E+00
   17.190   1.7282E+00
   17.200   1.9059E+00
   17.210   1.4580E+00
   17.220   5.1730E-01
   17.230  -6.0421E-01
   17.240  -1.7941E+00
   17.250  -3.0351E+00
   17.260  -4.2433E+00
   17.270  -5.1608E+00
   17.280  -5.3745E+00
   17.290  -4.6834E+00
   17.300  -3.2098E+00
   17.310  -1.1632E+00
   17.320   1.1681E+00
   17.330   3.3703E+00
   17.340   4.9808E+00
   17.350   5.6049E+00
   17.360   5.1962E+00
   17.370   4.0644E+00
   17.380   2.6600E+00
   17.390   1.3908E+00
   17.400   5.1850E-01
   17.410   1.5184E-01
   17.420   2.1399E-01
   17.430   4.7796E-01
   17.440   7.8679E-01
   17.450   1.1327E+00
   17.460   1.4974E+00
   17.470   1.7665E+00
   17.480   1.8517E+00
   17.490   1.7178E+00
   17.500   1.4349E+00
   17.510   1.1522E+00
   17.520   9.9688E-01
   17.530   9.7293E-01
   17.540   1.0323E+00
   17.550   1.2120E+00
   17.560   1.5525E+00
   17.570   2.1180E+00
   17.580   2.8685E+00
   17.590   3.5442E+00
   17.600   3.8541E+00
   17.610   3.6687E+00
   17.620   3.1010E+00
   17.630   2.3518E+00
   17.640   1.5082E+00
   17.650   5.3252E-01
   17.660  -5.8941E-01
   17.670  -1.7418E+00
   17.680  -2.7254E+00
   17.690  -3.3509E+00
   17.700  -3.5055E+00
   17.710  -3.2064E+00
   17.720  -2.5992E+00
   17.730  -1.8978E+00
   17.740  -1.2905E+00
   17.750  -8.3756E-01
   17.760  -4.4954E-01
   17.770   4.9871E-03
   17.780   6.4608E-01
   17.790   1.5449E+00
   17.800   2.6190E+00
   17.810   3.6316E+00
   17.820   4.2934E+00
   17.830   4.4076E+00
   17.840   3.9426E+00
   17.850   2.9928E+00
   17.860   1.7305E+00
   17.870   3.4252E-01
   17.880  -9.9961E-01
   17.890  -2.1529E+00
   17.900  -3.1207E+00
   17.910  -3.9855E+00
   17.920  -4.7516E+00
   17.930  -5.3153E+00
   17.940  -5.6229E+00
   17.950  -5.7739E+00
   17.960  -5.8711E+00
   17.970  -5.8367E+00
   17.980  -5.5027E+00
   17.990  -4.8877E+00
   18.000  -4.2030E+00
   18.010  -3.6539E+00
   18.020  -3.2885E+00
   18.030  -3.0353E+00
   18.040  -2.8270E+00
   18.050  -2.6256E+00
   18.060  -2.3520E+00
   18.070  -1.8675E+00
   18.080  -1.1049E+00
   18.090  -1.5061E-01
   18.100   8.4301E-01
   18.110   1.7239E+00
   18.120   2.3414E+00
   18.130   2.5659E+00
   18.140   2.3325E+00
   18.150   1.6574E+00
   18.160   6.3705E-01
   18.170  -5.7699E-01
   18.180  -1.7495E+00
   18.190  -2.5979E+00
   18.200  -2.8999E+00
   18.210  -2.6436E+00
   18.220  -1.9991E+00
   18.230  -1.1711E+00
   18.240  -3.3059E-01
   18.250   4.1146E-01
   18.260   9.9113E-01
   18.270   1.3744E+00
   18.280   1.5923E+00
   18.290   1.6602E+00
   18.300   1.5018E+00
   18.310   1.0514E+00
   18.320   3.9759E-01
   18.330  -2.2516E-01
   18.340  -6.0132E-01
   18.350  -6.3550E-01
   18.360  -3.2631E-01
   18.370   2.5682E-01
   18.380   9.6686E-01
   18.390   1.6486E+00
   18.400   2.1931E+00
   18.410   2.5071E+00
   18.420   2.5019E+00
   18.430   2.1401E+00
   18.440   1.5339E+00
   18.450   9.3183E-01
   18.460   5.5396E-01
   18.470   4.5007E-01
   18.480   5.2494E-01
   18.490   7.2655E-01
   18.500   1.1066E+00
   18.510   1.6967E+00
   18.520   2.3870E+00
   18.530   2.9785E+00
   18.540   3.3045E+00
   18.550   3.2891E+00
   18.560   2.9310E+00
   18.570   2.2895E+00
   18.580   1.4943E+00
   18.590   7.0804E-01
   18.600   3.7613E-02
   18.610  -5.0898E-01
   18.620  -9.7713E-01
   18.630  -1.4109E+00
   18.640  -1.8492E+00
   18.650  -2.3228E+00
   18.660  -2.8035E+00
   18.670  -3.1772E+00
   18.680  -3.3099E+00
   18.690  -3.1474E+00
   18.700  -2.7322E+00
   18.710  -2.1514E+00
   18.720  -1.5065E+00
   18.730  -9.0573E-01
   18.740  -4.1054E-01
   18.750   2.7137E-02
   18.760   5.1405E-01
   18.770   1.0764E+00
   18.780   1.6180E+00
   18.790   2.0380E+00
   18.800   2.3273E+00
   18.810   2.5008E+00
   18.820   2.5050E+00
   18.830   2.2941E+00
   18.840   1.9814E+00
   18.850   1.8140E+00
   18.860   1.9568E+00
   18.870   2.3465E+00
   18.880   2.7697E+00
   18.890   3.0270E+00
   18.900   2.9997E+00
   18.910   2.6385E+00
   18.920   1.9691E+00
   18.930   1.0907E+00
   18.940   1.1333E-01
   18.950  -8.9840E-01
   18.960  -1.8814E+00
   18.970  -2.6910E+00
   18.980  -3.1228E+00
   18.990  -3.0405E+00
   19.000  -2.4615E+00
   19.010  -1.5269E+00
   19.020  -4.3508E-01
   19.030   5.8868E-01
   19.040   1.3222E+00
   19.050   1.6167E+00
   19.060   1.4545E+00
   19.070   9.3026E-01
   19.080   1.9137E-01
   19.090  -5.9358E-01
   19.100  -1.2446E+00
   19.110  -1.6150E+00
   19.120  -1.6626E+00
   19.130  -1.4688E+00
   19.140  -1.1701E+00
   19.150  -8.6406E-01
   19.160  -5.7726E-01
   19.170  -3.1257E-01
   19.180  -1.1547E-01
   19.190  -8.6759E-02
   19.200  -3.1552E-01
   19.210  -7.8211E-01
   19.220  -1.3265E+00
   19.230  -1.7361E+00
   19.240  -1.8871E+00
   19.250  -1.8010E+00
   19.260  -1.5656E+00
   19.270  -1.2305E+00
   19.280  -8.1652E-01
   19.290  -4.0677E-01
   19.300  -1.5197E-01
   19.310  -1.3221E-01
   19.320  -2.4506E-01
   19.330  -2.9919E-01
   19.340  -2.3545E-01
   19.350  -2.1197E-01
   19.360  -4.4754E-01
   19.370  -1.0086E+00
   19.380  -1.7658E+00
   19.390  -2.5144E+00
   19.400  -3.0895E+00
   19.410  -3.3938E+00
   19.420  -3.3928E+00
   19.430  -3.1219E+00
   19.440  -2.6660E+00
   19.450  -2.0975E+00
   19.460  -1.4396E+00
   19.470  -7.0320E-01
   19.480   5.4702E-02
   19.490   7.3163E-01
   19.500   1.2384E+00
   19.510   1.5506E+00
   19.520   1.7075E+00
   19.530   1.7681E+00
   19.540   1.7628E+00
   19.550   1.6868E+00
   19.560   1.5450E+00
   19.570   1.3998E+00
   19.580   1.3473E+00
   19.590   1.4231E+00
   19.600   1.5445E+00
   19.610   1.5688E+00
   19.620   1.4153E+00
   19.630   1.1210E+00
   19.640   7.8194E-01
   19.650   4.6007E-01
   19.660   1.5284E-01
   19.670  -1.5904E-01
   19.680  -4.5120E-01
   19.690  -6.4864E-01
   19.700  -6.8407E-01
   19.710  -5.6273E-01
   19.720  -3.6338E-01
   19.730  -1.6720E-01
   19.740   7.6963E-03
   19.750   1.9323E-01
   19.760   3.9856E-01
   19.770   5.6987E-01
   19.780   6.3285E-01
   19.790   5.7683E-01
   19.800   4.9101E-01
   19.810   5.0438E-01
   19.820   6.6284E-01
   19.830   8.5165E-01
   19.840   8.5318E-01
   19.850   5.0987E-01
   19.860  -1.5816E-01
   19.870  -9.8850E-01
   19.880  -1.8010E+00
   19.890  -2.4637E+00
   19.900  -2.8688E+00
   19.910  -2.9182E+00
   19.920  -2.5799E+00
   19.930  -1.9385E+00
   19.940  -1.1605E+00
   19.950  -4.1009E-01
   19.960   2.0076E-01
   19.970   6.1412E-01
   19.980   8.1904E-01
   19.990   8.3978E-01
   20.000   7.0423E-01
   20.010   4.2795E-01
   20.020   5.2839E-02
   20.030  -3.0427E-01
   20.040  -4.7941E-01
   20.050  -3.5898E-01
   20.060   5.1666E-02
   20.070   6.4530E-01
   20.080   1.2718E+00
   20.090   1.7907E+00
   20.100   2.1194E+00
   20.110   2.2697E+00
   20.120   2.3212E+00
   20.130   2.3350E+00
   20.140   2.3034E+00
   20.150   2.1964E+00
   20.160   2.0310E+00
   20.170   1.8611E+00
   20.180   1.7185E+00
   20.190   1.6139E+00
   20.200   1.5991E+00
   20.210   1.7763E+00
   20.220   2.2060E+00
   20.230   2.8214E+00
   20.240   3.4494E+00
   20.250   3.8965E+00
   20.260   4.0061E+00
   20.270   3.6894E+00
   20.280   2.9839E+00
   20.290   2.0916E+00
   20.300   1.2874E+00
   20.310   7.1697E-01
   20.320   2.8463E-01
   20.330  -2.2698E-01
   20.340  -9.2384E-01
   20.350  -1.7106E+00
   20.360  -2.4252E+00
   20.370  -3.0116E+00
   20.380  -3.5262E+00
   20.390  -4.0009E+00
   20.400  -4.3633E+00
   20.410  -4.5134E+00
   20.420  -4.4460E+00
   20.430  -4.2607E+00
   20.440  -4.0548E+00
   20.450  -3.8377E+00
   20.460  -3.5572E+00
   20.470  -3.1816E+00
   20.480  -2.7333E+00
   20.490  -2.2478E+00
   20.500  -1.7327E+00
   20.510  -1.1806E+00
   20.520  -6.1648E-01
   20.530  -1.1542E-01
   20.540   2.3505E-01
   20.550   3.9882E-01
   20.560   4.2266E-01
   20.570   4.0325E-01
   20.580   4.1362E-01
   20.590   4.5988E-01
   20.600   5.1757E-01
   20.610   6.1192E-01
   20.620   8.4153E-01
   20.630   1.2963E+00
   20.640   1.9456E+00
   20.650   2.6248E+00
   20.660   3.1492E+00
   20.670   3.4420E+00
   20.680   3.5556E+00
   20.690   3.5890E+00
   20.700   3.6062E+00
   20.710   3.6171E+00
   20.720   3.5882E+00
   20.730   3.4419E+00
   20.740   3.0678E+00
   20.750   2.3913E+00
   20.760   1.4620E+00
   20.770   4.6027E-01
   20.780  -4.1032E-01
   20.790  -1.0548E+00
   20.800  -1.5178E+00
   20.810  -1.8977E+00
   20.820  -2.2444E+00
   20.830  -2.5365E+00
   20.840  -2.5014E+00
   20.850  -2.6342E+00
   20.860  -2.6593E+00
   20.870  -2.5857E+00
   20.880  -2.4065E+00
   20.890  -2.1233E+00
   20.900  -1.7802E+00
   20.910  -1.4636E+00
   20.920  -1.2602E+00
   20.930  -1.2039E+00
   20.940  -1.2615E+00
   20.950  -1.3620E+00
   20.960  -1.4386E+00
   20.970  -1.4441E+00
   20.980  -1.3428E+00
   20.990  -1.1076E+00
   21.000  -7.3640E-01
   21.010  -5.9213E-01
   21.020  -2.1204E-01
   21.030   9.7144E-02
   21.040   2.4440E-01
   21.050   1.5017E-01
   21.060  -2.2920E-01
   21.070  -8.5897E-01
   21.080  -1.6043E+00
   21.090  -2.2655E+00
   21.100  -2.6534E+00
   21.110  -2.6487E+00
   21.120  -2.2181E+00
   21.130  -1.4148E+00
   21.140  -3.8236E-01
   21.150   6.7106E-01
   21.160   1.3852E+00
   21.170   1.9913E+00
   21.180   2.4867E+00
   21.190   2.6321E+00
   21.200   3.0681E+00
   21.210   3.2354E+00
   21.220   3.0192E+00
   21.230   2.4761E+00
   21.240   1.7563E+00
   21.250   9.6116E-01
   21.260   1.3532E-01
   21.270  -6.3203E-01
   21.280  -1.2057E+00
   21.290  -1.4251E+00
   21.300  -1.2506E+00
   21.310  -7.8930E-01
   21.320  -2.2017E-01
   21.330   2.8396E-01
   21.340   5.9637E-01
   21.350   6.6977E-01
   21.360   5.6167E-01
   21.370   4.0407E-01
   21.380   3.2167E-01
   21.390   3.7822E-01
   21.400   5.9091E-01
   21.410   9.5923E-01
   21.420   1.4555E+00
   21.430   2.0095E+00
   21.440   2.5291E+00
   21.450   2.9259E+00
   21.460   3.0959E+00
   21.470   2.9015E+00
   21.480   2.2627E+00
   21.490   1.2643E+00
   21.500   1.7753E-01
   21.510  -7.2396E-01
   21.520  -1.3683E+00
   21.530  -1.8994E+00
   21.540  -2.4891E+00
   21.550  -3.1522E+00
   21.560  -3.7431E+00
   21.570  -4.0893E+00
   21.580  -4.0877E+00
   21.590  -3.4870E+00
   21.600  -2.6634E+00
   21.610  -1.4755E+00
   21.620  -1.1943E-01
   21.630   1.1250E+00
   21.640   2.0656E+00
   21.650   2.7154E+00
   21.660   3.2122E+00
   21.670   3.6906E+00
   21.680   4.0519E+00
   21.690   4.2422E+00
   21.700   4.2590E+00
   21.710   4.1386E+00
   21.720   3.8614E+00
   21.730   3.3558E+00
   21.740   2.6142E+00
   21.750   1.7698E+00
   21.760   1.0306E+00
   21.770   5.4130E-01
   21.780   2.8424E-01
   21.790   1.0143E-01
   21.800  -4.2720E-02
   21.810  -2.0958E-01
   21.820  -4.3211E-01
   21.830  -7.5723E-01
   21.840  -1.2598E+00
   21.850  -1.9789E+00
   21.860  -2.8237E+00
   21.870  -3.5650E+00
   21.880  -3.9539E+00
   21.890  -3.8558E+00
   21.900  -3.4470E+00
   21.910  -2.4525E+00
   21.920  -1.2157E+00
   21.930   5.9553E-02
   21.940   1.1438E+00
   21.950   1.8864E+00
   21.960   2.7646E+00
   21.970   2.4687E+00
   21.980   2.2576E+00
   21.990   2.0845E+00
   22.000   2.0101E+00
   22.010   2.0395E+00
   22.020   2.0977E+00
   22.030   2.0813E+00
   22.040   2.0652E+00
   22.050   2.0455E+00
   22.060   1.6556E+00
   22.070   1.9652E+00
   22.080   2.4751E+00
   22.090   2.9437E+00
   22.100   3.0496E+00
   22.110   3.8858E+00
   22.120   4.5117E+00
   22.130   4.7338E+00
   22.140   4.9181E+00
   22.150   3.9728E+00
   22.160   2.6834E+00
   22.170   1.3131E+00
   22.180   1.3279E-01
   22.190  -6.7668E-01
   22.200  -1.0822E+00
   22.210  -7.4595E-01
   22.220  -8.1556E-01
   22.230  -9.3444E-01
   22.240  -1.1814E+00
   22.250  -1.4146E+00
   22.260  -1.7277E+00
   22.270  -2.1388E+00
   22.280  -2.6199E+00
   22.290  -3.1197E+00
   22.300  -3.5935E+00
   22.310  -3.9808E+00
   22.320  -4.1632E+00
   22.330  -3.9976E+00
   22.340  -2.8885E+00
   22.350  -1.9770E+00
   22.360  -9.7481E-01
   22.370  -2.3431E-01
   22.380   7.0758E-01
   22.390   1.7552E+00
   22.400   2.8421E+00
   22.410   3.7861E+00
   22.420   4.3568E+00
   22.430   4.3888E+00
   22.440   3.3274E+00
   22.450   2.6521E+00
   22.460   1.6408E+00
   22.470   6.1746E-01
   22.480  -8.9640E-02
   22.490   2.9551E-02
   22.500  -6.2569E-01
   22.510  -1.1034E+00
   22.520  -1.4271E+00
   22.530  -1.5977E+00
   22.540  -1.6298E+00
   22.550  -2.9966E-01
   22.560  -9.4497E-01
   22.570  -6.3311E-01
   22.580  -4.3944E-01
   22.590   1.3512E-01
   22.600   7.0227E-01
   22.610   1.1368E+00
   22.620   1.5077E+00
   22.630   2.1951E+00
   22.640   2.2064E+00
   22.650   2.1644E+00
   22.660   2.0531E+00
   22.670   2.0034E+00
   22.680   2.2092E+00
   22.690   2.4075E+00
   22.700   2.6836E+00
   22.710   3.2821E+00
   22.720   3.4232E+00
   22.730   3.2531E+00
   22.740   2.7879E+00
   22.750   2.9528E+00
   22.760   2.5383E+00
   22.770   9.8244E-01
   22.780   5.7779E-01
   22.790   2.0622E-01
   22.800  -1.4881E-01
   22.810  -1.3471E-01
   22.820  -3.6497E-01
   22.830  -1.0791E-01
   22.840   7.9537E-01
   22.850   6.1990E-01
   22.860   9.1424E-01
   22.870   9.3656E-01
   22.880   1.3430E+00
   22.890   1.8132E+00
   22.900   2.8575E+00
   22.910   3.1699E+00
   22.920   3.2752E+00
   22.930   2.7801E+00
   22.940   2.0445E+00
   22.950   1.1461E+00
   22.960   2.4335E-01
   22.970  -5.3730E-01
   22.980  -1.1185E+00
   22.990  -1.4722E+00
   23.000  -1.4546E+00
   23.010  -1.2091E+00
   23.020  -8.4388E-01
   23.030  -5.1295E-01
   23.040  -6.1504E-01
   23.050  -5.6514E-01
   23.060  -5.4378E-01
   23.070  -4.5170E-01
   23.080  -2.6892E-01
   23.090   2.6756E-02
   23.100   2.6743E-01
   23.110   4.2382E-01
   23.120   4.7932E-01
   23.130   4.3220E-01
   23.140   3.2182E-01
   23.150   2.7173E-01
   23.160   3.3319E-01
   23.170   4.5720E-01
   23.180   5.2643E-01
   23.190   4.4351E-01
   23.200   1.6196E-01
   23.210  -3.3303E-01
   23.220  -8.9501E-01
   23.230  -1.6611E+00
   23.240  -2.5391E+00
   23.250  -3.4342E+00
   23.260  -4.4759E+00
   23.270  -5.2031E+00
   23.280  -5.5601E+00
   23.290  -5.3773E+00
   23.300  -4.8263E+00
   23.310  -2.8711E+00
   23.320  -1.8096E+00
   23.330  -7.4365E-01
   23.340   2.2859E-01
   23.350   8.0521E-01
   23.360   1.2538E+00
   23.370   1.6046E+00
   23.380   1.6667E+00
   23.390   1.6993E+00
   23.400   1.7027E+00
   23.410   1.7238E+00
   23.420   1.7526E+00
   23.430   1.7038E+00
   23.440   1.1280E+00
   23.450   6.1123E-01
   23.460   9.0565E-03
   23.470  -6.6018E-01
   23.480  -1.2632E+00
   23.490  -1.8711E+00
   23.500  -1.4828E+00
   23.510  -3.2715E-01
   23.520  -3.9846E-01
   23.530  -5.2923E-01
   23.540  -7.2701E-01
   23.550  -9.4555E-01
   23.560  -1.1104E+00
   23.570  -1.1590E+00
   23.580  -1.0696E+00
   23.590  -8.5528E-01
   23.600  -5.2023E-01
   23.610  -4.4311E-02
   23.620   5.8063E-01
   23.630   1.2826E+00
   23.640   1.9807E+00
   23.650   2.5789E+00
   23.660   3.0093E+00
   23.670   3.2398E+00
   23.680   3.2657E+00
   23.690   3.1125E+00
   23.700   2.8272E+00
   23.710   2.6341E+00
   23.720   2.3551E+00
   23.730   1.9229E+00
   23.740   1.3010E+00
   23.750   5.2427E-01
   23.760  -2.9908E-01
   23.770  -1.0324E+00
   23.780  -1.5704E+00
   23.790  -1.8749E+00
   23.800  -1.9788E+00
   23.810  -2.0239E+00
   23.820  -2.0235E+00
   23.830  -1.9988E+00
   23.840  -2.3023E+00
   23.850  -2.6873E+00
   23.860  -3.1779E+00
   23.870  -3.4042E+00
   23.880  -3.4633E+00
   23.890  -3.3185E+00
   23.900  -3.0367E+00
   23.910  -2.6212E+00
   23.920  -1.8695E+00
   23.930  -1.5646E+00
   23.940  -9.8035E-01
   23.950  -4.7798E-01
   23.960   3.3924E-01
   23.970   7.1307E-01
   23.980   1.0215E+00
   23.990   1.2820E+00
   24.000   1.4750E+00
   24.010   1.5813E+00
   24.020   1.5958E+00
   24.030   1.5317E+00
   24.040   1.6320E+00
   24.050   1.4566E+00
   24.060   1.1690E+00
   24.070   9.3693E-01
   24.080   8.7511E-01
   24.090   9.6448E-01
   24.100   1.2369E+00
   24.110   1.6338E+00
   24.120   9.4914E-01
   24.130   7.2972E-01
   24.140   4.7383E-01
   24.150   2.9583E-01
   24.160  -1.3191E-02
   24.170  -2.4345E-01
   24.180  -4.4282E-01
   24.190  -6.0792E-01
   24.200  -1.0005E-01
   24.210  -1.2902E-02
   24.220   8.0262E-02
   24.230   1.2802E-01
   24.240   1.1836E-01
   24.250   7.8563E-02
   24.260   4.1862E-02
   24.270   1.9309E-01
   24.280   2.4988E-01
   24.290   2.5805E-01
   24.300  -2.0375E-02
   24.310  -2.4227E-01
   24.320  -4.0482E-01
   24.330  -6.5021E-01
   24.340  -8.2438E-01
   24.350  -9.3402E-01
   24.360  -9.9130E-01
   24.370  -9.7944E-01
   24.380  -8.6710E-01
   24.390  -6.4826E-01
   24.400  -3.5234E-01
   24.410  -1.7970E-02
   24.420   3.2328E-01
   24.430   6.3827E-01
   24.440   8.8247E-01
   24.450   1.0088E+00
   24.460   9.4409E-01
   24.470   7.5079E-01
   24.480   4.0607E-01
   24.490   7.7823E-02
   24.500  -1.1431E-01
   24.510  -2.8602E-01
   24.520  -4.1393E-01
   24.530  -5.1110E-01
   24.540  -5.4937E-01
   24.550  -7.9839E-01
   24.560  -7.1458E-01
   24.570  -5.1739E-01
   24.580  -7.3040E-02
   24.590   2.5428E-01
   24.600   5.2308E-01
   24.610   6.7541E-01
   24.620   7.5914E-01
   24.630   7.0720E-01
   24.640   8.3113E-01
   24.650   1.0569E+00
   24.660   1.5626E+00
   24.670   1.8259E+00
   24.680   2.2282E+00
   24.690   2.5303E+00
   24.700   2.7331E+00
   24.710   2.3266E+00
   24.720   2.1831E+00
   24.730   2.0595E+00
   24.740   1.8055E+00
   24.750   1.5115E+00
   24.760   1.0670E+00
   24.770   5.8703E-01
   24.780   3.1713E-01
   24.790  -3.2558E-02
   24.800  -3.6332E-01
   24.810  -6.1232E-01
   24.820  -7.7318E-01
   24.830  -8.9506E-01
   24.840  -1.0381E+00
   24.850  -1.2220E+00
   24.860  -1.4055E+00
   24.870  -1.4678E+00
   24.880  -1.4540E+00
   24.890  -1.3564E+00
   24.900  -6.7747E-01
   24.910  -4.6207E-01
   24.920  -1.9775E-01
   24.930   6.9082E-02
   24.940   1.5689E-01
   24.950   2.3444E-01
   24.960   2.6459E-01
   24.970   2.7933E-01
   24.980   2.9235E-01
   24.990   2.9694E-01
   25.000   2.8015E-01
   25.010   2.8381E-01
   25.020   2.2335E-01
   25.030   1.3413E-01
   25.040   4.4267E-02
   25.050   7.5574E-03
   25.060   8.4625E-02
   25.070   1.6482E-01
   25.080   5.5000E-01
   25.090   7.9900E-01
   25.100   1.0840E+00
   25.110   1.4143E+00
   25.120   1.7561E+00
   25.130   2.0604E+00
   25.140   2.2635E+00
   25.150   2.4314E+00
   25.160   2.5601E+00
   25.170   2.6383E+00
   25.180   2.6042E+00
   25.190   2.4459E+00
   25.200   1.2674E+00
   25.210   9.6156E-01
   25.220   9.8530E-03
   25.230  -3.6696E-01
   25.240  -6.0161E-01
   25.250  -8.0648E-01
   25.260  -9.5221E-01
   25.270  -8.4716E-01
   25.280  -7.7877E-01
   25.290  -6.1582E-01
   25.300  -3.9885E-01
   25.310  -1.0792E-01
   25.320   1.2121E-01
   25.330   4.1228E-01
   25.340   5.7091E-01
   25.350   6.6135E-01
   25.360   6.6666E-01
   25.370   6.0354E-01
   25.380   4.6713E-01
   25.390   3.1674E-01
   25.400   1.9928E-01
   25.410   1.5194E-01
   25.420   1.7729E-01
   25.430   2.7007E-01
   25.440   4.1801E-01
   25.450   5.2922E-01
   25.460   6.0944E-01
   25.470   6.0483E-01
   25.480   4.6152E-01
   25.490   1.7379E-01
   25.500  -1.9609E-01
   25.510  -5.6288E-01
   25.520  -8.3809E-01
   25.530  -9.6591E-01
   25.540  -9.4374E-01
   25.550  -8.2191E-01
   25.560  -6.4187E-01
   25.570  -2.3143E-01
   25.580  -1.8914E-01
   25.590  -2.0582E-01
   25.600  -2.6863E-01
   25.610  -4.2470E-01
   25.620  -5.5347E-01
   25.630  -6.5692E-01
   25.640  -7.6352E-01
   25.650  -7.9968E-01
   25.660  -8.6578E-01
   25.670  -1.0022E+00
   25.680  -1.1877E+00
   25.690  -1.3647E+00
   25.700  -1.4624E+00
   25.710  -1.5806E+00
   25.720  -1.7890E+00
   25.730  -1.8710E+00
   25.740  -1.9192E+00
   25.750  -1.9548E+00
   25.760  -1.9233E+00
   25.770  -1.8721E+00
   25.780  -1.8475E+00
   25.790  -1.7302E+00
   25.800  -1.5466E+00
   25.810  -1.4456E+00
   25.820  -1.2486E+00
   25.830  -1.0470E+00
   25.840  -8.5175E-01
   25.850  -6.6406E-01
   25.860  -5.1359E-01
   25.870  -3.7789E-01
   25.880  -2.5055E-01
   25.890  -8.0949E-02
   25.900   4.2037E-02
   25.910   3.3532E-01
   25.920   7.2925E-02
   25.930   1.8860E-01
   25.940   3.6846E-01
   25.950   5.8613E-01
   25.960   7.7718E-01
   25.970   8.8665E-01
   25.980   8.9204E-01
   25.990   8.0260E-01
   26.000   6.5093E-01
   26.010   4.8477E-01
   26.020   3.5335E-01
   26.030   2.8872E-01
   26.040   2.6030E-01
   26.050   3.3380E-01
   26.060   4.0713E-01
   26.070   5.1993E-01
   26.080   6.1234E-01
   26.090   6.6068E-01
   26.100   6.6387E-01
   26.110   6.4185E-01
   26.120   6.1083E-01
   26.130   4.6975E-01
   26.140   3.9335E-01
   26.150   2.4608E-01
   26.160   4.8133E-02
   26.170  -1.3874E-01
   26.180  -3.5591E-01
   26.190  -5.3407E-01
   26.200  -6.5546E-01
   26.210  -7.2541E-01
   26.220  -7.4102E-01
   26.230  -7.0449E-01
   26.240  -6.1995E-01
   26.250  -4.9920E-01
   26.260  -3.6461E-01
   26.270  -3.0296E-01
   26.280  -2.0485E-01
   26.290  -1.5491E-01
   26.300  -9.0800E-02
   26.310  -1.0196E-02
   26.320   3.1277E-02
   26.330   5.0130E-02
   26.340   6.8792E-02
   26.350   1.0044E-01
   26.360   3.9763E-01
   26.370   4.7802E-01
   26.380   5.5003E-01
   26.390   5.9790E-01
   26.400   6.2228E-01
   26.410   6.4097E-01
   26.420   6.7462E-01
   26.430   7.2535E-01
   26.440   7.6178E-01
   26.450   7.6536E-01
   26.460   7.3405E-01
   26.470   6.7013E-01
   26.480   5.6948E-01
   26.490   4.3276E-01
   26.500   2.6939E-01
   26.510   1.3700E-01
   26.520   5.2553E-02
   26.530  -6.5101E-02
   26.540  -4.2875E-02
   26.550   5.6348E-03
   26.560   6.1725E-02
   26.570   1.1007E-01
   26.580   1.4720E-01
   26.590   1.8185E-01
   26.600   2.2317E-01
   26.610   2.6482E-01
   26.620   3.0576E-01
   26.630   3.9307E-01
   26.640   3.9432E-01
   26.650   3.5323E-01
   26.660   3.9439E-01
   26.670   2.5812E-01
   26.680   1.1413E-01
   26.690  -2.3275E-02
   26.700  -1.6204E-01
   26.710  -2.8559E-01
   26.720  -3.9512E-01
   26.730  -4.7207E-01
   26.740  -5.0471E-01
   26.750  -4.9995E-01
   26.760  -4.8027E-01
   26.770  -4.0722E-01
   26.780  -4.0836E-01
   26.790  -4.2559E-01
   26.800  -4.4916E-01
   26.810  -4.7576E-01
   26.820  -5.0482E-01
   26.830  -5.2808E-01
   26.840  -5.2872E-01
   26.850  -4.8486E-01
   26.860  -3.9297E-01
   26.870  -2.6500E-01
   26.880  -2.5970E-01
   26.890  -1.2272E-01
   26.900  -2.3851E-01
   26.910  -1.7222E-01
   26.920  -1.1386E-01
   26.930  -7.8070E-02
   26.940  -5.6086E-02
   26.950  -3.8587E-02
   26.960  -3.2288E-02
   26.970  -2.5307E-02
   26.980  -7.3893E-04
   26.990   5.7180E-02
   27.000   1.5425E-01
   27.010   2.8770E-01
   27.020   1.6362E-01
   27.030   2.6797E-01
   27.040   3.5396E-01
   27.050   4.2248E-01
   27.060   4.7625E-01
   27.070   4.8127E-01
   27.080   2.4261E-01
   27.090   1.8124E-01
   27.100   1.0660E-01
   27.110   2.2070E-02
   27.120  -6.6099E-02
   27.130  -1.5096E-01
   27.140  -2.2480E-01
   27.150  -2.7942E-01
   27.160  -3.0946E-01
   27.170  -3.1625E-01
   27.180  -3.0742E-01
   27.190  -2.9186E-01
   27.200  -2.7424E-01
   27.210  -2.5335E-01
   27.220  -2.2515E-01
   27.230  -1.8822E-01
   27.240  -1.4567E-01
   27.250  -5.8385E-02
   27.260  -4.2808E-02
   27.270  -3.5360E-02
   27.280   2.4502E-02
   27.290   5.3655E-03
   27.300  -1.0526E-02
   27.310  -2.5150E-02
   27.320  -4.3343E-02
   27.330  -6.9880E-02
   27.340  -1.0549E-01
   27.350  -1.4402E-01
   27.360  -1.7429E-01
   27.370  -2.9486E-02
   27.380  -4.0592E-02
   27.390  -6.0198E-03
   27.400  -3.2007E-03
   27.410   1.3068E-03
   27.420   7.1035E-03
   27.430   1.5038E-02
   27.440   2.5717E-02
   27.450   1.9299E-02
   27.460   3.6842E-02
   27.470   3.2259E-02
   27.480   3.9471E-02
   27.490   5.7738E-02
   27.500   5.1897E-02
   27.510   5.0534E-02
   27.520   4.9238E-02
   27.530   5.1080E-02
   27.540   5.7485E-02
   27.550   6.6268E-02
   27.560   7.2419E-02
   27.570   7.1183E-02
   27.580   6.0908E-02
   27.590   4.3751E-02
   27.600   2.4379E-02
   27.610   7.8628E-03
   27.620  -2.2776E-03
   27.630  -5.2209E-03
   27.640  -2.6988E-03
   27.650   2.4900E-03
   27.660   8.4157E-03
   27.670   1.5009E-02
   27.680   2.3446E-02
   27.690   3.4620E-02
   27.700   4.8434E-02
   27.710   6.2916E-02
   27.720   7.5395E-02
   27.730   8.3931E-02
   27.740   8.7613E-02
   27.750   8.6669E-02
   27.760   8.1998E-02
   27.770   7.4253E-02
   27.780   6.3209E-02
   27.790   4.8000E-02
   27.800   2.8086E-02
   27.810   4.2345E-03
   27.820  -2.1050E-02
   27.830  -4.3966E-02
   27.840  -6.0930E-02
   27.850  -7.0635E-02
   27.860  -7.5077E-02
   27.870  -7.8175E-02
   27.880  -8.2759E-02
   27.890  -8.8566E-02
   27.900  -9.2882E-02
   27.910  -9.2771E-02
   27.920  -8.6658E-02
   27.930  -7.4491E-02
   27.940  -5.7501E-02
   27.950  -6.0022E-02
   27.960  -4.6311E-02
   27.970  -3.6734E-02
   27.980  -3.2094E-02
   27.990  -2.9801E-02
   28.000  -2.5756E-02
   28.010  -1.7659E-02
   28.020  -6.7667E-03
   28.030   3.3247E-03
   28.040   9.2344E-03
   28.050   9.2065E-03
   28.060   2.9890E-03
   28.070  -8.3416E-03
   28.080  -2.2101E-02
   28.090  -2.5915E-02
   28.100  -3.3242E-02
   28.110  -3.6443E-02
   28.120  -3.7340E-02
   28.130  -3.7367E-02
   28.140  -3.6614E-02
   28.150  -3.4684E-02
   28.160  -2.9742E-02
   28.170  -2.4956E-02
   28.180   1.4762E-02
   28.190   2.9727E-02
   28.200   4.3515E-02
   28.210   5.4833E-02
   28.220   6.2712E-02
   28.230   6.6933E-02
   28.240   6.7575E-02
   28.250   6.4524E-02
   28.260   5.7632E-02
   28.270   4.7045E-02
   28.280   3.3094E-02
   28.290   2.1953E-02
   28.300   2.0800E-02
   28.310   1.8436E-02
   28.320   1.4823E-02
   28.330   1.0883E-02
   28.340   7.8286E-03
   28.350   6.4686E-03
   28.360   7.1109E-03
   28.370   9.8333E-03
   28.380   1.4533E-02
   28.390   2.0729E-02
   28.400   2.7555E-02
   28.410   4.5445E-02
   28.420   5.1154E-02
   28.430   5.3783E-02
   28.440   5.2758E-02
   28.450   4.8535E-02
   28.460   4.2611E-02
   28.470   3.5861E-02
   28.480   3.0617E-02
   28.490   2.5967E-02
   28.500   2.1527E-02
   28.510   1.6929E-02
   28.520   1.1782E-02
   28.530   5.7117E-03
   28.540  -6.3070E-03
   28.550  -1.1719E-02
   28.560  -1.6491E-02
   28.570  -2.0220E-02
   28.580  -2.2997E-02
   28.590  -2.5326E-02
   28.600  -2.7823E-02
   28.610  -3.0791E-02
   28.620  -3.3932E-02
   28.630  -3.6561E-02
   28.640  -3.8127E-02
   28.650  -3.8393E-02
   28.660  -3.7073E-02
   28.670  -3.3609E-02
   28.680  -2.7608E-02
   28.690  -1.9396E-02
   28.700  -9.8392E-03
   28.710   2.3632E-04
   28.720   1.0091E-02
   28.730   2.1592E-02
   28.740   2.8013E-02
   28.750   3.0464E-02
   28.760   2.9164E-02
   28.770   2.5705E-02
   28.780   2.1990E-02
   28.790   1.9143E-02
   28.800   1.7336E-02
   28.810   1.6274E-02
   28.820   1.5560E-02
   28.830   1.4671E-02
   28.840   1.3004E-02
   28.850   1.0287E-02
   28.860   6.9578E-03
   28.870   3.9359E-03
   28.880   1.8697E-03
   28.890   5.6148E-04
   28.900  -8.8227E-04
   28.910  -9.0636E-03
   28.920  -1.3690E-02
   28.930  -1.8788E-02
   28.940  -2.3552E-02
   28.950  -2.7176E-02
   28.960  -2.9148E-02
   28.970  -2.9344E-02
   28.980  -2.7861E-02
   28.990  -2.4906E-02
   29.000  -2.0939E-02
   29.010  -1.6760E-02
   29.020  -1.3151E-02
   29.030  -1.0335E-02
   29.040  -7.9619E-03
   29.050  -5.7321E-03
   29.060  -3.8568E-03
   29.070  -2.7734E-03
   29.080   7.2085E-03
   29.090   7.2128E-03
   29.100   7.2202E-03
   29.110   7.1187E-03
   29.120   6.7026E-03
   29.130   5.7451E-03
   29.140   4.1446E-03
   29.150   2.0429E-03
   29.160  -1.9447E-04
   29.170  -2.1277E-03
   29.180  -3.4187E-03
   29.190  -3.9545E-03
   29.200  -3.8812E-03
   29.210  -3.5115E-03
   29.220  -3.1388E-03
   29.230  -2.9075E-03
   29.240  -2.8528E-03
   29.250  -3.0052E-03
   29.260  -3.3619E-03
   29.270  -3.7563E-03
   29.280  -3.8711E-03
   29.290  -3.4768E-03
   29.300  -2.6391E-03
   29.310  -1.6456E-03
   29.320  -7.5705E-04
   29.330   9.3013E-04
   29.340   1.1954E-03
   29.350   1.0248E-03
   29.360   2.5856E-04
   29.370  -1.0401E-03
   29.380  -2.5932E-03
   29.390  -4.0177E-03
   29.400  -4.9829E-03
   29.410  -5.3603E-03
   29.420  -5.2542E-03
   29.430  -4.8605E-03
   29.440  -4.2987E-03
   29.450  -3.6080E-03
   29.460  -2.8693E-03
   29.470  -2.2395E-03
   29.480  -1.8421E-03
   29.490  -1.6959E-03
   29.500  -1.7939E-03
   29.510  -2.1853E-03
   29.520  -2.9065E-03
   29.530  -3.8576E-03
   29.540  -4.8277E-03
   29.550  -5.6597E-03
   29.560  -6.3423E-03
   29.570  -6.9176E-03
   29.580  -7.3414E-03
   29.590  -7.4762E-03
   29.600  -7.2218E-03
   29.610  -6.6295E-03
   29.620  -5.8930E-03
   29.630  -5.2456E-03
   29.640  -4.8608E-03
   29.650  -4.8026E-03
   29.660  -5.0074E-03
   29.670  -5.2901E-03
   29.680  -5.3990E-03
   29.690  -5.1127E-03
   29.700  -4.3112E-03
   29.710  -2.9788E-03
   29.720  -1.1941E-03
   29.730   8.3673E-04
   29.740   2.7643E-03
   29.750   4.1988E-03
   29.760   4.8810E-03
   29.770   4.6446E-03
   29.780   4.2851E-03
   29.790   3.4115E-03
   29.800   2.2103E-03
   29.810   9.3004E-04
   29.820  -2.5416E-04
   29.830  -1.3473E-03
   29.840  -2.4536E-03
   29.850  -3.5961E-03
   29.860  -4.6596E-03
   29.870  -5.4788E-03
   29.880  -5.9053E-03
   29.890  -5.7944E-03
   29.900  -5.0446E-03
   29.910  -3.7164E-03
   29.920  -2.0621E-03
   29.930  -3.6506E-04
   29.940   1.2345E-03
   29.950   2.7411E-03
   29.960   4.1971E-03
   29.970   5.6456E-03
   29.980   7.1487E-03
   29.990   8.7270E-03
   30.000   1.0232E-02
   30.010   1.1325E-02
   30.020   1.1624E-02
   30.030   1.0896E-02
   30.040   9.1828E-03
   30.050   6.8146E-03
   30.060   4.3041E-03
   30.070   2.1148E-03
   30.080   4.6801E-04
   30.090  -6.1862E-04
   30.100  -3.0415E-03
   30.110  -2.8904E-03
   30.120  -2.3428E-03
   30.130  -1.6521E-03
   30.140  -1.1373E-03
   30.150  -9.6816E-04
   30.160  -1.0951E-03
   30.170  -1.3654E-03
   30.180  -1.6397E-03
   30.190  -1.7927E-03
   30.200  -1.6981E-03
   30.210  -1.2965E-03
   30.220  -6.6748E-04
   30.230   1.5601E-05
   30.240   6.0573E-04
   30.250   0.0000E+00
   30.260   0.0000E+00
   30.270   0.0000E+00
   30.280   0.0000E+00
   30.290   0.0000E+00
   30.300   0.0000E+00
   30.310   0.0000E+00
   30.320   0.0000E+00
   30.330   0.0000E+00
   30.340   0.0000E+00
   30.350   0.0000E+00
   30.360   0.0000E+00
   30.370   0.0000E+00
   30.380   0.0000E+00
   30.390   0.0000E+00
   30.400   0.0000E+00
   30.410   0.0000E+00
   30.420   0.0000E+00
   30.430   0.0000E+00
   30.440   0.0000E+00
   30.450   0.0000E+00
   30.460   0.0000E+00
   30.470   0.0000E+00
   30.480   0.0000E+00
   30.490   0.0000E+00
   30.500   0.0000E+00
   30.510   0.0000E+00
   30.520   0.0000E+00
   30.530   0.0000E+00
   30.540   0.0000E+00
   30.550   0.0000E+00
   30.560   0.0000E+00
   30.570   0.0000E+00
   30.580   0.0000E+00
   30.590   0.0000E+00
   30.600   0.0000E+00
   30.610   0.0000E+00
   30.620   0.0000E+00
   30.630   0.0000E+00
   30.640   0.0000E+00
   30.650   0.0000E+00
   30.660   0.0000E+00
   30.670   0.0000E+00
   30.680   0.0000E+00
   30.690   0.0000E+00
   30.700   0.0000E+00
   30.710   0.0000E+00
   30.720   0.0000E+00
   30.730   0.0000E+00
   30.740   0.0000E+00
   30.750   0.0000E+00
   30.760   0.0000E+00
   30.770   0.0000E+00
   30.780   0.0000E+00
   30.790   0.0000E+00
   30.800   0.0000E+00
   30.810   0.0000E+00
   30.820   0.0000E+00
   30.830   0.0000E+00
   30.840   0.0000E+00
   30.850   0.0000E+00
   30.860   0.0000E+00
   30.870   0.0000E+00
   30.880   0.0000E+00
   30.890   0.0000E+00
   30.900   0.0000E+00
   30.910   0.0000E+00
   30.920   0.0000E+00
   30.930   0.0000E+00
   30.940   0.0000E+00
   30.950   0.0000E+00
   30.960   0.0000E+00
   30.970   0.0000E+00
   30.980   0.0000E+00
   30.990   0.0000E+00
   31.000   0.0000E+00
   31.010   0.0000E+00
   31.020   0.0000E+00
   31.030   0.0000E+00
   31.040   0.0000E+00
   31.050   0.0000E+00
   31.060   0.0000E+00
   31.070   0.0000E+00
   31.080   0.0000E+00
   31.090   0.0000E+00
   31.100   0.0000E+00
   31.110   0.0000E+00
   31.120   0.0000E+00
   31.130   0.0000E+00
   31.140   0.0000E+00
   31.150   0.0000E+00
   31.160   0.0000E+00
   31.170   0.0000E+00
   31.180   0.0000E+00
   31.190   0.0000E+00
   31.200   0.0000E+00
   31.210   0.0000E+00
   31.220   0.0000E+00
   31.230   0.0000E+00
   31.240   0.0000E+00
   31.250   0.0000E+00
   31.260   0.0000E+00
   31.270   0.0000E+00
   31.280   0.0000E+00
   31.290   0.0000E+00
   31.300   0.0000E+00
   31.310   0.0000E+00
   31.320   0.0000E+00
   31.330   0.0000E+00
   31.340   0.0000E+00
   31.350   0.0000E+00
   31.360   0.0000E+00
   31.370   0.0000E+00
   31.380   0.0000E+00
   31.390   0.0000E+00
   31.400   0.0000E+00
   31.410   0.0000E+00
   31.420   0.0000E+00
   31.430   0.0000E+00
   31.440   0.0000E+00
   31.450   0.0000E+00
   31.460   0.0000E+00
   31.470   0.0000E+00
   31.480   0.0000E+00
   31.490   0.0000E+00
   31.500   0.0000E+00
   31.510   0.0000E+00
   31.520   0.0000E+00
   31.530   0.0000E+00
   31.540   0.0000E+00
   31.550   0.0000E+00
   31.560   0.0000E+00
   31.570   0.0000E+00
   31.580   0.0000E+00
   31.590   0.0000E+00
   31.600   0.0000E+00
   31.610   0.0000E+00
   31.620   0.0000E+00
   31.630   0.0000E+00
   31.640   0.0000E+00
   31.650   0.0000E+00
   31.660   0.0000E+00
   31.670   0.0000E+00
   31.680   0.0000E+00
   31.690   0.0000E+00
   31.700   0.0000E+00
   31.710   0.0000E+00
   31.720   0.0000E+00
   31.730   0.0000E+00
   31.740   0.0000E+00
   31.750   0.0000E+00
   31.760   0.0000E+00
   31.770   0.0000E+00
   31.780   0.0000E+00
   31.790   0.0000E+00
   31.800   0.0000E+00
   31.810   0.0000E+00
   31.820   0.0000E+00
   31.830   0.0000E+00
   31.840   0.0000E+00
   31.850   0.0000E+00
   31.860   0.0000E+00
   31.870   0.0000E+00
   31.880   0.0000E+00
   31.890   0.0000E+00
   31.900   0.0000E+00
   31.910   0.0000E+00
   31.920   0.0000E+00
   31.930   0.0000E+00
   31.940   0.0000E+00
   31.950   0.0000E+00
   31.960   0.0000E+00
   31.970   0.0000E+00
   31.980   0.0000E+00
   31.990   0.0000E+00
   32.000   0.0000E+00
   32.010   0.0000E+00
   32.020   0.0000E+00
   32.030   0.0000E+00
   32.040   0.0000E+00
   32.050   0.0000E+00
   32.060   0.0000E+00
   32.070   0.0000E+00
   32.080   0.0000E+00
   32.090   0.0000E+00
   32.100   0.0000E+00
   32.110   0.0000E+00
   32.120   0.0000E+00
   32.130   0.0000E+00
   32.140   0.0000E+00
   32.150   0.0000E+00
   32.160   0.0000E+00
   32.170   0.0000E+00
   32.180   0.0000E+00
   32.190   0.0000E+00
   32.200   0.0000E+00
   32.210   0.0000E+00
   32.220   0.0000E+00
   32.230   0.0000E+00
   32.240   0.0000E+00
   32.250   0.0000E+00
   32.260   0.0000E+00
   32.270   0.0000E+00
   32.280   0.0000E+00
   32.290   0.0000E+00
   32.300   0.0000E+00
   32.310   0.0000E+00
   32.320   0.0000E+00
   32.330   0.0000E+00
   32.340   0.0000E+00
   32.350   0.0000E+00
   32.360   0.0000E+00
   32.370   0.0000E+00
   32.380   0.0000E+00
   32.390   0.0000E+00
   32.400   0.0000E+00
   32.410   0.0000E+00
   32.420   0.0000E+00
   32.430   0.0000E+00
   32.440   0.0000E+00
   32.450   0.0000E+00
   32.460   0.0000E+00
   32.470   0.0000E+00
   32.480   0.0000E+00
   32.490   0.0000E+00
   32.500   0.0000E+00
   32.510   0.0000E+00
   32.520   0.0000E+00
   32.530   0.0000E+00
   32.540   0.0000E+00
   32.550   0.0000E+00
   32.560   0.0000E+00
   32.570   0.0000E+00
   32.580   0.0000E+00
   32.590   0.0000E+00
   32.600   0.0000E+00
   32.610   0.0000E+00
   32.620   0.0000E+00
   32.630   0.0000E+00
   32.640   0.0000E+00
   32.650   0.0000E+00
   32.660   0.0000E+00
   32.670   0.0000E+00
   32.680   0.0000E+00
   32.690   0.0000E+00
   32.700   0.0000E+00
   32.710   0.0000E+00
   32.720   0.0000E+00
   32.730   0.0000E+00
   32.740   0.0000E+00
   32.750   0.0000E+00
   32.760   0.0000E+00
   32.770   0.0000E+00
   32.780   0.0000E+00
   32.790   0.0000E+00
   32.800   0.0000E+00
   32.810   0.0000E+00
   32.820   0.0000E+00
   32.830   0.0000E+00
   32.840   0.0000E+00
   32.850   0.0000E+00
   32.860   0.0000E+00
   32.870   0.0000E+00
   32.880   0.0000E+00
   32.890   0.0000E+00
   32.900   0.0000E+00
   32.910   0.0000E+00
   32.920   0.0000E+00
   32.930   0.0000E+00
   32.940   0.0000E+00
   32.950   0.0000E+00
   32.960   0.0000E+00
   32.970   0.0000E+00
   32.980   0.0000E+00
   32.990   0.0000E+00
   33.000   0.0000E+00
   33.010   0.0000E+00
   33.020   0.0000E+00
   33.030   0.0000E+00
   33.040   0.0000E+00
   33.050   0.0000E+00
   33.060   0.0000E+00
   33.070   0.0000E+00
   33.080   0.0000E+00
   33.090   0.0000E+00
   33.100   0.0000E+00
   33.110   0.0000E+00
   33.120   0.0000E+00
   33.130   0.0000E+00
   33.140   0.0000E+00
   33.150   0.0000E+00
   33.160   0.0000E+00
   33.170   0.0000E+00
   33.180   0.0000E+00
   33.190   0.0000E+00
   33.200   0.0000E+00
   33.210   0.0000E+00
   33.220   0.0000E+00
   33.230   0.0000E+00
   33.240   0.0000E+00
   33.250   0.0000E+00
   33.260   0.0000E+00
   33.270   0.0000E+00
   33.280   0.0000E+00
   33.290   0.0000E+00
   33.300   0.0000E+00
   33.310   0.0000E+00
   33.320   0.0000E+00
   33.330   0.0000E+00
   33.340   0.0000E+00
   33.350   0.0000E+00
   33.360   0.0000E+00
   33.370   0.0000E+00
   33.380   0.0000E+00
   33.390   0.0000E+00
   33.400   0.0000E+00
   33.410   0.0000E+00
   33.420   0.0000E+00
   33.430   0.0000E+00
   33.440   0.0000E+00
   33.450   0.0000E+00
   33.460   0.0000E+00
   33.470   0.0000E+00
   33.480   0.0000E+00
   33.490   0.0000E+00
   33.500   0.0000E+00
   33.510   0.0000E+00
   33.520   0.0000E+00
   33.530   0.0000E+00
   33.540   0.0000E+00
   33.550   0.0000E+00
   33.560   0.0000E+00
   33.570   0.0000E+00
   33.580   0.0000E+00
   33.590   0.0000E+00
   33.600   0.0000E+00
   33.610   0.0000E+00
   33.620   0.0000E+00
   33.630   0.0000E+00
   33.640   0.0000E+00
   33.650   0.0000E+00
   33.660   0.0000E+00
   33.670   0.0000E+00
   33.680   0.0000E+00
   33.690   0.0000E+00
   33.700   0.0000E+00
   33.710   0.0000E+00
   33.720   0.0000E+00
   33.730   0.0000E+00
   33.740   0.0000E+00
   33.750   0.0000E+00
   33.760   0.0000E+00
   33.770   0.0000E+00
   33.780   0.0000E+00
   33.790   0.0000E+00
   33.800   0.0000E+00
   33.810   0.0000E+00
   33.820   0.0000E+00
   33.830   0.0000E+00
   33.840   0.0000E+00
   33.850   0.0000E+00
   33.860   0.0000E+00
   33.870   0.0000E+00
   33.880   0.0000E+00
   33.890   0.0000E+00
   33.900   0.0000E+00
   33.910   0.0000E+00
   33.920   0.0000E+00
   33.930   0.0000E+00
   33.940   0.0000E+00
   33.950   0.0000E+00
   33.960   0.0000E+00
   33.970   0.0000E+00
   33.980   0.0000E+00
   33.990   0.0000E+00
   34.000   0.0000E+00
   34.010   0.0000E+00
   34.020   0.0000E+00
   34.030   0.0000E+00
   34.040   0.0000E+00
   34.050   0.0000E+00
   34.060   0.0000E+00
   34.070   0.0000E+00
   34.080   0.0000E+00
   34.090   0.0000E+00
   34.100   0.0000E+00
   34.110   0.0000E+00
   34.120   0.0000E+00
   34.130   0.0000E+00
   34.140   0.0000E+00
   34.150   0.0000E+00
   34.160   0.0000E+00
   34.170   0.0000E+00
   34.180   0.0000E+00
   34.190   0.0000E+00
   34.200   0.0000E+00
   34.210   0.0000E+00
   34.220   0.0000E+00
   34.230   0.0000E+00
   34.240   0.0000E+00
   34.250   0.0000E+00
   34.260   0.0000E+00
   34.270   0.0000E+00
   34.280   0.0000E+00
   34.290   0.0000E+00
   34.300   0.0000E+00
   34.310   0.0000E+00
   34.320   0.0000E+00
   34.330   0.0000E+00
   34.340   0.0000E+00
   34.350   0.0000E+00
   34.360   0.0000E+00
   34.370   0.0000E+00
   34.380   0.0000E+00
   34.390   0.0000E+00
   34.400   0.0000E+00
   34.410   0.0000E+00
   34.420   0.0000E+00
   34.430   0.0000E+00
   34.440   0.0000E+00
   34.450   0.0000E+00
   34.460   0.0000E+00
   34.470   0.0000E+00
   34.480   0.0000E+00
   34.490   0.0000E+00
   34.500   0.0000E+00
   34.510   0.0000E+00
   34.520   0.0000E+00
   34.530   0.0000E+00
   34.540   0.0000E+00
   34.550   0.0000E+00
   34.560   0.0000E+00
   34.570   0.0000E+00
   34.580   0.0000E+00
   34.590   0.0000E+00
   34.600   0.0000E+00
   34.610   0.0000E+00
   34.620   0.0000E+00
   34.630   0.0000E+00
   34.640   0.0000E+00
   34.650   0.0000E+00
   34.660   0.0000E+00
   34.670   0.0000E+00
   34.680   0.0000E+00
   34.690   0.0000E+00
   34.700   0.0000E+00
   34.710   0.0000E+00
   34.720   0.0000E+00
   34.730   0.0000E+00
   34.740   0.0000E+00
   34.750   0.0000E+00
   34.760   0.0000E+00
   34.770   0.0000E+00
   34.780   0.0000E+00
   34.790   0.0000E+00
   34.800   0.0000E+00
   34.810   0.0000E+00
   34.820   0.0000E+00
   34.830   0.0000E+00
   34.840   0.0000E+00
   34.850   0.0000E+00
   34.860   0.0000E+00
   34.870   0.0000E+00
   34.880   0.0000E+00
   34.890   0.0000E+00
   34.900   0.0000E+00
   34.910   0.0000E+00
   34.920   0.0000E+00
   34.930   0.0000E+00
   34.940   0.0000E+00
   34.950   0.0000E+00
   34.960   0.0000E+00
   34.970   0.0000E+00
   34.980   0.0000E+00
   34.990   0.0000E+00
   35.000   0.0000E+00
   35.010   0.0000E+00
   35.020   0.0000E+00
   35.030   0.0000E+00
   35.040   0.0000E+00
   35.050   0.0000E+00
   35.060   0.0000E+00
   35.070   0.0000E+00
   35.080   0.0000E+00
   35.090   0.0000E+00
   35.100   0.0000E+00
   35.110   0.0000E+00
   35.120   0.0000E+00
   35.130   0.0000E+00
   35.140   0.0000E+00
   35.150   0.0000E+00
   35.160   0.0000E+00
   35.170   0.0000E+00
   35.180   0.0000E+00
   35.190   0.0000E+00
   35.200   0.0000E+00
   35.210   0.0000E+00
   35.220   0.0000E+00
   35.230   0.0000E+00
   35.240   0.0000E+00
   35.250   0.0000E+00
   35.260   0.0000E+00
   35.270   0.0000E+00
   35.280   0.0000E+00
   35.290   0.0000E+00
   35.300   0.0000E+00
   35.310   0.0000E+00
   35.320   0.0000E+00
   35.330   0.0000E+00
   35.340   0.0000E+00
   35.350   0.0000E+00
   35.360   0.0000E+00
   35.370   0.0000E+00
   35.380   0.0000E+00
   35.390   0.0000E+00
   35.400   0.0000E+00
   35.410   0.0000E+00
   35.420   0.0000E+00
   35.430   0.0000E+00
   35.440   0.0000E+00
   35.450   0.0000E+00
   35.460   0.0000E+00
   35.470   0.0000E+00
   35.480   0.0000E+00
   35.490   0.0000E+00
   35.500   0.0000E+00
   35.510   0.0000E+00
   35.520   0.0000E+00
   35.530   0.0000E+00
   35.540   0.0000E+00
   35.550   0.0000E+00
   35.560   0.0000E+00
   35.570   0.0000E+00
   35.580   0.0000E+00
   35.590   0.0000E+00
   35.600   0.0000E+00
   35.610   0.0000E+00
   35.620   0.0000E+00
   35.630   0.0000E+00
   35.640   0.0000E+00
   35.650   0.0000E+00
   35.660   0.0000E+00
   35.670   0.0000E+00
   35.680   0.0000E+00
   35.690   0.0000E+00
   35.700   0.0000E+00
   35.710   0.0000E+00
   35.720   0.0000E+00
   35.730   0.0000E+00
   35.740   0.0000E+00
   35.750   0.0000E+00
   35.760   0.0000E+00
   35.770   0.0000E+00
   35.780   0.0000E+00
   35.790   0.0000E+00
   35.800   0.0000E+00
   35.810   0.0000E+00
   35.820   0.0000E+00
   35.830   0.0000E+00
   35.840   0.0000E+00
   35.850   0.0000E+00
   35.860   0.0000E+00
   35.870   0.0000E+00
   35.880   0.0000E+00
   35.890   0.0000E+00
   35.900   0.0000E+00
   35.910   0.0000E+00
   35.920   0.0000E+00
   35.930   0.0000E+00
   35.940   0.0000E+00
   35.950   0.0000E+00
   35.960   0.0000E+00
   35.970   0.0000E+00
   35.980   0.0000E+00
   35.990   0.0000E+00
   36.000   0.0000E+00
   36.010   0.0000E+00
   36.020   0.0000E+00
   36.030   0.0000E+00
   36.040   0.0000E+00
   36.050   0.0000E+00
   36.060   0.0000E+00
   36.070   0.0000E+00
   36.080   0.0000E+00
   36.090   0.0000E+00
   36.100   0.0000E+00
   36.110   0.0000E+00
   36.120   0.0000E+00
   36.130   0.0000E+00
   36.140   0.0000E+00
   36.150   0.0000E+00
   36.160   0.0000E+00
   36.170   0.0000E+00
   36.180   0.0000E+00
   36.190   0.0000E+00
   36.200   0.0000E+00
   36.210   0.0000E+00
   36.220   0.0000E+00
   36.230   0.0000E+00
   36.240   0.0000E+00
   36.250   0.0000E+00
   36.260   0.0000E+00
   36.270   0.0000E+00
   36.280   0.0000E+00
   36.290   0.0000E+00
   36.300   0.0000E+00
   36.310   0.0000E+00
   36.320   0.0000E+00
   36.330   0.0000E+00
   36.340   0.0000E+00
   36.350   0.0000E+00
   36.360   0.0000E+00
   36.370   0.0000E+00
   36.380   0.0000E+00
   36.390   0.0000E+00
   36.400   0.0000E+00
   36.410   0.0000E+00
   36.420   0.0000E+00
   36.430   0.0000E+00
   36.440   0.0000E+00
   36.450   0.0000E+00
   36.460   0.0000E+00
   36.470   0.0000E+00
   36.480   0.0000E+00
   36.490   0.0000E+00
   36.500   0.0000E+00
   36.510   0.0000E+00
   36.520   0.0000E+00
   36.530   0.0000E+00
   36.540   0.0000E+00
   36.550   0.0000E+00
   36.560   0.0000E+00
   36.570   0.0000E+00
   36.580   0.0000E+00
   36.590   0.0000E+00
   36.600   0.0000E+00
   36.610   0.0000E+00
   36.620   0.0000E+00
   36.630   0.0000E+00
   36.640   0.0000E+00
   36.650   0.0000E+00
   36.660   0.0000E+00
   36.670   0.0000E+00
   36.680   0.0000E+00
   36.690   0.0000E+00
   36.700   0.0000E+00
   36.710   0.0000E+00
   36.720   0.0000E+00
   36.730   0.0000E+00
   36.740   0.0000E+00
   36.750   0.0000E+00
   36.760   0.0000E+00
   36.770   0.0000E+00
   36.780   0.0000E+00
   36.790   0.0000E+00
   36.800   0.0000E+00
   36.810   0.0000E+00
   36.820   0.0000E+00
   36.830   0.0000E+00
   36.840   0.0000E+00
   36.850   0.0000E+00
   36.860   0.0000E+00
   36.870   0.0000E+00
   36.880   0.0000E+00
   36.890   0.0000E+00
   36.900   0.0000E+00
   36.910   0.0000E+00
   36.920   0.0000E+00
   36.930   0.0000E+00
   36.940   0.0000E+00
   36.950   0.0000E+00
   36.960   0.0000E+00
   36.970   0.0000E+00
   36.980   0.0000E+00
   36.990   0.0000E+00
   37.000   0.0000E+00
   37.010   0.0000E+00
   37.020   0.0000E+00
   37.030   0.0000E+00
   37.040   0.0000E+00
   37.050   0.0000E+00
   37.060   0.0000E+00
   37.070   0.0000E+00
   37.080   0.0000E+00
   37.090   0.0000E+00
   37.100   0.0000E+00
   37.110   0.0000E+00
   37.120   0.0000E+00
   37.130   0.0000E+00
   37.140   0.0000E+00
   37.150   0.0000E+00
   37.160   0.0000E+00
   37.170   0.0000E+00
   37.180   0.0000E+00
   37.190   0.0000E+00
   37.200   0.0000E+00
   37.210   0.0000E+00
   37.220   0.0000E+00
   37.230   0.0000E+00
   37.240   0.0000E+00
   37.250   0.0000E+00
   37.260   0.0000E+00
   37.270   0.0000E+00
   37.280   0.0000E+00
   37.290   0.0000E+00
   37.300   0.0000E+00
   37.310   0.0000E+00
   37.320   0.0000E+00
   37.330   0.0000E+00
   37.340   0.0000E+00
   37.350   0.0000E+00
   37.360   0.0000E+00
   37.370   0.0000E+00
   37.380   0.0000E+00
   37.390   0.0000E+00
   37.400   0.0000E+00
   37.410   0.0000E+00
   37.420   0.0000E+00
   37.430   0.0000E+00
   37.440   0.0000E+00
   37.450   0.0000E+00
   37.460   0.0000E+00
   37.470   0.0000E+00
   37.480   0.0000E+00
   37.490   0.0000E+00
   37.500   0.0000E+00
   37.510   0.0000E+00
   37.520   0.0000E+00
   37.530   0.0000E+00
   37.540   0.0000E+00
   37.550   0.0000E+00
   37.560   0.0000E+00
   37.570   0.0000E+00
   37.580   0.0000E+00
   37.590   0.0000E+00
   37.600   0.0000E+00
   37.610   0.0000E+00
   37.620   0.0000E+00
   37.630   0.0000E+00
   37.640   0.0000E+00
   37.650   0.0000E+00
   37.660   0.0000E+00
   37.670   0.0000E+00
   37.680   0.0000E+00
   37.690   0.0000E+00
   37.700   0.0000E+00
   37.710   0.0000E+00
   37.720   0.0000E+00
   37.730   0.0000E+00
   37.740   0.0000E+00
   37.750   0.0000E+00
   37.760   0.0000E+00
   37.770   0.0000E+00
   37.780   0.0000E+00
   37.790   0.0000E+00
   37.800   0.0000E+00
   37.810   0.0000E+00
   37.820   0.0000E+00
   37.830   0.0000E+00
   37.840   0.0000E+00
   37.850   0.0000E+00
   37.860   0.0000E+00
   37.870   0.0000E+00
   37.880   0.0000E+00
   37.890   0.0000E+00
   37.900   0.0000E+00
   37.910   0.0000E+00
   37.920   0.0000E+00
   37.930   0.0000E+00
   37.940   0.0000E+00
   37.950   0.0000E+00
   37.960   0.0000E+00
   37.970   0.0000E+00
   37.980   0.0000E+00
   37.990   0.0000E+00
   38.000   0.0000E+00
   38.010   0.0000E+00
   38.020   0.0000E+00
   38.030   0.0000E+00
   38.040   0.0000E+00
   38.050   0.0000E+00
   38.060   0.0000E+00
   38.070   0.0000E+00
   38.080   0.0000E+00
   38.090   0.0000E+00
   38.100   0.0000E+00
   38.110   0.0000E+00
   38.120   0.0000E+00
   38.130   0.0000E+00
   38.140   0.0000E+00
   38.150   0.0000E+00
   38.160   0.0000E+00
   38.170   0.0000E+00
   38.180   0.0000E+00
   38.190   0.0000E+00
   38.200   0.0000E+00
   38.210   0.0000E+00
   38.220   0.0000E+00
   38.230   0.0000E+00
   38.240   0.0000E+00
   38.250   0.0000E+00
   38.260   0.0000E+00
   38.270   0.0000E+00
   38.280   0.0000E+00
   38.290   0.0000E+00
   38.300   0.0000E+00
   38.310   0.0000E+00
   38.320   0.0000E+00
   38.330   0.0000E+00
   38.340   0.0000E+00
   38.350   0.0000E+00
   38.360   0.0000E+00
   38.370   0.0000E+00
   38.380   0.0000E+00
   38.390   0.0000E+00
   38.400   0.0000E+00
   38.410   0.0000E+00
   38.420   0.0000E+00
   38.430   0.0000E+00
   38.440   0.0000E+00
   38.450   0.0000E+00
   38.460   0.0000E+00
   38.470   0.0000E+00
   38.480   0.0000E+00
   38.490   0.0000E+00
   38.500   0.0000E+00
   38.510   0.0000E+00
   38.520   0.0000E+00
   38.530   0.0000E+00
   38.540   0.0000E+00
   38.550   0.0000E+00
   38.560   0.0000E+00
   38.570   0.0000E+00
   38.580   0.0000E+00
   38.590   0.0000E+00
   38.600   0.0000E+00
   38.610   0.0000E+00
   38.620   0.0000E+00
   38.630   0.0000E+00
   38.640   0.0000E+00
   38.650   0.0000E+00
   38.660   0.0000E+00
   38.670   0.0000E+00
   38.680   0.0000E+00
   38.690   0.0000E+00
   38.700   0.0000E+00
   38.710   0.0000E+00
   38.720   0.0000E+00
   38.730   0.0000E+00
   38.740   0.0000E+00
   38.750   0.0000E+00
   38.760   0.0000E+00
   38.770   0.0000E+00
   38.780   0.0000E+00
   38.790   0.0000E+00
   38.800   0.0000E+00
   38.810   0.0000E+00
   38.820   0.0000E+00
   38.830   0.0000E+00
   38.840   0.0000E+00
   38.850   0.0000E+00
   38.860   0.0000E+00
   38.870   0.0000E+00
   38.880   0.0000E+00
   38.890   0.0000E+00
   38.900   0.0000E+00
   38.910   0.0000E+00
   38.920   0.0000E+00
   38.930   0.0000E+00
   38.940   0.0000E+00
   38.950   0.0000E+00
   38.960   0.0000E+00
   38.970   0.0000E+00
   38.980   0.0000E+00
   38.990   0.0000E+00
   39.000   0.0000E+00
   39.010   0.0000E+00
   39.020   0.0000E+00
   39.030   0.0000E+00
   39.040   0.0000E+00
   39.050   0.0000E+00
   39.060   0.0000E+00
   39.070   0.0000E+00
   39.080   0.0000E+00
   39.090   0.0000E+00
   39.100   0.0000E+00
   39.110   0.0000E+00
   39.120   0.0000E+00
   39.130   0.0000E+00
   39.140   0.0000E+00
   39.150   0.0000E+00
   39.160   0.0000E+00
   39.170   0.0000E+00
   39.180   0.0000E+00
   39.190   0.0000E+00
   39.200   0.0000E+00
   39.210   0.0000E+00
   39.220   0.0000E+00
   39.230   0.0000E+00
   39.240   0.0000E+00
   39.250   0.0000E+00
   39.260   0.0000E+00
   39.270   0.0000E+00
   39.280   0.0000E+00
   39.290   0.0000E+00
   39.300   0.0000E+00
   39.310   0.0000E+00
   39.320   0.0000E+00
   39.330   0.0000E+00
   39.340   0.0000E+00
   39.350   0.0000E+00
   39.360   0.0000E+00
   39.370   0.0000E+00
   39.380   0.0000E+00
   39.390   0.0000E+00
   39.400   0.0000E+00
   39.410   0.0000E+00
   39.420   0.0000E+00
   39.430   0.0000E+00
   39.440   0.0000E+00
   39.450   0.0000E+00
   39.460   0.0000E+00
   39.470   0.0000E+00
   39.480   0.0000E+00
   39.490   0.0000E+00
   39.500   0.0000E+00
   39.510   0.0000E+00
   39.520   0.0000E+00
   39.530   0.0000E+00
   39.540   0.0000E+00
   39.550   0.0000E+00
   39.560   0.0000E+00
   39.570   0.0000E+00
   39.580   0.0000E+00
   39.590   0.0000E+00
   39.600   0.0000E+00
   39.610   0.0000E+00
   39.620   0.0000E+00
   39.630   0.0000E+00
   39.640   0.0000E+00
   39.650   0.0000E+00
   39.660   0.0000E+00
   39.670   0.0000E+00
   39.680   0.0000E+00
   39.690   0.0000E+00
   39.700   0.0000E+00
   39.710   0.0000E+00
   39.720   0.0000E+00
   39.730   0.0000E+00
   39.740   0.0000E+00
   39.750   0.0000E+00
   39.760   0.0000E+00
   39.770   0.0000E+00
   39.780   0.0000E+00
   39.790   0.0000E+00
   39.800   0.0000E+00
   39.810   0.0000E+00
   39.820   0.0000E+00
   39.830   0.0000E+00
   39.840   0.0000E+00
   39.850   0.0000E+00
   39.860   0.0000E+00
   39.870   0.0000E+00
   39.880   0.0000E+00
   39.890   0.0000E+00
   39.900   0.0000E+00
   39.910   0.0000E+00
   39.920   0.0000E+00
   39.930   0.0000E+00
   39.940   0.0000E+00
   39.950   0.0000E+00
   39.960   0.0000E+00
   39.970   0.0000E+00
   39.980   0.0000E+00
   39.990   0.0000E+00
   40.000   0.0000E+00
   40.010   0.0000E+00
   40.020   0.0000E+00
   40.030   0.0000E+00
   40.040   0.0000E+00
   40.050   0.0000E+00
   40.060   0.0000E+00
   40.070   0.0000E+00
   40.080   0.0000E+00
   40.090   0.0000E+00
   40.100   0.0000E+00
   40.110   0.0000E+00
   40.120   0.0000E+00
   40.130   0.0000E+00
   40.140   0.0000E+00
   40.150   0.0000E+00
   40.160   0.0000E+00
   40.170   0.0000E+00
   40.180   0.0000E+00
   40.190   0.0000E+00
   40.200   0.0000E+00
   40.210   0.0000E+00
   40.220   0.0000E+00
   40.230   0.0000E+00
   40.240   0.0000E+00
   40.250   0.0000E+00
   40.260   0.0000E+00
   40.270   0.0000E+00
   40.280   0.0000E+00
   40.290   0.0000E+00
   40.300   0.0000E+00
   40.310   0.0000E+00
   40.320   0.0000E+00
   40.330   0.0000E+00
   40.340   0.0000E+00
   40.350   0.0000E+00
   40.360   0.0000E+00
   40.370   0.0000E+00
   40.380   0.0000E+00
   40.390   0.0000E+00
   40.400   0.0000E+00
   40.410   0.0000E+00
   40.420   0.0000E+00
   40.430   0.0000E+00
   40.440   0.0000E+00
   40.450   0.0000E+00
   40.460   0.0000E+00
   40.470   0.0000E+00
   40.480   0.0000E+00
   40.490   0.0000E+00
   40.500   0.0000E+00
   40.510   0.0000E+00
   40.520   0.0000E+00
   40.530   0.0000E+00
   40.540   0.0000E+00
   40.550   0.0000E+00
   40.560   0.0000E+00
   40.570   0.0000E+00
   40.580   0.0000E+00
   40.590   0.0000E+00
   40.600   0.0000E+00
   40.610   0.0000E+00
   40.620   0.0000E+00
   40.630   0.0000E+00
   40.640   0.0000E+00
   40.650   0.0000E+00
   40.660   0.0000E+00
   40.670   0.0000E+00
   40.680   0.0000E+00
   40.690   0.0000E+00
   40.700   0.0000E+00
   40.710   0.0000E+00
   40.720   0.0000E+00
   40.730   0.0000E+00
   40.740   0.0000E+00
   40.750   0.0000E+00
   40.760   0.0000E+00
   40.770   0.0000E+00
   40.780   0.0000E+00
   40.790   0.0000E+00
   40.800   0.0000E+00
   40.810   0.0000E+00
   40.820   0.0000E+00
   40.830   0.0000E+00
   40.840   0.0000E+00
   40.850   0.0000E+00
   40.860   0.0000E+00
   40.870   0.0000E+00
   40.880   0.0000E+00
   40.890   0.0000E+00
   40.900   0.0000E+00
   40.910   0.0000E+00
   40.920   0.0000E+00
   40.930   0.0000E+00
   40.940   0.0000E+00
   40.950   0.0000E+00
