**********************************************
*******  Acceleration Time Series ************
*** Site #   1
*** trial   23
Input Parameters file =  aqu_0604_z_parameters.out                                                                                               
  4096 samples
dt:  0.010 sec
data format: (1x,f8.3,1p,2x,e11.4)
maximum absolute acceleration: 416.59
fault Dis.(km)=    4.28
Hypo  Dis.(km)=   11.58
  time(s) acc(cm/s**2)
    0.000   0.0000E+00
    0.010   0.0000E+00
    0.020   0.0000E+00
    0.030   0.0000E+00
    0.040   0.0000E+00
    0.050   0.0000E+00
    0.060   0.0000E+00
    0.070   0.0000E+00
    0.080   0.0000E+00
    0.090   0.0000E+00
    0.100   0.0000E+00
    0.110   0.0000E+00
    0.120   0.0000E+00
    0.130   0.0000E+00
    0.140   0.0000E+00
    0.150   0.0000E+00
    0.160   0.0000E+00
    0.170   0.0000E+00
    0.180   0.0000E+00
    0.190   0.0000E+00
    0.200   0.0000E+00
    0.210   0.0000E+00
    0.220   0.0000E+00
    0.230   0.0000E+00
    0.240   4.1554E-01
    0.250   2.8836E-01
    0.260   1.3910E-01
    0.270  -2.1566E-02
    0.280  -1.8119E-01
    0.290  -3.2604E-01
    0.300  -4.4199E-01
    0.310  -5.1834E-01
    0.320  -5.5181E-01
    0.330  -5.4721E-01
    0.340  -5.1568E-01
    0.350  -4.7252E-01
    0.360  -4.3345E-01
    0.370  -4.0824E-01
    0.380  -3.9537E-01
    0.390  -3.8318E-01
    0.400  -3.5755E-01
    0.410  -3.1012E-01
    0.420  -2.4126E-01
    0.430  -4.4616E-02
    0.440   5.1241E-02
    0.450   1.4401E-01
    0.460   2.3175E-01
    0.470   3.1804E-01
    0.480   4.1200E-01
    0.490   5.2375E-01
    0.500   6.5678E-01
    0.510   8.0161E-01
    0.520   9.3747E-01
    0.530   1.0437E+00
    0.540   1.1106E+00
    0.550   1.1366E+00
    0.560   1.1158E+00
    0.570   1.0333E+00
    0.580   8.7698E-01
    0.590   6.5267E-01
    0.600   3.8345E-01
    0.610   9.5005E-02
    0.620  -7.8151E-02
    0.630  -3.8109E-01
    0.640  -6.4245E-01
    0.650  -8.3040E-01
    0.660  -9.1692E-01
    0.670  -8.9014E-01
    0.680   3.2560E-02
    0.690   3.1617E-01
    0.700   5.5608E-01
    0.710   6.9693E-01
    0.720   7.1706E-01
    0.730   6.2941E-01
    0.740   4.6166E-01
    0.750   2.3782E-01
    0.760  -2.2202E-02
    0.770  -2.9325E-01
    0.780  -5.4330E-01
    0.790  -4.0708E-01
    0.800  -2.7032E-01
    0.810  -2.6346E-01
    0.820  -1.6724E-01
    0.830  -5.3620E-03
    0.840   1.8307E-01
    0.850   3.6351E-01
    0.860   5.2177E-01
    0.870   6.6157E-01
    0.880   7.8724E-01
    0.890   8.8861E-01
    0.900   9.4233E-01
    0.910   9.2829E-01
    0.920   8.4727E-01
    0.930   7.2549E-01
    0.940   2.3261E-01
    0.950   4.0998E-02
    0.960  -2.2043E-01
    0.970  -3.4135E-01
    0.980  -3.4638E-01
    0.990  -2.7279E-01
    1.000  -1.5784E-01
    1.010  -3.9508E-02
    1.020   4.0750E-02
    1.030   4.7144E-02
    1.040  -3.2312E-02
    1.050  -1.7530E-01
    1.060  -3.3316E-01
    1.070  -4.5392E-01
    1.080  -5.0435E-01
    1.090  -4.8455E-02
    1.100  -1.0898E-01
    1.110  -9.0784E-02
    1.120  -5.6922E-03
    1.130   9.7615E-02
    1.140   1.4950E-01
    1.150   1.0414E-01
    1.160  -4.1878E-01
    1.170  -7.0220E-01
    1.180  -9.8067E-01
    1.190  -1.0449E+00
    1.200  -1.3357E+00
    1.210  -1.0330E+00
    1.220  -1.3289E+00
    1.230  -1.2310E+00
    1.240  -1.3796E+00
    1.250  -1.4501E+00
    1.260  -1.4364E+00
    1.270  -1.6413E+00
    1.280  -1.4657E+00
    1.290  -1.3207E+00
    1.300  -1.2532E+00
    1.310  -1.2561E+00
    1.320  -1.2825E+00
    1.330  -1.2852E+00
    1.340  -1.2404E+00
    1.350  -1.1408E+00
    1.360  -9.8025E-01
    1.370  -7.6286E-01
    1.380  -5.2641E-01
    1.390  -3.4422E-01
    1.400  -2.8884E-01
    1.410  -3.7864E-01
    1.420  -6.6737E-01
    1.430  -1.0717E+00
    1.440  -1.5448E+00
    1.450  -2.0266E+00
    1.460  -2.4399E+00
    1.470  -2.3808E+00
    1.480  -2.3263E+00
    1.490  -2.0686E+00
    1.500  -1.6245E+00
    1.510  -1.0457E+00
    1.520  -4.3654E-01
    1.530   7.9520E-02
    1.540   4.3679E-01
    1.550   6.5786E-01
    1.560   7.9568E-01
    1.570   7.1306E-01
    1.580   7.6425E-01
    1.590   7.4285E-01
    1.600   7.1118E-01
    1.610   7.2945E-01
    1.620   8.1402E-01
    1.630   8.7823E-01
    1.640   1.2375E+00
    1.650   1.7630E+00
    1.660   1.9211E+00
    1.670   1.9478E+00
    1.680   1.8386E+00
    1.690   1.6854E+00
    1.700   1.6102E+00
    1.710   1.6661E+00
    1.720   1.8133E+00
    1.730   2.0435E+00
    1.740   2.2147E+00
    1.750   2.7009E+00
    1.760   2.8745E+00
    1.770   2.9909E+00
    1.780   2.9577E+00
    1.790   3.6857E+00
    1.800   3.7078E+00
    1.810   2.9365E+00
    1.820   1.8083E+00
    1.830   4.0418E-01
    1.840  -1.1394E+00
    1.850  -2.6635E+00
    1.860  -4.0516E+00
    1.870  -4.8376E+00
    1.880  -5.4669E+00
    1.890  -5.6065E+00
    1.900  -5.2617E+00
    1.910  -4.5468E+00
    1.920  -3.6470E+00
    1.930  -3.0466E+00
    1.940  -2.2647E+00
    1.950  -1.4009E+00
    1.960  -1.7318E+00
    1.970  -1.4214E+00
    1.980  -1.1737E+00
    1.990  -9.7225E-01
    2.000  -8.0488E-01
    2.010  -6.6389E-01
    2.020  -5.6913E-01
    2.030  -2.5642E-01
    2.040   4.2046E-01
    2.050   1.1834E+00
    2.060   2.3990E+00
    2.070   3.4453E+00
    2.080   4.1157E+00
    2.090   4.5118E+00
    2.100   4.7273E+00
    2.110   5.0046E+00
    2.120   4.9385E+00
    2.130   4.4619E+00
    2.140   3.9815E+00
    2.150   3.2272E+00
    2.160   2.0599E+00
    2.170   8.8094E-01
    2.180  -3.0720E-01
    2.190  -1.3885E+00
    2.200  -2.3018E+00
    2.210  -2.9761E+00
    2.220  -3.5378E+00
    2.230  -3.9075E+00
    2.240  -4.1701E+00
    2.250  -3.9876E+00
    2.260  -3.6448E+00
    2.270  -3.1690E+00
    2.280  -2.3768E+00
    2.290  -1.6889E+00
    2.300  -1.2350E+00
    2.310  -3.9249E-01
    2.320  -3.3894E-01
    2.330  -4.3212E-01
    2.340  -6.1607E-01
    2.350  -8.4334E-01
    2.360  -9.4405E-01
    2.370  -9.7827E-01
    2.380  -1.1693E+00
    2.390  -6.3158E-01
    2.400   1.0265E-01
    2.410   8.1748E-01
    2.420   1.4870E+00
    2.430   2.1467E+00
    2.440   2.6036E+00
    2.450   3.2417E+00
    2.460   3.3264E+00
    2.470   3.1831E+00
    2.480   3.5165E+00
    2.490   3.4771E+00
    2.500   3.4456E+00
    2.510   2.9000E+00
    2.520   2.3049E+00
    2.530   1.8111E+00
    2.540   1.4872E+00
    2.550   1.2512E+00
    2.560   1.0412E+00
    2.570   7.5811E-01
    2.580  -1.5962E-01
    2.590  -1.1867E+00
    2.600  -2.1144E+00
    2.610  -2.7274E+00
    2.620  -2.9722E+00
    2.630  -2.8670E+00
    2.640  -1.9847E+00
    2.650  -1.5518E+00
    2.660  -1.1679E+00
    2.670  -7.2172E-01
    2.680   1.2970E-02
    2.690   9.6392E-01
    2.700   2.2644E+00
    2.710   3.6529E+00
    2.720   4.7688E+00
    2.730   4.8620E+00
    2.740   5.5354E+00
    2.750   4.9900E+00
    2.760   4.4249E+00
    2.770   3.7403E+00
    2.780   2.9200E+00
    2.790   2.0263E+00
    2.800   1.1654E+00
    2.810   1.8133E+00
    2.820   1.0736E+00
    2.830   3.2069E-01
    2.840  -3.9265E-01
    2.850  -1.2309E+00
    2.860  -2.0471E+00
    2.870  -2.7544E+00
    2.880  -3.4429E+00
    2.890  -4.3853E+00
    2.900  -5.5381E+00
    2.910  -6.4741E+00
    2.920  -7.6403E+00
    2.930  -7.9622E+00
    2.940  -8.2719E+00
    2.950  -8.1634E+00
    2.960  -7.7164E+00
    2.970  -7.0205E+00
    2.980  -5.8541E+00
    2.990  -4.6657E+00
    3.000  -3.4305E+00
    3.010  -1.5299E+00
    3.020   3.7297E-01
    3.030   1.9406E+00
    3.040   2.9344E+00
    3.050   3.2595E+00
    3.060   2.9461E+00
    3.070   2.1497E+00
    3.080   1.1433E+00
    3.090   8.5591E-01
    3.100   4.6799E-02
    3.110  -6.5191E-01
    3.120  -1.3722E+00
    3.130  -2.2390E+00
    3.140  -3.0641E+00
    3.150  -2.4939E+00
    3.160  -2.8874E+00
    3.170  -2.8119E+00
    3.180  -2.3645E+00
    3.190  -1.6213E+00
    3.200  -1.1845E+00
    3.210   1.2031E+00
    3.220   2.7984E+00
    3.230   4.2893E+00
    3.240   5.3520E+00
    3.250   5.9792E+00
    3.260   6.0012E+00
    3.270   5.5966E+00
    3.280   4.7711E+00
    3.290   3.5436E+00
    3.300   2.1244E+00
    3.310   6.1386E-01
    3.320  -1.3729E-01
    3.330  -3.2231E-01
    3.340  -3.4180E-01
    3.350  -4.0221E-01
    3.360  -4.9454E-01
    3.370  -1.3638E-01
    3.380   7.1278E-01
    3.390   1.7452E+00
    3.400   2.9776E+00
    3.410   4.1375E+00
    3.420   5.3505E+00
    3.430   6.5535E+00
    3.440   8.1771E+00
    3.450   9.6249E+00
    3.460   1.0498E+01
    3.470   1.0904E+01
    3.480   1.0734E+01
    3.490   1.0804E+01
    3.500   1.0346E+01
    3.510   9.5798E+00
    3.520   8.5873E+00
    3.530   7.4645E+00
    3.540   6.0664E+00
    3.550   4.0053E+00
    3.560   1.0900E+00
    3.570  -2.4456E+00
    3.580  -5.4501E+00
    3.590  -7.3985E+00
    3.600  -8.3807E+00
    3.610  -8.9273E+00
    3.620  -9.9284E+00
    3.630  -1.0987E+01
    3.640  -1.1704E+01
    3.650  -1.2420E+01
    3.660  -1.2979E+01
    3.670  -1.3256E+01
    3.680  -1.2858E+01
    3.690  -1.2338E+01
    3.700  -1.1228E+01
    3.710  -9.9926E+00
    3.720  -8.3473E+00
    3.730  -6.1209E+00
    3.740  -3.2208E+00
    3.750  -2.4454E-02
    3.760   3.2088E+00
    3.770   5.4453E+00
    3.780   7.1888E+00
    3.790   7.8991E+00
    3.800   7.7702E+00
    3.810   7.1477E+00
    3.820   6.3221E+00
    3.830   5.2404E+00
    3.840   3.8088E+00
    3.850   2.4737E+00
    3.860   5.1168E-01
    3.870  -1.0421E+00
    3.880  -1.5528E+00
    3.890  -5.3578E-01
    3.900   1.8819E+00
    3.910   5.6336E+00
    3.920   9.7514E+00
    3.930   1.3275E+01
    3.940   1.5527E+01
    3.950   1.6465E+01
    3.960   1.6411E+01
    3.970   1.4880E+01
    3.980   1.3606E+01
    3.990   1.1563E+01
    4.000   8.6380E+00
    4.010   5.1090E+00
    4.020   1.8119E+00
    4.030  -4.6363E-01
    4.040  -1.5407E+00
    4.050  -1.4980E+00
    4.060  -6.4495E-01
    4.070   5.6239E-01
    4.080   1.3336E+00
    4.090   1.0503E+00
    4.100  -3.0411E-01
    4.110  -2.0489E+00
    4.120  -3.3813E+00
    4.130  -3.9663E+00
    4.140  -4.0028E+00
    4.150  -3.9808E+00
    4.160  -4.5004E+00
    4.170  -6.0476E+00
    4.180  -8.5861E+00
    4.190  -1.1089E+01
    4.200  -1.3390E+01
    4.210  -1.5240E+01
    4.220  -1.6538E+01
    4.230  -1.7764E+01
    4.240  -1.8540E+01
    4.250  -1.8117E+01
    4.260  -1.7192E+01
    4.270  -1.6192E+01
    4.280  -1.5881E+01
    4.290  -1.6443E+01
    4.300  -1.7655E+01
    4.310  -1.9167E+01
    4.320  -2.0633E+01
    4.330  -2.1673E+01
    4.340  -2.1954E+01
    4.350  -2.1402E+01
    4.360  -2.0271E+01
    4.370  -1.8895E+01
    4.380  -1.7274E+01
    4.390  -1.5359E+01
    4.400  -1.1343E+01
    4.410  -6.0356E+00
    4.420   1.9325E-01
    4.430   6.2143E+00
    4.440   1.1222E+01
    4.450   1.4837E+01
    4.460   1.7163E+01
    4.470   1.8789E+01
    4.480   2.0462E+01
    4.490   2.2703E+01
    4.500   2.5446E+01
    4.510   2.8027E+01
    4.520   2.9592E+01
    4.530   2.9588E+01
    4.540   2.8180E+01
    4.550   2.5655E+01
    4.560   2.2890E+01
    4.570   2.0446E+01
    4.580   1.7376E+01
    4.590   1.2785E+01
    4.600   6.3699E+00
    4.610  -1.2590E+00
    4.620  -8.3954E+00
    4.630  -1.3420E+01
    4.640  -1.6005E+01
    4.650  -1.7004E+01
    4.660  -1.6751E+01
    4.670  -1.5319E+01
    4.680  -1.2391E+01
    4.690  -8.0087E+00
    4.700  -3.2920E+00
    4.710   1.9612E-01
    4.720   1.5185E+00
    4.730   6.7808E-01
    4.740  -1.8456E+00
    4.750  -6.3791E+00
    4.760  -1.2628E+01
    4.770  -1.9599E+01
    4.780  -2.5632E+01
    4.790  -2.9647E+01
    4.800  -3.1371E+01
    4.810  -3.1020E+01
    4.820  -2.8269E+01
    4.830  -2.2999E+01
    4.840  -1.5356E+01
    4.850  -6.6305E+00
    4.860   2.7731E+00
    4.870   1.0517E+01
    4.880   1.6703E+01
    4.890   2.0671E+01
    4.900   2.1809E+01
    4.910   2.0930E+01
    4.920   1.9566E+01
    4.930   1.9146E+01
    4.940   1.9655E+01
    4.950   2.0726E+01
    4.960   2.1969E+01
    4.970   2.2951E+01
    4.980   2.3325E+01
    4.990   2.2627E+01
    5.000   2.1221E+01
    5.010   2.0294E+01
    5.020   2.2291E+01
    5.030   2.6710E+01
    5.040   3.1255E+01
    5.050   3.3482E+01
    5.060   3.2840E+01
    5.070   3.1691E+01
    5.080   3.1249E+01
    5.090   3.0795E+01
    5.100   2.9024E+01
    5.110   2.5666E+01
    5.120   2.1558E+01
    5.130   1.7305E+01
    5.140   1.2743E+01
    5.150   8.6466E+00
    5.160   7.3061E+00
    5.170   1.0421E+01
    5.180   1.6105E+01
    5.190   2.0010E+01
    5.200   1.9110E+01
    5.210   1.4519E+01
    5.220   8.2235E+00
    5.230   2.7725E+00
    5.240  -3.0595E+00
    5.250  -1.1219E+01
    5.260  -2.2907E+01
    5.270  -3.6117E+01
    5.280  -4.7568E+01
    5.290  -5.3142E+01
    5.300  -5.0754E+01
    5.310  -4.3597E+01
    5.320  -3.6430E+01
    5.330  -3.0900E+01
    5.340  -2.9585E+01
    5.350  -3.2684E+01
    5.360  -3.7902E+01
    5.370  -4.2743E+01
    5.380  -4.6136E+01
    5.390  -4.5845E+01
    5.400  -4.0998E+01
    5.410  -3.4233E+01
    5.420  -2.8442E+01
    5.430  -2.4528E+01
    5.440  -2.0689E+01
    5.450  -1.2795E+01
    5.460   5.0463E-01
    5.470   1.4919E+01
    5.480   2.6524E+01
    5.490   3.4284E+01
    5.500   3.8663E+01
    5.510   4.1444E+01
    5.520   4.2146E+01
    5.530   3.6179E+01
    5.540   2.3873E+01
    5.550   9.0923E+00
    5.560  -2.7786E+00
    5.570  -6.4476E+00
    5.580  -4.5003E+00
    5.590  -7.8968E-01
    5.600   6.2238E+00
    5.610   2.0067E+01
    5.620   3.8040E+01
    5.630   5.3213E+01
    5.640   6.0052E+01
    5.650   5.8054E+01
    5.660   5.1635E+01
    5.670   4.3186E+01
    5.680   2.9195E+01
    5.690   1.0222E+01
    5.700  -9.5207E+00
    5.710  -2.7464E+01
    5.720  -4.0349E+01
    5.730  -4.4823E+01
    5.740  -4.1962E+01
    5.750  -3.6519E+01
    5.760  -2.9821E+01
    5.770  -2.6355E+01
    5.780  -2.8850E+01
    5.790  -3.5434E+01
    5.800  -4.3605E+01
    5.810  -5.1125E+01
    5.820  -5.5968E+01
    5.830  -5.8501E+01
    5.840  -5.8853E+01
    5.850  -5.8592E+01
    5.860  -6.1544E+01
    5.870  -7.1717E+01
    5.880  -8.7287E+01
    5.890  -9.9919E+01
    5.900  -1.0377E+02
    5.910  -9.6501E+01
    5.920  -8.5908E+01
    5.930  -8.0519E+01
    5.940  -7.9779E+01
    5.950  -7.9665E+01
    5.960  -7.4812E+01
    5.970  -6.5551E+01
    5.980  -5.4047E+01
    5.990  -3.6663E+01
    6.000  -1.4478E+01
    6.010   1.2321E+00
    6.020  -6.3587E-01
    6.030  -1.6182E+01
    6.040  -3.2666E+01
    6.050  -3.6007E+01
    6.060  -2.4258E+01
    6.070  -9.3007E+00
    6.080   1.6222E+00
    6.090   6.7466E+00
    6.100   9.6424E+00
    6.110   1.2510E+01
    6.120   1.2146E+01
    6.130   9.8092E+00
    6.140   9.8119E+00
    6.150   1.7323E+01
    6.160   2.8172E+01
    6.170   3.1339E+01
    6.180   2.4049E+01
    6.190   1.4828E+01
    6.200   1.4837E+01
    6.210   2.7906E+01
    6.220   4.9629E+01
    6.230   6.9363E+01
    6.240   8.2484E+01
    6.250   9.0108E+01
    6.260   9.3837E+01
    6.270   1.0046E+02
    6.280   1.0736E+02
    6.290   1.1174E+02
    6.300   1.0814E+02
    6.310   9.2262E+01
    6.320   7.1517E+01
    6.330   5.8055E+01
    6.340   6.0332E+01
    6.350   7.0564E+01
    6.360   7.3264E+01
    6.370   6.0705E+01
    6.380   4.6947E+01
    6.390   4.8741E+01
    6.400   6.3788E+01
    6.410   7.9841E+01
    6.420   9.0132E+01
    6.430   9.3387E+01
    6.440   9.0982E+01
    6.450   8.4310E+01
    6.460   6.9618E+01
    6.470   4.3479E+01
    6.480   1.2551E+01
    6.490  -1.7642E+01
    6.500  -4.8090E+01
    6.510  -7.5037E+01
    6.520  -9.6195E+01
    6.530  -1.1338E+02
    6.540  -1.2478E+02
    6.550  -1.2987E+02
    6.560  -1.3124E+02
    6.570  -1.2510E+02
    6.580  -1.0971E+02
    6.590  -9.1580E+01
    6.600  -8.0870E+01
    6.610  -7.8467E+01
    6.620  -7.5791E+01
    6.630  -6.0061E+01
    6.640  -1.9404E+01
    6.650   3.2497E+01
    6.660   7.4710E+01
    6.670   9.7438E+01
    6.680   1.0205E+02
    6.690   9.6489E+01
    6.700   7.5706E+01
    6.710   4.4490E+01
    6.720   1.7316E+01
    6.730   6.5537E+00
    6.740   1.3138E+01
    6.750   1.3061E+01
    6.760  -8.5817E+00
    6.770  -2.8433E+01
    6.780  -1.9141E+01
    6.790   1.7970E+01
    6.800   5.9689E+01
    6.810   8.6083E+01
    6.820   9.5856E+01
    6.830   1.0412E+02
    6.840   1.1268E+02
    6.850   1.1069E+02
    6.860   1.0036E+02
    6.870   9.0415E+01
    6.880   8.2942E+01
    6.890   6.7123E+01
    6.900   3.3549E+01
    6.910  -1.2289E+01
    6.920  -6.1651E+01
    6.930  -1.0641E+02
    6.940  -1.3517E+02
    6.950  -1.4105E+02
    6.960  -1.2660E+02
    6.970  -9.9798E+01
    6.980  -6.8939E+01
    6.990  -3.9651E+01
    7.000  -2.1740E+01
    7.010  -2.1634E+01
    7.020  -3.2527E+01
    7.030  -4.0993E+01
    7.040  -3.7532E+01
    7.050  -2.9358E+01
    7.060  -3.0228E+01
    7.070  -5.1209E+01
    7.080  -9.3127E+01
    7.090  -1.3460E+02
    7.100  -1.5680E+02
    7.110  -1.5890E+02
    7.120  -1.5094E+02
    7.130  -1.3718E+02
    7.140  -1.1276E+02
    7.150  -7.2521E+01
    7.160  -2.5186E+01
    7.170   1.2105E+01
    7.180   1.8159E+01
    7.190  -1.6764E+01
    7.200  -7.0587E+01
    7.210  -1.1655E+02
    7.220  -1.4744E+02
    7.230  -1.6276E+02
    7.240  -1.6718E+02
    7.250  -1.6924E+02
    7.260  -1.6980E+02
    7.270  -1.6887E+02
    7.280  -1.6399E+02
    7.290  -1.4292E+02
    7.300  -1.0089E+02
    7.310  -4.8680E+01
    7.320   2.5585E+00
    7.330   4.1971E+01
    7.340   7.2363E+01
    7.350   1.0502E+02
    7.360   1.5045E+02
    7.370   2.0607E+02
    7.380   2.4870E+02
    7.390   2.5969E+02
    7.400   2.4489E+02
    7.410   2.1388E+02
    7.420   1.7209E+02
    7.430   1.2556E+02
    7.440   7.8373E+01
    7.450   4.4062E+01
    7.460   2.6366E+01
    7.470   1.1396E+01
    7.480  -1.0367E+01
    7.490  -4.0109E+01
    7.500  -7.1460E+01
    7.510  -1.0223E+02
    7.520  -1.3631E+02
    7.530  -1.6382E+02
    7.540  -1.7784E+02
    7.550  -1.7715E+02
    7.560  -1.6864E+02
    7.570  -1.5786E+02
    7.580  -1.4505E+02
    7.590  -1.2437E+02
    7.600  -9.5303E+01
    7.610  -6.2566E+01
    7.620  -2.9457E+01
    7.630  -9.9899E+00
    7.640  -1.8200E+01
    7.650  -5.4169E+01
    7.660  -9.8762E+01
    7.670  -1.3526E+02
    7.680  -1.4765E+02
    7.690  -1.2992E+02
    7.700  -1.0017E+02
    7.710  -6.9096E+01
    7.720  -4.0186E+01
    7.730  -1.3945E+01
    7.740   9.1487E+00
    7.750   2.9900E+01
    7.760   5.7333E+01
    7.770   9.4548E+01
    7.780   1.3655E+02
    7.790   1.6875E+02
    7.800   1.8345E+02
    7.810   1.7443E+02
    7.820   1.3906E+02
    7.830   1.0355E+02
    7.840   8.8887E+01
    7.850   1.0038E+02
    7.860   1.4413E+02
    7.870   2.0563E+02
    7.880   2.6049E+02
    7.890   2.8851E+02
    7.900   2.8752E+02
    7.910   2.7730E+02
    7.920   2.7077E+02
    7.930   2.7660E+02
    7.940   2.9111E+02
    7.950   2.9843E+02
    7.960   2.9873E+02
    7.970   2.9064E+02
    7.980   2.6893E+02
    7.990   2.2951E+02
    8.000   1.7743E+02
    8.010   1.3087E+02
    8.020   9.6997E+01
    8.030   7.3921E+01
    8.040   6.8798E+01
    8.050   7.9846E+01
    8.060   9.6164E+01
    8.070   1.1041E+02
    8.080   1.2958E+02
    8.090   1.5447E+02
    8.100   1.7927E+02
    8.110   2.0394E+02
    8.120   2.3139E+02
    8.130   2.4608E+02
    8.140   2.3977E+02
    8.150   2.2061E+02
    8.160   1.9310E+02
    8.170   1.6555E+02
    8.180   1.3451E+02
    8.190   1.0851E+02
    8.200   9.4133E+01
    8.210   6.6457E+01
    8.220   7.0782E+00
    8.230  -6.9920E+01
    8.240  -1.3357E+02
    8.250  -1.7079E+02
    8.260  -1.8110E+02
    8.270  -1.5261E+02
    8.280  -8.3385E+01
    8.290   2.3123E+00
    8.300   7.5317E+01
    8.310   1.1907E+02
    8.320   1.3199E+02
    8.330   1.3293E+02
    8.340   1.3757E+02
    8.350   1.4063E+02
    8.360   1.3190E+02
    8.370   1.0598E+02
    8.380   5.8633E+01
    8.390   6.4388E-01
    8.400  -4.0681E+01
    8.410  -4.9528E+01
    8.420  -3.8282E+01
    8.430  -1.8747E+01
    8.440  -4.9316E+00
    8.450  -6.9906E+00
    8.460  -2.2287E+01
    8.470  -3.2203E+01
    8.480  -2.6948E+01
    8.490  -7.4775E-01
    8.500   3.7475E+01
    8.510   7.7825E+01
    8.520   1.1945E+02
    8.530   1.4434E+02
    8.540   1.3580E+02
    8.550   8.7236E+01
    8.560   7.5592E+00
    8.570  -7.4816E+01
    8.580  -1.3120E+02
    8.590  -1.4916E+02
    8.600  -1.3106E+02
    8.610  -9.7019E+01
    8.620  -6.5738E+01
    8.630  -3.0629E+01
    8.640   4.7945E+00
    8.650   2.8306E+01
    8.660   4.4450E+01
    8.670   5.3489E+01
    8.680   3.8630E+01
    8.690  -2.0638E+00
    8.700  -5.4528E+01
    8.710  -9.8026E+01
    8.720  -1.1963E+02
    8.730  -1.1898E+02
    8.740  -8.9677E+01
    8.750  -3.8680E+01
    8.760   4.7230E+00
    8.770   2.5919E+01
    8.780   1.5537E+01
    8.790  -3.2596E+01
    8.800  -9.7834E+01
    8.810  -1.4625E+02
    8.820  -1.6989E+02
    8.830  -1.8022E+02
    8.840  -1.7852E+02
    8.850  -1.5180E+02
    8.860  -1.0109E+02
    8.870  -5.6182E+01
    8.880  -3.3224E+01
    8.890  -3.8466E+01
    8.900  -7.8251E+01
    8.910  -1.3639E+02
    8.920  -1.8125E+02
    8.930  -1.9992E+02
    8.940  -2.0912E+02
    8.950  -2.5317E+02
    8.960  -3.3134E+02
    8.970  -3.9276E+02
    8.980  -4.1659E+02
    8.990  -4.0941E+02
    9.000  -3.9006E+02
    9.010  -3.8032E+02
    9.020  -3.7472E+02
    9.030  -3.6071E+02
    9.040  -3.3945E+02
    9.050  -3.2084E+02
    9.060  -3.0767E+02
    9.070  -2.8146E+02
    9.080  -2.2186E+02
    9.090  -1.3676E+02
    9.100  -5.5121E+01
    9.110   3.0843E+00
    9.120   2.6198E+01
    9.130   1.5026E+01
    9.140  -7.9541E+00
    9.150  -2.5818E+01
    9.160  -3.9293E+01
    9.170  -4.4158E+01
    9.180  -3.8524E+01
    9.190  -2.8776E+01
    9.200  -1.3903E+01
    9.210   4.7114E+00
    9.220   1.5316E+01
    9.230   1.7004E+01
    9.240   1.4293E+01
    9.250   1.3278E+01
    9.260   1.2564E+01
    9.270  -4.3891E+00
    9.280  -3.5675E+01
    9.290  -5.8597E+01
    9.300  -5.5652E+01
    9.310  -2.4859E+01
    9.320   2.2166E+01
    9.330   5.5499E+01
    9.340   5.8275E+01
    9.350   3.9869E+01
    9.360   6.6602E-02
    9.370  -6.1615E+01
    9.380  -1.2765E+02
    9.390  -1.7218E+02
    9.400  -1.7910E+02
    9.410  -1.4086E+02
    9.420  -7.4418E+01
    9.430  -1.3259E+00
    9.440   6.8043E+01
    9.450   1.2727E+02
    9.460   1.7646E+02
    9.470   2.2086E+02
    9.480   2.3769E+02
    9.490   2.0850E+02
    9.500   1.5204E+02
    9.510   1.0741E+02
    9.520   1.0377E+02
    9.530   1.3076E+02
    9.540   1.5751E+02
    9.550   1.7589E+02
    9.560   1.8726E+02
    9.570   1.8870E+02
    9.580   1.7408E+02
    9.590   1.4158E+02
    9.600   9.1070E+01
    9.610   2.9293E+01
    9.620  -1.7830E+01
    9.630  -3.5921E+01
    9.640  -3.8535E+01
    9.650  -3.6324E+01
    9.660  -2.7475E+01
    9.670  -1.0948E+01
    9.680   2.7064E+00
    9.690   7.9064E-01
    9.700  -5.1505E+00
    9.710  -2.4316E+00
    9.720   4.1869E+00
    9.730  -6.3592E-01
    9.740  -3.0521E+01
    9.750  -7.1701E+01
    9.760  -8.7961E+01
    9.770  -6.9650E+01
    9.780  -4.1509E+01
    9.790  -2.3111E+01
    9.800   2.9937E+00
    9.810   6.1139E+01
    9.820   1.4827E+02
    9.830   2.2004E+02
    9.840   2.3823E+02
    9.850   2.1821E+02
    9.860   1.9134E+02
    9.870   1.6295E+02
    9.880   1.3502E+02
    9.890   1.0603E+02
    9.900   8.0064E+01
    9.910   6.7432E+01
    9.920   5.9065E+01
    9.930   3.4657E+01
    9.940  -1.1037E+01
    9.950  -5.4682E+01
    9.960  -8.0656E+01
    9.970  -9.1096E+01
    9.980  -9.1355E+01
    9.990  -7.4334E+01
   10.000  -4.4992E+01
   10.010  -1.7824E+01
   10.020   9.4099E+00
   10.030   5.1211E+01
   10.040   1.0520E+02
   10.050   1.5320E+02
   10.060   1.7048E+02
   10.070   1.4905E+02
   10.080   1.1302E+02
   10.090   8.8355E+01
   10.100   7.8377E+01
   10.110   7.4888E+01
   10.120   6.7170E+01
   10.130   5.3249E+01
   10.140   2.9227E+01
   10.150  -6.2915E+00
   10.160  -3.6795E+01
   10.170  -5.6704E+01
   10.180  -6.6597E+01
   10.190  -6.4429E+01
   10.200  -5.6314E+01
   10.210  -5.3334E+01
   10.220  -5.9027E+01
   10.230  -7.6534E+01
   10.240  -9.7314E+01
   10.250  -1.0439E+02
   10.260  -1.0532E+02
   10.270  -1.1044E+02
   10.280  -1.1722E+02
   10.290  -1.2966E+02
   10.300  -1.5280E+02
   10.310  -1.7946E+02
   10.320  -2.0105E+02
   10.330  -2.1784E+02
   10.340  -2.3145E+02
   10.350  -2.4406E+02
   10.360  -2.5410E+02
   10.370  -2.6318E+02
   10.380  -2.6024E+02
   10.390  -2.2977E+02
   10.400  -1.8442E+02
   10.410  -1.4675E+02
   10.420  -1.2483E+02
   10.430  -1.1455E+02
   10.440  -1.0335E+02
   10.450  -9.3049E+01
   10.460  -8.6609E+01
   10.470  -7.8589E+01
   10.480  -5.9515E+01
   10.490  -2.5398E+01
   10.500   1.2416E+01
   10.510   4.3597E+01
   10.520   6.8603E+01
   10.530   9.3778E+01
   10.540   1.1904E+02
   10.550   1.4031E+02
   10.560   1.5309E+02
   10.570   1.5850E+02
   10.580   1.6461E+02
   10.590   1.7659E+02
   10.600   1.8453E+02
   10.610   1.8703E+02
   10.620   1.8606E+02
   10.630   1.7213E+02
   10.640   1.4097E+02
   10.650   8.7015E+01
   10.660   1.0026E+01
   10.670  -6.6167E+01
   10.680  -1.0200E+02
   10.690  -8.8752E+01
   10.700  -5.4213E+01
   10.710  -3.5918E+01
   10.720  -4.2549E+01
   10.730  -5.1723E+01
   10.740  -5.4201E+01
   10.750  -5.7701E+01
   10.760  -6.3316E+01
   10.770  -5.6785E+01
   10.780  -2.1320E+01
   10.790   3.5171E+01
   10.800   8.6948E+01
   10.810   1.1522E+02
   10.820   1.1177E+02
   10.830   8.8087E+01
   10.840   5.9921E+01
   10.850   3.5708E+01
   10.860   2.1677E+01
   10.870   2.2908E+01
   10.880   2.3588E+01
   10.890   6.9313E+00
   10.900  -1.7015E+01
   10.910  -3.1542E+01
   10.920  -3.2810E+01
   10.930  -1.8484E+01
   10.940   1.0359E+01
   10.950   5.1745E+01
   10.960   9.6868E+01
   10.970   1.3393E+02
   10.980   1.5974E+02
   10.990   1.7546E+02
   11.000   1.8586E+02
   11.010   1.8420E+02
   11.020   1.5746E+02
   11.030   1.0204E+02
   11.040   2.8031E+01
   11.050  -3.7269E+01
   11.060  -7.3897E+01
   11.070  -9.4127E+01
   11.080  -1.1312E+02
   11.090  -1.3840E+02
   11.100  -1.6065E+02
   11.110  -1.6482E+02
   11.120  -1.4733E+02
   11.130  -1.1130E+02
   11.140  -7.6370E+01
   11.150  -5.2193E+01
   11.160  -3.1538E+01
   11.170  -1.1083E+01
   11.180   1.1397E+01
   11.190   3.6745E+01
   11.200   6.4668E+01
   11.210   8.9030E+01
   11.220   1.0191E+02
   11.230   1.0270E+02
   11.240   9.6813E+01
   11.250   9.0711E+01
   11.260   8.6098E+01
   11.270   8.4828E+01
   11.280   9.2672E+01
   11.290   1.0922E+02
   11.300   1.2573E+02
   11.310   1.2832E+02
   11.320   1.0564E+02
   11.330   6.0944E+01
   11.340  -3.6267E+00
   11.350  -7.6276E+01
   11.360  -1.3391E+02
   11.370  -1.6617E+02
   11.380  -1.7238E+02
   11.390  -1.6129E+02
   11.400  -1.4516E+02
   11.410  -1.2487E+02
   11.420  -9.7771E+01
   11.430  -7.4413E+01
   11.440  -6.4725E+01
   11.450  -6.5276E+01
   11.460  -6.3417E+01
   11.470  -5.8196E+01
   11.480  -5.9600E+01
   11.490  -6.4824E+01
   11.500  -5.9353E+01
   11.510  -3.6272E+01
   11.520  -5.8683E+00
   11.530   2.0619E+01
   11.540   3.9750E+01
   11.550   5.0758E+01
   11.560   5.7269E+01
   11.570   5.0368E+01
   11.580   2.2885E+01
   11.590  -1.0248E+01
   11.600  -2.7615E+01
   11.610  -2.3229E+01
   11.620  -5.8444E+00
   11.630   1.0972E+01
   11.640   1.7900E+01
   11.650   2.2205E+01
   11.660   3.8164E+01
   11.670   6.8467E+01
   11.680   1.0256E+02
   11.690   1.3029E+02
   11.700   1.5047E+02
   11.710   1.6144E+02
   11.720   1.6233E+02
   11.730   1.5339E+02
   11.740   1.4025E+02
   11.750   1.2712E+02
   11.760   1.0932E+02
   11.770   8.2264E+01
   11.780   5.7908E+01
   11.790   3.8438E+01
   11.800   1.6094E+01
   11.810  -9.0651E+00
   11.820  -3.3595E+01
   11.830  -5.1777E+01
   11.840  -6.4359E+01
   11.850  -7.7634E+01
   11.860  -9.3278E+01
   11.870  -1.0424E+02
   11.880  -1.0255E+02
   11.890  -8.9093E+01
   11.900  -7.0167E+01
   11.910  -5.1990E+01
   11.920  -3.2479E+01
   11.930  -5.9335E+00
   11.940   2.5647E+01
   11.950   5.5892E+01
   11.960   8.0835E+01
   11.970   9.8676E+01
   11.980   1.0389E+02
   11.990   9.7695E+01
   12.000   9.0919E+01
   12.010   8.9014E+01
   12.020   8.8618E+01
   12.030   8.2841E+01
   12.040   6.4004E+01
   12.050   3.5757E+01
   12.060   3.5567E+00
   12.070  -3.0298E+01
   12.080  -6.5675E+01
   12.090  -9.9279E+01
   12.100  -1.1986E+02
   12.110  -1.2106E+02
   12.120  -1.0873E+02
   12.130  -9.3819E+01
   12.140  -8.1638E+01
   12.150  -7.2861E+01
   12.160  -6.5342E+01
   12.170  -5.0962E+01
   12.180  -2.0684E+01
   12.190   2.6218E+01
   12.200   7.8066E+01
   12.210   1.1059E+02
   12.220   1.1291E+02
   12.230   9.6326E+01
   12.240   7.5770E+01
   12.250   6.5926E+01
   12.260   7.3179E+01
   12.270   9.8599E+01
   12.280   1.3409E+02
   12.290   1.6640E+02
   12.300   1.8289E+02
   12.310   1.7663E+02
   12.320   1.5299E+02
   12.330   1.3061E+02
   12.340   1.1821E+02
   12.350   1.0640E+02
   12.360   8.8561E+01
   12.370   6.6003E+01
   12.380   4.6589E+01
   12.390   3.6368E+01
   12.400   2.8416E+01
   12.410   1.8139E+01
   12.420   9.3160E+00
   12.430   1.3263E+00
   12.440  -1.5474E+01
   12.450  -4.3612E+01
   12.460  -7.4971E+01
   12.470  -9.8551E+01
   12.480  -1.0587E+02
   12.490  -1.0575E+02
   12.500  -1.0999E+02
   12.510  -1.1646E+02
   12.520  -1.1534E+02
   12.530  -1.0455E+02
   12.540  -8.9256E+01
   12.550  -7.5760E+01
   12.560  -6.5852E+01
   12.570  -5.4411E+01
   12.580  -4.4266E+01
   12.590  -3.9097E+01
   12.600  -3.7574E+01
   12.610  -3.9653E+01
   12.620  -4.6410E+01
   12.630  -6.0966E+01
   12.640  -8.0082E+01
   12.650  -9.7124E+01
   12.660  -1.0425E+02
   12.670  -9.6189E+01
   12.680  -7.6465E+01
   12.690  -5.1893E+01
   12.700  -2.5751E+01
   12.710  -7.3006E-01
   12.720   2.1941E+01
   12.730   3.9945E+01
   12.740   4.9930E+01
   12.750   5.6418E+01
   12.760   6.3452E+01
   12.770   6.5788E+01
   12.780   6.2138E+01
   12.790   5.5110E+01
   12.800   4.5355E+01
   12.810   3.3736E+01
   12.820   2.1145E+01
   12.830   7.8964E+00
   12.840  -4.0636E+00
   12.850  -1.0003E+01
   12.860  -1.0890E+01
   12.870  -8.4152E+00
   12.880  -2.1503E+00
   12.890   6.2614E+00
   12.900   1.0399E+01
   12.910   8.5522E+00
   12.920   8.7111E+00
   12.930   1.5310E+01
   12.940   2.5940E+01
   12.950   3.4090E+01
   12.960   3.3594E+01
   12.970   2.4764E+01
   12.980   1.4301E+01
   12.990   7.9319E+00
   13.000   5.1659E+00
   13.010   2.3838E+00
   13.020  -5.0452E+00
   13.030  -1.9635E+01
   13.040  -3.8666E+01
   13.050  -5.6790E+01
   13.060  -6.8919E+01
   13.070  -7.5610E+01
   13.080  -7.8481E+01
   13.090  -7.9969E+01
   13.100  -8.5415E+01
   13.110  -9.4458E+01
   13.120  -1.0318E+02
   13.130  -1.0628E+02
   13.140  -1.0125E+02
   13.150  -9.0962E+01
   13.160  -8.0213E+01
   13.170  -6.9807E+01
   13.180  -6.2065E+01
   13.190  -5.6756E+01
   13.200  -4.4179E+01
   13.210  -2.1371E+01
   13.220   5.9453E+00
   13.230   3.1407E+01
   13.240   4.9283E+01
   13.250   5.5887E+01
   13.260   5.0330E+01
   13.270   3.5924E+01
   13.280   2.0301E+01
   13.290   1.1022E+01
   13.300   1.1416E+01
   13.310   1.4990E+01
   13.320   1.5743E+01
   13.330   1.3596E+01
   13.340   1.3010E+01
   13.350   1.9526E+01
   13.360   3.2439E+01
   13.370   4.7928E+01
   13.380   6.2535E+01
   13.390   7.0489E+01
   13.400   6.8946E+01
   13.410   5.8933E+01
   13.420   4.5375E+01
   13.430   3.2099E+01
   13.440   1.9266E+01
   13.450   6.5085E+00
   13.460  -5.6294E+00
   13.470  -1.5944E+01
   13.480  -2.1105E+01
   13.490  -1.8564E+01
   13.500  -9.6663E+00
   13.510  -6.0390E-01
   13.520   5.7404E+00
   13.530   1.0140E+01
   13.540   1.4620E+01
   13.550   1.7189E+01
   13.560   1.7861E+01
   13.570   1.7076E+01
   13.580   9.5332E+00
   13.590  -4.5706E+00
   13.600  -2.1802E+01
   13.610  -3.6943E+01
   13.620  -4.2429E+01
   13.630  -3.5877E+01
   13.640  -2.1805E+01
   13.650  -5.7314E+00
   13.660   7.3898E+00
   13.670   1.6525E+01
   13.680   2.2363E+01
   13.690   2.3009E+01
   13.700   1.8670E+01
   13.710   1.3334E+01
   13.720   6.8463E+00
   13.730  -1.6774E+00
   13.740  -1.1375E+01
   13.750  -2.0808E+01
   13.760  -2.8563E+01
   13.770  -3.3678E+01
   13.780  -3.5435E+01
   13.790  -3.3644E+01
   13.800  -2.7459E+01
   13.810  -1.7050E+01
   13.820  -3.8696E+00
   13.830   1.1300E+01
   13.840   2.4661E+01
   13.850   2.9841E+01
   13.860   2.6296E+01
   13.870   1.8161E+01
   13.880   1.0838E+01
   13.890   8.3532E+00
   13.900   9.5280E+00
   13.910   1.0467E+01
   13.920   9.3635E+00
   13.930   6.8657E+00
   13.940   4.7924E+00
   13.950   2.8461E+00
   13.960  -1.9056E+00
   13.970  -1.0377E+01
   13.980  -1.8656E+01
   13.990  -2.1426E+01
   14.000  -1.8164E+01
   14.010  -1.0449E+01
   14.020  -1.8279E+00
   14.030   5.1236E+00
   14.040   8.8922E+00
   14.050   7.2712E+00
   14.060  -6.0908E-01
   14.070  -1.1065E+01
   14.080  -1.8243E+01
   14.090  -2.2170E+01
   14.100  -2.4691E+01
   14.110  -2.6019E+01
   14.120  -2.6135E+01
   14.130  -2.3602E+01
   14.140  -2.0232E+01
   14.150  -1.6815E+01
   14.160  -1.3519E+01
   14.170  -1.1422E+01
   14.180  -9.8252E+00
   14.190  -1.1157E+01
   14.200  -1.7108E+01
   14.210  -2.5891E+01
   14.220  -3.4447E+01
   14.230  -3.6949E+01
   14.240  -3.2023E+01
   14.250  -2.3064E+01
   14.260  -1.1949E+01
   14.270  -2.2962E-01
   14.280   9.0637E+00
   14.290   1.3474E+01
   14.300   1.4420E+01
   14.310   1.3611E+01
   14.320   1.3511E+01
   14.330   1.4607E+01
   14.340   1.4564E+01
   14.350   1.2066E+01
   14.360   8.7646E+00
   14.370   5.2436E+00
   14.380   1.1518E+00
   14.390  -2.6166E+00
   14.400  -5.1480E+00
   14.410  -5.7330E+00
   14.420  -5.3586E+00
   14.430  -3.7742E+00
   14.440   6.9502E-01
   14.450   7.6378E+00
   14.460   1.2577E+01
   14.470   1.1514E+01
   14.480   4.9893E+00
   14.490  -3.7592E+00
   14.500  -1.0827E+01
   14.510  -1.3245E+01
   14.520  -9.2666E+00
   14.530   3.6473E-01
   14.540   1.1037E+01
   14.550   1.9334E+01
   14.560   2.2578E+01
   14.570   1.9068E+01
   14.580   1.2850E+01
   14.590   1.0716E+01
   14.600   1.5215E+01
   14.610   2.3499E+01
   14.620   3.1306E+01
   14.630   3.5302E+01
   14.640   3.4021E+01
   14.650   2.9628E+01
   14.660   2.5851E+01
   14.670   2.4061E+01
   14.680   2.3571E+01
   14.690   2.4409E+01
   14.700   2.7136E+01
   14.710   3.0657E+01
   14.720   3.4048E+01
   14.730   3.5847E+01
   14.740   3.3856E+01
   14.750   2.7820E+01
   14.760   1.9992E+01
   14.770   1.2841E+01
   14.780   7.2141E+00
   14.790   2.9941E+00
   14.800  -3.4528E-01
   14.810  -1.3304E+00
   14.820   2.2910E-01
   14.830   1.1786E+00
   14.840   8.1632E-01
   14.850   3.2714E-01
   14.860   1.7714E-01
   14.870   4.2770E-01
   14.880   2.1343E+00
   14.890   5.2862E+00
   14.900   9.1302E+00
   14.910   1.4057E+01
   14.920   1.9595E+01
   14.930   2.3756E+01
   14.940   2.5624E+01
   14.950   2.5703E+01
   14.960   2.3652E+01
   14.970   1.9947E+01
   14.980   1.6422E+01
   14.990   1.3109E+01
   15.000   9.6129E+00
   15.010   6.3500E+00
   15.020   3.1312E+00
   15.030   9.7839E-01
   15.040   1.7968E+00
   15.050   5.7326E+00
   15.060   1.1542E+01
   15.070   1.7385E+01
   15.080   2.1003E+01
   15.090   2.1262E+01
   15.100   1.9483E+01
   15.110   1.8458E+01
   15.120   1.9545E+01
   15.130   2.2323E+01
   15.140   2.3941E+01
   15.150   2.2898E+01
   15.160   1.9539E+01
   15.170   1.4764E+01
   15.180   9.1722E+00
   15.190   3.1361E+00
   15.200  -2.9379E+00
   15.210  -7.5890E+00
   15.220  -1.0012E+01
   15.230  -1.0602E+01
   15.240  -1.0863E+01
   15.250  -1.1407E+01
   15.260  -1.1624E+01
   15.270  -1.0946E+01
   15.280  -9.7410E+00
   15.290  -7.7278E+00
   15.300  -5.4028E+00
   15.310  -3.0156E+00
   15.320  -3.6846E-01
   15.330   2.1855E+00
   15.340   4.3253E+00
   15.350   6.2301E+00
   15.360   6.8079E+00
   15.370   4.0741E+00
   15.380  -2.4360E+00
   15.390  -1.0593E+01
   15.400  -1.7892E+01
   15.410  -2.2133E+01
   15.420  -2.2734E+01
   15.430  -2.2124E+01
   15.440  -2.2642E+01
   15.450  -2.5004E+01
   15.460  -2.8891E+01
   15.470  -3.2861E+01
   15.480  -3.4755E+01
   15.490  -3.3706E+01
   15.500  -3.0116E+01
   15.510  -2.6470E+01
   15.520  -2.4988E+01
   15.530  -2.6764E+01
   15.540  -3.0896E+01
   15.550  -3.4647E+01
   15.560  -3.5579E+01
   15.570  -3.3338E+01
   15.580  -2.8253E+01
   15.590  -2.0530E+01
   15.600  -1.2018E+01
   15.610  -4.7079E+00
   15.620  -3.4946E-01
   15.630   2.1330E-01
   15.640  -1.5114E+00
   15.650  -2.8994E+00
   15.660  -3.1195E+00
   15.670  -3.1075E+00
   15.680  -4.0284E+00
   15.690  -5.5733E+00
   15.700  -6.9714E+00
   15.710  -7.5530E+00
   15.720  -6.9428E+00
   15.730  -5.8567E+00
   15.740  -5.1485E+00
   15.750  -5.3276E+00
   15.760  -6.9563E+00
   15.770  -1.0341E+01
   15.780  -1.4218E+01
   15.790  -1.7054E+01
   15.800  -1.8473E+01
   15.810  -1.8157E+01
   15.820  -1.6358E+01
   15.830  -1.3745E+01
   15.840  -1.0793E+01
   15.850  -8.0484E+00
   15.860  -5.8871E+00
   15.870  -4.6197E+00
   15.880  -4.7156E+00
   15.890  -5.9220E+00
   15.900  -7.3816E+00
   15.910  -8.4416E+00
   15.920  -8.5678E+00
   15.930  -7.5654E+00
   15.940  -6.3193E+00
   15.950  -6.0253E+00
   15.960  -7.0890E+00
   15.970  -9.4321E+00
   15.980  -1.2168E+01
   15.990  -1.3980E+01
   16.000  -1.4044E+01
   16.010  -1.2892E+01
   16.020  -1.1113E+01
   16.030  -8.3416E+00
   16.040  -4.6461E+00
   16.050  -8.5833E-01
   16.060   2.3240E+00
   16.070   4.4407E+00
   16.080   5.6542E+00
   16.090   6.2370E+00
   16.100   6.2659E+00
   16.110   5.9096E+00
   16.120   5.4868E+00
   16.130   5.2695E+00
   16.140   4.8097E+00
   16.150   4.0611E+00
   16.160   3.3712E+00
   16.170   2.8378E+00
   16.180   2.4388E+00
   16.190   1.9970E+00
   16.200   1.1842E+00
   16.210   3.4322E-01
   16.220   3.9262E-01
   16.230   1.7330E+00
   16.240   4.0180E+00
   16.250   6.4245E+00
   16.260   8.3269E+00
   16.270   9.5226E+00
   16.280   9.9710E+00
   16.290   1.0129E+01
   16.300   1.0278E+01
   16.310   1.0510E+01
   16.320   1.0682E+01
   16.330   1.0379E+01
   16.340   9.4987E+00
   16.350   8.2861E+00
   16.360   7.0867E+00
   16.370   6.4701E+00
   16.380   7.3030E+00
   16.390   9.8020E+00
   16.400   1.3026E+01
   16.410   1.5437E+01
   16.420   1.6039E+01
   16.430   1.5087E+01
   16.440   1.3248E+01
   16.450   1.0917E+01
   16.460   8.6494E+00
   16.470   7.0545E+00
   16.480   6.2107E+00
   16.490   5.9279E+00
   16.500   5.6913E+00
   16.510   5.2932E+00
   16.520   5.1412E+00
   16.530   5.5417E+00
   16.540   6.2604E+00
   16.550   7.0641E+00
   16.560   7.9097E+00
   16.570   8.7082E+00
   16.580   9.5901E+00
   16.590   1.0805E+01
   16.600   1.2432E+01
   16.610   1.4309E+01
   16.620   1.6255E+01
   16.630   1.7855E+01
   16.640   1.8543E+01
   16.650   1.7992E+01
   16.660   1.6132E+01
   16.670   1.3220E+01
   16.680   9.9602E+00
   16.690   7.0442E+00
   16.700   4.8547E+00
   16.710   3.2233E+00
   16.720   2.1938E+00
   16.730   2.0112E+00
   16.740   2.3420E+00
   16.750   2.7366E+00
   16.760   2.7284E+00
   16.770   1.9522E+00
   16.780   5.5085E-01
   16.790  -7.2440E-01
   16.800  -1.1034E+00
   16.810  -4.1794E-01
   16.820   8.9755E-01
   16.830   2.0504E+00
   16.840   2.5445E+00
   16.850   2.3960E+00
   16.860   1.8858E+00
   16.870   1.2561E+00
   16.880   4.5751E-01
   16.890  -4.5304E-01
   16.900  -1.4177E+00
   16.910  -2.2622E+00
   16.920  -2.8258E+00
   16.930  -3.1017E+00
   16.940  -3.1915E+00
   16.950  -3.2523E+00
   16.960  -3.4005E+00
   16.970  -3.7038E+00
   16.980  -4.2266E+00
   16.990  -4.7669E+00
   17.000  -5.0121E+00
   17.010  -4.9238E+00
   17.020  -4.5897E+00
   17.030  -4.1001E+00
   17.040  -3.5383E+00
   17.050  -2.7845E+00
   17.060  -1.7014E+00
   17.070  -5.0634E-01
   17.080   3.1184E-01
   17.090   3.3590E-01
   17.100  -2.9366E-01
   17.110  -1.0716E+00
   17.120  -1.5864E+00
   17.130  -1.7331E+00
   17.140  -1.7565E+00
   17.150  -2.0044E+00
   17.160  -2.5952E+00
   17.170  -3.4149E+00
   17.180  -4.1486E+00
   17.190  -4.4965E+00
   17.200  -4.3474E+00
   17.210  -3.8910E+00
   17.220  -3.6179E+00
   17.230  -3.9769E+00
   17.240  -5.2174E+00
   17.250  -7.0368E+00
   17.260  -8.7317E+00
   17.270  -9.6186E+00
   17.280  -9.4830E+00
   17.290  -8.7120E+00
   17.300  -7.8273E+00
   17.310  -7.0978E+00
   17.320  -6.6545E+00
   17.330  -6.3612E+00
   17.340  -6.0074E+00
   17.350  -5.4539E+00
   17.360  -4.7610E+00
   17.370  -4.2288E+00
   17.380  -4.0513E+00
   17.390  -4.0975E+00
   17.400  -4.2683E+00
   17.410  -4.5844E+00
   17.420  -4.9334E+00
   17.430  -5.1780E+00
   17.440  -5.2570E+00
   17.450  -5.3251E+00
   17.460  -5.5443E+00
   17.470  -5.9463E+00
   17.480  -6.3527E+00
   17.490  -6.4433E+00
   17.500  -6.0054E+00
   17.510  -4.9883E+00
   17.520  -3.5748E+00
   17.530  -2.0990E+00
   17.540  -7.7402E-01
   17.550   4.3385E-01
   17.560   1.6862E+00
   17.570   3.0694E+00
   17.580   4.4894E+00
   17.590   5.7777E+00
   17.600   6.8679E+00
   17.610   7.6799E+00
   17.620   8.0945E+00
   17.630   8.0691E+00
   17.640   7.6453E+00
   17.650   6.8787E+00
   17.660   5.8622E+00
   17.670   4.7480E+00
   17.680   3.7763E+00
   17.690   3.1584E+00
   17.700   2.9112E+00
   17.710   2.8472E+00
   17.720   2.6930E+00
   17.730   2.2855E+00
   17.740   1.6356E+00
   17.750   8.2574E-01
   17.760  -5.6889E-02
   17.770  -9.0233E-01
   17.780  -1.5633E+00
   17.790  -1.8890E+00
   17.800  -1.7902E+00
   17.810  -1.2791E+00
   17.820  -4.7764E-01
   17.830   4.2026E-01
   17.840   1.2376E+00
   17.850   1.8574E+00
   17.860   2.2122E+00
   17.870   2.2688E+00
   17.880   2.0233E+00
   17.890   1.4994E+00
   17.900   7.5711E-01
   17.910  -9.5836E-02
   17.920  -9.2707E-01
   17.930  -1.6110E+00
   17.940  -2.0570E+00
   17.950  -2.2457E+00
   17.960  -2.2318E+00
   17.970  -2.1218E+00
   17.980  -1.9920E+00
   17.990  -1.8438E+00
   18.000  -1.6270E+00
   18.010  -1.2929E+00
   18.020  -8.6052E-01
   18.030  -4.0791E-01
   18.040   2.8687E-03
   18.050   3.8499E-01
   18.060   8.0690E-01
   18.070   1.3345E+00
   18.080   2.0076E+00
   18.090   2.8253E+00
   18.100   3.6841E+00
   18.110   4.3530E+00
   18.120   4.5634E+00
   18.130   4.1884E+00
   18.140   3.3588E+00
   18.150   2.4053E+00
   18.160   1.6697E+00
   18.170   1.3229E+00
   18.180   1.3224E+00
   18.190   1.4812E+00
   18.200   1.5787E+00
   18.210   1.4755E+00
   18.220   1.1882E+00
   18.230   8.5973E-01
   18.240   6.3679E-01
   18.250   5.6599E-01
   18.260   6.0506E-01
   18.270   7.1377E-01
   18.280   9.0266E-01
   18.290   1.1865E+00
   18.300   1.5261E+00
   18.310   1.8484E+00
   18.320   2.1088E+00
   18.330   2.2941E+00
   18.340   2.3620E+00
   18.350   2.2277E+00
   18.360   1.8567E+00
   18.370   1.3578E+00
   18.380   9.3606E-01
   18.390   7.2220E-01
   18.400   6.4920E-01
   18.410   5.0169E-01
   18.420   8.4643E-02
   18.430  -6.4325E-01
   18.440  -1.5636E+00
   18.450  -2.4889E+00
   18.460  -3.2592E+00
   18.470  -3.7850E+00
   18.480  -4.0376E+00
   18.490  -4.0254E+00
   18.500  -3.7791E+00
   18.510  -3.3443E+00
   18.520  -2.7752E+00
   18.530  -2.1367E+00
   18.540  -1.5143E+00
   18.550  -9.9837E-01
   18.560  -6.3097E-01
   18.570  -3.6961E-01
   18.580  -1.3573E-01
   18.590   8.0181E-02
   18.600   1.7815E-01
   18.610   3.2824E-02
   18.620  -3.8666E-01
   18.630  -9.9234E-01
   18.640  -1.6548E+00
   18.650  -2.2742E+00
   18.660  -2.7794E+00
   18.670  -3.1048E+00
   18.680  -3.2091E+00
   18.690  -3.1164E+00
   18.700  -2.9126E+00
   18.710  -2.6892E+00
   18.720  -2.4888E+00
   18.730  -2.2969E+00
   18.740  -2.0668E+00
   18.750  -1.7519E+00
   18.760  -1.3370E+00
   18.770  -8.6152E-01
   18.780  -4.1302E-01
   18.790  -7.9351E-02
   18.800   1.0940E-01
   18.810   1.9951E-01
   18.820   2.7894E-01
   18.830   4.2321E-01
   18.840   6.6821E-01
   18.850   1.0198E+00
   18.860   1.4731E+00
   18.870   2.0072E+00
   18.880   2.5559E+00
   18.890   2.9970E+00
   18.900   3.2008E+00
   18.910   3.1163E+00
   18.920   2.8119E+00
   18.930   2.4161E+00
   18.940   2.0192E+00
   18.950   1.6461E+00
   18.960   1.3221E+00
   18.970   1.1251E+00
   18.980   1.1435E+00
   18.990   1.3933E+00
   19.000   1.8049E+00
   19.010   2.2777E+00
   19.020   2.7108E+00
   19.030   2.9899E+00
   19.040   3.0071E+00
   19.050   2.7349E+00
   19.060   2.2557E+00
   19.070   1.6764E+00
   19.080   1.0266E+00
   19.090   2.7614E-01
   19.100  -5.5639E-01
   19.110  -1.3632E+00
   19.120  -2.0229E+00
   19.130  -2.4775E+00
   19.140  -2.7180E+00
   19.150  -2.7489E+00
   19.160  -2.6161E+00
   19.170  -2.4485E+00
   19.180  -2.3991E+00
   19.190  -2.5118E+00
   19.200  -2.6706E+00
   19.210  -2.7058E+00
   19.220  -2.5451E+00
   19.230  -2.2542E+00
   19.240  -1.9470E+00
   19.250  -1.6765E+00
   19.260  -1.4001E+00
   19.270  -1.0242E+00
   19.280  -4.8292E-01
   19.290   1.9684E-01
   19.300   8.8564E-01
   19.310   1.4159E+00
   19.320   1.6859E+00
   19.330   1.7178E+00
   19.340   1.6173E+00
   19.350   1.4752E+00
   19.360   1.3065E+00
   19.370   1.0740E+00
   19.380   7.5317E-01
   19.390   3.6814E-01
   19.400  -2.1478E-02
   19.410  -3.5683E-01
   19.420  -6.0731E-01
   19.430  -7.7864E-01
   19.440  -8.9499E-01
   19.450  -9.6184E-01
   19.460  -9.3830E-01
   19.470  -7.5299E-01
   19.480  -3.5690E-01
   19.490   2.3019E-01
   19.500   9.1457E-01
   19.510   1.5612E+00
   19.520   2.0453E+00
   19.530   2.3033E+00
   19.540   2.3573E+00
   19.550   2.2893E+00
   19.560   2.1823E+00
   19.570   2.0785E+00
   19.580   1.9778E+00
   19.590   1.8487E+00
   19.600   1.6347E+00
   19.610   1.2870E+00
   19.620   8.2926E-01
   19.630   3.8331E-01
   19.640   9.3862E-02
   19.650   6.0990E-03
   19.660   2.8637E-02
   19.670   1.7750E-02
   19.680  -1.1447E-01
   19.690  -3.6835E-01
   19.700  -6.9225E-01
   19.710  -1.0220E+00
   19.720  -1.2990E+00
   19.730  -1.4812E+00
   19.740  -1.5504E+00
   19.750  -1.5115E+00
   19.760  -1.3894E+00
   19.770  -1.2230E+00
   19.780  -1.0433E+00
   19.790  -8.5055E-01
   19.800  -6.3170E-01
   19.810  -4.1179E-01
   19.820  -2.6579E-01
   19.830  -2.5399E-01
   19.840  -3.5838E-01
   19.850  -5.0796E-01
   19.860  -6.5375E-01
   19.870  -7.8540E-01
   19.880  -8.8237E-01
   19.890  -8.9972E-01
   19.900  -8.2445E-01
   19.910  -7.1158E-01
   19.920  -6.2905E-01
   19.930  -5.7872E-01
   19.940  -4.9237E-01
   19.950  -2.9500E-01
   19.960   4.8518E-02
   19.970   5.2851E-01
   19.980   1.0914E+00
   19.990   1.6401E+00
   20.000   2.0719E+00
   20.010   2.3472E+00
   20.020   2.5206E+00
   20.030   2.6881E+00
   20.040   2.8982E+00
   20.050   3.1061E+00
   20.060   3.2039E+00
   20.070   3.0914E+00
   20.080   2.7403E+00
   20.090   2.2179E+00
   20.100   1.6566E+00
   20.110   1.1807E+00
   20.120   8.3550E-01
   20.130   5.7525E-01
   20.140   3.2256E-01
   20.150   4.5074E-02
   20.160  -2.2400E-01
   20.170  -4.3465E-01
   20.180  -5.7331E-01
   20.190  -6.5675E-01
   20.200  -6.8115E-01
   20.210  -5.9694E-01
   20.220  -3.4416E-01
   20.230   8.5528E-02
   20.240   6.1766E-01
   20.250   1.1197E+00
   20.260   1.4737E+00
   20.270   1.6505E+00
   20.280   1.7203E+00
   20.290   1.7715E+00
   20.300   1.8159E+00
   20.310   1.7880E+00
   20.320   1.6388E+00
   20.330   1.3975E+00
   20.340   1.1283E+00
   20.350   8.6005E-01
   20.360   5.8610E-01
   20.370   3.0517E-01
   20.380   1.5459E-02
   20.390  -3.2213E-01
   20.400  -7.6335E-01
   20.410  -1.3059E+00
   20.420  -1.8560E+00
   20.430  -2.2737E+00
   20.440  -2.4348E+00
   20.450  -2.2710E+00
   20.460  -1.8161E+00
   20.470  -1.2407E+00
   20.480  -7.9115E-01
   20.490  -6.3574E-01
   20.500  -7.5772E-01
   20.510  -1.0015E+00
   20.520  -1.1975E+00
   20.530  -1.2375E+00
   20.540  -1.0879E+00
   20.550  -7.9775E-01
   20.560  -4.8447E-01
   20.570  -2.5609E-01
   20.580  -1.3002E-01
   20.590  -5.2769E-02
   20.600   8.5001E-03
   20.610   3.1989E-02
   20.620  -4.9717E-03
   20.630  -9.1437E-02
   20.640  -2.1490E-01
   20.650  -3.7140E-01
   20.660  -5.0237E-01
   20.670  -4.6427E-01
   20.680  -1.2605E-01
   20.690   5.0026E-01
   20.700   1.2632E+00
   20.710   1.9997E+00
   20.720   2.2031E+00
   20.730   2.7751E+00
   20.740   3.1269E+00
   20.750   3.2180E+00
   20.760   3.1142E+00
   20.770   2.9429E+00
   20.780   2.7572E+00
   20.790   2.4808E+00
   20.800   2.0183E+00
   20.810   1.3979E+00
   20.820   7.6833E-01
   20.830   2.5427E-01
   20.840  -1.5253E-01
   20.850  -5.4948E-01
   20.860  -1.0052E+00
   20.870  -1.5180E+00
   20.880  -2.0693E+00
   20.890  -2.6615E+00
   20.900  -3.2742E+00
   20.910  -3.9213E+00
   20.920  -4.2334E+00
   20.930  -4.2222E+00
   20.940  -3.9347E+00
   20.950  -3.5411E+00
   20.960  -3.2342E+00
   20.970  -3.1191E+00
   20.980  -3.1761E+00
   20.990  -3.3102E+00
   21.000  -3.4286E+00
   21.010  -3.4693E+00
   21.020  -3.3821E+00
   21.030  -3.1240E+00
   21.040  -2.6965E+00
   21.050  -2.1714E+00
   21.060  -1.6553E+00
   21.070  -1.2270E+00
   21.080  -9.1046E-01
   21.090  -6.8532E-01
   21.100  -6.2254E-01
   21.110  -4.2625E-01
   21.120  -2.6935E-01
   21.130  -2.3298E-01
   21.140  -3.4812E-01
   21.150  -4.9707E-01
   21.160  -1.2760E+00
   21.170  -1.1064E+00
   21.180  -7.6387E-01
   21.190  -4.3210E-01
   21.200  -1.6862E-01
   21.210   1.0506E-01
   21.220   4.5187E-01
   21.230   8.3534E-01
   21.240   1.1956E+00
   21.250   1.5327E+00
   21.260   1.8665E+00
   21.270   1.8170E+00
   21.280   1.6982E+00
   21.290   1.6058E+00
   21.300   1.3638E+00
   21.310   1.0559E+00
   21.320   7.3680E-01
   21.330   4.2513E-01
   21.340   1.2748E-01
   21.350  -1.6657E-01
   21.360  -5.0543E-01
   21.370  -9.5920E-01
   21.380  -1.5545E+00
   21.390  -2.2140E+00
   21.400  -2.7622E+00
   21.410  -3.0135E+00
   21.420  -2.5203E+00
   21.430  -2.0036E+00
   21.440  -1.2491E+00
   21.450  -5.9223E-01
   21.460  -1.3401E-02
   21.470   6.0220E-01
   21.480   1.3486E+00
   21.490   2.2360E+00
   21.500   3.1944E+00
   21.510   4.0827E+00
   21.520   4.6974E+00
   21.530   4.8389E+00
   21.540   4.4324E+00
   21.550   3.5924E+00
   21.560   2.5485E+00
   21.570   1.0747E+00
   21.580   2.9541E-01
   21.590  -3.4201E-01
   21.600  -8.0206E-01
   21.610  -1.0576E+00
   21.620  -1.1102E+00
   21.630  -9.5818E-01
   21.640  -1.7823E-01
   21.650   5.6267E-01
   21.660   1.4197E+00
   21.670   1.9832E+00
   21.680   2.5508E+00
   21.690   2.3398E+00
   21.700   2.6750E+00
   21.710   2.6254E+00
   21.720   2.7947E+00
   21.730   2.8311E+00
   21.740   2.7596E+00
   21.750   2.8964E+00
   21.760   2.5847E+00
   21.770   2.1861E+00
   21.780   1.8132E+00
   21.790   1.6139E+00
   21.800   1.6395E+00
   21.810   1.7763E+00
   21.820   1.8098E+00
   21.830   1.5590E+00
   21.840   9.8241E-01
   21.850   1.9464E-01
   21.860  -6.0925E-01
   21.870  -1.2596E+00
   21.880  -1.6660E+00
   21.890  -1.8157E+00
   21.900  -1.6591E+00
   21.910  -1.3180E+00
   21.920  -9.1660E-01
   21.930  -5.5575E-01
   21.940  -2.6207E-01
   21.950  -3.5429E-01
   21.960  -3.1930E-01
   21.970  -3.5551E-01
   21.980  -3.9447E-01
   21.990  -3.3873E-01
   22.000  -1.7997E-01
   22.010  -3.5000E-02
   22.020  -2.6967E-02
   22.030  -1.5828E-01
   22.040  -3.3435E-01
   22.050  -3.3599E-01
   22.060  -5.4419E-01
   22.070  -7.7616E-01
   22.080  -1.0557E+00
   22.090  -1.4069E+00
   22.100  -1.8427E+00
   22.110  -2.2209E+00
   22.120  -2.7008E+00
   22.130  -3.0253E+00
   22.140  -2.7276E+00
   22.150  -2.2752E+00
   22.160  -1.8330E+00
   22.170  -1.4460E+00
   22.180  -1.0577E+00
   22.190  -6.1001E-01
   22.200  -9.2149E-02
   22.210   4.1993E-01
   22.220   1.0058E+00
   22.230   1.2166E+00
   22.240   1.5380E+00
   22.250   1.5529E+00
   22.260   1.2851E+00
   22.270  -1.1381E-01
   22.280  -1.0584E+00
   22.290  -1.3759E+00
   22.300  -1.4649E+00
   22.310  -1.3900E+00
   22.320  -1.2819E+00
   22.330  -1.2914E+00
   22.340  -1.4681E+00
   22.350  -2.0980E+00
   22.360  -2.4757E+00
   22.370  -2.7127E+00
   22.380  -2.7312E+00
   22.390  -2.5166E+00
   22.400  -2.0962E+00
   22.410  -1.2245E+00
   22.420  -5.8329E-01
   22.430  -2.1566E-01
   22.440   1.0641E+00
   22.450   1.3902E+00
   22.460   1.5168E+00
   22.470   1.5237E+00
   22.480   1.4493E+00
   22.490   1.2564E+00
   22.500   9.6672E-01
   22.510   4.7858E-01
   22.520  -9.9218E-02
   22.530  -3.8486E-01
   22.540  -9.2545E-01
   22.550  -1.4103E+00
   22.560  -1.8142E+00
   22.570  -2.2146E+00
   22.580  -2.6006E+00
   22.590  -3.1423E+00
   22.600  -3.3862E+00
   22.610  -3.2216E+00
   22.620  -3.0624E+00
   22.630  -2.7187E+00
   22.640  -2.1145E+00
   22.650  -1.5807E+00
   22.660  -9.2468E-01
   22.670  -7.1241E-02
   22.680   9.9161E-01
   22.690   2.1325E+00
   22.700   3.3265E+00
   22.710   4.2986E+00
   22.720   4.9546E+00
   22.730   4.8862E+00
   22.740   4.4864E+00
   22.750   4.0270E+00
   22.760   3.5394E+00
   22.770   3.4638E+00
   22.780   3.7409E+00
   22.790   3.4999E+00
   22.800   3.7644E+00
   22.810   3.8409E+00
   22.820   3.6393E+00
   22.830   3.0916E+00
   22.840   2.1408E+00
   22.850   1.1551E+00
   22.860   7.1024E-01
   22.870   7.2346E-02
   22.880  -3.3957E-01
   22.890  -4.9645E-01
   22.900  -4.2414E-01
   22.910  -9.9513E-02
   22.920   6.3908E-01
   22.930   1.1890E+00
   22.940   2.0201E+00
   22.950   2.6910E+00
   22.960   2.5430E+00
   22.970   2.4828E+00
   22.980   2.1216E+00
   22.990   2.0075E+00
   23.000   1.8420E+00
   23.010   1.6967E+00
   23.020   1.5845E+00
   23.030   1.4580E+00
   23.040   1.1702E+00
   23.050   7.0361E-01
   23.060   6.5630E-01
   23.070   6.6718E-01
   23.080   7.7438E-01
   23.090   9.9555E-01
   23.100   1.3461E+00
   23.110   1.6775E+00
   23.120   1.2894E+00
   23.130   1.2443E+00
   23.140   1.1758E+00
   23.150   1.1288E+00
   23.160   1.0674E+00
   23.170   1.2422E+00
   23.180   1.5789E+00
   23.190   2.1077E+00
   23.200   2.6565E+00
   23.210   3.4312E+00
   23.220   2.6427E+00
   23.230   2.3398E+00
   23.240   1.7379E+00
   23.250   1.2082E+00
   23.260   8.4051E-01
   23.270   5.9401E-01
   23.280   4.3332E-01
   23.290  -1.0612E+00
   23.300  -1.0565E+00
   23.310  -1.0863E+00
   23.320  -1.2960E+00
   23.330  -1.4171E+00
   23.340  -1.3689E+00
   23.350  -1.1278E+00
   23.360  -7.7263E-01
   23.370  -3.6752E-01
   23.380  -1.5714E-01
   23.390  -4.3766E-01
   23.400  -3.8770E-01
   23.410  -7.2637E-01
   23.420  -4.7619E-01
   23.430  -1.1262E-01
   23.440   2.7895E-01
   23.450   6.6132E-01
   23.460   8.0875E-01
   23.470   1.2635E+00
   23.480   2.0468E+00
   23.490   2.3650E+00
   23.500   2.4620E+00
   23.510   2.2008E+00
   23.520   1.5469E+00
   23.530   6.3642E-01
   23.540  -2.7659E-01
   23.550  -9.5795E-01
   23.560  -1.2935E+00
   23.570  -1.9309E+00
   23.580  -1.5691E+00
   23.590  -1.0362E+00
   23.600  -5.0921E-01
   23.610  -4.1390E-02
   23.620   2.6355E-01
   23.630  -6.9741E-01
   23.640  -3.6407E-01
   23.650  -1.4525E-01
   23.660  -3.9205E-02
   23.670  -3.5268E-02
   23.680   5.0355E-01
   23.690  -6.3622E-01
   23.700  -8.1726E-01
   23.710  -1.0199E+00
   23.720  -1.2367E+00
   23.730  -1.5909E+00
   23.740  -1.8332E+00
   23.750  -2.0309E+00
   23.760  -2.1790E+00
   23.770  -2.2857E+00
   23.780  -2.3502E+00
   23.790  -2.0673E+00
   23.800  -1.9560E+00
   23.810  -1.8081E+00
   23.820  -1.4614E+00
   23.830  -9.0552E-01
   23.840  -1.1112E-01
   23.850   6.0341E-01
   23.860   1.2244E+00
   23.870   1.8368E+00
   23.880   2.1207E+00
   23.890   2.2363E+00
   23.900   2.2179E+00
   23.910   2.3414E+00
   23.920   2.1418E+00
   23.930   1.8795E+00
   23.940   1.5882E+00
   23.950   1.0782E+00
   23.960   6.7249E-01
   23.970  -2.0807E-01
   23.980  -7.3485E-01
   23.990  -1.1554E+00
   24.000  -1.4993E+00
   24.010  -1.8106E+00
   24.020  -2.1412E+00
   24.030  -2.5167E+00
   24.040  -2.9084E+00
   24.050  -3.0507E+00
   24.060  -3.1520E+00
   24.070  -3.0679E+00
   24.080  -2.7837E+00
   24.090  -2.3661E+00
   24.100  -1.4829E+00
   24.110  -7.6832E-01
   24.120  -6.3553E-01
   24.130  -6.5646E-01
   24.140  -7.5635E-01
   24.150  -7.0984E-01
   24.160  -6.7176E-01
   24.170  -1.6385E-01
   24.180   7.7351E-02
   24.190   3.6167E-01
   24.200   5.2232E-01
   24.210   6.0607E-01
   24.220   5.8564E-01
   24.230   6.4416E-01
   24.240   6.4335E-01
   24.250   1.1320E+00
   24.260   1.1890E+00
   24.270   1.1883E+00
   24.280   1.1193E+00
   24.290   1.0348E+00
   24.300   9.5937E-01
   24.310   9.8504E-01
   24.320   1.0700E+00
   24.330   7.4023E-01
   24.340   9.9427E-01
   24.350   1.3377E+00
   24.360   1.7429E+00
   24.370   2.1512E+00
   24.380   2.7062E+00
   24.390   2.9572E+00
   24.400   2.9336E+00
   24.410   2.6061E+00
   24.420   2.0567E+00
   24.430   1.3532E+00
   24.440   6.5565E-01
   24.450   9.5449E-01
   24.460   6.4130E-01
   24.470   4.9655E-01
   24.480   4.4503E-01
   24.490   5.3045E-01
   24.500   6.9144E-01
   24.510   8.4834E-01
   24.520   1.0543E+00
   24.530   1.2043E+00
   24.540   1.2680E+00
   24.550   1.2261E+00
   24.560   1.1921E+00
   24.570   1.1878E+00
   24.580   1.2201E+00
   24.590   1.2650E+00
   24.600   1.3010E+00
   24.610   1.3177E+00
   24.620   1.3012E+00
   24.630   1.2308E+00
   24.640   1.0959E+00
   24.650   9.0323E-01
   24.660   6.5946E-01
   24.670   4.0551E-02
   24.680  -2.8719E-01
   24.690  -3.3700E-01
   24.700  -5.8769E-01
   24.710  -8.1185E-01
   24.720  -1.0476E+00
   24.730  -1.5587E+00
   24.740  -1.7547E+00
   24.750  -1.9462E+00
   24.760  -2.0940E+00
   24.770  -2.2298E+00
   24.780  -2.3636E+00
   24.790  -2.5148E+00
   24.800  -2.6766E+00
   24.810  -2.8038E+00
   24.820  -2.8233E+00
   24.830  -2.6702E+00
   24.840  -2.3244E+00
   24.850  -1.8191E+00
   24.860  -1.2187E+00
   24.870  -1.6547E-01
   24.880   7.8485E-02
   24.890   4.1849E-01
   24.900   6.0510E-01
   24.910   7.4361E-01
   24.920   7.7535E-01
   24.930   7.1796E-01
   24.940   6.3261E-01
   24.950   5.0488E-01
   24.960   3.4988E-01
   24.970   2.0752E-01
   24.980   1.2800E-01
   24.990   1.4378E-01
   25.000   2.5042E-01
   25.010   4.1598E-01
   25.020   4.6038E-01
   25.030   6.3384E-01
   25.040   7.8575E-01
   25.050   6.6180E-01
   25.060   6.7976E-01
   25.070   7.0019E-01
   25.080   5.1780E-01
   25.090   3.3264E-01
   25.100   2.5184E-01
   25.110   2.3789E-01
   25.120   3.3471E-01
   25.130   7.0505E-01
   25.140   9.4357E-01
   25.150   1.0804E+00
   25.160   1.1931E+00
   25.170   1.2167E+00
   25.180   1.1536E+00
   25.190   1.0197E+00
   25.200   8.2271E-01
   25.210   5.6217E-01
   25.220   4.1467E-02
   25.230  -3.9755E-01
   25.240  -8.6868E-01
   25.250  -1.2890E+00
   25.260  -1.6047E+00
   25.270  -1.6910E+00
   25.280  -1.6953E+00
   25.290  -1.6478E+00
   25.300  -1.6548E+00
   25.310  -1.4432E+00
   25.320  -1.2272E+00
   25.330  -9.3748E-01
   25.340  -1.4205E+00
   25.350  -1.0891E+00
   25.360  -6.7435E-01
   25.370  -3.6566E-01
   25.380  -2.5328E-02
   25.390   2.2283E-01
   25.400   4.4499E-01
   25.410   5.0531E-01
   25.420   6.2381E-01
   25.430   6.4936E-01
   25.440   5.1164E-01
   25.450   3.8554E-01
   25.460   2.1977E-01
   25.470   6.9917E-02
   25.480  -2.8411E-02
   25.490   3.0122E-01
   25.500   2.3203E-01
   25.510   1.0978E-01
   25.520  -3.9306E-02
   25.530  -1.5949E-01
   25.540   9.9881E-02
   25.550   2.0497E-01
   25.560   3.4579E-01
   25.570   5.9567E-01
   25.580   7.5914E-01
   25.590   8.1088E-01
   25.600   8.5887E-01
   25.610   8.7873E-01
   25.620   9.3420E-01
   25.630   1.0592E+00
   25.640   1.2813E+00
   25.650   1.4247E+00
   25.660   1.5208E+00
   25.670   1.5266E+00
   25.680   1.3989E+00
   25.690   6.9469E-01
   25.700   3.4390E-01
   25.710  -3.8582E-01
   25.720  -8.5671E-01
   25.730  -1.3131E+00
   25.740  -1.7094E+00
   25.750  -2.0040E+00
   25.760  -2.2709E+00
   25.770  -2.3387E+00
   25.780  -2.2713E+00
   25.790  -2.0784E+00
   25.800  -1.4613E+00
   25.810  -1.1519E+00
   25.820  -8.3631E-01
   25.830  -6.9196E-01
   25.840  -3.1035E-01
   25.850  -2.2366E-01
   25.860  -2.5118E-01
   25.870  -3.8752E-01
   25.880  -5.9187E-01
   25.890  -7.9158E-01
   25.900  -9.1767E-01
   25.910  -9.4366E-01
   25.920  -8.9104E-01
   25.930  -7.7050E-01
   25.940  -7.1954E-01
   25.950  -6.4046E-01
   25.960  -5.3274E-01
   25.970  -4.1777E-01
   25.980  -3.2454E-01
   25.990  -2.5506E-01
   26.000  -2.2374E-01
   26.010  -1.9649E-01
   26.020  -1.5530E-01
   26.030  -9.5341E-02
   26.040  -1.3854E-02
   26.050   1.0290E-01
   26.060   1.8902E-01
   26.070   4.2070E-01
   26.080   6.9826E-01
   26.090   9.7646E-01
   26.100   1.2090E+00
   26.110   1.3629E+00
   26.120   1.4257E+00
   26.130   1.3926E+00
   26.140   1.2694E+00
   26.150   1.0606E+00
   26.160   7.7199E-01
   26.170   4.4424E-01
   26.180   1.0108E-01
   26.190  -2.0749E-01
   26.200  -4.3270E-01
   26.210  -5.5962E-01
   26.220  -6.1333E-01
   26.230  -1.5355E-01
   26.240  -2.5479E-03
   26.250   5.5917E-02
   26.260   3.0139E-02
   26.270  -3.2059E-02
   26.280  -1.3916E-01
   26.290  -2.6626E-01
   26.300  -3.9069E-01
   26.310  -5.0020E-01
   26.320  -5.8932E-01
   26.330  -6.5363E-01
   26.340  -7.6497E-01
   26.350  -7.7070E-01
   26.360  -7.4391E-01
   26.370  -6.8513E-01
   26.380  -5.9981E-01
   26.390  -4.9977E-01
   26.400  -3.9384E-01
   26.410  -2.7801E-01
   26.420  -1.3985E-01
   26.430  -8.2553E-02
   26.440   9.0024E-02
   26.450   2.8311E-01
   26.460   4.7181E-01
   26.470   6.3087E-01
   26.480   7.3671E-01
   26.490   7.7800E-01
   26.500   7.9945E-01
   26.510   8.0197E-01
   26.520   7.9721E-01
   26.530   7.6910E-01
   26.540   6.9997E-01
   26.550   5.9171E-01
   26.560   4.7076E-01
   26.570   3.7632E-01
   26.580   3.3836E-01
   26.590   3.5735E-01
   26.600   4.0227E-01
   26.610   4.3266E-01
   26.620   4.2496E-01
   26.630   3.7649E-01
   26.640   2.8882E-01
   26.650   1.4231E-01
   26.660  -1.0460E-02
   26.670  -1.9591E-01
   26.680  -2.9181E-01
   26.690  -3.1183E-01
   26.700  -2.5449E-01
   26.710  -1.3001E-01
   26.720   4.3816E-02
   26.730   2.3336E-01
   26.740   3.8766E-01
   26.750   4.5826E-01
   26.760   4.2513E-01
   26.770   8.9519E-02
   26.780   9.5955E-03
   26.790  -2.8159E-02
   26.800  -1.8194E-01
   26.810  -2.4017E-01
   26.820  -3.0945E-01
   26.830  -8.9858E-03
   26.840   1.2242E-02
   26.850   4.2843E-02
   26.860   7.9411E-02
   26.870   1.2443E-01
   26.880   1.8133E-01
   26.890   2.4662E-01
   26.900   3.0809E-01
   26.910   3.5016E-01
   26.920   3.6251E-01
   26.930   4.1030E-01
   26.940   3.7267E-01
   26.950   3.4275E-01
   26.960   3.2419E-01
   26.970   3.0046E-01
   26.980   2.5441E-01
   26.990   1.8806E-01
   27.000   1.2047E-01
   27.010   6.9615E-02
   27.020   2.5243E-02
   27.030   1.8864E-02
   27.040   4.2549E-02
   27.050   8.3084E-02
   27.060   1.3439E-01
   27.070   1.9349E-01
   27.080   2.5224E-01
   27.090   3.0768E-01
   27.100   4.6085E-01
   27.110   4.6385E-01
   27.120   4.3955E-01
   27.130   3.9874E-01
   27.140   3.2744E-01
   27.150   2.7210E-01
   27.160   2.1323E-01
   27.170   1.5350E-01
   27.180   1.0140E-01
   27.190   6.8465E-02
   27.200   6.3239E-02
   27.210   8.4397E-02
   27.220   1.1315E-01
   27.230   2.8683E-01
   27.240   2.7836E-01
   27.250   3.5696E-01
   27.260   3.0349E-01
   27.270   2.3309E-01
   27.280   1.6375E-01
   27.290   1.1122E-01
   27.300   8.8163E-02
   27.310   8.6249E-02
   27.320   9.0939E-02
   27.330   9.2645E-02
   27.340   9.1111E-02
   27.350   1.7597E-01
   27.360   2.2586E-01
   27.370   1.8658E-01
   27.380   1.2124E-01
   27.390   4.0123E-02
   27.400  -4.3102E-02
   27.410  -1.1995E-01
   27.420  -1.8615E-01
   27.430  -2.3646E-01
   27.440  -2.6581E-01
   27.450  -2.7567E-01
   27.460  -2.7551E-01
   27.470  -2.7553E-01
   27.480  -2.7952E-01
   27.490  -9.9295E-02
   27.500  -1.0502E-01
   27.510  -1.0532E-01
   27.520  -9.9868E-02
   27.530  -8.6533E-02
   27.540  -6.8612E-02
   27.550  -5.7058E-02
   27.560  -3.6099E-02
   27.570  -1.9541E-02
   27.580  -1.0978E-02
   27.590  -1.2570E-02
   27.600  -1.9623E-02
   27.610  -3.5856E-02
   27.620  -5.1493E-02
   27.630  -6.4585E-02
   27.640  -7.7309E-02
   27.650  -9.1974E-02
   27.660  -1.0680E-01
   27.670  -1.1623E-01
   27.680  -1.1517E-01
   27.690  -1.0298E-01
   27.700  -8.3905E-02
   27.710  -6.4557E-02
   27.720  -5.0464E-02
   27.730  -7.6479E-03
   27.740   1.4582E-03
   27.750   9.1260E-03
   27.760   2.6354E-02
   27.770   3.2366E-02
   27.780   3.3749E-02
   27.790   2.8366E-02
   27.800   1.7882E-02
   27.810   8.0021E-03
   27.820   5.0736E-03
   27.830   1.1321E-02
   27.840   2.2564E-02
   27.850   3.0155E-02
   27.860   2.5708E-02
   27.870   5.6817E-03
   27.880  -2.6764E-02
   27.890  -6.3876E-02
   27.900  -9.8135E-02
   27.910  -1.2612E-01
   27.920  -1.4817E-01
   27.930  -1.6488E-01
   27.940  -1.6939E-01
   27.950  -1.7361E-01
   27.960  -1.6353E-01
   27.970  -5.7375E-02
   27.980  -4.6397E-02
   27.990  -3.5767E-02
   28.000  -2.7365E-02
   28.010  -2.3450E-02
   28.020  -2.4628E-02
   28.030  -2.9385E-02
   28.040  -3.5915E-02
   28.050  -4.5277E-02
   28.060  -5.7783E-02
   28.070  -7.0975E-02
   28.080  -7.9276E-02
   28.090  -7.7206E-02
   28.100  -6.2591E-02
   28.110  -3.7491E-02
   28.120  -7.3663E-03
   28.130   2.0794E-02
   28.140   4.1439E-02
   28.150   5.3133E-02
   28.160   5.8251E-02
   28.170   5.9514E-02
   28.180   5.7136E-02
   28.190   4.9863E-02
   28.200   3.8350E-02
   28.210   2.6569E-02
   28.220   1.9670E-02
   28.230   2.0739E-02
   28.240   2.9345E-02
   28.250   4.2275E-02
   28.260   5.5258E-02
   28.270   6.4638E-02
   28.280   6.8463E-02
   28.290   6.6577E-02
   28.300   5.9911E-02
   28.310   4.9711E-02
   28.320   3.7311E-02
   28.330   2.4192E-02
   28.340   1.1796E-02
   28.350   9.9390E-04
   28.360  -1.3914E-02
   28.370  -2.5204E-02
   28.380  -1.1706E-02
   28.390  -1.3477E-02
   28.400  -1.5684E-02
   28.410  -1.6326E-02
   28.420  -1.3444E-02
   28.430  -6.3527E-03
   28.440   3.9370E-03
   28.450   1.5232E-02
   28.460   2.5162E-02
   28.470   3.2036E-02
   28.480   3.5266E-02
   28.490   3.5275E-02
   28.500   3.2996E-02
   28.510   2.9143E-02
   28.520   2.3628E-02
   28.530   1.5619E-02
   28.540   4.3860E-03
   28.550  -9.7194E-03
   28.560  -2.5120E-02
   28.570  -3.9883E-02
   28.580  -5.2611E-02
   28.590  -6.3636E-02
   28.600  -6.9973E-02
   28.610  -7.1693E-02
   28.620  -6.8220E-02
   28.630  -5.9512E-02
   28.640  -4.6142E-02
   28.650  -2.9415E-02
   28.660  -1.1326E-02
   28.670   5.9996E-03
   28.680   2.1133E-02
   28.690   3.3575E-02
   28.700   4.3317E-02
   28.710   5.0497E-02
   28.720   5.5506E-02
   28.730   5.8885E-02
   28.740   6.0800E-02
   28.750   6.0835E-02
   28.760   5.8372E-02
   28.770   5.4256E-02
   28.780   4.9497E-02
   28.790   4.4850E-02
   28.800   4.1070E-02
   28.810   3.8988E-02
   28.820   3.8806E-02
   28.830   3.9359E-02
   28.840   3.8774E-02
   28.850   3.6041E-02
   28.860   3.1564E-02
   28.870   2.6225E-02
   28.880   2.0665E-02
   28.890   1.5686E-02
   28.900   1.2575E-02
   28.910   1.2094E-02
   28.920   1.3201E-02
   28.930   1.6447E-02
   28.940   1.5660E-02
   28.950   1.3275E-02
   28.960   1.0525E-02
   28.970   1.9815E-02
   28.980   3.1082E-02
   28.990   3.7086E-02
   29.000   3.0365E-02
   29.010   3.2527E-02
   29.020   3.3281E-02
   29.030   3.2207E-02
   29.040   2.9104E-02
   29.050   2.4126E-02
   29.060   9.7838E-03
   29.070   3.1518E-03
   29.080  -2.8465E-03
   29.090  -9.9101E-03
   29.100  -1.3078E-02
   29.110  -1.4457E-02
   29.120  -1.4377E-02
   29.130  -1.3383E-02
   29.140  -1.2239E-02
   29.150  -1.1595E-02
   29.160  -1.1475E-02
   29.170  -1.1266E-02
   29.180  -1.0333E-02
   29.190  -8.5566E-03
   29.200  -6.2097E-03
   29.210  -1.4788E-03
   29.220  -1.5521E-03
   29.230  -1.7211E-03
   29.240  -1.8525E-03
   29.250  -1.8032E-03
   29.260  -1.5354E-03
   29.270  -1.1367E-03
   29.280  -7.2170E-04
   29.290  -3.3800E-04
   29.300   5.4997E-06
   29.310   2.4860E-04
   29.320   2.8775E-04
   29.330   1.0467E-04
   29.340  -1.5083E-04
   29.350  -2.5414E-04
   29.360  -8.5253E-05
   29.370   2.9869E-04
   29.380   7.4375E-04
   29.390   1.1092E-03
   29.400   1.3093E-03
   29.410   1.3187E-03
   29.420   1.1914E-03
   29.430   1.0478E-03
   29.440   9.9332E-04
   29.450   1.0376E-03
   29.460   1.1049E-03
   29.470   1.1122E-03
   29.480   1.0113E-03
   29.490   7.8329E-04
   29.500   4.5797E-04
   29.510   1.6062E-04
   29.520  -2.6414E-04
   29.530   3.6041E-04
   29.540   1.0620E-03
   29.550   1.7375E-03
   29.560   2.3096E-03
   29.570   2.6917E-03
   29.580   2.7957E-03
   29.590   2.5857E-03
   29.600   2.0931E-03
   29.610   1.3623E-03
   29.620   4.0508E-04
   29.630  -7.6588E-04
   29.640  -2.0716E-03
   29.650  -3.3621E-03
   29.660  -4.4818E-03
   29.670  -5.3359E-03
   29.680  -5.9181E-03
   29.690  -6.3112E-03
   29.700  -6.6533E-03
   29.710  -2.6617E-03
   29.720  -2.7023E-03
   29.730  -2.7163E-03
   29.740  -2.6025E-03
   29.750  -2.2992E-03
   29.760  -1.8207E-03
   29.770  -1.2096E-03
   29.780  -4.8223E-04
   29.790   3.5593E-04
   29.800   1.2516E-03
   29.810   2.0899E-03
   29.820   2.7476E-03
   29.830   0.0000E+00
   29.840   0.0000E+00
   29.850   0.0000E+00
   29.860   0.0000E+00
   29.870   0.0000E+00
   29.880   0.0000E+00
   29.890   0.0000E+00
   29.900   0.0000E+00
   29.910   0.0000E+00
   29.920   0.0000E+00
   29.930   0.0000E+00
   29.940   0.0000E+00
   29.950   0.0000E+00
   29.960   0.0000E+00
   29.970   0.0000E+00
   29.980   0.0000E+00
   29.990   0.0000E+00
   30.000   0.0000E+00
   30.010   0.0000E+00
   30.020   0.0000E+00
   30.030   0.0000E+00
   30.040   0.0000E+00
   30.050   0.0000E+00
   30.060   0.0000E+00
   30.070   0.0000E+00
   30.080   0.0000E+00
   30.090   0.0000E+00
   30.100   0.0000E+00
   30.110   0.0000E+00
   30.120   0.0000E+00
   30.130   0.0000E+00
   30.140   0.0000E+00
   30.150   0.0000E+00
   30.160   0.0000E+00
   30.170   0.0000E+00
   30.180   0.0000E+00
   30.190   0.0000E+00
   30.200   0.0000E+00
   30.210   0.0000E+00
   30.220   0.0000E+00
   30.230   0.0000E+00
   30.240   0.0000E+00
   30.250   0.0000E+00
   30.260   0.0000E+00
   30.270   0.0000E+00
   30.280   0.0000E+00
   30.290   0.0000E+00
   30.300   0.0000E+00
   30.310   0.0000E+00
   30.320   0.0000E+00
   30.330   0.0000E+00
   30.340   0.0000E+00
   30.350   0.0000E+00
   30.360   0.0000E+00
   30.370   0.0000E+00
   30.380   0.0000E+00
   30.390   0.0000E+00
   30.400   0.0000E+00
   30.410   0.0000E+00
   30.420   0.0000E+00
   30.430   0.0000E+00
   30.440   0.0000E+00
   30.450   0.0000E+00
   30.460   0.0000E+00
   30.470   0.0000E+00
   30.480   0.0000E+00
   30.490   0.0000E+00
   30.500   0.0000E+00
   30.510   0.0000E+00
   30.520   0.0000E+00
   30.530   0.0000E+00
   30.540   0.0000E+00
   30.550   0.0000E+00
   30.560   0.0000E+00
   30.570   0.0000E+00
   30.580   0.0000E+00
   30.590   0.0000E+00
   30.600   0.0000E+00
   30.610   0.0000E+00
   30.620   0.0000E+00
   30.630   0.0000E+00
   30.640   0.0000E+00
   30.650   0.0000E+00
   30.660   0.0000E+00
   30.670   0.0000E+00
   30.680   0.0000E+00
   30.690   0.0000E+00
   30.700   0.0000E+00
   30.710   0.0000E+00
   30.720   0.0000E+00
   30.730   0.0000E+00
   30.740   0.0000E+00
   30.750   0.0000E+00
   30.760   0.0000E+00
   30.770   0.0000E+00
   30.780   0.0000E+00
   30.790   0.0000E+00
   30.800   0.0000E+00
   30.810   0.0000E+00
   30.820   0.0000E+00
   30.830   0.0000E+00
   30.840   0.0000E+00
   30.850   0.0000E+00
   30.860   0.0000E+00
   30.870   0.0000E+00
   30.880   0.0000E+00
   30.890   0.0000E+00
   30.900   0.0000E+00
   30.910   0.0000E+00
   30.920   0.0000E+00
   30.930   0.0000E+00
   30.940   0.0000E+00
   30.950   0.0000E+00
   30.960   0.0000E+00
   30.970   0.0000E+00
   30.980   0.0000E+00
   30.990   0.0000E+00
   31.000   0.0000E+00
   31.010   0.0000E+00
   31.020   0.0000E+00
   31.030   0.0000E+00
   31.040   0.0000E+00
   31.050   0.0000E+00
   31.060   0.0000E+00
   31.070   0.0000E+00
   31.080   0.0000E+00
   31.090   0.0000E+00
   31.100   0.0000E+00
   31.110   0.0000E+00
   31.120   0.0000E+00
   31.130   0.0000E+00
   31.140   0.0000E+00
   31.150   0.0000E+00
   31.160   0.0000E+00
   31.170   0.0000E+00
   31.180   0.0000E+00
   31.190   0.0000E+00
   31.200   0.0000E+00
   31.210   0.0000E+00
   31.220   0.0000E+00
   31.230   0.0000E+00
   31.240   0.0000E+00
   31.250   0.0000E+00
   31.260   0.0000E+00
   31.270   0.0000E+00
   31.280   0.0000E+00
   31.290   0.0000E+00
   31.300   0.0000E+00
   31.310   0.0000E+00
   31.320   0.0000E+00
   31.330   0.0000E+00
   31.340   0.0000E+00
   31.350   0.0000E+00
   31.360   0.0000E+00
   31.370   0.0000E+00
   31.380   0.0000E+00
   31.390   0.0000E+00
   31.400   0.0000E+00
   31.410   0.0000E+00
   31.420   0.0000E+00
   31.430   0.0000E+00
   31.440   0.0000E+00
   31.450   0.0000E+00
   31.460   0.0000E+00
   31.470   0.0000E+00
   31.480   0.0000E+00
   31.490   0.0000E+00
   31.500   0.0000E+00
   31.510   0.0000E+00
   31.520   0.0000E+00
   31.530   0.0000E+00
   31.540   0.0000E+00
   31.550   0.0000E+00
   31.560   0.0000E+00
   31.570   0.0000E+00
   31.580   0.0000E+00
   31.590   0.0000E+00
   31.600   0.0000E+00
   31.610   0.0000E+00
   31.620   0.0000E+00
   31.630   0.0000E+00
   31.640   0.0000E+00
   31.650   0.0000E+00
   31.660   0.0000E+00
   31.670   0.0000E+00
   31.680   0.0000E+00
   31.690   0.0000E+00
   31.700   0.0000E+00
   31.710   0.0000E+00
   31.720   0.0000E+00
   31.730   0.0000E+00
   31.740   0.0000E+00
   31.750   0.0000E+00
   31.760   0.0000E+00
   31.770   0.0000E+00
   31.780   0.0000E+00
   31.790   0.0000E+00
   31.800   0.0000E+00
   31.810   0.0000E+00
   31.820   0.0000E+00
   31.830   0.0000E+00
   31.840   0.0000E+00
   31.850   0.0000E+00
   31.860   0.0000E+00
   31.870   0.0000E+00
   31.880   0.0000E+00
   31.890   0.0000E+00
   31.900   0.0000E+00
   31.910   0.0000E+00
   31.920   0.0000E+00
   31.930   0.0000E+00
   31.940   0.0000E+00
   31.950   0.0000E+00
   31.960   0.0000E+00
   31.970   0.0000E+00
   31.980   0.0000E+00
   31.990   0.0000E+00
   32.000   0.0000E+00
   32.010   0.0000E+00
   32.020   0.0000E+00
   32.030   0.0000E+00
   32.040   0.0000E+00
   32.050   0.0000E+00
   32.060   0.0000E+00
   32.070   0.0000E+00
   32.080   0.0000E+00
   32.090   0.0000E+00
   32.100   0.0000E+00
   32.110   0.0000E+00
   32.120   0.0000E+00
   32.130   0.0000E+00
   32.140   0.0000E+00
   32.150   0.0000E+00
   32.160   0.0000E+00
   32.170   0.0000E+00
   32.180   0.0000E+00
   32.190   0.0000E+00
   32.200   0.0000E+00
   32.210   0.0000E+00
   32.220   0.0000E+00
   32.230   0.0000E+00
   32.240   0.0000E+00
   32.250   0.0000E+00
   32.260   0.0000E+00
   32.270   0.0000E+00
   32.280   0.0000E+00
   32.290   0.0000E+00
   32.300   0.0000E+00
   32.310   0.0000E+00
   32.320   0.0000E+00
   32.330   0.0000E+00
   32.340   0.0000E+00
   32.350   0.0000E+00
   32.360   0.0000E+00
   32.370   0.0000E+00
   32.380   0.0000E+00
   32.390   0.0000E+00
   32.400   0.0000E+00
   32.410   0.0000E+00
   32.420   0.0000E+00
   32.430   0.0000E+00
   32.440   0.0000E+00
   32.450   0.0000E+00
   32.460   0.0000E+00
   32.470   0.0000E+00
   32.480   0.0000E+00
   32.490   0.0000E+00
   32.500   0.0000E+00
   32.510   0.0000E+00
   32.520   0.0000E+00
   32.530   0.0000E+00
   32.540   0.0000E+00
   32.550   0.0000E+00
   32.560   0.0000E+00
   32.570   0.0000E+00
   32.580   0.0000E+00
   32.590   0.0000E+00
   32.600   0.0000E+00
   32.610   0.0000E+00
   32.620   0.0000E+00
   32.630   0.0000E+00
   32.640   0.0000E+00
   32.650   0.0000E+00
   32.660   0.0000E+00
   32.670   0.0000E+00
   32.680   0.0000E+00
   32.690   0.0000E+00
   32.700   0.0000E+00
   32.710   0.0000E+00
   32.720   0.0000E+00
   32.730   0.0000E+00
   32.740   0.0000E+00
   32.750   0.0000E+00
   32.760   0.0000E+00
   32.770   0.0000E+00
   32.780   0.0000E+00
   32.790   0.0000E+00
   32.800   0.0000E+00
   32.810   0.0000E+00
   32.820   0.0000E+00
   32.830   0.0000E+00
   32.840   0.0000E+00
   32.850   0.0000E+00
   32.860   0.0000E+00
   32.870   0.0000E+00
   32.880   0.0000E+00
   32.890   0.0000E+00
   32.900   0.0000E+00
   32.910   0.0000E+00
   32.920   0.0000E+00
   32.930   0.0000E+00
   32.940   0.0000E+00
   32.950   0.0000E+00
   32.960   0.0000E+00
   32.970   0.0000E+00
   32.980   0.0000E+00
   32.990   0.0000E+00
   33.000   0.0000E+00
   33.010   0.0000E+00
   33.020   0.0000E+00
   33.030   0.0000E+00
   33.040   0.0000E+00
   33.050   0.0000E+00
   33.060   0.0000E+00
   33.070   0.0000E+00
   33.080   0.0000E+00
   33.090   0.0000E+00
   33.100   0.0000E+00
   33.110   0.0000E+00
   33.120   0.0000E+00
   33.130   0.0000E+00
   33.140   0.0000E+00
   33.150   0.0000E+00
   33.160   0.0000E+00
   33.170   0.0000E+00
   33.180   0.0000E+00
   33.190   0.0000E+00
   33.200   0.0000E+00
   33.210   0.0000E+00
   33.220   0.0000E+00
   33.230   0.0000E+00
   33.240   0.0000E+00
   33.250   0.0000E+00
   33.260   0.0000E+00
   33.270   0.0000E+00
   33.280   0.0000E+00
   33.290   0.0000E+00
   33.300   0.0000E+00
   33.310   0.0000E+00
   33.320   0.0000E+00
   33.330   0.0000E+00
   33.340   0.0000E+00
   33.350   0.0000E+00
   33.360   0.0000E+00
   33.370   0.0000E+00
   33.380   0.0000E+00
   33.390   0.0000E+00
   33.400   0.0000E+00
   33.410   0.0000E+00
   33.420   0.0000E+00
   33.430   0.0000E+00
   33.440   0.0000E+00
   33.450   0.0000E+00
   33.460   0.0000E+00
   33.470   0.0000E+00
   33.480   0.0000E+00
   33.490   0.0000E+00
   33.500   0.0000E+00
   33.510   0.0000E+00
   33.520   0.0000E+00
   33.530   0.0000E+00
   33.540   0.0000E+00
   33.550   0.0000E+00
   33.560   0.0000E+00
   33.570   0.0000E+00
   33.580   0.0000E+00
   33.590   0.0000E+00
   33.600   0.0000E+00
   33.610   0.0000E+00
   33.620   0.0000E+00
   33.630   0.0000E+00
   33.640   0.0000E+00
   33.650   0.0000E+00
   33.660   0.0000E+00
   33.670   0.0000E+00
   33.680   0.0000E+00
   33.690   0.0000E+00
   33.700   0.0000E+00
   33.710   0.0000E+00
   33.720   0.0000E+00
   33.730   0.0000E+00
   33.740   0.0000E+00
   33.750   0.0000E+00
   33.760   0.0000E+00
   33.770   0.0000E+00
   33.780   0.0000E+00
   33.790   0.0000E+00
   33.800   0.0000E+00
   33.810   0.0000E+00
   33.820   0.0000E+00
   33.830   0.0000E+00
   33.840   0.0000E+00
   33.850   0.0000E+00
   33.860   0.0000E+00
   33.870   0.0000E+00
   33.880   0.0000E+00
   33.890   0.0000E+00
   33.900   0.0000E+00
   33.910   0.0000E+00
   33.920   0.0000E+00
   33.930   0.0000E+00
   33.940   0.0000E+00
   33.950   0.0000E+00
   33.960   0.0000E+00
   33.970   0.0000E+00
   33.980   0.0000E+00
   33.990   0.0000E+00
   34.000   0.0000E+00
   34.010   0.0000E+00
   34.020   0.0000E+00
   34.030   0.0000E+00
   34.040   0.0000E+00
   34.050   0.0000E+00
   34.060   0.0000E+00
   34.070   0.0000E+00
   34.080   0.0000E+00
   34.090   0.0000E+00
   34.100   0.0000E+00
   34.110   0.0000E+00
   34.120   0.0000E+00
   34.130   0.0000E+00
   34.140   0.0000E+00
   34.150   0.0000E+00
   34.160   0.0000E+00
   34.170   0.0000E+00
   34.180   0.0000E+00
   34.190   0.0000E+00
   34.200   0.0000E+00
   34.210   0.0000E+00
   34.220   0.0000E+00
   34.230   0.0000E+00
   34.240   0.0000E+00
   34.250   0.0000E+00
   34.260   0.0000E+00
   34.270   0.0000E+00
   34.280   0.0000E+00
   34.290   0.0000E+00
   34.300   0.0000E+00
   34.310   0.0000E+00
   34.320   0.0000E+00
   34.330   0.0000E+00
   34.340   0.0000E+00
   34.350   0.0000E+00
   34.360   0.0000E+00
   34.370   0.0000E+00
   34.380   0.0000E+00
   34.390   0.0000E+00
   34.400   0.0000E+00
   34.410   0.0000E+00
   34.420   0.0000E+00
   34.430   0.0000E+00
   34.440   0.0000E+00
   34.450   0.0000E+00
   34.460   0.0000E+00
   34.470   0.0000E+00
   34.480   0.0000E+00
   34.490   0.0000E+00
   34.500   0.0000E+00
   34.510   0.0000E+00
   34.520   0.0000E+00
   34.530   0.0000E+00
   34.540   0.0000E+00
   34.550   0.0000E+00
   34.560   0.0000E+00
   34.570   0.0000E+00
   34.580   0.0000E+00
   34.590   0.0000E+00
   34.600   0.0000E+00
   34.610   0.0000E+00
   34.620   0.0000E+00
   34.630   0.0000E+00
   34.640   0.0000E+00
   34.650   0.0000E+00
   34.660   0.0000E+00
   34.670   0.0000E+00
   34.680   0.0000E+00
   34.690   0.0000E+00
   34.700   0.0000E+00
   34.710   0.0000E+00
   34.720   0.0000E+00
   34.730   0.0000E+00
   34.740   0.0000E+00
   34.750   0.0000E+00
   34.760   0.0000E+00
   34.770   0.0000E+00
   34.780   0.0000E+00
   34.790   0.0000E+00
   34.800   0.0000E+00
   34.810   0.0000E+00
   34.820   0.0000E+00
   34.830   0.0000E+00
   34.840   0.0000E+00
   34.850   0.0000E+00
   34.860   0.0000E+00
   34.870   0.0000E+00
   34.880   0.0000E+00
   34.890   0.0000E+00
   34.900   0.0000E+00
   34.910   0.0000E+00
   34.920   0.0000E+00
   34.930   0.0000E+00
   34.940   0.0000E+00
   34.950   0.0000E+00
   34.960   0.0000E+00
   34.970   0.0000E+00
   34.980   0.0000E+00
   34.990   0.0000E+00
   35.000   0.0000E+00
   35.010   0.0000E+00
   35.020   0.0000E+00
   35.030   0.0000E+00
   35.040   0.0000E+00
   35.050   0.0000E+00
   35.060   0.0000E+00
   35.070   0.0000E+00
   35.080   0.0000E+00
   35.090   0.0000E+00
   35.100   0.0000E+00
   35.110   0.0000E+00
   35.120   0.0000E+00
   35.130   0.0000E+00
   35.140   0.0000E+00
   35.150   0.0000E+00
   35.160   0.0000E+00
   35.170   0.0000E+00
   35.180   0.0000E+00
   35.190   0.0000E+00
   35.200   0.0000E+00
   35.210   0.0000E+00
   35.220   0.0000E+00
   35.230   0.0000E+00
   35.240   0.0000E+00
   35.250   0.0000E+00
   35.260   0.0000E+00
   35.270   0.0000E+00
   35.280   0.0000E+00
   35.290   0.0000E+00
   35.300   0.0000E+00
   35.310   0.0000E+00
   35.320   0.0000E+00
   35.330   0.0000E+00
   35.340   0.0000E+00
   35.350   0.0000E+00
   35.360   0.0000E+00
   35.370   0.0000E+00
   35.380   0.0000E+00
   35.390   0.0000E+00
   35.400   0.0000E+00
   35.410   0.0000E+00
   35.420   0.0000E+00
   35.430   0.0000E+00
   35.440   0.0000E+00
   35.450   0.0000E+00
   35.460   0.0000E+00
   35.470   0.0000E+00
   35.480   0.0000E+00
   35.490   0.0000E+00
   35.500   0.0000E+00
   35.510   0.0000E+00
   35.520   0.0000E+00
   35.530   0.0000E+00
   35.540   0.0000E+00
   35.550   0.0000E+00
   35.560   0.0000E+00
   35.570   0.0000E+00
   35.580   0.0000E+00
   35.590   0.0000E+00
   35.600   0.0000E+00
   35.610   0.0000E+00
   35.620   0.0000E+00
   35.630   0.0000E+00
   35.640   0.0000E+00
   35.650   0.0000E+00
   35.660   0.0000E+00
   35.670   0.0000E+00
   35.680   0.0000E+00
   35.690   0.0000E+00
   35.700   0.0000E+00
   35.710   0.0000E+00
   35.720   0.0000E+00
   35.730   0.0000E+00
   35.740   0.0000E+00
   35.750   0.0000E+00
   35.760   0.0000E+00
   35.770   0.0000E+00
   35.780   0.0000E+00
   35.790   0.0000E+00
   35.800   0.0000E+00
   35.810   0.0000E+00
   35.820   0.0000E+00
   35.830   0.0000E+00
   35.840   0.0000E+00
   35.850   0.0000E+00
   35.860   0.0000E+00
   35.870   0.0000E+00
   35.880   0.0000E+00
   35.890   0.0000E+00
   35.900   0.0000E+00
   35.910   0.0000E+00
   35.920   0.0000E+00
   35.930   0.0000E+00
   35.940   0.0000E+00
   35.950   0.0000E+00
   35.960   0.0000E+00
   35.970   0.0000E+00
   35.980   0.0000E+00
   35.990   0.0000E+00
   36.000   0.0000E+00
   36.010   0.0000E+00
   36.020   0.0000E+00
   36.030   0.0000E+00
   36.040   0.0000E+00
   36.050   0.0000E+00
   36.060   0.0000E+00
   36.070   0.0000E+00
   36.080   0.0000E+00
   36.090   0.0000E+00
   36.100   0.0000E+00
   36.110   0.0000E+00
   36.120   0.0000E+00
   36.130   0.0000E+00
   36.140   0.0000E+00
   36.150   0.0000E+00
   36.160   0.0000E+00
   36.170   0.0000E+00
   36.180   0.0000E+00
   36.190   0.0000E+00
   36.200   0.0000E+00
   36.210   0.0000E+00
   36.220   0.0000E+00
   36.230   0.0000E+00
   36.240   0.0000E+00
   36.250   0.0000E+00
   36.260   0.0000E+00
   36.270   0.0000E+00
   36.280   0.0000E+00
   36.290   0.0000E+00
   36.300   0.0000E+00
   36.310   0.0000E+00
   36.320   0.0000E+00
   36.330   0.0000E+00
   36.340   0.0000E+00
   36.350   0.0000E+00
   36.360   0.0000E+00
   36.370   0.0000E+00
   36.380   0.0000E+00
   36.390   0.0000E+00
   36.400   0.0000E+00
   36.410   0.0000E+00
   36.420   0.0000E+00
   36.430   0.0000E+00
   36.440   0.0000E+00
   36.450   0.0000E+00
   36.460   0.0000E+00
   36.470   0.0000E+00
   36.480   0.0000E+00
   36.490   0.0000E+00
   36.500   0.0000E+00
   36.510   0.0000E+00
   36.520   0.0000E+00
   36.530   0.0000E+00
   36.540   0.0000E+00
   36.550   0.0000E+00
   36.560   0.0000E+00
   36.570   0.0000E+00
   36.580   0.0000E+00
   36.590   0.0000E+00
   36.600   0.0000E+00
   36.610   0.0000E+00
   36.620   0.0000E+00
   36.630   0.0000E+00
   36.640   0.0000E+00
   36.650   0.0000E+00
   36.660   0.0000E+00
   36.670   0.0000E+00
   36.680   0.0000E+00
   36.690   0.0000E+00
   36.700   0.0000E+00
   36.710   0.0000E+00
   36.720   0.0000E+00
   36.730   0.0000E+00
   36.740   0.0000E+00
   36.750   0.0000E+00
   36.760   0.0000E+00
   36.770   0.0000E+00
   36.780   0.0000E+00
   36.790   0.0000E+00
   36.800   0.0000E+00
   36.810   0.0000E+00
   36.820   0.0000E+00
   36.830   0.0000E+00
   36.840   0.0000E+00
   36.850   0.0000E+00
   36.860   0.0000E+00
   36.870   0.0000E+00
   36.880   0.0000E+00
   36.890   0.0000E+00
   36.900   0.0000E+00
   36.910   0.0000E+00
   36.920   0.0000E+00
   36.930   0.0000E+00
   36.940   0.0000E+00
   36.950   0.0000E+00
   36.960   0.0000E+00
   36.970   0.0000E+00
   36.980   0.0000E+00
   36.990   0.0000E+00
   37.000   0.0000E+00
   37.010   0.0000E+00
   37.020   0.0000E+00
   37.030   0.0000E+00
   37.040   0.0000E+00
   37.050   0.0000E+00
   37.060   0.0000E+00
   37.070   0.0000E+00
   37.080   0.0000E+00
   37.090   0.0000E+00
   37.100   0.0000E+00
   37.110   0.0000E+00
   37.120   0.0000E+00
   37.130   0.0000E+00
   37.140   0.0000E+00
   37.150   0.0000E+00
   37.160   0.0000E+00
   37.170   0.0000E+00
   37.180   0.0000E+00
   37.190   0.0000E+00
   37.200   0.0000E+00
   37.210   0.0000E+00
   37.220   0.0000E+00
   37.230   0.0000E+00
   37.240   0.0000E+00
   37.250   0.0000E+00
   37.260   0.0000E+00
   37.270   0.0000E+00
   37.280   0.0000E+00
   37.290   0.0000E+00
   37.300   0.0000E+00
   37.310   0.0000E+00
   37.320   0.0000E+00
   37.330   0.0000E+00
   37.340   0.0000E+00
   37.350   0.0000E+00
   37.360   0.0000E+00
   37.370   0.0000E+00
   37.380   0.0000E+00
   37.390   0.0000E+00
   37.400   0.0000E+00
   37.410   0.0000E+00
   37.420   0.0000E+00
   37.430   0.0000E+00
   37.440   0.0000E+00
   37.450   0.0000E+00
   37.460   0.0000E+00
   37.470   0.0000E+00
   37.480   0.0000E+00
   37.490   0.0000E+00
   37.500   0.0000E+00
   37.510   0.0000E+00
   37.520   0.0000E+00
   37.530   0.0000E+00
   37.540   0.0000E+00
   37.550   0.0000E+00
   37.560   0.0000E+00
   37.570   0.0000E+00
   37.580   0.0000E+00
   37.590   0.0000E+00
   37.600   0.0000E+00
   37.610   0.0000E+00
   37.620   0.0000E+00
   37.630   0.0000E+00
   37.640   0.0000E+00
   37.650   0.0000E+00
   37.660   0.0000E+00
   37.670   0.0000E+00
   37.680   0.0000E+00
   37.690   0.0000E+00
   37.700   0.0000E+00
   37.710   0.0000E+00
   37.720   0.0000E+00
   37.730   0.0000E+00
   37.740   0.0000E+00
   37.750   0.0000E+00
   37.760   0.0000E+00
   37.770   0.0000E+00
   37.780   0.0000E+00
   37.790   0.0000E+00
   37.800   0.0000E+00
   37.810   0.0000E+00
   37.820   0.0000E+00
   37.830   0.0000E+00
   37.840   0.0000E+00
   37.850   0.0000E+00
   37.860   0.0000E+00
   37.870   0.0000E+00
   37.880   0.0000E+00
   37.890   0.0000E+00
   37.900   0.0000E+00
   37.910   0.0000E+00
   37.920   0.0000E+00
   37.930   0.0000E+00
   37.940   0.0000E+00
   37.950   0.0000E+00
   37.960   0.0000E+00
   37.970   0.0000E+00
   37.980   0.0000E+00
   37.990   0.0000E+00
   38.000   0.0000E+00
   38.010   0.0000E+00
   38.020   0.0000E+00
   38.030   0.0000E+00
   38.040   0.0000E+00
   38.050   0.0000E+00
   38.060   0.0000E+00
   38.070   0.0000E+00
   38.080   0.0000E+00
   38.090   0.0000E+00
   38.100   0.0000E+00
   38.110   0.0000E+00
   38.120   0.0000E+00
   38.130   0.0000E+00
   38.140   0.0000E+00
   38.150   0.0000E+00
   38.160   0.0000E+00
   38.170   0.0000E+00
   38.180   0.0000E+00
   38.190   0.0000E+00
   38.200   0.0000E+00
   38.210   0.0000E+00
   38.220   0.0000E+00
   38.230   0.0000E+00
   38.240   0.0000E+00
   38.250   0.0000E+00
   38.260   0.0000E+00
   38.270   0.0000E+00
   38.280   0.0000E+00
   38.290   0.0000E+00
   38.300   0.0000E+00
   38.310   0.0000E+00
   38.320   0.0000E+00
   38.330   0.0000E+00
   38.340   0.0000E+00
   38.350   0.0000E+00
   38.360   0.0000E+00
   38.370   0.0000E+00
   38.380   0.0000E+00
   38.390   0.0000E+00
   38.400   0.0000E+00
   38.410   0.0000E+00
   38.420   0.0000E+00
   38.430   0.0000E+00
   38.440   0.0000E+00
   38.450   0.0000E+00
   38.460   0.0000E+00
   38.470   0.0000E+00
   38.480   0.0000E+00
   38.490   0.0000E+00
   38.500   0.0000E+00
   38.510   0.0000E+00
   38.520   0.0000E+00
   38.530   0.0000E+00
   38.540   0.0000E+00
   38.550   0.0000E+00
   38.560   0.0000E+00
   38.570   0.0000E+00
   38.580   0.0000E+00
   38.590   0.0000E+00
   38.600   0.0000E+00
   38.610   0.0000E+00
   38.620   0.0000E+00
   38.630   0.0000E+00
   38.640   0.0000E+00
   38.650   0.0000E+00
   38.660   0.0000E+00
   38.670   0.0000E+00
   38.680   0.0000E+00
   38.690   0.0000E+00
   38.700   0.0000E+00
   38.710   0.0000E+00
   38.720   0.0000E+00
   38.730   0.0000E+00
   38.740   0.0000E+00
   38.750   0.0000E+00
   38.760   0.0000E+00
   38.770   0.0000E+00
   38.780   0.0000E+00
   38.790   0.0000E+00
   38.800   0.0000E+00
   38.810   0.0000E+00
   38.820   0.0000E+00
   38.830   0.0000E+00
   38.840   0.0000E+00
   38.850   0.0000E+00
   38.860   0.0000E+00
   38.870   0.0000E+00
   38.880   0.0000E+00
   38.890   0.0000E+00
   38.900   0.0000E+00
   38.910   0.0000E+00
   38.920   0.0000E+00
   38.930   0.0000E+00
   38.940   0.0000E+00
   38.950   0.0000E+00
   38.960   0.0000E+00
   38.970   0.0000E+00
   38.980   0.0000E+00
   38.990   0.0000E+00
   39.000   0.0000E+00
   39.010   0.0000E+00
   39.020   0.0000E+00
   39.030   0.0000E+00
   39.040   0.0000E+00
   39.050   0.0000E+00
   39.060   0.0000E+00
   39.070   0.0000E+00
   39.080   0.0000E+00
   39.090   0.0000E+00
   39.100   0.0000E+00
   39.110   0.0000E+00
   39.120   0.0000E+00
   39.130   0.0000E+00
   39.140   0.0000E+00
   39.150   0.0000E+00
   39.160   0.0000E+00
   39.170   0.0000E+00
   39.180   0.0000E+00
   39.190   0.0000E+00
   39.200   0.0000E+00
   39.210   0.0000E+00
   39.220   0.0000E+00
   39.230   0.0000E+00
   39.240   0.0000E+00
   39.250   0.0000E+00
   39.260   0.0000E+00
   39.270   0.0000E+00
   39.280   0.0000E+00
   39.290   0.0000E+00
   39.300   0.0000E+00
   39.310   0.0000E+00
   39.320   0.0000E+00
   39.330   0.0000E+00
   39.340   0.0000E+00
   39.350   0.0000E+00
   39.360   0.0000E+00
   39.370   0.0000E+00
   39.380   0.0000E+00
   39.390   0.0000E+00
   39.400   0.0000E+00
   39.410   0.0000E+00
   39.420   0.0000E+00
   39.430   0.0000E+00
   39.440   0.0000E+00
   39.450   0.0000E+00
   39.460   0.0000E+00
   39.470   0.0000E+00
   39.480   0.0000E+00
   39.490   0.0000E+00
   39.500   0.0000E+00
   39.510   0.0000E+00
   39.520   0.0000E+00
   39.530   0.0000E+00
   39.540   0.0000E+00
   39.550   0.0000E+00
   39.560   0.0000E+00
   39.570   0.0000E+00
   39.580   0.0000E+00
   39.590   0.0000E+00
   39.600   0.0000E+00
   39.610   0.0000E+00
   39.620   0.0000E+00
   39.630   0.0000E+00
   39.640   0.0000E+00
   39.650   0.0000E+00
   39.660   0.0000E+00
   39.670   0.0000E+00
   39.680   0.0000E+00
   39.690   0.0000E+00
   39.700   0.0000E+00
   39.710   0.0000E+00
   39.720   0.0000E+00
   39.730   0.0000E+00
   39.740   0.0000E+00
   39.750   0.0000E+00
   39.760   0.0000E+00
   39.770   0.0000E+00
   39.780   0.0000E+00
   39.790   0.0000E+00
   39.800   0.0000E+00
   39.810   0.0000E+00
   39.820   0.0000E+00
   39.830   0.0000E+00
   39.840   0.0000E+00
   39.850   0.0000E+00
   39.860   0.0000E+00
   39.870   0.0000E+00
   39.880   0.0000E+00
   39.890   0.0000E+00
   39.900   0.0000E+00
   39.910   0.0000E+00
   39.920   0.0000E+00
   39.930   0.0000E+00
   39.940   0.0000E+00
   39.950   0.0000E+00
   39.960   0.0000E+00
   39.970   0.0000E+00
   39.980   0.0000E+00
   39.990   0.0000E+00
   40.000   0.0000E+00
   40.010   0.0000E+00
   40.020   0.0000E+00
   40.030   0.0000E+00
   40.040   0.0000E+00
   40.050   0.0000E+00
   40.060   0.0000E+00
   40.070   0.0000E+00
   40.080   0.0000E+00
   40.090   0.0000E+00
   40.100   0.0000E+00
   40.110   0.0000E+00
   40.120   0.0000E+00
   40.130   0.0000E+00
   40.140   0.0000E+00
   40.150   0.0000E+00
   40.160   0.0000E+00
   40.170   0.0000E+00
   40.180   0.0000E+00
   40.190   0.0000E+00
   40.200   0.0000E+00
   40.210   0.0000E+00
   40.220   0.0000E+00
   40.230   0.0000E+00
   40.240   0.0000E+00
   40.250   0.0000E+00
   40.260   0.0000E+00
   40.270   0.0000E+00
   40.280   0.0000E+00
   40.290   0.0000E+00
   40.300   0.0000E+00
   40.310   0.0000E+00
   40.320   0.0000E+00
   40.330   0.0000E+00
   40.340   0.0000E+00
   40.350   0.0000E+00
   40.360   0.0000E+00
   40.370   0.0000E+00
   40.380   0.0000E+00
   40.390   0.0000E+00
   40.400   0.0000E+00
   40.410   0.0000E+00
   40.420   0.0000E+00
   40.430   0.0000E+00
   40.440   0.0000E+00
   40.450   0.0000E+00
   40.460   0.0000E+00
   40.470   0.0000E+00
   40.480   0.0000E+00
   40.490   0.0000E+00
   40.500   0.0000E+00
   40.510   0.0000E+00
   40.520   0.0000E+00
   40.530   0.0000E+00
   40.540   0.0000E+00
   40.550   0.0000E+00
   40.560   0.0000E+00
   40.570   0.0000E+00
   40.580   0.0000E+00
   40.590   0.0000E+00
   40.600   0.0000E+00
   40.610   0.0000E+00
   40.620   0.0000E+00
   40.630   0.0000E+00
   40.640   0.0000E+00
   40.650   0.0000E+00
   40.660   0.0000E+00
   40.670   0.0000E+00
   40.680   0.0000E+00
   40.690   0.0000E+00
   40.700   0.0000E+00
   40.710   0.0000E+00
   40.720   0.0000E+00
   40.730   0.0000E+00
   40.740   0.0000E+00
   40.750   0.0000E+00
   40.760   0.0000E+00
   40.770   0.0000E+00
   40.780   0.0000E+00
   40.790   0.0000E+00
   40.800   0.0000E+00
   40.810   0.0000E+00
   40.820   0.0000E+00
   40.830   0.0000E+00
   40.840   0.0000E+00
   40.850   0.0000E+00
   40.860   0.0000E+00
   40.870   0.0000E+00
   40.880   0.0000E+00
   40.890   0.0000E+00
   40.900   0.0000E+00
   40.910   0.0000E+00
   40.920   0.0000E+00
   40.930   0.0000E+00
   40.940   0.0000E+00
   40.950   0.0000E+00
