**********************************************
*******  Acceleration Time Series ************
*** Site #   1
*** trial   38
Input Parameters file =  aqu_0604_y_parameters.out                                                                                               
  4096 samples
dt:  0.010 sec
data format: (1x,f8.3,1p,2x,e11.4)
maximum absolute acceleration: 332.01
fault Dis.(km)=    4.28
Hypo  Dis.(km)=   11.58
  time(s) acc(cm/s**2)
    0.000   0.0000E+00
    0.010   0.0000E+00
    0.020   0.0000E+00
    0.030   0.0000E+00
    0.040   0.0000E+00
    0.050   0.0000E+00
    0.060   0.0000E+00
    0.070   0.0000E+00
    0.080   0.0000E+00
    0.090   0.0000E+00
    0.100   0.0000E+00
    0.110   0.0000E+00
    0.120   0.0000E+00
    0.130   0.0000E+00
    0.140   0.0000E+00
    0.150   0.0000E+00
    0.160   0.0000E+00
    0.170   0.0000E+00
    0.180   0.0000E+00
    0.190   0.0000E+00
    0.200   0.0000E+00
    0.210   0.0000E+00
    0.220   0.0000E+00
    0.230  -1.0125E-01
    0.240  -1.4617E-01
    0.250  -1.8811E-01
    0.260  -2.2444E-01
    0.270  -2.4774E-01
    0.280  -2.4948E-01
    0.290  -2.2994E-01
    0.300  -2.0123E-01
    0.310  -1.7862E-01
    0.320  -1.7038E-01
    0.330  -1.7807E-01
    0.340  -2.0344E-01
    0.350  -2.5064E-01
    0.360  -3.2081E-01
    0.370  -4.0669E-01
    0.380  -4.9311E-01
    0.390  -5.6146E-01
    0.400  -5.9437E-01
    0.410  -5.8043E-01
    0.420  -5.1901E-01
    0.430  -4.2143E-01
    0.440  -3.0477E-01
    0.450  -1.8210E-01
    0.460  -5.7756E-02
    0.470   6.7960E-02
    0.480   1.9092E-01
    0.490   3.0118E-01
    0.500   3.8834E-01
    0.510   4.4676E-01
    0.520   4.7547E-01
    0.530  -2.7351E-01
    0.540  -4.1835E-01
    0.550  -5.3773E-01
    0.560  -6.4777E-01
    0.570  -7.6144E-01
    0.580  -8.8054E-01
    0.590  -9.9849E-01
    0.600  -1.1114E+00
    0.610  -1.2213E+00
    0.620  -1.3265E+00
    0.630  -1.4113E+00
    0.640  -1.4449E+00
    0.650  -1.3896E+00
    0.660  -1.2145E+00
    0.670  -9.1384E-01
    0.680  -5.1853E-01
    0.690  -8.7502E-02
    0.700   3.1913E-01
    0.710   6.6022E-01
    0.720   9.1343E-01
    0.730   1.0689E+00
    0.740   1.1329E+00
    0.750   1.1323E+00
    0.760   1.1034E+00
    0.770   1.0721E+00
    0.780   1.2174E+00
    0.790   2.2074E+00
    0.800   2.2740E+00
    0.810   2.2771E+00
    0.820   2.9545E+00
    0.830   2.7342E+00
    0.840   2.3834E+00
    0.850   1.9317E+00
    0.860   1.4043E+00
    0.870   5.9117E-01
    0.880   3.9675E-02
    0.890  -5.7145E-01
    0.900  -1.3301E+00
    0.910  -1.8791E+00
    0.920  -2.2993E+00
    0.930  -2.5269E+00
    0.940  -2.5404E+00
    0.950  -2.3785E+00
    0.960  -2.1046E+00
    0.970  -1.7556E+00
    0.980  -1.3347E+00
    0.990  -8.4803E-01
    1.000  -3.3159E-01
    1.010   1.6615E-01
    1.020   3.4633E-01
    1.030   1.1291E+00
    1.040   1.4749E+00
    1.050   1.8121E+00
    1.060   2.1328E+00
    1.070   2.4360E+00
    1.080   2.7220E+00
    1.090   2.5459E+00
    1.100   2.6563E+00
    1.110   2.0341E+00
    1.120   2.0411E+00
    1.130   1.7266E+00
    1.140   1.1891E+00
    1.150   4.8559E-01
    1.160  -8.7496E-01
    1.170  -1.5600E+00
    1.180  -2.2599E+00
    1.190  -2.8132E+00
    1.200  -3.3302E+00
    1.210  -3.5937E+00
    1.220  -3.6781E+00
    1.230  -3.5603E+00
    1.240  -3.2206E+00
    1.250  -2.6887E+00
    1.260  -2.0749E+00
    1.270  -1.5230E+00
    1.280  -1.1202E+00
    1.290  -8.6333E-01
    1.300  -7.8529E-01
    1.310  -5.7217E-01
    1.320  -9.1326E-02
    1.330   1.6932E-01
    1.340   3.7585E-01
    1.350   5.1078E-01
    1.360   5.6906E-01
    1.370   5.5915E-01
    1.380   4.7671E-01
    1.390   4.2962E-01
    1.400   5.8056E-02
    1.410  -4.3001E-01
    1.420  -9.7685E-01
    1.430  -1.5117E+00
    1.440  -1.9433E+00
    1.450  -2.1618E+00
    1.460  -2.0955E+00
    1.470  -1.7767E+00
    1.480  -1.3246E+00
    1.490  -1.0884E+00
    1.500  -6.8939E-01
    1.510  -3.4626E-01
    1.520  -8.4028E-02
    1.530  -1.3359E-01
    1.540  -9.9742E-02
    1.550  -1.8166E-01
    1.560   7.0672E-01
    1.570   3.8712E-01
    1.580   1.1027E-03
    1.590  -3.4021E-01
    1.600  -1.3771E+00
    1.610  -1.5607E+00
    1.620  -1.1431E+00
    1.630  -1.2555E+00
    1.640  -1.3462E+00
    1.650  -1.4189E+00
    1.660  -1.5115E+00
    1.670  -1.6677E+00
    1.680  -1.9077E+00
    1.690  -2.2156E+00
    1.700  -2.5363E+00
    1.710  -2.7840E+00
    1.720  -2.8712E+00
    1.730  -2.7425E+00
    1.740  -2.8286E+00
    1.750  -2.1514E+00
    1.760  -1.2714E+00
    1.770  -4.2253E-01
    1.780   3.2891E-01
    1.790   7.4062E-01
    1.800   1.0299E+00
    1.810   1.5673E+00
    1.820   1.6769E+00
    1.830   1.6422E+00
    1.840   1.4288E+00
    1.850   1.1247E+00
    1.860   8.8295E-01
    1.870   1.5388E+00
    1.880   1.1768E+00
    1.890   1.3215E+00
    1.900   1.3063E+00
    1.910   1.0822E+00
    1.920   3.9419E-01
    1.930  -2.5798E-01
    1.940  -1.0093E+00
    1.950  -1.7359E+00
    1.960  -2.3327E+00
    1.970  -2.7080E+00
    1.980  -2.6917E+00
    1.990  -2.3510E+00
    2.000  -1.5905E+00
    2.010  -6.2847E-01
    2.020   7.5449E-01
    2.030   1.8949E+00
    2.040   3.1010E+00
    2.050   4.2334E+00
    2.060   5.2496E+00
    2.070   6.0958E+00
    2.080   6.6483E+00
    2.090   6.7348E+00
    2.100   6.2787E+00
    2.110   5.2137E+00
    2.120   3.7703E+00
    2.130   2.8432E+00
    2.140   2.1518E+00
    2.150   1.6473E+00
    2.160   1.3378E+00
    2.170   1.1901E+00
    2.180   1.1687E+00
    2.190   8.9382E-01
    2.200   1.4323E+00
    2.210   2.3148E+00
    2.220   3.4498E+00
    2.230   4.8763E+00
    2.240   5.9725E+00
    2.250   6.7974E+00
    2.260   7.3810E+00
    2.270   7.6815E+00
    2.280   7.9590E+00
    2.290   8.0743E+00
    2.300   7.9802E+00
    2.310   7.6481E+00
    2.320   7.1132E+00
    2.330   6.1202E+00
    2.340   5.3005E+00
    2.350   4.3523E+00
    2.360   3.8807E+00
    2.370   2.6908E+00
    2.380   1.1762E+00
    2.390  -9.0433E-02
    2.400  -1.0081E+00
    2.410  -1.8834E+00
    2.420  -2.3632E+00
    2.430  -2.5306E+00
    2.440  -2.6378E+00
    2.450  -2.6504E+00
    2.460  -2.8573E+00
    2.470  -2.7610E+00
    2.480  -3.0030E+00
    2.490  -3.1274E+00
    2.500  -3.1296E+00
    2.510  -2.9738E+00
    2.520  -2.6604E+00
    2.530  -2.1263E+00
    2.540  -1.6763E+00
    2.550  -1.1088E+00
    2.560  -3.8244E-01
    2.570   4.5220E-01
    2.580   1.2672E+00
    2.590   1.8904E+00
    2.600   2.1079E+00
    2.610   1.7343E+00
    2.620   6.1882E-01
    2.630  -6.5100E-01
    2.640  -1.8937E+00
    2.650  -3.6340E+00
    2.660  -4.4166E+00
    2.670  -4.9431E+00
    2.680  -5.0160E+00
    2.690  -4.5374E+00
    2.700  -3.7091E+00
    2.710  -3.3443E+00
    2.720  -2.7161E+00
    2.730  -2.1373E+00
    2.740  -1.3030E+00
    2.750  -7.4966E-01
    2.760   1.2188E-01
    2.770   1.1048E+00
    2.780   1.6114E+00
    2.790   1.8974E+00
    2.800   1.8670E+00
    2.810   1.7218E+00
    2.820   1.1429E+00
    2.830   5.9671E-01
    2.840  -2.2142E-01
    2.850  -1.0204E+00
    2.860  -2.1315E+00
    2.870  -3.4352E+00
    2.880  -4.7377E+00
    2.890  -5.9629E+00
    2.900  -6.9330E+00
    2.910  -7.8906E+00
    2.920  -8.4006E+00
    2.930  -8.4865E+00
    2.940  -7.9305E+00
    2.950  -6.6778E+00
    2.960  -4.1851E+00
    2.970  -2.0464E+00
    2.980   2.7757E-02
    2.990   1.7438E+00
    3.000   2.9466E+00
    3.010   3.5647E+00
    3.020   3.6254E+00
    3.030   3.2816E+00
    3.040   3.1535E+00
    3.050   2.4177E+00
    3.060   1.6119E+00
    3.070   8.7697E-01
    3.080  -3.0571E-01
    3.090  -1.5550E+00
    3.100  -3.3358E+00
    3.110  -4.1866E+00
    3.120  -4.6389E+00
    3.130  -3.1174E+00
    3.140  -3.0033E+00
    3.150  -2.3913E+00
    3.160  -1.4592E+00
    3.170  -6.6121E-01
    3.180  -4.5998E-01
    3.190  -9.7718E-01
    3.200  -1.9187E+00
    3.210  -2.8064E+00
    3.220  -3.2859E+00
    3.230  -2.9733E+00
    3.240  -1.8753E+00
    3.250  -2.1145E-01
    3.260   2.3430E+00
    3.270   3.8263E+00
    3.280   4.4818E+00
    3.290   4.9570E+00
    3.300   5.5012E+00
    3.310   6.4950E+00
    3.320   8.0109E+00
    3.330   1.0120E+01
    3.340   1.1476E+01
    3.350   1.1984E+01
    3.360   1.1451E+01
    3.370   9.7381E+00
    3.380   8.0559E+00
    3.390   5.9506E+00
    3.400   3.4717E+00
    3.410   4.4566E-01
    3.420  -2.9580E+00
    3.430  -5.9818E+00
    3.440  -8.4567E+00
    3.450  -9.7015E+00
    3.460  -1.0068E+01
    3.470  -9.1598E+00
    3.480  -8.1145E+00
    3.490  -7.0062E+00
    3.500  -5.7386E+00
    3.510  -4.6302E+00
    3.520  -2.7506E+00
    3.530  -5.2738E-01
    3.540   1.5500E+00
    3.550   3.1193E+00
    3.560   4.3465E+00
    3.570   5.4182E+00
    3.580   6.3761E+00
    3.590   6.8599E+00
    3.600   5.8287E+00
    3.610   5.8457E+00
    3.620   6.2349E+00
    3.630   7.5011E+00
    3.640   8.6754E+00
    3.650   1.0344E+01
    3.660   1.1651E+01
    3.670   1.2968E+01
    3.680   1.4297E+01
    3.690   1.5136E+01
    3.700   1.5622E+01
    3.710   1.5701E+01
    3.720   1.5324E+01
    3.730   1.4605E+01
    3.740   1.3823E+01
    3.750   1.3145E+01
    3.760   1.1873E+01
    3.770   1.0550E+01
    3.780   8.3872E+00
    3.790   5.4284E+00
    3.800   1.9962E+00
    3.810  -1.7448E+00
    3.820  -4.8768E+00
    3.830  -7.4335E+00
    3.840  -9.4089E+00
    3.850  -1.0852E+01
    3.860  -1.1874E+01
    3.870  -1.2593E+01
    3.880  -1.2986E+01
    3.890  -1.3632E+01
    3.900  -1.3345E+01
    3.910  -1.2907E+01
    3.920  -1.2375E+01
    3.930  -1.1740E+01
    3.940  -1.0990E+01
    3.950  -1.0723E+01
    3.960  -1.0415E+01
    3.970  -1.0552E+01
    3.980  -1.0753E+01
    3.990  -9.9270E+00
    4.000  -9.9317E+00
    4.010  -9.5446E+00
    4.020  -8.3238E+00
    4.030  -5.9486E+00
    4.040  -2.6740E+00
    4.050   7.2588E-01
    4.060   4.0271E+00
    4.070   6.7273E+00
    4.080   8.3176E+00
    4.090   8.1376E+00
    4.100   5.6363E+00
    4.110   2.7369E+00
    4.120  -1.2190E-01
    4.130  -2.6039E+00
    4.140  -5.8506E+00
    4.150  -8.7998E+00
    4.160  -1.2359E+01
    4.170  -1.6302E+01
    4.180  -1.9718E+01
    4.190  -2.2549E+01
    4.200  -2.3632E+01
    4.210  -2.2713E+01
    4.220  -2.0043E+01
    4.230  -1.6485E+01
    4.240  -1.2835E+01
    4.250  -9.5188E+00
    4.260  -6.6919E+00
    4.270  -4.2715E+00
    4.280  -2.3513E+00
    4.290  -6.7666E-01
    4.300   2.8270E-01
    4.310   3.9741E-01
    4.320   8.2884E-02
    4.330   1.3931E-01
    4.340   1.1563E+00
    4.350   2.9879E+00
    4.360   4.9199E+00
    4.370   6.1210E+00
    4.380   6.3833E+00
    4.390   6.1476E+00
    4.400   5.9370E+00
    4.410   5.8462E+00
    4.420   5.8717E+00
    4.430   5.7741E+00
    4.440   6.4780E+00
    4.450   8.0593E+00
    4.460   9.6935E+00
    4.470   1.0163E+01
    4.480   8.9497E+00
    4.490   6.5158E+00
    4.500   3.7041E+00
    4.510   4.2346E-01
    4.520  -3.2561E+00
    4.530  -7.4641E+00
    4.540  -1.1562E+01
    4.550  -1.5473E+01
    4.560  -1.8723E+01
    4.570  -2.0487E+01
    4.580  -2.0103E+01
    4.590  -1.7574E+01
    4.600  -1.4026E+01
    4.610  -9.7519E+00
    4.620  -6.3306E+00
    4.630  -2.4811E+00
    4.640   1.9879E+00
    4.650   6.8390E+00
    4.660   1.2139E+01
    4.670   1.8282E+01
    4.680   2.5356E+01
    4.690   3.2810E+01
    4.700   3.9947E+01
    4.710   4.6368E+01
    4.720   5.1574E+01
    4.730   5.4510E+01
    4.740   5.4250E+01
    4.750   5.0965E+01
    4.760   4.6725E+01
    4.770   4.2698E+01
    4.780   3.8541E+01
    4.790   3.3411E+01
    4.800   2.7892E+01
    4.810   2.2783E+01
    4.820   1.9225E+01
    4.830   1.6965E+01
    4.840   1.5257E+01
    4.850   1.3439E+01
    4.860   1.0702E+01
    4.870   6.2986E+00
    4.880   8.2294E-02
    4.890  -7.1312E+00
    4.900  -1.4385E+01
    4.910  -2.1139E+01
    4.920  -2.6546E+01
    4.930  -2.8910E+01
    4.940  -2.6662E+01
    4.950  -2.0790E+01
    4.960  -1.3583E+01
    4.970  -7.4403E+00
    4.980  -3.4391E+00
    4.990  -1.1057E+00
    5.000   6.3448E-01
    5.010   3.4754E+00
    5.020   8.6858E+00
    5.030   1.5851E+01
    5.040   2.3152E+01
    5.050   2.8629E+01
    5.060   3.2134E+01
    5.070   3.3825E+01
    5.080   3.3268E+01
    5.090   3.0106E+01
    5.100   2.5304E+01
    5.110   2.0729E+01
    5.120   1.7451E+01
    5.130   1.5035E+01
    5.140   1.2861E+01
    5.150   1.0735E+01
    5.160   9.4897E+00
    5.170   9.2192E+00
    5.180   9.3226E+00
    5.190   8.4003E+00
    5.200   5.1838E+00
    5.210  -1.7873E-01
    5.220  -6.0042E+00
    5.230  -1.0735E+01
    5.240  -1.4332E+01
    5.250  -1.6821E+01
    5.260  -1.6188E+01
    5.270  -1.0788E+01
    5.280  -2.3739E+00
    5.290   4.9529E+00
    5.300   7.6567E+00
    5.310   5.7489E+00
    5.320   1.4237E+00
    5.330  -2.1470E+00
    5.340  -2.9952E+00
    5.350  -2.5023E+00
    5.360  -2.3531E+00
    5.370  -2.4961E+00
    5.380  -1.6345E+00
    5.390   3.9448E-01
    5.400   4.1016E+00
    5.410   9.9349E+00
    5.420   1.5732E+01
    5.430   1.8385E+01
    5.440   1.7339E+01
    5.450   1.5470E+01
    5.460   1.5440E+01
    5.470   1.5773E+01
    5.480   1.3769E+01
    5.490   7.5688E+00
    5.500  -3.7813E+00
    5.510  -2.0270E+01
    5.520  -4.0224E+01
    5.530  -6.0521E+01
    5.540  -7.7420E+01
    5.550  -8.9800E+01
    5.560  -1.0066E+02
    5.570  -1.1105E+02
    5.580  -1.1818E+02
    5.590  -1.1846E+02
    5.600  -1.1106E+02
    5.610  -1.0260E+02
    5.620  -9.7965E+01
    5.630  -9.5418E+01
    5.640  -8.9875E+01
    5.650  -8.0317E+01
    5.660  -7.0975E+01
    5.670  -6.4108E+01
    5.680  -5.7911E+01
    5.690  -5.2176E+01
    5.700  -4.9040E+01
    5.710  -5.0292E+01
    5.720  -5.1669E+01
    5.730  -4.7642E+01
    5.740  -3.6643E+01
    5.750  -2.2811E+01
    5.760  -8.3403E+00
    5.770   6.4066E+00
    5.780   1.5961E+01
    5.790   1.2892E+01
    5.800  -4.0730E+00
    5.810  -2.5793E+01
    5.820  -4.1747E+01
    5.830  -4.6880E+01
    5.840  -4.1535E+01
    5.850  -3.1339E+01
    5.860  -2.2430E+01
    5.870  -2.2790E+01
    5.880  -3.6188E+01
    5.890  -5.4853E+01
    5.900  -7.2472E+01
    5.910  -8.5605E+01
    5.920  -9.2615E+01
    5.930  -8.9969E+01
    5.940  -7.7715E+01
    5.950  -6.0592E+01
    5.960  -4.8952E+01
    5.970  -4.8723E+01
    5.980  -5.5144E+01
    5.990  -5.8524E+01
    6.000  -5.8421E+01
    6.010  -5.9900E+01
    6.020  -6.3492E+01
    6.030  -6.7167E+01
    6.040  -6.6507E+01
    6.050  -5.2192E+01
    6.060  -2.6710E+01
    6.070  -2.9024E+00
    6.080   1.1288E+01
    6.090   1.5510E+01
    6.100   1.8871E+01
    6.110   2.7506E+01
    6.120   3.1097E+01
    6.130   2.3370E+01
    6.140   1.1186E+01
    6.150   9.2093E+00
    6.160   1.9703E+01
    6.170   2.5156E+01
    6.180   1.5919E+01
    6.190   1.1792E+00
    6.200  -9.2225E+00
    6.210  -1.5937E+01
    6.220  -2.2812E+01
    6.230  -2.6619E+01
    6.240  -2.3102E+01
    6.250  -2.2932E+01
    6.260  -3.5928E+01
    6.270  -5.3374E+01
    6.280  -6.2730E+01
    6.290  -6.1662E+01
    6.300  -5.8844E+01
    6.310  -6.4635E+01
    6.320  -8.0337E+01
    6.330  -8.9645E+01
    6.340  -7.9086E+01
    6.350  -4.6925E+01
    6.360  -1.1721E+00
    6.370   4.3999E+01
    6.380   7.5505E+01
    6.390   8.9918E+01
    6.400   1.0081E+02
    6.410   1.2120E+02
    6.420   1.5109E+02
    6.430   1.8152E+02
    6.440   1.9920E+02
    6.450   1.9338E+02
    6.460   1.6964E+02
    6.470   1.4248E+02
    6.480   1.1568E+02
    6.490   8.6486E+01
    6.500   5.5338E+01
    6.510   3.3213E+01
    6.520   2.5054E+01
    6.530   2.3227E+01
    6.540   1.9351E+01
    6.550   1.7899E+01
    6.560   2.8455E+01
    6.570   5.3760E+01
    6.580   8.8125E+01
    6.590   1.1975E+02
    6.600   1.4099E+02
    6.610   1.5261E+02
    6.620   1.5218E+02
    6.630   1.4402E+02
    6.640   1.3834E+02
    6.650   1.4045E+02
    6.660   1.3965E+02
    6.670   1.2698E+02
    6.680   1.1022E+02
    6.690   9.6594E+01
    6.700   8.7329E+01
    6.710   7.3193E+01
    6.720   5.1412E+01
    6.730   3.2902E+01
    6.740   1.5903E+01
    6.750  -2.7539E+00
    6.760  -1.6565E+01
    6.770  -2.0597E+01
    6.780  -1.2308E+01
    6.790   1.3517E-01
    6.800   7.5373E+00
    6.810   7.8708E+00
    6.820   7.5546E+00
    6.830   7.8161E+00
    6.840   4.3122E+00
    6.850  -1.1320E+00
    6.860  -4.0259E+00
    6.870  -4.8423E+00
    6.880  -1.3518E+01
    6.890  -2.1666E+01
    6.900  -1.2902E+01
    6.910   1.3290E+01
    6.920   5.1047E+01
    6.930   9.2439E+01
    6.940   1.2348E+02
    6.950   1.3852E+02
    6.960   1.4479E+02
    6.970   1.4701E+02
    6.980   1.5055E+02
    6.990   1.5853E+02
    7.000   1.6103E+02
    7.010   1.4694E+02
    7.020   1.2206E+02
    7.030   9.8758E+01
    7.040   8.0133E+01
    7.050   5.9951E+01
    7.060   2.7061E+01
    7.070  -1.7631E+01
    7.080  -6.4139E+01
    7.090  -1.0503E+02
    7.100  -1.3096E+02
    7.110  -1.3977E+02
    7.120  -1.3539E+02
    7.130  -1.2769E+02
    7.140  -1.2864E+02
    7.150  -1.2756E+02
    7.160  -1.0626E+02
    7.170  -6.8314E+01
    7.180  -3.6598E+01
    7.190  -2.3072E+01
    7.200  -2.6922E+01
    7.210  -4.4082E+01
    7.220  -7.1449E+01
    7.230  -1.0266E+02
    7.240  -1.3104E+02
    7.250  -1.4887E+02
    7.260  -1.5642E+02
    7.270  -1.6631E+02
    7.280  -1.6959E+02
    7.290  -1.4958E+02
    7.300  -1.1060E+02
    7.310  -7.7155E+01
    7.320  -6.1611E+01
    7.330  -5.9155E+01
    7.340  -6.3941E+01
    7.350  -7.5311E+01
    7.360  -9.0794E+01
    7.370  -1.0194E+02
    7.380  -1.0320E+02
    7.390  -9.6811E+01
    7.400  -8.7629E+01
    7.410  -7.4693E+01
    7.420  -6.1287E+01
    7.430  -4.9664E+01
    7.440  -3.8742E+01
    7.450  -2.0215E+01
    7.460   1.2209E+01
    7.470   5.4759E+01
    7.480   9.1497E+01
    7.490   1.0607E+02
    7.500   9.7237E+01
    7.510   8.5835E+01
    7.520   8.4423E+01
    7.530   8.9759E+01
    7.540   8.1892E+01
    7.550   4.9991E+01
    7.560   9.2429E+00
    7.570  -1.7939E+01
    7.580  -2.5615E+01
    7.590  -2.5684E+01
    7.600  -2.5887E+01
    7.610  -2.6485E+01
    7.620  -1.8396E+01
    7.630   6.8523E+00
    7.640   5.1270E+01
    7.650   1.0842E+02
    7.660   1.6390E+02
    7.670   2.1616E+02
    7.680   2.5613E+02
    7.690   2.6854E+02
    7.700   2.5358E+02
    7.710   2.0859E+02
    7.720   1.5005E+02
    7.730   1.1120E+02
    7.740   1.0444E+02
    7.750   1.2199E+02
    7.760   1.3193E+02
    7.770   1.0470E+02
    7.780   4.2586E+01
    7.790  -3.8127E+01
    7.800  -1.2179E+02
    7.810  -1.9138E+02
    7.820  -2.3977E+02
    7.830  -2.7496E+02
    7.840  -3.0208E+02
    7.850  -3.1420E+02
    7.860  -3.0431E+02
    7.870  -2.7469E+02
    7.880  -2.2995E+02
    7.890  -1.8249E+02
    7.900  -1.4466E+02
    7.910  -1.1349E+02
    7.920  -8.7639E+01
    7.930  -7.3141E+01
    7.940  -6.9979E+01
    7.950  -6.3600E+01
    7.960  -4.8527E+01
    7.970  -2.5362E+01
    7.980   5.3884E+00
    7.990   4.2108E+01
    8.000   7.3223E+01
    8.010   8.3538E+01
    8.020   7.5647E+01
    8.030   6.1900E+01
    8.040   4.7688E+01
    8.050   4.2608E+01
    8.060   5.3398E+01
    8.070   6.9008E+01
    8.080   7.5909E+01
    8.090   6.9893E+01
    8.100   4.2734E+01
    8.110  -2.9364E+00
    8.120  -5.8281E+01
    8.130  -1.2362E+02
    8.140  -1.7821E+02
    8.150  -1.9447E+02
    8.160  -1.7099E+02
    8.170  -1.3041E+02
    8.180  -1.0188E+02
    8.190  -9.7265E+01
    8.200  -9.6851E+01
    8.210  -7.9871E+01
    8.220  -5.3352E+01
    8.230  -3.5911E+01
    8.240  -3.0662E+01
    8.250  -1.4781E+01
    8.260   3.1632E+01
    8.270   9.9370E+01
    8.280   1.6695E+02
    8.290   2.3806E+02
    8.300   3.0533E+02
    8.310   3.3201E+02
    8.320   2.9633E+02
    8.330   2.2182E+02
    8.340   1.5144E+02
    8.350   1.1165E+02
    8.360   1.0528E+02
    8.370   1.1497E+02
    8.380   1.2710E+02
    8.390   1.4123E+02
    8.400   1.5794E+02
    8.410   1.7951E+02
    8.420   1.9559E+02
    8.430   1.8996E+02
    8.440   1.5639E+02
    8.450   1.0442E+02
    8.460   5.8242E+01
    8.470   1.6693E+01
    8.480  -3.4218E+01
    8.490  -9.1535E+01
    8.500  -1.4827E+02
    8.510  -1.9813E+02
    8.520  -2.3380E+02
    8.530  -2.4531E+02
    8.540  -2.1355E+02
    8.550  -1.3139E+02
    8.560  -3.1348E+01
    8.570   4.5586E+01
    8.580   7.2771E+01
    8.590   5.8314E+01
    8.600   4.2592E+01
    8.610   6.4305E+01
    8.620   1.1575E+02
    8.630   1.7138E+02
    8.640   2.1586E+02
    8.650   2.4365E+02
    8.660   2.5603E+02
    8.670   2.5093E+02
    8.680   2.2979E+02
    8.690   1.9684E+02
    8.700   1.5345E+02
    8.710   1.1016E+02
    8.720   7.3160E+01
    8.730   3.9804E+01
    8.740   1.3213E+01
    8.750   5.6752E+00
    8.760   2.4636E+01
    8.770   5.6490E+01
    8.780   7.2008E+01
    8.790   6.3106E+01
    8.800   4.8938E+01
    8.810   5.2463E+01
    8.820   7.0368E+01
    8.830   6.8593E+01
    8.840   3.1656E+01
    8.850  -2.5553E+01
    8.860  -9.2384E+01
    8.870  -1.5693E+02
    8.880  -1.9924E+02
    8.890  -2.1827E+02
    8.900  -2.2164E+02
    8.910  -2.0591E+02
    8.920  -1.8148E+02
    8.930  -1.6922E+02
    8.940  -1.7140E+02
    8.950  -1.7332E+02
    8.960  -1.5794E+02
    8.970  -1.2445E+02
    8.980  -9.5093E+01
    8.990  -8.7693E+01
    9.000  -1.0159E+02
    9.010  -1.2096E+02
    9.020  -1.2201E+02
    9.030  -8.8938E+01
    9.040  -4.0096E+01
    9.050  -6.2182E+00
    9.060   4.1120E+00
    9.070   1.1441E+01
    9.080   3.5849E+01
    9.090   6.5236E+01
    9.100   7.8931E+01
    9.110   8.0342E+01
    9.120   7.3480E+01
    9.130   5.0128E+01
    9.140   5.0154E+00
    9.150  -3.9053E+01
    9.160  -5.7554E+01
    9.170  -5.8764E+01
    9.180  -5.3225E+01
    9.190  -4.3269E+01
    9.200  -3.7937E+01
    9.210  -4.0582E+01
    9.220  -4.6959E+01
    9.230  -4.9139E+01
    9.240  -4.6694E+01
    9.250  -5.3834E+01
    9.260  -8.2541E+01
    9.270  -1.1394E+02
    9.280  -1.2030E+02
    9.290  -8.5183E+01
    9.300  -2.7087E+01
    9.310   2.2002E+01
    9.320   5.5804E+01
    9.330   8.2145E+01
    9.340   1.0954E+02
    9.350   1.3082E+02
    9.360   1.3229E+02
    9.370   1.1898E+02
    9.380   1.0067E+02
    9.390   8.1486E+01
    9.400   5.6340E+01
    9.410   2.2284E+01
    9.420  -1.2434E+01
    9.430  -3.1991E+01
    9.440  -4.0698E+01
    9.450  -5.8466E+01
    9.460  -9.1009E+01
    9.470  -1.3519E+02
    9.480  -1.7871E+02
    9.490  -2.0915E+02
    9.500  -2.3044E+02
    9.510  -2.4084E+02
    9.520  -2.4048E+02
    9.530  -2.3551E+02
    9.540  -2.2442E+02
    9.550  -2.1282E+02
    9.560  -2.0817E+02
    9.570  -2.0841E+02
    9.580  -2.0382E+02
    9.590  -1.8764E+02
    9.600  -1.5958E+02
    9.610  -1.2673E+02
    9.620  -9.2888E+01
    9.630  -5.8586E+01
    9.640  -2.7018E+01
    9.650   2.0420E+00
    9.660   3.1768E+01
    9.670   7.0551E+01
    9.680   1.2278E+02
    9.690   1.7463E+02
    9.700   2.2393E+02
    9.710   2.7181E+02
    9.720   3.0737E+02
    9.730   3.1444E+02
    9.740   2.8803E+02
    9.750   2.3347E+02
    9.760   1.6604E+02
    9.770   1.1459E+02
    9.780   1.0152E+02
    9.790   1.2366E+02
    9.800   1.5774E+02
    9.810   1.7433E+02
    9.820   1.6326E+02
    9.830   1.3299E+02
    9.840   1.0246E+02
    9.850   9.1726E+01
    9.860   8.7082E+01
    9.870   6.9379E+01
    9.880   5.0566E+01
    9.890   5.2977E+01
    9.900   8.4716E+01
    9.910   1.2752E+02
    9.920   1.5265E+02
    9.930   1.5468E+02
    9.940   1.4662E+02
    9.950   1.4027E+02
    9.960   1.4068E+02
    9.970   1.4139E+02
    9.980   1.4367E+02
    9.990   1.5568E+02
   10.000   1.7773E+02
   10.010   1.9229E+02
   10.020   1.9103E+02
   10.030   1.8262E+02
   10.040   1.6537E+02
   10.050   1.3868E+02
   10.060   1.0697E+02
   10.070   7.2600E+01
   10.080   2.4950E+01
   10.090  -2.8174E+01
   10.100  -6.2126E+01
   10.110  -6.9419E+01
   10.120  -6.0799E+01
   10.130  -6.0424E+01
   10.140  -7.6849E+01
   10.150  -1.0630E+02
   10.160  -1.2957E+02
   10.170  -1.2854E+02
   10.180  -1.2171E+02
   10.190  -1.2342E+02
   10.200  -1.2113E+02
   10.210  -1.0746E+02
   10.220  -9.4777E+01
   10.230  -1.0024E+02
   10.240  -1.1963E+02
   10.250  -1.2779E+02
   10.260  -1.1295E+02
   10.270  -8.8848E+01
   10.280  -7.0031E+01
   10.290  -6.4342E+01
   10.300  -6.1089E+01
   10.310  -4.5551E+01
   10.320  -2.8007E+01
   10.330  -1.8433E+01
   10.340  -1.1708E+01
   10.350  -2.6422E+00
   10.360   8.1362E+00
   10.370   2.3336E+01
   10.380   5.3602E+01
   10.390   1.0333E+02
   10.400   1.6316E+02
   10.410   2.0891E+02
   10.420   2.2148E+02
   10.430   2.0561E+02
   10.440   1.6979E+02
   10.450   1.2390E+02
   10.460   7.7468E+01
   10.470   3.7359E+01
   10.480   4.5919E+00
   10.490  -3.5639E+01
   10.500  -8.4942E+01
   10.510  -1.3040E+02
   10.520  -1.6315E+02
   10.530  -1.7782E+02
   10.540  -1.8859E+02
   10.550  -2.0022E+02
   10.560  -2.0733E+02
   10.570  -2.1047E+02
   10.580  -2.0745E+02
   10.590  -1.9907E+02
   10.600  -1.8449E+02
   10.610  -1.6831E+02
   10.620  -1.4870E+02
   10.630  -1.2544E+02
   10.640  -9.9739E+01
   10.650  -7.5334E+01
   10.660  -5.3091E+01
   10.670  -3.2969E+01
   10.680  -2.0376E+01
   10.690  -2.2602E+01
   10.700  -4.0988E+01
   10.710  -5.6624E+01
   10.720  -5.9010E+01
   10.730  -5.6355E+01
   10.740  -5.6871E+01
   10.750  -6.8188E+01
   10.760  -8.5669E+01
   10.770  -9.1229E+01
   10.780  -7.6890E+01
   10.790  -5.0830E+01
   10.800  -3.0264E+01
   10.810  -2.6118E+01
   10.820  -3.5081E+01
   10.830  -4.7634E+01
   10.840  -5.5488E+01
   10.850  -5.6400E+01
   10.860  -4.5263E+01
   10.870  -1.7929E+01
   10.880   2.3376E+01
   10.890   6.6297E+01
   10.900   9.5872E+01
   10.910   1.0656E+02
   10.920   1.0491E+02
   10.930   1.0156E+02
   10.940   1.0313E+02
   10.950   1.0218E+02
   10.960   8.4243E+01
   10.970   5.1064E+01
   10.980   2.2145E+01
   10.990   6.3503E+00
   11.000  -8.7075E-01
   11.010  -3.0216E+00
   11.020  -4.5181E-01
   11.030   5.4302E+00
   11.040   1.4945E+01
   11.050   1.1030E+01
   11.060  -1.5887E+01
   11.070  -4.7696E+01
   11.080  -6.0451E+01
   11.090  -4.7326E+01
   11.100  -2.5353E+01
   11.110  -1.3484E+01
   11.120  -1.4125E+01
   11.130  -2.1851E+01
   11.140  -4.3010E+01
   11.150  -7.1427E+01
   11.160  -9.4450E+01
   11.170  -1.0881E+02
   11.180  -1.1464E+02
   11.190  -1.0806E+02
   11.200  -8.4252E+01
   11.210  -5.2873E+01
   11.220  -3.1830E+01
   11.230  -1.9100E+01
   11.240  -6.3255E+00
   11.250   9.2371E-01
   11.260   4.9347E+00
   11.270   1.5087E+01
   11.280   3.3125E+01
   11.290   5.1881E+01
   11.300   6.1161E+01
   11.310   5.9993E+01
   11.320   5.2996E+01
   11.330   4.6840E+01
   11.340   4.1408E+01
   11.350   3.3284E+01
   11.360   2.6423E+01
   11.370   2.7806E+01
   11.380   3.9815E+01
   11.390   6.4916E+01
   11.400   9.5519E+01
   11.410   1.2113E+02
   11.420   1.3730E+02
   11.430   1.4008E+02
   11.440   1.3312E+02
   11.450   1.2019E+02
   11.460   1.0522E+02
   11.470   9.5868E+01
   11.480   9.6333E+01
   11.490   9.6338E+01
   11.500   9.2810E+01
   11.510   8.3821E+01
   11.520   6.9900E+01
   11.530   5.9637E+01
   11.540   5.8752E+01
   11.550   6.3041E+01
   11.560   6.0745E+01
   11.570   5.3411E+01
   11.580   4.4052E+01
   11.590   3.3394E+01
   11.600   3.0363E+01
   11.610   3.3193E+01
   11.620   3.3520E+01
   11.630   2.6232E+01
   11.640   1.1540E+01
   11.650  -3.6366E+00
   11.660  -1.6820E+01
   11.670  -2.0909E+01
   11.680  -1.6008E+01
   11.690  -1.8406E+01
   11.700  -4.0545E+01
   11.710  -7.7115E+01
   11.720  -1.1589E+02
   11.730  -1.5017E+02
   11.740  -1.6700E+02
   11.750  -1.5918E+02
   11.760  -1.3130E+02
   11.770  -9.7013E+01
   11.780  -7.3261E+01
   11.790  -6.7408E+01
   11.800  -6.3072E+01
   11.810  -4.3224E+01
   11.820  -8.2406E+00
   11.830   3.0286E+01
   11.840   5.2858E+01
   11.850   4.9854E+01
   11.860   3.2706E+01
   11.870   1.5985E+01
   11.880   7.5871E+00
   11.890   9.6948E+00
   11.900   1.8269E+01
   11.910   2.6949E+01
   11.920   2.9625E+01
   11.930   1.8976E+01
   11.940  -5.4781E+00
   11.950  -3.0435E+01
   11.960  -4.3078E+01
   11.970  -3.9291E+01
   11.980  -2.2694E+01
   11.990  -4.2625E+00
   12.000   6.8358E+00
   12.010   1.1642E+01
   12.020   1.4023E+01
   12.030   1.1913E+01
   12.040  -2.2445E+00
   12.050  -2.7848E+01
   12.060  -5.2785E+01
   12.070  -6.7625E+01
   12.080  -6.6407E+01
   12.090  -5.5319E+01
   12.100  -4.4065E+01
   12.110  -3.6888E+01
   12.120  -4.0596E+01
   12.130  -5.8560E+01
   12.140  -8.1782E+01
   12.150  -9.6404E+01
   12.160  -9.6947E+01
   12.170  -8.2596E+01
   12.180  -5.1893E+01
   12.190  -1.0845E+01
   12.200   2.8251E+01
   12.210   5.2665E+01
   12.220   5.8454E+01
   12.230   5.4620E+01
   12.240   4.4010E+01
   12.250   2.5128E+01
   12.260   5.2413E+00
   12.270  -1.3225E+01
   12.280  -2.6565E+01
   12.290  -3.0549E+01
   12.300  -2.8229E+01
   12.310  -2.3883E+01
   12.320  -1.5382E+01
   12.330   2.3463E-01
   12.340   1.7395E+01
   12.350   3.4197E+01
   12.360   4.9133E+01
   12.370   5.6824E+01
   12.380   5.2018E+01
   12.390   3.5998E+01
   12.400   1.5409E+01
   12.410  -2.6530E+00
   12.420  -1.6284E+01
   12.430  -2.6983E+01
   12.440  -3.6046E+01
   12.450  -4.6937E+01
   12.460  -6.2290E+01
   12.470  -7.8968E+01
   12.480  -9.1038E+01
   12.490  -9.0723E+01
   12.500  -7.7042E+01
   12.510  -5.6183E+01
   12.520  -3.2406E+01
   12.530  -8.3837E+00
   12.540   1.0409E+01
   12.550   2.4815E+01
   12.560   3.5174E+01
   12.570   3.6295E+01
   12.580   2.9580E+01
   12.590   2.1641E+01
   12.600   1.7401E+01
   12.610   1.6468E+01
   12.620   1.5575E+01
   12.630   1.1306E+01
   12.640   1.8541E+00
   12.650  -1.0031E+01
   12.660  -2.3081E+01
   12.670  -3.6278E+01
   12.680  -4.7504E+01
   12.690  -5.5844E+01
   12.700  -6.0790E+01
   12.710  -6.2941E+01
   12.720  -6.2414E+01
   12.730  -5.9379E+01
   12.740  -5.2829E+01
   12.750  -4.6040E+01
   12.760  -4.2619E+01
   12.770  -4.0217E+01
   12.780  -3.7134E+01
   12.790  -3.2078E+01
   12.800  -2.7510E+01
   12.810  -2.9754E+01
   12.820  -3.6308E+01
   12.830  -4.0833E+01
   12.840  -4.0864E+01
   12.850  -3.5693E+01
   12.860  -2.8844E+01
   12.870  -2.4325E+01
   12.880  -2.2402E+01
   12.890  -2.1005E+01
   12.900  -1.8079E+01
   12.910  -1.3192E+01
   12.920  -7.3430E+00
   12.930  -2.4585E+00
   12.940   1.6909E-01
   12.950   2.5098E+00
   12.960   9.0278E+00
   12.970   1.9844E+01
   12.980   3.2249E+01
   12.990   4.2702E+01
   13.000   4.8967E+01
   13.010   5.0785E+01
   13.020   4.6723E+01
   13.030   3.8469E+01
   13.040   2.9479E+01
   13.050   2.1547E+01
   13.060   1.4965E+01
   13.070   1.1323E+01
   13.080   1.1357E+01
   13.090   1.6680E+01
   13.100   2.5400E+01
   13.110   3.2550E+01
   13.120   3.4893E+01
   13.130   3.3599E+01
   13.140   2.9220E+01
   13.150   2.1188E+01
   13.160   9.6737E+00
   13.170  -2.1134E+00
   13.180  -9.0907E+00
   13.190  -1.0561E+01
   13.200  -7.9116E+00
   13.210  -7.2186E+00
   13.220  -9.4227E+00
   13.230  -1.1292E+01
   13.240  -1.3038E+01
   13.250  -1.2405E+01
   13.260  -1.0824E+01
   13.270  -9.5699E+00
   13.280  -7.0307E+00
   13.290  -2.3093E+00
   13.300   5.7073E+00
   13.310   1.9649E+01
   13.320   3.9999E+01
   13.330   5.9033E+01
   13.340   6.9081E+01
   13.350   6.7139E+01
   13.360   5.6338E+01
   13.370   4.3441E+01
   13.380   3.0608E+01
   13.390   1.8014E+01
   13.400   7.8707E+00
   13.410   3.0024E-01
   13.420  -6.5017E+00
   13.430  -9.7746E+00
   13.440  -6.3030E+00
   13.450   3.5988E+00
   13.460   1.5087E+01
   13.470   2.0476E+01
   13.480   1.5577E+01
   13.490   1.7866E+00
   13.500  -1.3697E+01
   13.510  -2.5246E+01
   13.520  -2.9423E+01
   13.530  -2.5193E+01
   13.540  -1.6194E+01
   13.550  -6.4450E+00
   13.560  -2.1524E-01
   13.570   2.8870E+00
   13.580   5.0004E+00
   13.590   7.3132E+00
   13.600   1.0961E+01
   13.610   1.7725E+01
   13.620   2.6978E+01
   13.630   3.3725E+01
   13.640   3.4531E+01
   13.650   3.3180E+01
   13.660   3.6684E+01
   13.670   4.7150E+01
   13.680   5.9142E+01
   13.690   6.6441E+01
   13.700   6.4075E+01
   13.710   5.3104E+01
   13.720   4.0442E+01
   13.730   3.3011E+01
   13.740   3.2238E+01
   13.750   3.4448E+01
   13.760   3.3629E+01
   13.770   2.7625E+01
   13.780   2.0265E+01
   13.790   1.6541E+01
   13.800   1.6261E+01
   13.810   1.5335E+01
   13.820   1.0701E+01
   13.830   2.2629E+00
   13.840  -6.7709E+00
   13.850  -1.0142E+01
   13.860  -7.7243E+00
   13.870  -3.6338E+00
   13.880  -3.7045E-01
   13.890   4.6832E-01
   13.900   7.9712E-01
   13.910   4.0701E+00
   13.920   1.0207E+01
   13.930   1.6583E+01
   13.940   2.0691E+01
   13.950   2.2981E+01
   13.960   2.4854E+01
   13.970   2.3920E+01
   13.980   2.0036E+01
   13.990   1.4695E+01
   14.000   9.7118E+00
   14.010   9.7028E+00
   14.020   1.4834E+01
   14.030   2.1638E+01
   14.040   2.7500E+01
   14.050   3.1609E+01
   14.060   3.5046E+01
   14.070   3.7279E+01
   14.080   3.5807E+01
   14.090   3.0675E+01
   14.100   2.4329E+01
   14.110   1.7063E+01
   14.120   8.5444E+00
   14.130  -6.3954E-01
   14.140  -1.0790E+01
   14.150  -2.2074E+01
   14.160  -3.1469E+01
   14.170  -3.7261E+01
   14.180  -3.9413E+01
   14.190  -3.6556E+01
   14.200  -2.8501E+01
   14.210  -1.9226E+01
   14.220  -1.2556E+01
   14.230  -8.4512E+00
   14.240  -3.5507E+00
   14.250   2.7995E+00
   14.260   9.9942E+00
   14.270   1.8260E+01
   14.280   2.6026E+01
   14.290   2.9786E+01
   14.300   2.7485E+01
   14.310   1.9039E+01
   14.320   7.4407E+00
   14.330  -3.3282E+00
   14.340  -9.7940E+00
   14.350  -1.2244E+01
   14.360  -1.3097E+01
   14.370  -1.1148E+01
   14.380  -5.6325E+00
   14.390   1.1093E+00
   14.400   6.4087E+00
   14.410   8.5292E+00
   14.420   8.7689E+00
   14.430   9.6353E+00
   14.440   1.0216E+01
   14.450   9.5990E+00
   14.460   7.3673E+00
   14.470   3.4077E+00
   14.480  -4.7148E-01
   14.490  -2.5084E+00
   14.500  -1.7886E+00
   14.510   6.2273E-01
   14.520   1.5592E+00
   14.530  -1.4097E+00
   14.540  -8.6572E+00
   14.550  -1.7283E+01
   14.560  -2.2152E+01
   14.570  -2.2014E+01
   14.580  -1.8621E+01
   14.590  -1.4745E+01
   14.600  -1.2051E+01
   14.610  -1.1678E+01
   14.620  -1.2662E+01
   14.630  -1.3671E+01
   14.640  -1.4108E+01
   14.650  -1.3632E+01
   14.660  -1.1932E+01
   14.670  -7.6620E+00
   14.680  -1.2797E+00
   14.690   4.0019E+00
   14.700   4.9908E+00
   14.710   2.3584E+00
   14.720  -1.5322E+00
   14.730  -5.5044E+00
   14.740  -8.1247E+00
   14.750  -9.5950E+00
   14.760  -1.0873E+01
   14.770  -1.0614E+01
   14.780  -7.7104E+00
   14.790  -4.0197E+00
   14.800  -2.1657E+00
   14.810  -3.1403E+00
   14.820  -4.9139E+00
   14.830  -3.8294E+00
   14.840  -1.1008E-01
   14.850   2.4462E+00
   14.860  -5.9961E-01
   14.870  -1.0591E+01
   14.880  -2.3342E+01
   14.890  -3.2629E+01
   14.900  -3.6361E+01
   14.910  -3.6050E+01
   14.920  -3.3590E+01
   14.930  -2.9327E+01
   14.940  -2.2554E+01
   14.950  -1.4657E+01
   14.960  -6.2542E+00
   14.970   1.9692E+00
   14.980   8.6761E+00
   14.990   1.3144E+01
   15.000   1.4629E+01
   15.010   1.3074E+01
   15.020   9.4680E+00
   15.030   5.1962E+00
   15.040   1.1417E+00
   15.050  -1.9897E+00
   15.060  -3.6442E+00
   15.070  -3.5455E+00
   15.080  -1.4762E+00
   15.090   1.8762E+00
   15.100   4.0482E+00
   15.110   3.2088E+00
   15.120   2.3974E-01
   15.130  -3.1315E+00
   15.140  -5.8717E+00
   15.150  -6.9217E+00
   15.160  -5.6378E+00
   15.170  -2.6522E+00
   15.180   1.0249E+00
   15.190   4.4702E+00
   15.200   7.5973E+00
   15.210   1.0194E+01
   15.220   1.1990E+01
   15.230   1.3478E+01
   15.240   1.4809E+01
   15.250   1.5533E+01
   15.260   1.5842E+01
   15.270   1.6110E+01
   15.280   1.5650E+01
   15.290   1.4293E+01
   15.300   1.2951E+01
   15.310   1.2108E+01
   15.320   1.1386E+01
   15.330   1.0285E+01
   15.340   8.0993E+00
   15.350   5.0083E+00
   15.360   2.1779E+00
   15.370   6.9789E-01
   15.380   8.7134E-01
   15.390   1.9181E+00
   15.400   2.7945E+00
   15.410   3.3585E+00
   15.420   3.3820E+00
   15.430   2.0823E+00
   15.440   1.7773E-01
   15.450  -5.4787E-01
   15.460  -1.6587E-01
   15.470  -2.4230E-03
   15.480  -8.1713E-01
   15.490  -1.7678E+00
   15.500  -1.7337E+00
   15.510  -9.7831E-01
   15.520  -4.0612E-02
   15.530   5.2237E-01
   15.540   6.8065E-01
   15.550   1.5167E+00
   15.560   3.2173E+00
   15.570   4.6983E+00
   15.580   4.8383E+00
   15.590   3.3960E+00
   15.600   1.4035E+00
   15.610  -2.0361E-01
   15.620  -1.6477E+00
   15.630  -3.2311E+00
   15.640  -4.7319E+00
   15.650  -5.7446E+00
   15.660  -5.7065E+00
   15.670  -5.0442E+00
   15.680  -5.1598E+00
   15.690  -6.2166E+00
   15.700  -7.2836E+00
   15.710  -7.3413E+00
   15.720  -5.4178E+00
   15.730  -1.8575E+00
   15.740   1.6368E+00
   15.750   3.8704E+00
   15.760   5.1187E+00
   15.770   6.1257E+00
   15.780   6.9373E+00
   15.790   7.0073E+00
   15.800   6.0404E+00
   15.810   4.2084E+00
   15.820   1.9098E+00
   15.830  -5.5468E-01
   15.840  -3.0364E+00
   15.850  -5.2167E+00
   15.860  -6.3724E+00
   15.870  -6.2394E+00
   15.880  -5.1489E+00
   15.890  -3.4012E+00
   15.900  -1.7902E+00
   15.910  -6.2709E-01
   15.920   1.3087E-01
   15.930   4.7924E-01
   15.940   5.9767E-01
   15.950   4.3958E-01
   15.960   2.6169E-01
   15.970   4.3401E-01
   15.980   1.0178E+00
   15.990   1.4810E+00
   16.000   1.0358E+00
   16.010  -5.5168E-01
   16.020  -2.7379E+00
   16.030  -4.5783E+00
   16.040  -5.7347E+00
   16.050  -6.3559E+00
   16.060  -6.7304E+00
   16.070  -6.8642E+00
   16.080  -7.1349E+00
   16.090  -8.2267E+00
   16.100  -1.0158E+01
   16.110  -1.1697E+01
   16.120  -1.1613E+01
   16.130  -9.8637E+00
   16.140  -7.4688E+00
   16.150  -5.4097E+00
   16.160  -4.3361E+00
   16.170  -4.1241E+00
   16.180  -4.1413E+00
   16.190  -3.9893E+00
   16.200  -3.2219E+00
   16.210  -1.7800E+00
   16.220  -4.0101E-01
   16.230   4.1906E-02
   16.240  -8.3499E-01
   16.250  -2.4678E+00
   16.260  -3.6731E+00
   16.270  -3.7024E+00
   16.280  -2.8415E+00
   16.290  -1.6702E+00
   16.300  -7.9377E-01
   16.310  -4.4146E-01
   16.320  -3.5280E-01
   16.330  -2.4050E-01
   16.340   1.9995E-02
   16.350   3.5937E-01
   16.360   6.0764E-01
   16.370   6.6470E-01
   16.380   5.2800E-01
   16.390   1.4787E-01
   16.400  -6.0589E-01
   16.410  -1.7138E+00
   16.420  -2.9521E+00
   16.430  -4.0246E+00
   16.440  -4.7253E+00
   16.450  -5.0145E+00
   16.460  -4.9758E+00
   16.470  -4.6619E+00
   16.480  -4.0741E+00
   16.490  -3.2598E+00
   16.500  -2.3472E+00
   16.510  -1.4450E+00
   16.520  -4.4339E-01
   16.530   8.2194E-01
   16.540   2.1710E+00
   16.550   3.2579E+00
   16.560   3.8200E+00
   16.570   3.7487E+00
   16.580   3.1329E+00
   16.590   2.2177E+00
   16.600   1.2881E+00
   16.610   4.3688E-01
   16.620  -2.5251E-01
   16.630  -5.8595E-01
   16.640  -5.2399E-01
   16.650  -9.5084E-02
   16.660   6.5600E-01
   16.670   1.6054E+00
   16.680   2.6700E+00
   16.690   3.6871E+00
   16.700   4.4400E+00
   16.710   4.7023E+00
   16.720   4.5019E+00
   16.730   4.0864E+00
   16.740   3.6197E+00
   16.750   3.2461E+00
   16.760   3.0401E+00
   16.770   3.0292E+00
   16.780   3.1053E+00
   16.790   3.1051E+00
   16.800   2.8877E+00
   16.810   2.4086E+00
   16.820   1.8454E+00
   16.830   1.4124E+00
   16.840   1.3309E+00
   16.850   1.7646E+00
   16.860   2.6724E+00
   16.870   3.7276E+00
   16.880   4.5196E+00
   16.890   4.8993E+00
   16.900   5.0852E+00
   16.910   5.3332E+00
   16.920   5.6669E+00
   16.930   6.0406E+00
   16.940   6.4969E+00
   16.950   6.9784E+00
   16.960   7.2222E+00
   16.970   6.9582E+00
   16.980   6.2549E+00
   16.990   5.4320E+00
   17.000   4.7612E+00
   17.010   4.2382E+00
   17.020   3.5918E+00
   17.030   2.6928E+00
   17.040   1.6861E+00
   17.050   7.4625E-01
   17.060   2.5476E-02
   17.070  -4.4173E-01
   17.080  -7.1107E-01
   17.090  -8.0111E-01
   17.100  -8.0700E-01
   17.110  -8.9416E-01
   17.120  -1.2600E+00
   17.130  -1.9479E+00
   17.140  -2.8704E+00
   17.150  -3.8645E+00
   17.160  -4.6223E+00
   17.170  -4.9872E+00
   17.180  -4.9322E+00
   17.190  -4.4188E+00
   17.200  -3.5307E+00
   17.210  -2.4639E+00
   17.220  -1.5370E+00
   17.230  -9.9118E-01
   17.240  -8.0589E-01
   17.250  -7.4588E-01
   17.260  -5.3755E-01
   17.270  -1.5030E-01
   17.280   1.3295E-01
   17.290   1.2181E-01
   17.300  -1.1111E-01
   17.310  -3.9343E-01
   17.320  -6.5780E-01
   17.330  -9.1368E-01
   17.340  -1.2398E+00
   17.350  -1.7039E+00
   17.360  -2.2026E+00
   17.370  -2.6760E+00
   17.380  -3.1292E+00
   17.390  -3.4943E+00
   17.400  -3.6572E+00
   17.410  -3.5101E+00
   17.420  -3.0273E+00
   17.430  -2.2717E+00
   17.440  -1.4362E+00
   17.450  -7.2708E-01
   17.460  -1.5982E-01
   17.470   3.7406E-01
   17.480   9.1426E-01
   17.490   1.3698E+00
   17.500   1.6009E+00
   17.510   1.5144E+00
   17.520   1.1525E+00
   17.530   6.2036E-01
   17.540   2.1418E-02
   17.550  -5.2328E-01
   17.560  -9.4001E-01
   17.570  -1.1825E+00
   17.580  -1.1791E+00
   17.590  -9.5207E-01
   17.600  -6.7589E-01
   17.610  -5.7146E-01
   17.620  -7.1410E-01
   17.630  -9.4714E-01
   17.640  -1.0804E+00
   17.650  -1.0247E+00
   17.660  -7.8450E-01
   17.670  -4.0562E-01
   17.680   2.2369E-02
   17.690   2.9794E-01
   17.700   1.7530E-01
   17.710  -4.0025E-01
   17.720  -1.2315E+00
   17.730  -2.0751E+00
   17.740  -2.8512E+00
   17.750  -3.6351E+00
   17.760  -4.5052E+00
   17.770  -5.3953E+00
   17.780  -6.1460E+00
   17.790  -6.5862E+00
   17.800  -6.5970E+00
   17.810  -6.2071E+00
   17.820  -5.5784E+00
   17.830  -4.8948E+00
   17.840  -4.2888E+00
   17.850  -3.7827E+00
   17.860  -3.3253E+00
   17.870  -2.8946E+00
   17.880  -2.5072E+00
   17.890  -2.1836E+00
   17.900  -1.9373E+00
   17.910  -1.7577E+00
   17.920  -1.5698E+00
   17.930  -1.2574E+00
   17.940  -7.3443E-01
   17.950  -2.7689E-02
   17.960   7.6332E-01
   17.970   1.5666E+00
   17.980   2.3396E+00
   17.990   3.0660E+00
   18.000   3.6928E+00
   18.010   4.1414E+00
   18.020   4.3691E+00
   18.030   4.3716E+00
   18.040   4.1569E+00
   18.050   3.7454E+00
   18.060   3.2215E+00
   18.070   2.7289E+00
   18.080   2.3617E+00
   18.090   2.0745E+00
   18.100   1.7360E+00
   18.110   1.2728E+00
   18.120   7.7460E-01
   18.130   3.9541E-01
   18.140   1.8939E-01
   18.150   8.2188E-02
   18.160  -1.5906E-02
   18.170  -1.0351E-01
   18.180  -7.0497E-02
   18.190   1.7217E-01
   18.200   5.6532E-01
   18.210   9.2111E-01
   18.220   1.0633E+00
   18.230   9.4325E-01
   18.240   6.2715E-01
   18.250   2.0131E-01
   18.260  -2.5310E-01
   18.270  -6.4848E-01
   18.280  -8.9749E-01
   18.290  -9.7007E-01
   18.300  -9.2198E-01
   18.310  -8.5042E-01
   18.320  -8.2412E-01
   18.330  -8.1857E-01
   18.340  -7.3095E-01
   18.350  -4.8504E-01
   18.360  -8.9655E-02
   18.370   3.6437E-01
   18.380   7.6530E-01
   18.390   1.0751E+00
   18.400   1.3479E+00
   18.410   1.6357E+00
   18.420   1.8848E+00
   18.430   1.9558E+00
   18.440   1.7676E+00
   18.450   1.4016E+00
   18.460   1.0369E+00
   18.470   8.0215E-01
   18.480   7.2487E-01
   18.490   7.9437E-01
   18.500   9.9736E-01
   18.510   1.2644E+00
   18.520   1.4553E+00
   18.530   1.4744E+00
   18.540   1.3875E+00
   18.550   1.3602E+00
   18.560   1.4691E+00
   18.570   1.6203E+00
   18.580   1.6759E+00
   18.590   1.6202E+00
   18.600   1.5715E+00
   18.610   1.6521E+00
   18.620   1.8810E+00
   18.630   2.1817E+00
   18.640   2.4542E+00
   18.650   2.6332E+00
   18.660   2.7057E+00
   18.670   2.6931E+00
   18.680   2.6155E+00
   18.690   2.4628E+00
   18.700   2.2003E+00
   18.710   1.8014E+00
   18.720   1.2743E+00
   18.730   6.6601E-01
   18.740   5.1336E-02
   18.750  -4.8682E-01
   18.760  -8.8772E-01
   18.770  -1.1448E+00
   18.780  -1.3140E+00
   18.790  -1.4874E+00
   18.800  -1.7466E+00
   18.810  -2.1207E+00
   18.820  -2.5731E+00
   18.830  -3.0262E+00
   18.840  -3.4047E+00
   18.850  -3.6607E+00
   18.860  -3.7657E+00
   18.870  -3.6977E+00
   18.880  -3.4497E+00
   18.890  -3.0470E+00
   18.900  -2.5406E+00
   18.910  -1.9832E+00
   18.920  -1.4210E+00
   18.930  -9.0236E-01
   18.940  -4.6901E-01
   18.950  -1.2641E-01
   18.960   1.6874E-01
   18.970   4.7561E-01
   18.980   8.2026E-01
   18.990   1.1756E+00
   19.000   1.4824E+00
   19.010   1.6841E+00
   19.020   1.7476E+00
   19.030   1.6640E+00
   19.040   1.4444E+00
   19.050   1.1270E+00
   19.060   7.8966E-01
   19.070   5.3219E-01
   19.080   4.2568E-01
   19.090   4.7402E-01
   19.100   6.3327E-01
   19.110   8.5910E-01
   19.120   1.1193E+00
   19.130   1.3719E+00
   19.140   1.5707E+00
   19.150   1.7054E+00
   19.160   1.8045E+00
   19.170   1.8677E+00
   19.180   1.8130E+00
   19.190   1.5258E+00
   19.200   9.6848E-01
   19.210   2.2717E-01
   19.220  -5.4930E-01
   19.230  -1.2456E+00
   19.240  -1.8229E+00
   19.250  -2.2912E+00
   19.260  -2.6478E+00
   19.270  -2.8407E+00
   19.280  -2.7993E+00
   19.290  -2.5166E+00
   19.300  -2.0922E+00
   19.310  -1.6752E+00
   19.320  -1.3601E+00
   19.330  -1.1528E+00
   19.340  -1.0188E+00
   19.350  -9.2178E-01
   19.360  -8.0431E-01
   19.370  -5.8902E-01
   19.380  -2.5632E-01
   19.390   8.7122E-02
   19.400   2.7174E-01
   19.410   2.2038E-01
   19.420   2.1440E-02
   19.430  -1.6466E-01
   19.440  -2.4831E-01
   19.450  -2.4754E-01
   19.460  -2.1281E-01
   19.470  -1.6029E-01
   19.480  -8.0867E-02
   19.490   2.2800E-02
   19.500   1.3344E-01
   19.510   2.3019E-01
   19.520   2.7604E-01
   19.530   2.0988E-01
   19.540  -3.6464E-03
   19.550  -3.0349E-01
   19.560  -5.4167E-01
   19.570  -5.9418E-01
   19.580  -4.5770E-01
   19.590  -2.3099E-01
   19.600  -2.1157E-02
   19.610   1.1286E-01
   19.620   1.5756E-01
   19.630   1.3969E-01
   19.640   1.2751E-01
   19.650   1.8417E-01
   19.660   2.8828E-01
   19.670   3.2585E-01
   19.680   1.9643E-01
   19.690  -8.1217E-02
   19.700  -3.8854E-01
   19.710  -6.2039E-01
   19.720  -7.5209E-01
   19.730  -8.0301E-01
   19.740  -7.6805E-01
   19.750  -6.0346E-01
   19.760  -2.7038E-01
   19.770   2.1356E-01
   19.780   7.6063E-01
   19.790   1.2510E+00
   19.800   1.5967E+00
   19.810   1.7794E+00
   19.820   1.8413E+00
   19.830   1.8612E+00
   19.840   1.9417E+00
   19.850   2.1716E+00
   19.860   2.5471E+00
   19.870   2.9317E+00
   19.880   3.1432E+00
   19.890   3.1054E+00
   19.900   2.8945E+00
   19.910   2.6294E+00
   19.920   2.3506E+00
   19.930   2.0207E+00
   19.940   1.6034E+00
   19.950   1.1003E+00
   19.960   5.3543E-01
   19.970  -4.6377E-02
   19.980  -5.7054E-01
   19.990  -9.7205E-01
   20.000  -1.2625E+00
   20.010  -1.5284E+00
   20.020  -1.8339E+00
   20.030  -2.1332E+00
   20.040  -2.2861E+00
   20.050  -2.1633E+00
   20.060  -1.7460E+00
   20.070  -1.1501E+00
   20.080  -5.5275E-01
   20.090  -7.2308E-02
   20.100   2.9918E-01
   20.110   6.3461E-01
   20.120   9.4885E-01
   20.130   1.1629E+00
   20.140   1.2009E+00
   20.150   1.0857E+00
   20.160   9.1094E-01
   20.170   7.4099E-01
   20.180   5.7418E-01
   20.190   3.8960E-01
   20.200   1.8656E-01
   20.210  -2.2423E-02
   20.220  -2.0898E-01
   20.230  -3.0331E-01
   20.240  -2.1650E-01
   20.250   6.3240E-02
   20.260   4.0730E-01
   20.270   6.1743E-01
   20.280   5.7452E-01
   20.290   3.1055E-01
   20.300  -4.9682E-02
   20.310  -3.8659E-01
   20.320  -6.2506E-01
   20.330  -7.2388E-01
   20.340  -6.7168E-01
   20.350  -5.0107E-01
   20.360  -2.8463E-01
   20.370  -1.0434E-01
   20.380  -1.9185E-02
   20.390  -5.2797E-02
   20.400  -1.9442E-01
   20.410  -4.0704E-01
   20.420  -6.4063E-01
   20.430  -8.4421E-01
   20.440  -9.6570E-01
   20.450  -9.5316E-01
   20.460  -7.7940E-01
   20.470  -4.7876E-01
   20.480  -1.4786E-01
   20.490   1.0757E-01
   20.500   2.3756E-01
   20.510   2.6935E-01
   20.520   2.8198E-01
   20.530   3.5981E-01
   20.540   5.4222E-01
   20.550   7.8749E-01
   20.560   9.9223E-01
   20.570   1.0708E+00
   20.580   1.0187E+00
   20.590   8.7949E-01
   20.600   6.5992E-01
   20.610   3.1014E-01
   20.620  -1.9960E-01
   20.630  -8.1505E-01
   20.640  -1.4271E+00
   20.650  -1.9457E+00
   20.660  -2.3357E+00
   20.670  -2.6210E+00
   20.680  -2.8820E+00
   20.690  -3.2137E+00
   20.700  -3.6255E+00
   20.710  -3.8854E+00
   20.720  -3.9770E+00
   20.730  -3.7991E+00
   20.740  -3.4770E+00
   20.750  -3.1869E+00
   20.760  -3.0183E+00
   20.770  -2.9559E+00
   20.780  -2.9346E+00
   20.790  -2.8708E+00
   20.800  -2.6667E+00
   20.810  -2.2400E+00
   20.820  -1.5632E+00
   20.830  -6.7013E-01
   20.840   3.4972E-01
   20.850   1.3393E+00
   20.860   2.0945E+00
   20.870   2.4669E+00
   20.880   2.4667E+00
   20.890   2.2393E+00
   20.900   1.9349E+00
   20.910   1.6281E+00
   20.920   1.3527E+00
   20.930   1.1453E+00
   20.940   1.0101E+00
   20.950   8.8011E-01
   20.960   6.7598E-01
   20.970   4.0543E-01
   20.980   1.6422E-01
   20.990   2.9331E-02
   21.000  -1.6690E-02
   21.010   7.0680E-01
   21.020   7.9748E-01
   21.030   8.9143E-01
   21.040   1.0831E+00
   21.050   1.4047E+00
   21.060   1.7826E+00
   21.070   2.0648E+00
   21.080   2.1035E+00
   21.090   1.8446E+00
   21.100   1.3632E+00
   21.110   8.1655E-01
   21.120   3.4650E-01
   21.130   5.3992E-03
   21.140  -2.4484E-01
   21.150  -4.8024E-01
   21.160  -7.6077E-01
   21.170  -1.1022E+00
   21.180  -1.4629E+00
   21.190  -1.7483E+00
   21.200  -1.8545E+00
   21.210  -1.7358E+00
   21.220  -1.4309E+00
   21.230  -1.0115E+00
   21.240  -5.1602E-01
   21.250   4.0246E-02
   21.260   4.3146E-01
   21.270  -1.1507E-01
   21.280   9.4721E-02
   21.290   2.2179E-01
   21.300  -3.9882E-01
   21.310  -1.6601E-01
   21.320   1.1054E-01
   21.330   3.5120E-01
   21.340   5.4211E-01
   21.350   9.5738E-01
   21.360   1.0973E+00
   21.370   1.2594E+00
   21.380   1.4578E+00
   21.390   1.2977E+00
   21.400   9.3181E-01
   21.410   4.5651E-01
   21.420  -1.1484E-02
   21.430  -4.0609E-01
   21.440  -7.1404E-01
   21.450  -9.2224E-01
   21.460  -9.9440E-01
   21.470  -9.2195E-01
   21.480  -7.7238E-01
   21.490  -6.4385E-01
   21.500  -2.9168E-01
   21.510  -5.6301E-01
   21.520  -3.2388E-01
   21.530   3.5074E-03
   21.540   3.4699E-01
   21.550   6.0695E-01
   21.560   6.9670E-01
   21.570   9.9835E-01
   21.580   7.6295E-01
   21.590   1.1055E+00
   21.600   8.0490E-01
   21.610   8.8477E-01
   21.620   1.2024E+00
   21.630   1.5962E+00
   21.640   2.4719E+00
   21.650   2.4597E+00
   21.660   2.2654E+00
   21.670   1.8058E+00
   21.680   1.3104E+00
   21.690   6.4909E-01
   21.700  -8.2926E-02
   21.710  -8.9587E-01
   21.720  -1.7350E+00
   21.730  -2.4714E+00
   21.740  -2.9668E+00
   21.750  -3.1377E+00
   21.760  -2.9657E+00
   21.770  -2.4821E+00
   21.780  -1.6823E+00
   21.790  -9.5386E-01
   21.800  -5.3115E-01
   21.810  -2.5829E-02
   21.820   2.9442E-01
   21.830   3.5478E-01
   21.840   1.4090E-01
   21.850  -2.6851E-01
   21.860  -7.4084E-01
   21.870  -1.3013E+00
   21.880  -1.5411E+00
   21.890  -1.5831E+00
   21.900  -1.3662E+00
   21.910  -8.9735E-01
   21.920  -3.0134E-01
   21.930   2.4024E-01
   21.940   6.1561E-01
   21.950   8.4569E-01
   21.960   1.0406E+00
   21.970   1.5492E+00
   21.980   2.0036E+00
   21.990   2.5936E+00
   22.000   3.2378E+00
   22.010   4.0296E+00
   22.020   4.4882E+00
   22.030   4.7883E+00
   22.040   3.8333E+00
   22.050   3.8143E+00
   22.060   3.6957E+00
   22.070   3.5603E+00
   22.080   4.2966E+00
   22.090   4.3360E+00
   22.100   3.7867E+00
   22.110   3.6599E+00
   22.120   3.3872E+00
   22.130   3.0182E+00
   22.140   2.6490E+00
   22.150   2.3933E+00
   22.160   2.3480E+00
   22.170   2.5303E+00
   22.180   2.8414E+00
   22.190   3.1104E+00
   22.200   3.1752E+00
   22.210   2.9240E+00
   22.220   2.7526E+00
   22.230   1.7061E+00
   22.240   4.3948E-01
   22.250  -7.1494E-01
   22.260  -1.6521E+00
   22.270  -2.1116E+00
   22.280  -2.2509E+00
   22.290  -2.4137E+00
   22.300  -2.0750E+00
   22.310  -1.8088E+00
   22.320  -1.7449E+00
   22.330  -1.8269E+00
   22.340  -1.9092E+00
   22.350  -2.6861E+00
   22.360  -2.3483E+00
   22.370  -2.5835E+00
   22.380  -2.7668E+00
   22.390  -2.7984E+00
   22.400  -2.3878E+00
   22.410  -2.0256E+00
   22.420  -1.5416E+00
   22.430  -1.0088E+00
   22.440  -5.1223E-01
   22.450  -1.3769E-01
   22.460   4.9166E-03
   22.470   9.7974E-02
   22.480   1.2771E-01
   22.490   2.7032E-01
   22.500   1.3517E-01
   22.510   1.5620E-01
   22.520  -1.4761E-01
   22.530  -6.4751E-01
   22.540  -1.1402E+00
   22.550  -1.3821E+00
   22.560  -1.2223E+00
   22.570  -6.7452E-01
   22.580   9.1049E-02
   22.590   1.0210E+00
   22.600   1.9350E+00
   22.610   2.0630E+00
   22.620   1.8042E+00
   22.630   1.3181E+00
   22.640   7.1306E-01
   22.650   1.1941E-01
   22.660  -3.6193E-01
   22.670  -2.8023E-01
   22.680  -6.0395E-01
   22.690  -8.0899E-01
   22.700  -8.9876E-01
   22.710  -1.1628E+00
   22.720  -1.2542E+00
   22.730  -1.3890E+00
   22.740  -1.6066E+00
   22.750  -1.8077E+00
   22.760  -2.2174E+00
   22.770  -2.7085E+00
   22.780  -3.2431E+00
   22.790  -3.7314E+00
   22.800  -4.0699E+00
   22.810  -3.8729E+00
   22.820  -3.7474E+00
   22.830  -3.4572E+00
   22.840  -3.6445E+00
   22.850  -3.0668E+00
   22.860  -2.0727E+00
   22.870  -1.2765E+00
   22.880  -8.3452E-01
   22.890  -3.8629E-01
   22.900  -1.7632E-01
   22.910  -1.5459E-01
   22.920  -2.9327E-01
   22.930  -8.2751E-01
   22.940  -1.4129E+00
   22.950  -2.2594E+00
   22.960  -2.4281E+00
   22.970  -2.2395E+00
   22.980  -1.7511E+00
   22.990  -1.1956E+00
   23.000  -8.2530E-01
   23.010  -8.6828E-01
   23.020  -9.8621E-01
   23.030  -1.2019E+00
   23.040  -1.3948E+00
   23.050  -1.4654E+00
   23.060  -1.3303E+00
   23.070  -9.4063E-01
   23.080  -2.9050E-01
   23.090   6.0167E-01
   23.100   1.8533E+00
   23.110   3.0224E+00
   23.120   4.0286E+00
   23.130   5.2875E+00
   23.140   5.1988E+00
   23.150   4.6052E+00
   23.160   3.7496E+00
   23.170   2.8913E+00
   23.180   2.1743E+00
   23.190   2.0515E+00
   23.200   1.5429E+00
   23.210   1.0397E+00
   23.220   4.7839E-01
   23.230   4.9067E-01
   23.240   3.2131E-01
   23.250  -8.5640E-02
   23.260  -3.2596E-01
   23.270  -7.0223E-01
   23.280  -1.0707E+00
   23.290  -1.5440E+00
   23.300  -1.7152E+00
   23.310  -2.0117E+00
   23.320  -2.1535E+00
   23.330  -2.4539E+00
   23.340  -2.4981E+00
   23.350  -2.2034E+00
   23.360  -1.5591E+00
   23.370  -5.8211E-01
   23.380   4.2115E-01
   23.390   1.4775E+00
   23.400   2.0263E+00
   23.410   2.1883E+00
   23.420   2.0413E+00
   23.430   1.8200E+00
   23.440   1.0348E+00
   23.450   1.0496E+00
   23.460   1.2309E+00
   23.470   1.5994E+00
   23.480   2.1377E+00
   23.490   2.7749E+00
   23.500   3.3726E+00
   23.510   3.7767E+00
   23.520   3.4862E+00
   23.530   3.4473E+00
   23.540   3.1437E+00
   23.550   2.4009E+00
   23.560   1.8064E+00
   23.570   1.2329E+00
   23.580   1.4832E+00
   23.590   1.3196E+00
   23.600   1.2942E+00
   23.610  -2.4522E-01
   23.620   5.6505E-02
   23.630   2.8563E-01
   23.640   4.4020E-01
   23.650   5.6073E-01
   23.660   6.8714E-01
   23.670   8.1015E-01
   23.680   8.6497E-01
   23.690   7.9842E-01
   23.700   7.1261E-01
   23.710   6.1554E-01
   23.720   6.8691E-01
   23.730   9.1134E-01
   23.740   3.6407E-01
   23.750   4.1409E-01
   23.760   6.3829E-01
   23.770   6.8561E-01
   23.780   7.9765E-01
   23.790   9.2964E-01
   23.800   9.9910E-01
   23.810   5.7655E-01
   23.820   4.7206E-01
   23.830   3.5490E-01
   23.840   3.3313E-01
   23.850   7.8219E-01
   23.860   7.8443E-01
   23.870   8.6871E-01
   23.880   8.3003E-01
   23.890   7.1551E-01
   23.900   5.5624E-01
   23.910   1.5706E-01
   23.920  -1.4965E-02
   23.930  -2.9171E-01
   23.940  -3.8466E-01
   23.950  -1.0261E+00
   23.960  -1.4694E+00
   23.970  -1.9193E+00
   23.980  -2.4977E+00
   23.990  -2.6496E+00
   24.000  -3.0726E+00
   24.010  -3.4629E+00
   24.020  -3.7682E+00
   24.030  -3.8922E+00
   24.040  -3.7976E+00
   24.050  -3.3636E+00
   24.060  -2.7606E+00
   24.070  -2.1000E+00
   24.080  -5.1875E-01
   24.090  -1.8735E-01
   24.100   8.0859E-02
   24.110  -1.0721E-01
   24.120   1.2246E-02
   24.130  -2.7397E-01
   24.140  -7.4791E-02
   24.150   2.0352E-01
   24.160   3.7035E-01
   24.170   7.3999E-01
   24.180   1.0811E+00
   24.190   1.3591E+00
   24.200   1.5529E+00
   24.210   1.6398E+00
   24.220   1.5977E+00
   24.230   1.4318E+00
   24.240   1.7017E+00
   24.250   1.5123E+00
   24.260   1.3734E+00
   24.270   1.2370E+00
   24.280   1.0537E+00
   24.290   1.0757E+00
   24.300   7.7989E-01
   24.310   4.4433E-01
   24.320   1.2299E-01
   24.330  -2.1330E-01
   24.340  -5.8682E-01
   24.350  -9.6612E-01
   24.360  -1.3415E+00
   24.370  -1.0235E+00
   24.380  -1.1734E+00
   24.390  -1.1395E+00
   24.400  -1.0038E+00
   24.410  -7.9318E-01
   24.420  -5.4759E-01
   24.430   9.3493E-02
   24.440   2.9404E-01
   24.450   4.9198E-01
   24.460   5.5821E-01
   24.470  -3.6821E-01
   24.480  -3.4732E-01
   24.490  -3.9555E-01
   24.500  -4.9201E-01
   24.510  -6.4083E-01
   24.520  -8.2315E-01
   24.530  -8.4897E-01
   24.540  -9.5130E-01
   24.550  -9.7248E-01
   24.560  -9.8804E-01
   24.570  -1.0112E+00
   24.580  -5.3648E-01
   24.590  -6.2795E-01
   24.600  -6.6376E-01
   24.610  -6.1118E-01
   24.620   2.7917E-01
   24.630   4.1202E-01
   24.640   5.0463E-01
   24.650   5.3400E-01
   24.660   1.3146E-01
   24.670   5.8389E-02
   24.680  -6.3758E-02
   24.690  -2.1297E-01
   24.700  -5.3699E-01
   24.710  -9.3324E-01
   24.720  -1.2907E+00
   24.730  -1.5956E+00
   24.740  -1.8169E+00
   24.750  -1.9353E+00
   24.760  -1.7214E+00
   24.770  -1.5163E+00
   24.780  -1.1575E+00
   24.790  -6.7870E-01
   24.800  -1.6985E-01
   24.810   2.4894E-01
   24.820   4.7625E-01
   24.830   4.9696E-01
   24.840   2.8905E-01
   24.850  -4.8479E-02
   24.860  -4.2900E-01
   24.870  -7.6251E-01
   24.880  -9.8118E-01
   24.890  -1.0722E+00
   24.900  -1.2037E+00
   24.910  -9.5727E-01
   24.920  -6.9366E-01
   24.930  -3.5010E-01
   24.940   4.7661E-02
   24.950   4.7186E-01
   24.960   9.0788E-01
   24.970   1.3108E+00
   24.980   1.4400E+00
   24.990   1.5433E+00
   25.000   1.4770E+00
   25.010   1.5066E+00
   25.020   1.3185E+00
   25.030   1.1575E+00
   25.040   1.0301E+00
   25.050   9.1260E-01
   25.060   7.9335E-01
   25.070   4.5701E-01
   25.080   2.8245E-02
   25.090  -1.0210E+00
   25.100  -1.0781E+00
   25.110  -9.7000E-01
   25.120  -7.7906E-01
   25.130  -4.9007E-01
   25.140  -1.2102E-01
   25.150   3.1435E-01
   25.160   7.6755E-01
   25.170   1.1544E+00
   25.180   1.4019E+00
   25.190   1.4931E+00
   25.200   1.4605E+00
   25.210   1.3431E+00
   25.220   1.1853E+00
   25.230   1.2963E+00
   25.240   1.3096E+00
   25.250   1.2733E+00
   25.260   1.2041E+00
   25.270   1.1222E+00
   25.280   7.4681E-01
   25.290   6.1244E-01
   25.300   4.6474E-01
   25.310   3.0370E-01
   25.320   1.4271E-01
   25.330   4.0077E-03
   25.340  -5.7558E-02
   25.350  -1.0876E-01
   25.360  -1.1688E-01
   25.370  -6.6211E-02
   25.380   2.1103E-02
   25.390   1.0670E-01
   25.400   1.6121E-01
   25.410   1.8469E-01
   25.420   5.7877E-03
   25.430   1.6380E-02
   25.440   7.0855E-02
   25.450   1.6827E-01
   25.460   3.7245E-01
   25.470   4.9129E-01
   25.480   5.8790E-01
   25.490   6.4163E-01
   25.500   6.3644E-01
   25.510   5.5485E-01
   25.520   2.8387E-01
   25.530   1.3049E-01
   25.540  -3.0813E-02
   25.550  -1.6073E-01
   25.560  -2.4348E-01
   25.570  -2.8224E-01
   25.580  -2.8438E-01
   25.590  -2.5473E-01
   25.600  -1.9867E-01
   25.610  -5.6659E-02
   25.620   4.0699E-02
   25.630   2.4908E-01
   25.640   2.7866E-01
   25.650   3.2347E-01
   25.660   4.0150E-01
   25.670   5.1664E-01
   25.680   6.5493E-01
   25.690   7.9401E-01
   25.700   9.1322E-01
   25.710   9.9295E-01
   25.720   1.0147E+00
   25.730   9.7391E-01
   25.740   8.9881E-01
   25.750   8.2237E-01
   25.760   7.5964E-01
   25.770   6.9023E-01
   25.780   5.8164E-01
   25.790   4.2047E-01
   25.800   2.7847E-01
   25.810   1.3088E-01
   25.820  -1.6867E-02
   25.830  -1.4009E-01
   25.840  -2.0456E-01
   25.850  -5.5786E-02
   25.860   2.0534E-02
   25.870   1.4340E-01
   25.880   2.6018E-01
   25.890   3.1663E-01
   25.900   5.0367E-01
   25.910   4.2645E-01
   25.920   3.1347E-01
   25.930   2.1017E-01
   25.940   3.6978E-02
   25.950  -1.7964E-01
   25.960  -4.1681E-01
   25.970  -6.2178E-01
   25.980  -7.4092E-01
   25.990  -7.5659E-01
   26.000  -7.0085E-01
   26.010  -6.3327E-01
   26.020  -6.8813E-01
   26.030  -7.0227E-01
   26.040  -7.4380E-01
   26.050  -7.7427E-01
   26.060  -7.9961E-01
   26.070  -7.8456E-01
   26.080  -7.2131E-01
   26.090  -6.1770E-01
   26.100  -4.9420E-01
   26.110  -3.7337E-01
   26.120  -3.5397E-01
   26.130  -2.9217E-01
   26.140  -2.6742E-01
   26.150  -2.7740E-01
   26.160  -3.0440E-01
   26.170  -3.1853E-01
   26.180  -2.9105E-01
   26.190  -2.0961E-01
   26.200  -8.4162E-02
   26.210   6.1623E-02
   26.220   2.0661E-01
   26.230   3.4197E-01
   26.240   4.6613E-01
   26.250   5.7236E-01
   26.260   5.8153E-01
   26.270   5.8403E-01
   26.280   5.0019E-01
   26.290   4.1389E-01
   26.300   3.0332E-01
   26.310   1.8168E-01
   26.320   8.2843E-03
   26.330   8.5992E-02
   26.340   4.8549E-02
   26.350   5.7503E-03
   26.360   3.8551E-02
   26.370   7.7870E-02
   26.380   1.1932E-01
   26.390   1.6389E-01
   26.400   2.0826E-01
   26.410   1.4774E-01
   26.420  -2.7770E-02
   26.430  -1.4077E-01
   26.440  -2.5968E-01
   26.450  -3.5866E-01
   26.460  -4.1479E-01
   26.470  -4.2057E-01
   26.480  -3.7113E-01
   26.490  -2.9693E-01
   26.500  -6.3595E-03
   26.510   1.7762E-02
   26.520   8.3578E-02
   26.530   1.4957E-01
   26.540   7.0874E-02
   26.550  -1.3372E-02
   26.560  -1.5956E-01
   26.570  -2.2012E-01
   26.580  -1.9280E-01
   26.590  -2.3230E-01
   26.600  -2.3120E-01
   26.610  -3.4838E-01
   26.620  -3.0961E-01
   26.630  -2.8099E-01
   26.640  -1.2817E-01
   26.650  -2.2013E-01
   26.660  -2.5695E-01
   26.670  -2.8100E-01
   26.680  -2.9728E-01
   26.690  -2.8993E-01
   26.700  -3.2543E-01
   26.710  -4.5496E-01
   26.720  -5.3094E-01
   26.730  -5.9256E-01
   26.740  -6.0867E-01
   26.750  -5.5939E-01
   26.760  -4.4668E-01
   26.770  -2.9097E-01
   26.780  -1.1900E-01
   26.790   4.5837E-02
   26.800   1.8583E-01
   26.810   2.8574E-01
   26.820   3.4063E-01
   26.830   3.4871E-01
   26.840   3.1788E-01
   26.850   1.8278E-01
   26.860   1.5019E-01
   26.870   1.4217E-01
   26.880   1.6784E-01
   26.890   2.2240E-01
   26.900   2.9131E-01
   26.910   3.5975E-01
   26.920   4.1730E-01
   26.930   4.5648E-01
   26.940   3.3216E-01
   26.950   3.2797E-01
   26.960   3.1433E-01
   26.970   3.0002E-01
   26.980   2.8989E-01
   26.990   2.8334E-01
   27.000   2.7821E-01
   27.010   2.3313E-01
   27.020   2.3992E-01
   27.030   2.3352E-01
   27.040   2.0247E-01
   27.050   1.6701E-01
   27.060   1.0556E-01
   27.070   3.8207E-02
   27.080  -2.4419E-02
   27.090   1.6891E-03
   27.100  -4.6352E-02
   27.110  -8.6400E-02
   27.120  -1.1584E-01
   27.130  -1.3254E-01
   27.140  -1.3484E-01
   27.150  -1.5216E-01
   27.160  -1.3102E-01
   27.170  -1.1191E-01
   27.180  -1.0757E-01
   27.190  -1.2439E-01
   27.200  -1.5585E-01
   27.210  -1.8590E-01
   27.220  -2.1799E-01
   27.230  -2.2827E-01
   27.240  -2.1053E-01
   27.250  -1.1705E-01
   27.260  -3.7414E-02
   27.270   5.4542E-02
   27.280   1.4414E-01
   27.290   2.1610E-01
   27.300   2.6109E-01
   27.310   2.7890E-01
   27.320   2.7595E-01
   27.330   1.6091E-01
   27.340   1.2589E-01
   27.350   9.1171E-02
   27.360   5.5693E-02
   27.370   2.2531E-02
   27.380  -2.3982E-03
   27.390  -1.4415E-02
   27.400  -1.4577E-02
   27.410  -9.1629E-03
   27.420  -5.1598E-03
   27.430  -6.7942E-03
   27.440  -1.4900E-02
   27.450  -2.7144E-02
   27.460  -3.8403E-02
   27.470  -4.3065E-02
   27.480  -3.8774E-02
   27.490   4.3233E-02
   27.500   6.4488E-02
   27.510   9.3836E-02
   27.520   7.9235E-02
   27.530   9.9399E-02
   27.540   1.4671E-01
   27.550   1.8301E-01
   27.560   2.0158E-01
   27.570   2.0035E-01
   27.580   1.8078E-01
   27.590   1.4663E-01
   27.600   1.0417E-01
   27.610   6.2429E-02
   27.620   3.1294E-02
   27.630   1.7599E-02
   27.640   2.1629E-02
   27.650   3.6872E-02
   27.660   5.3835E-02
   27.670   6.5295E-02
   27.680   6.9007E-02
   27.690   6.6394E-02
   27.700   5.9668E-02
   27.710   5.0262E-02
   27.720   3.8950E-02
   27.730   2.6360E-02
   27.740   1.3660E-02
   27.750   3.5155E-03
   27.760   2.9020E-02
   27.770   2.0689E-02
   27.780   4.3104E-02
   27.790   7.0369E-02
   27.800   1.0093E-01
   27.810   1.2981E-01
   27.820   1.5108E-01
   27.830   1.5931E-01
   27.840   1.5233E-01
   27.850   1.3228E-01
   27.860   5.8024E-02
   27.870   2.8015E-02
   27.880   4.1214E-02
   27.890   3.4971E-02
   27.900   2.5314E-02
   27.910   1.3045E-02
   27.920   2.1647E-04
   27.930  -1.0966E-02
   27.940  -1.9030E-02
   27.950  -2.3558E-02
   27.960  -2.5160E-02
   27.970  -2.5223E-02
   27.980  -2.5283E-02
   27.990  -2.6157E-02
   28.000  -2.7298E-02
   28.010  -2.6880E-02
   28.020  -2.2700E-02
   28.030  -1.3539E-02
   28.040  -2.0723E-04
   28.050   1.4620E-02
   28.060   2.7912E-02
   28.070   3.7963E-02
   28.080   4.4730E-02
   28.090   4.7558E-02
   28.100   5.0117E-02
   28.110   4.9983E-02
   28.120   4.7435E-02
   28.130   4.3040E-02
   28.140   3.7018E-02
   28.150   2.9279E-02
   28.160   2.0229E-02
   28.170   1.1089E-02
   28.180   4.9490E-03
   28.190  -6.3168E-04
   28.200  -4.3126E-03
   28.210  -6.4906E-03
   28.220   1.5779E-02
   28.230   1.6109E-02
   28.240   1.6014E-02
   28.250   1.5638E-02
   28.260   1.5981E-02
   28.270   1.7921E-02
   28.280   2.1164E-02
   28.290   2.4412E-02
   28.300   2.6533E-02
   28.310   2.7317E-02
   28.320   2.7133E-02
   28.330   2.6253E-02
   28.340   2.4702E-02
   28.350   2.2438E-02
   28.360   1.8575E-02
   28.370   1.2780E-02
   28.380   5.0859E-03
   28.390  -4.9480E-03
   28.400  -1.4296E-02
   28.410  -2.2216E-02
   28.420  -1.8151E-02
   28.430  -2.0917E-02
   28.440  -2.2586E-02
   28.450  -2.3759E-02
   28.460  -2.4472E-02
   28.470  -2.4156E-02
   28.480  -2.2185E-02
   28.490  -1.8505E-02
   28.500  -1.3730E-02
   28.510  -8.6985E-03
   28.520  -4.0630E-03
   28.530  -2.4672E-04
   28.540   3.3304E-03
   28.550   5.5243E-03
   28.560   6.9119E-03
   28.570   8.0266E-03
   28.580   8.9732E-03
   28.590   9.1767E-03
   28.600   7.7448E-03
   28.610   4.0618E-03
   28.620  -1.8438E-03
   28.630  -1.1776E-02
   28.640  -1.9256E-02
   28.650  -2.5866E-02
   28.660  -3.1163E-02
   28.670  -3.5311E-02
   28.680  -3.8596E-02
   28.690  -4.0862E-02
   28.700  -4.1595E-02
   28.710  -4.0576E-02
   28.720  -3.8313E-02
   28.730  -3.5752E-02
   28.740  -3.3627E-02
   28.750  -3.2101E-02
   28.760  -3.0875E-02
   28.770  -2.9428E-02
   28.780  -2.7157E-02
   28.790  -2.3538E-02
   28.800  -1.8333E-02
   28.810  -1.1620E-02
   28.820  -3.5042E-03
   28.830   6.0938E-03
   28.840   1.7113E-02
   28.850   2.8719E-02
   28.860   3.9166E-02
   28.870   4.6504E-02
   28.880   4.9564E-02
   28.890   1.6833E-02
   28.900   1.4107E-02
   28.910   1.0713E-02
   28.920   7.2425E-03
   28.930   6.4456E-03
   28.940   3.7547E-03
   28.950   1.6991E-03
   28.960   9.5284E-05
   28.970  -1.4409E-03
   28.980  -3.2373E-03
   28.990  -5.3548E-03
   29.000  -7.5063E-03
   29.010  -9.1850E-03
   29.020  -9.9849E-03
   29.030  -9.8681E-03
   29.040  -9.1225E-03
   29.050  -8.0901E-03
   29.060  -6.9929E-03
   29.070  -5.9805E-03
   29.080  -5.2060E-03
   29.090  -6.3661E-03
   29.100  -6.2276E-03
   29.110  -6.4090E-03
   29.120  -6.7435E-03
   29.130  -6.9611E-03
   29.140  -6.8072E-03
   29.150  -6.2080E-03
   29.160  -5.2609E-03
   29.170  -4.0256E-03
   29.180  -2.4280E-03
   29.190  -4.6702E-04
   29.200   1.5787E-03
   29.210   3.3032E-03
   29.220   4.4960E-03
   29.230   5.1466E-03
   29.240   5.1432E-03
   29.250   4.2099E-03
   29.260   2.3135E-03
   29.270   5.3244E-06
   29.280  -1.8601E-03
   29.290  -2.7849E-03
   29.300  -2.9064E-03
   29.310  -2.6393E-03
   29.320  -2.1961E-03
   29.330  -4.9461E-03
   29.340  -4.6574E-03
   29.350  -4.1592E-03
   29.360  -3.5463E-03
   29.370  -2.9011E-03
   29.380  -2.2416E-03
   29.390  -1.5718E-03
   29.400  -9.4789E-04
   29.410  -4.3552E-04
   29.420  -2.8491E-06
   29.430   4.9132E-04
   29.440   1.1757E-03
   29.450   2.0529E-03
   29.460   3.0090E-03
   29.470   3.8918E-03
   29.480   4.5485E-03
   29.490   4.8214E-03
   29.500   4.5825E-03
   29.510   3.8292E-03
   29.520   2.7601E-03
   29.530   1.7382E-03
   29.540   1.1252E-03
   29.550   1.0833E-03
   29.560   1.4979E-03
   29.570   2.1020E-03
   29.580   2.6985E-03
   29.590   3.2638E-03
   29.600   3.8385E-03
   29.610   4.3603E-03
   29.620   4.6561E-03
   29.630   4.6058E-03
   29.640   4.2791E-03
   29.650   3.8883E-03
   29.660   3.6209E-03
   29.670   3.5253E-03
   29.680   3.5267E-03
   29.690   3.5137E-03
   29.700   3.4154E-03
   29.710   3.2427E-03
   29.720   3.0962E-03
   29.730   3.1242E-03
   29.740   3.4353E-03
   29.750   4.0235E-03
   29.760   4.7690E-03
   29.770   5.5021E-03
   29.780   6.0554E-03
   29.790   6.2726E-03
   29.800   6.0246E-03
   29.810   5.2867E-03
   29.820   4.2163E-03
   29.830   3.1156E-03
   29.840   2.2682E-03
   29.850   1.7786E-03
   29.860   1.5459E-03
   29.870   1.3554E-03
   29.880   9.7805E-04
   29.890   2.2945E-04
   29.900  -9.7234E-04
   29.910  -2.5382E-03
   29.920  -4.2034E-03
   29.930  -2.3271E-03
   29.940  -3.5278E-03
   29.950  -4.3213E-03
   29.960  -4.7298E-03
   29.970  -4.8551E-03
   29.980  -4.8485E-03
   29.990  -4.8666E-03
   30.000  -5.0026E-03
   30.010  -5.2474E-03
   30.020  -5.5250E-03
   30.030  -5.7551E-03
   30.040  -5.8721E-03
   30.050  -5.7973E-03
   30.060  -5.4355E-03
   30.070   0.0000E+00
   30.080   0.0000E+00
   30.090   0.0000E+00
   30.100   0.0000E+00
   30.110   0.0000E+00
   30.120   0.0000E+00
   30.130   0.0000E+00
   30.140   0.0000E+00
   30.150   0.0000E+00
   30.160   0.0000E+00
   30.170   0.0000E+00
   30.180   0.0000E+00
   30.190   0.0000E+00
   30.200   0.0000E+00
   30.210   0.0000E+00
   30.220   0.0000E+00
   30.230   0.0000E+00
   30.240   0.0000E+00
   30.250   0.0000E+00
   30.260   0.0000E+00
   30.270   0.0000E+00
   30.280   0.0000E+00
   30.290   0.0000E+00
   30.300   0.0000E+00
   30.310   0.0000E+00
   30.320   0.0000E+00
   30.330   0.0000E+00
   30.340   0.0000E+00
   30.350   0.0000E+00
   30.360   0.0000E+00
   30.370   0.0000E+00
   30.380   0.0000E+00
   30.390   0.0000E+00
   30.400   0.0000E+00
   30.410   0.0000E+00
   30.420   0.0000E+00
   30.430   0.0000E+00
   30.440   0.0000E+00
   30.450   0.0000E+00
   30.460   0.0000E+00
   30.470   0.0000E+00
   30.480   0.0000E+00
   30.490   0.0000E+00
   30.500   0.0000E+00
   30.510   0.0000E+00
   30.520   0.0000E+00
   30.530   0.0000E+00
   30.540   0.0000E+00
   30.550   0.0000E+00
   30.560   0.0000E+00
   30.570   0.0000E+00
   30.580   0.0000E+00
   30.590   0.0000E+00
   30.600   0.0000E+00
   30.610   0.0000E+00
   30.620   0.0000E+00
   30.630   0.0000E+00
   30.640   0.0000E+00
   30.650   0.0000E+00
   30.660   0.0000E+00
   30.670   0.0000E+00
   30.680   0.0000E+00
   30.690   0.0000E+00
   30.700   0.0000E+00
   30.710   0.0000E+00
   30.720   0.0000E+00
   30.730   0.0000E+00
   30.740   0.0000E+00
   30.750   0.0000E+00
   30.760   0.0000E+00
   30.770   0.0000E+00
   30.780   0.0000E+00
   30.790   0.0000E+00
   30.800   0.0000E+00
   30.810   0.0000E+00
   30.820   0.0000E+00
   30.830   0.0000E+00
   30.840   0.0000E+00
   30.850   0.0000E+00
   30.860   0.0000E+00
   30.870   0.0000E+00
   30.880   0.0000E+00
   30.890   0.0000E+00
   30.900   0.0000E+00
   30.910   0.0000E+00
   30.920   0.0000E+00
   30.930   0.0000E+00
   30.940   0.0000E+00
   30.950   0.0000E+00
   30.960   0.0000E+00
   30.970   0.0000E+00
   30.980   0.0000E+00
   30.990   0.0000E+00
   31.000   0.0000E+00
   31.010   0.0000E+00
   31.020   0.0000E+00
   31.030   0.0000E+00
   31.040   0.0000E+00
   31.050   0.0000E+00
   31.060   0.0000E+00
   31.070   0.0000E+00
   31.080   0.0000E+00
   31.090   0.0000E+00
   31.100   0.0000E+00
   31.110   0.0000E+00
   31.120   0.0000E+00
   31.130   0.0000E+00
   31.140   0.0000E+00
   31.150   0.0000E+00
   31.160   0.0000E+00
   31.170   0.0000E+00
   31.180   0.0000E+00
   31.190   0.0000E+00
   31.200   0.0000E+00
   31.210   0.0000E+00
   31.220   0.0000E+00
   31.230   0.0000E+00
   31.240   0.0000E+00
   31.250   0.0000E+00
   31.260   0.0000E+00
   31.270   0.0000E+00
   31.280   0.0000E+00
   31.290   0.0000E+00
   31.300   0.0000E+00
   31.310   0.0000E+00
   31.320   0.0000E+00
   31.330   0.0000E+00
   31.340   0.0000E+00
   31.350   0.0000E+00
   31.360   0.0000E+00
   31.370   0.0000E+00
   31.380   0.0000E+00
   31.390   0.0000E+00
   31.400   0.0000E+00
   31.410   0.0000E+00
   31.420   0.0000E+00
   31.430   0.0000E+00
   31.440   0.0000E+00
   31.450   0.0000E+00
   31.460   0.0000E+00
   31.470   0.0000E+00
   31.480   0.0000E+00
   31.490   0.0000E+00
   31.500   0.0000E+00
   31.510   0.0000E+00
   31.520   0.0000E+00
   31.530   0.0000E+00
   31.540   0.0000E+00
   31.550   0.0000E+00
   31.560   0.0000E+00
   31.570   0.0000E+00
   31.580   0.0000E+00
   31.590   0.0000E+00
   31.600   0.0000E+00
   31.610   0.0000E+00
   31.620   0.0000E+00
   31.630   0.0000E+00
   31.640   0.0000E+00
   31.650   0.0000E+00
   31.660   0.0000E+00
   31.670   0.0000E+00
   31.680   0.0000E+00
   31.690   0.0000E+00
   31.700   0.0000E+00
   31.710   0.0000E+00
   31.720   0.0000E+00
   31.730   0.0000E+00
   31.740   0.0000E+00
   31.750   0.0000E+00
   31.760   0.0000E+00
   31.770   0.0000E+00
   31.780   0.0000E+00
   31.790   0.0000E+00
   31.800   0.0000E+00
   31.810   0.0000E+00
   31.820   0.0000E+00
   31.830   0.0000E+00
   31.840   0.0000E+00
   31.850   0.0000E+00
   31.860   0.0000E+00
   31.870   0.0000E+00
   31.880   0.0000E+00
   31.890   0.0000E+00
   31.900   0.0000E+00
   31.910   0.0000E+00
   31.920   0.0000E+00
   31.930   0.0000E+00
   31.940   0.0000E+00
   31.950   0.0000E+00
   31.960   0.0000E+00
   31.970   0.0000E+00
   31.980   0.0000E+00
   31.990   0.0000E+00
   32.000   0.0000E+00
   32.010   0.0000E+00
   32.020   0.0000E+00
   32.030   0.0000E+00
   32.040   0.0000E+00
   32.050   0.0000E+00
   32.060   0.0000E+00
   32.070   0.0000E+00
   32.080   0.0000E+00
   32.090   0.0000E+00
   32.100   0.0000E+00
   32.110   0.0000E+00
   32.120   0.0000E+00
   32.130   0.0000E+00
   32.140   0.0000E+00
   32.150   0.0000E+00
   32.160   0.0000E+00
   32.170   0.0000E+00
   32.180   0.0000E+00
   32.190   0.0000E+00
   32.200   0.0000E+00
   32.210   0.0000E+00
   32.220   0.0000E+00
   32.230   0.0000E+00
   32.240   0.0000E+00
   32.250   0.0000E+00
   32.260   0.0000E+00
   32.270   0.0000E+00
   32.280   0.0000E+00
   32.290   0.0000E+00
   32.300   0.0000E+00
   32.310   0.0000E+00
   32.320   0.0000E+00
   32.330   0.0000E+00
   32.340   0.0000E+00
   32.350   0.0000E+00
   32.360   0.0000E+00
   32.370   0.0000E+00
   32.380   0.0000E+00
   32.390   0.0000E+00
   32.400   0.0000E+00
   32.410   0.0000E+00
   32.420   0.0000E+00
   32.430   0.0000E+00
   32.440   0.0000E+00
   32.450   0.0000E+00
   32.460   0.0000E+00
   32.470   0.0000E+00
   32.480   0.0000E+00
   32.490   0.0000E+00
   32.500   0.0000E+00
   32.510   0.0000E+00
   32.520   0.0000E+00
   32.530   0.0000E+00
   32.540   0.0000E+00
   32.550   0.0000E+00
   32.560   0.0000E+00
   32.570   0.0000E+00
   32.580   0.0000E+00
   32.590   0.0000E+00
   32.600   0.0000E+00
   32.610   0.0000E+00
   32.620   0.0000E+00
   32.630   0.0000E+00
   32.640   0.0000E+00
   32.650   0.0000E+00
   32.660   0.0000E+00
   32.670   0.0000E+00
   32.680   0.0000E+00
   32.690   0.0000E+00
   32.700   0.0000E+00
   32.710   0.0000E+00
   32.720   0.0000E+00
   32.730   0.0000E+00
   32.740   0.0000E+00
   32.750   0.0000E+00
   32.760   0.0000E+00
   32.770   0.0000E+00
   32.780   0.0000E+00
   32.790   0.0000E+00
   32.800   0.0000E+00
   32.810   0.0000E+00
   32.820   0.0000E+00
   32.830   0.0000E+00
   32.840   0.0000E+00
   32.850   0.0000E+00
   32.860   0.0000E+00
   32.870   0.0000E+00
   32.880   0.0000E+00
   32.890   0.0000E+00
   32.900   0.0000E+00
   32.910   0.0000E+00
   32.920   0.0000E+00
   32.930   0.0000E+00
   32.940   0.0000E+00
   32.950   0.0000E+00
   32.960   0.0000E+00
   32.970   0.0000E+00
   32.980   0.0000E+00
   32.990   0.0000E+00
   33.000   0.0000E+00
   33.010   0.0000E+00
   33.020   0.0000E+00
   33.030   0.0000E+00
   33.040   0.0000E+00
   33.050   0.0000E+00
   33.060   0.0000E+00
   33.070   0.0000E+00
   33.080   0.0000E+00
   33.090   0.0000E+00
   33.100   0.0000E+00
   33.110   0.0000E+00
   33.120   0.0000E+00
   33.130   0.0000E+00
   33.140   0.0000E+00
   33.150   0.0000E+00
   33.160   0.0000E+00
   33.170   0.0000E+00
   33.180   0.0000E+00
   33.190   0.0000E+00
   33.200   0.0000E+00
   33.210   0.0000E+00
   33.220   0.0000E+00
   33.230   0.0000E+00
   33.240   0.0000E+00
   33.250   0.0000E+00
   33.260   0.0000E+00
   33.270   0.0000E+00
   33.280   0.0000E+00
   33.290   0.0000E+00
   33.300   0.0000E+00
   33.310   0.0000E+00
   33.320   0.0000E+00
   33.330   0.0000E+00
   33.340   0.0000E+00
   33.350   0.0000E+00
   33.360   0.0000E+00
   33.370   0.0000E+00
   33.380   0.0000E+00
   33.390   0.0000E+00
   33.400   0.0000E+00
   33.410   0.0000E+00
   33.420   0.0000E+00
   33.430   0.0000E+00
   33.440   0.0000E+00
   33.450   0.0000E+00
   33.460   0.0000E+00
   33.470   0.0000E+00
   33.480   0.0000E+00
   33.490   0.0000E+00
   33.500   0.0000E+00
   33.510   0.0000E+00
   33.520   0.0000E+00
   33.530   0.0000E+00
   33.540   0.0000E+00
   33.550   0.0000E+00
   33.560   0.0000E+00
   33.570   0.0000E+00
   33.580   0.0000E+00
   33.590   0.0000E+00
   33.600   0.0000E+00
   33.610   0.0000E+00
   33.620   0.0000E+00
   33.630   0.0000E+00
   33.640   0.0000E+00
   33.650   0.0000E+00
   33.660   0.0000E+00
   33.670   0.0000E+00
   33.680   0.0000E+00
   33.690   0.0000E+00
   33.700   0.0000E+00
   33.710   0.0000E+00
   33.720   0.0000E+00
   33.730   0.0000E+00
   33.740   0.0000E+00
   33.750   0.0000E+00
   33.760   0.0000E+00
   33.770   0.0000E+00
   33.780   0.0000E+00
   33.790   0.0000E+00
   33.800   0.0000E+00
   33.810   0.0000E+00
   33.820   0.0000E+00
   33.830   0.0000E+00
   33.840   0.0000E+00
   33.850   0.0000E+00
   33.860   0.0000E+00
   33.870   0.0000E+00
   33.880   0.0000E+00
   33.890   0.0000E+00
   33.900   0.0000E+00
   33.910   0.0000E+00
   33.920   0.0000E+00
   33.930   0.0000E+00
   33.940   0.0000E+00
   33.950   0.0000E+00
   33.960   0.0000E+00
   33.970   0.0000E+00
   33.980   0.0000E+00
   33.990   0.0000E+00
   34.000   0.0000E+00
   34.010   0.0000E+00
   34.020   0.0000E+00
   34.030   0.0000E+00
   34.040   0.0000E+00
   34.050   0.0000E+00
   34.060   0.0000E+00
   34.070   0.0000E+00
   34.080   0.0000E+00
   34.090   0.0000E+00
   34.100   0.0000E+00
   34.110   0.0000E+00
   34.120   0.0000E+00
   34.130   0.0000E+00
   34.140   0.0000E+00
   34.150   0.0000E+00
   34.160   0.0000E+00
   34.170   0.0000E+00
   34.180   0.0000E+00
   34.190   0.0000E+00
   34.200   0.0000E+00
   34.210   0.0000E+00
   34.220   0.0000E+00
   34.230   0.0000E+00
   34.240   0.0000E+00
   34.250   0.0000E+00
   34.260   0.0000E+00
   34.270   0.0000E+00
   34.280   0.0000E+00
   34.290   0.0000E+00
   34.300   0.0000E+00
   34.310   0.0000E+00
   34.320   0.0000E+00
   34.330   0.0000E+00
   34.340   0.0000E+00
   34.350   0.0000E+00
   34.360   0.0000E+00
   34.370   0.0000E+00
   34.380   0.0000E+00
   34.390   0.0000E+00
   34.400   0.0000E+00
   34.410   0.0000E+00
   34.420   0.0000E+00
   34.430   0.0000E+00
   34.440   0.0000E+00
   34.450   0.0000E+00
   34.460   0.0000E+00
   34.470   0.0000E+00
   34.480   0.0000E+00
   34.490   0.0000E+00
   34.500   0.0000E+00
   34.510   0.0000E+00
   34.520   0.0000E+00
   34.530   0.0000E+00
   34.540   0.0000E+00
   34.550   0.0000E+00
   34.560   0.0000E+00
   34.570   0.0000E+00
   34.580   0.0000E+00
   34.590   0.0000E+00
   34.600   0.0000E+00
   34.610   0.0000E+00
   34.620   0.0000E+00
   34.630   0.0000E+00
   34.640   0.0000E+00
   34.650   0.0000E+00
   34.660   0.0000E+00
   34.670   0.0000E+00
   34.680   0.0000E+00
   34.690   0.0000E+00
   34.700   0.0000E+00
   34.710   0.0000E+00
   34.720   0.0000E+00
   34.730   0.0000E+00
   34.740   0.0000E+00
   34.750   0.0000E+00
   34.760   0.0000E+00
   34.770   0.0000E+00
   34.780   0.0000E+00
   34.790   0.0000E+00
   34.800   0.0000E+00
   34.810   0.0000E+00
   34.820   0.0000E+00
   34.830   0.0000E+00
   34.840   0.0000E+00
   34.850   0.0000E+00
   34.860   0.0000E+00
   34.870   0.0000E+00
   34.880   0.0000E+00
   34.890   0.0000E+00
   34.900   0.0000E+00
   34.910   0.0000E+00
   34.920   0.0000E+00
   34.930   0.0000E+00
   34.940   0.0000E+00
   34.950   0.0000E+00
   34.960   0.0000E+00
   34.970   0.0000E+00
   34.980   0.0000E+00
   34.990   0.0000E+00
   35.000   0.0000E+00
   35.010   0.0000E+00
   35.020   0.0000E+00
   35.030   0.0000E+00
   35.040   0.0000E+00
   35.050   0.0000E+00
   35.060   0.0000E+00
   35.070   0.0000E+00
   35.080   0.0000E+00
   35.090   0.0000E+00
   35.100   0.0000E+00
   35.110   0.0000E+00
   35.120   0.0000E+00
   35.130   0.0000E+00
   35.140   0.0000E+00
   35.150   0.0000E+00
   35.160   0.0000E+00
   35.170   0.0000E+00
   35.180   0.0000E+00
   35.190   0.0000E+00
   35.200   0.0000E+00
   35.210   0.0000E+00
   35.220   0.0000E+00
   35.230   0.0000E+00
   35.240   0.0000E+00
   35.250   0.0000E+00
   35.260   0.0000E+00
   35.270   0.0000E+00
   35.280   0.0000E+00
   35.290   0.0000E+00
   35.300   0.0000E+00
   35.310   0.0000E+00
   35.320   0.0000E+00
   35.330   0.0000E+00
   35.340   0.0000E+00
   35.350   0.0000E+00
   35.360   0.0000E+00
   35.370   0.0000E+00
   35.380   0.0000E+00
   35.390   0.0000E+00
   35.400   0.0000E+00
   35.410   0.0000E+00
   35.420   0.0000E+00
   35.430   0.0000E+00
   35.440   0.0000E+00
   35.450   0.0000E+00
   35.460   0.0000E+00
   35.470   0.0000E+00
   35.480   0.0000E+00
   35.490   0.0000E+00
   35.500   0.0000E+00
   35.510   0.0000E+00
   35.520   0.0000E+00
   35.530   0.0000E+00
   35.540   0.0000E+00
   35.550   0.0000E+00
   35.560   0.0000E+00
   35.570   0.0000E+00
   35.580   0.0000E+00
   35.590   0.0000E+00
   35.600   0.0000E+00
   35.610   0.0000E+00
   35.620   0.0000E+00
   35.630   0.0000E+00
   35.640   0.0000E+00
   35.650   0.0000E+00
   35.660   0.0000E+00
   35.670   0.0000E+00
   35.680   0.0000E+00
   35.690   0.0000E+00
   35.700   0.0000E+00
   35.710   0.0000E+00
   35.720   0.0000E+00
   35.730   0.0000E+00
   35.740   0.0000E+00
   35.750   0.0000E+00
   35.760   0.0000E+00
   35.770   0.0000E+00
   35.780   0.0000E+00
   35.790   0.0000E+00
   35.800   0.0000E+00
   35.810   0.0000E+00
   35.820   0.0000E+00
   35.830   0.0000E+00
   35.840   0.0000E+00
   35.850   0.0000E+00
   35.860   0.0000E+00
   35.870   0.0000E+00
   35.880   0.0000E+00
   35.890   0.0000E+00
   35.900   0.0000E+00
   35.910   0.0000E+00
   35.920   0.0000E+00
   35.930   0.0000E+00
   35.940   0.0000E+00
   35.950   0.0000E+00
   35.960   0.0000E+00
   35.970   0.0000E+00
   35.980   0.0000E+00
   35.990   0.0000E+00
   36.000   0.0000E+00
   36.010   0.0000E+00
   36.020   0.0000E+00
   36.030   0.0000E+00
   36.040   0.0000E+00
   36.050   0.0000E+00
   36.060   0.0000E+00
   36.070   0.0000E+00
   36.080   0.0000E+00
   36.090   0.0000E+00
   36.100   0.0000E+00
   36.110   0.0000E+00
   36.120   0.0000E+00
   36.130   0.0000E+00
   36.140   0.0000E+00
   36.150   0.0000E+00
   36.160   0.0000E+00
   36.170   0.0000E+00
   36.180   0.0000E+00
   36.190   0.0000E+00
   36.200   0.0000E+00
   36.210   0.0000E+00
   36.220   0.0000E+00
   36.230   0.0000E+00
   36.240   0.0000E+00
   36.250   0.0000E+00
   36.260   0.0000E+00
   36.270   0.0000E+00
   36.280   0.0000E+00
   36.290   0.0000E+00
   36.300   0.0000E+00
   36.310   0.0000E+00
   36.320   0.0000E+00
   36.330   0.0000E+00
   36.340   0.0000E+00
   36.350   0.0000E+00
   36.360   0.0000E+00
   36.370   0.0000E+00
   36.380   0.0000E+00
   36.390   0.0000E+00
   36.400   0.0000E+00
   36.410   0.0000E+00
   36.420   0.0000E+00
   36.430   0.0000E+00
   36.440   0.0000E+00
   36.450   0.0000E+00
   36.460   0.0000E+00
   36.470   0.0000E+00
   36.480   0.0000E+00
   36.490   0.0000E+00
   36.500   0.0000E+00
   36.510   0.0000E+00
   36.520   0.0000E+00
   36.530   0.0000E+00
   36.540   0.0000E+00
   36.550   0.0000E+00
   36.560   0.0000E+00
   36.570   0.0000E+00
   36.580   0.0000E+00
   36.590   0.0000E+00
   36.600   0.0000E+00
   36.610   0.0000E+00
   36.620   0.0000E+00
   36.630   0.0000E+00
   36.640   0.0000E+00
   36.650   0.0000E+00
   36.660   0.0000E+00
   36.670   0.0000E+00
   36.680   0.0000E+00
   36.690   0.0000E+00
   36.700   0.0000E+00
   36.710   0.0000E+00
   36.720   0.0000E+00
   36.730   0.0000E+00
   36.740   0.0000E+00
   36.750   0.0000E+00
   36.760   0.0000E+00
   36.770   0.0000E+00
   36.780   0.0000E+00
   36.790   0.0000E+00
   36.800   0.0000E+00
   36.810   0.0000E+00
   36.820   0.0000E+00
   36.830   0.0000E+00
   36.840   0.0000E+00
   36.850   0.0000E+00
   36.860   0.0000E+00
   36.870   0.0000E+00
   36.880   0.0000E+00
   36.890   0.0000E+00
   36.900   0.0000E+00
   36.910   0.0000E+00
   36.920   0.0000E+00
   36.930   0.0000E+00
   36.940   0.0000E+00
   36.950   0.0000E+00
   36.960   0.0000E+00
   36.970   0.0000E+00
   36.980   0.0000E+00
   36.990   0.0000E+00
   37.000   0.0000E+00
   37.010   0.0000E+00
   37.020   0.0000E+00
   37.030   0.0000E+00
   37.040   0.0000E+00
   37.050   0.0000E+00
   37.060   0.0000E+00
   37.070   0.0000E+00
   37.080   0.0000E+00
   37.090   0.0000E+00
   37.100   0.0000E+00
   37.110   0.0000E+00
   37.120   0.0000E+00
   37.130   0.0000E+00
   37.140   0.0000E+00
   37.150   0.0000E+00
   37.160   0.0000E+00
   37.170   0.0000E+00
   37.180   0.0000E+00
   37.190   0.0000E+00
   37.200   0.0000E+00
   37.210   0.0000E+00
   37.220   0.0000E+00
   37.230   0.0000E+00
   37.240   0.0000E+00
   37.250   0.0000E+00
   37.260   0.0000E+00
   37.270   0.0000E+00
   37.280   0.0000E+00
   37.290   0.0000E+00
   37.300   0.0000E+00
   37.310   0.0000E+00
   37.320   0.0000E+00
   37.330   0.0000E+00
   37.340   0.0000E+00
   37.350   0.0000E+00
   37.360   0.0000E+00
   37.370   0.0000E+00
   37.380   0.0000E+00
   37.390   0.0000E+00
   37.400   0.0000E+00
   37.410   0.0000E+00
   37.420   0.0000E+00
   37.430   0.0000E+00
   37.440   0.0000E+00
   37.450   0.0000E+00
   37.460   0.0000E+00
   37.470   0.0000E+00
   37.480   0.0000E+00
   37.490   0.0000E+00
   37.500   0.0000E+00
   37.510   0.0000E+00
   37.520   0.0000E+00
   37.530   0.0000E+00
   37.540   0.0000E+00
   37.550   0.0000E+00
   37.560   0.0000E+00
   37.570   0.0000E+00
   37.580   0.0000E+00
   37.590   0.0000E+00
   37.600   0.0000E+00
   37.610   0.0000E+00
   37.620   0.0000E+00
   37.630   0.0000E+00
   37.640   0.0000E+00
   37.650   0.0000E+00
   37.660   0.0000E+00
   37.670   0.0000E+00
   37.680   0.0000E+00
   37.690   0.0000E+00
   37.700   0.0000E+00
   37.710   0.0000E+00
   37.720   0.0000E+00
   37.730   0.0000E+00
   37.740   0.0000E+00
   37.750   0.0000E+00
   37.760   0.0000E+00
   37.770   0.0000E+00
   37.780   0.0000E+00
   37.790   0.0000E+00
   37.800   0.0000E+00
   37.810   0.0000E+00
   37.820   0.0000E+00
   37.830   0.0000E+00
   37.840   0.0000E+00
   37.850   0.0000E+00
   37.860   0.0000E+00
   37.870   0.0000E+00
   37.880   0.0000E+00
   37.890   0.0000E+00
   37.900   0.0000E+00
   37.910   0.0000E+00
   37.920   0.0000E+00
   37.930   0.0000E+00
   37.940   0.0000E+00
   37.950   0.0000E+00
   37.960   0.0000E+00
   37.970   0.0000E+00
   37.980   0.0000E+00
   37.990   0.0000E+00
   38.000   0.0000E+00
   38.010   0.0000E+00
   38.020   0.0000E+00
   38.030   0.0000E+00
   38.040   0.0000E+00
   38.050   0.0000E+00
   38.060   0.0000E+00
   38.070   0.0000E+00
   38.080   0.0000E+00
   38.090   0.0000E+00
   38.100   0.0000E+00
   38.110   0.0000E+00
   38.120   0.0000E+00
   38.130   0.0000E+00
   38.140   0.0000E+00
   38.150   0.0000E+00
   38.160   0.0000E+00
   38.170   0.0000E+00
   38.180   0.0000E+00
   38.190   0.0000E+00
   38.200   0.0000E+00
   38.210   0.0000E+00
   38.220   0.0000E+00
   38.230   0.0000E+00
   38.240   0.0000E+00
   38.250   0.0000E+00
   38.260   0.0000E+00
   38.270   0.0000E+00
   38.280   0.0000E+00
   38.290   0.0000E+00
   38.300   0.0000E+00
   38.310   0.0000E+00
   38.320   0.0000E+00
   38.330   0.0000E+00
   38.340   0.0000E+00
   38.350   0.0000E+00
   38.360   0.0000E+00
   38.370   0.0000E+00
   38.380   0.0000E+00
   38.390   0.0000E+00
   38.400   0.0000E+00
   38.410   0.0000E+00
   38.420   0.0000E+00
   38.430   0.0000E+00
   38.440   0.0000E+00
   38.450   0.0000E+00
   38.460   0.0000E+00
   38.470   0.0000E+00
   38.480   0.0000E+00
   38.490   0.0000E+00
   38.500   0.0000E+00
   38.510   0.0000E+00
   38.520   0.0000E+00
   38.530   0.0000E+00
   38.540   0.0000E+00
   38.550   0.0000E+00
   38.560   0.0000E+00
   38.570   0.0000E+00
   38.580   0.0000E+00
   38.590   0.0000E+00
   38.600   0.0000E+00
   38.610   0.0000E+00
   38.620   0.0000E+00
   38.630   0.0000E+00
   38.640   0.0000E+00
   38.650   0.0000E+00
   38.660   0.0000E+00
   38.670   0.0000E+00
   38.680   0.0000E+00
   38.690   0.0000E+00
   38.700   0.0000E+00
   38.710   0.0000E+00
   38.720   0.0000E+00
   38.730   0.0000E+00
   38.740   0.0000E+00
   38.750   0.0000E+00
   38.760   0.0000E+00
   38.770   0.0000E+00
   38.780   0.0000E+00
   38.790   0.0000E+00
   38.800   0.0000E+00
   38.810   0.0000E+00
   38.820   0.0000E+00
   38.830   0.0000E+00
   38.840   0.0000E+00
   38.850   0.0000E+00
   38.860   0.0000E+00
   38.870   0.0000E+00
   38.880   0.0000E+00
   38.890   0.0000E+00
   38.900   0.0000E+00
   38.910   0.0000E+00
   38.920   0.0000E+00
   38.930   0.0000E+00
   38.940   0.0000E+00
   38.950   0.0000E+00
   38.960   0.0000E+00
   38.970   0.0000E+00
   38.980   0.0000E+00
   38.990   0.0000E+00
   39.000   0.0000E+00
   39.010   0.0000E+00
   39.020   0.0000E+00
   39.030   0.0000E+00
   39.040   0.0000E+00
   39.050   0.0000E+00
   39.060   0.0000E+00
   39.070   0.0000E+00
   39.080   0.0000E+00
   39.090   0.0000E+00
   39.100   0.0000E+00
   39.110   0.0000E+00
   39.120   0.0000E+00
   39.130   0.0000E+00
   39.140   0.0000E+00
   39.150   0.0000E+00
   39.160   0.0000E+00
   39.170   0.0000E+00
   39.180   0.0000E+00
   39.190   0.0000E+00
   39.200   0.0000E+00
   39.210   0.0000E+00
   39.220   0.0000E+00
   39.230   0.0000E+00
   39.240   0.0000E+00
   39.250   0.0000E+00
   39.260   0.0000E+00
   39.270   0.0000E+00
   39.280   0.0000E+00
   39.290   0.0000E+00
   39.300   0.0000E+00
   39.310   0.0000E+00
   39.320   0.0000E+00
   39.330   0.0000E+00
   39.340   0.0000E+00
   39.350   0.0000E+00
   39.360   0.0000E+00
   39.370   0.0000E+00
   39.380   0.0000E+00
   39.390   0.0000E+00
   39.400   0.0000E+00
   39.410   0.0000E+00
   39.420   0.0000E+00
   39.430   0.0000E+00
   39.440   0.0000E+00
   39.450   0.0000E+00
   39.460   0.0000E+00
   39.470   0.0000E+00
   39.480   0.0000E+00
   39.490   0.0000E+00
   39.500   0.0000E+00
   39.510   0.0000E+00
   39.520   0.0000E+00
   39.530   0.0000E+00
   39.540   0.0000E+00
   39.550   0.0000E+00
   39.560   0.0000E+00
   39.570   0.0000E+00
   39.580   0.0000E+00
   39.590   0.0000E+00
   39.600   0.0000E+00
   39.610   0.0000E+00
   39.620   0.0000E+00
   39.630   0.0000E+00
   39.640   0.0000E+00
   39.650   0.0000E+00
   39.660   0.0000E+00
   39.670   0.0000E+00
   39.680   0.0000E+00
   39.690   0.0000E+00
   39.700   0.0000E+00
   39.710   0.0000E+00
   39.720   0.0000E+00
   39.730   0.0000E+00
   39.740   0.0000E+00
   39.750   0.0000E+00
   39.760   0.0000E+00
   39.770   0.0000E+00
   39.780   0.0000E+00
   39.790   0.0000E+00
   39.800   0.0000E+00
   39.810   0.0000E+00
   39.820   0.0000E+00
   39.830   0.0000E+00
   39.840   0.0000E+00
   39.850   0.0000E+00
   39.860   0.0000E+00
   39.870   0.0000E+00
   39.880   0.0000E+00
   39.890   0.0000E+00
   39.900   0.0000E+00
   39.910   0.0000E+00
   39.920   0.0000E+00
   39.930   0.0000E+00
   39.940   0.0000E+00
   39.950   0.0000E+00
   39.960   0.0000E+00
   39.970   0.0000E+00
   39.980   0.0000E+00
   39.990   0.0000E+00
   40.000   0.0000E+00
   40.010   0.0000E+00
   40.020   0.0000E+00
   40.030   0.0000E+00
   40.040   0.0000E+00
   40.050   0.0000E+00
   40.060   0.0000E+00
   40.070   0.0000E+00
   40.080   0.0000E+00
   40.090   0.0000E+00
   40.100   0.0000E+00
   40.110   0.0000E+00
   40.120   0.0000E+00
   40.130   0.0000E+00
   40.140   0.0000E+00
   40.150   0.0000E+00
   40.160   0.0000E+00
   40.170   0.0000E+00
   40.180   0.0000E+00
   40.190   0.0000E+00
   40.200   0.0000E+00
   40.210   0.0000E+00
   40.220   0.0000E+00
   40.230   0.0000E+00
   40.240   0.0000E+00
   40.250   0.0000E+00
   40.260   0.0000E+00
   40.270   0.0000E+00
   40.280   0.0000E+00
   40.290   0.0000E+00
   40.300   0.0000E+00
   40.310   0.0000E+00
   40.320   0.0000E+00
   40.330   0.0000E+00
   40.340   0.0000E+00
   40.350   0.0000E+00
   40.360   0.0000E+00
   40.370   0.0000E+00
   40.380   0.0000E+00
   40.390   0.0000E+00
   40.400   0.0000E+00
   40.410   0.0000E+00
   40.420   0.0000E+00
   40.430   0.0000E+00
   40.440   0.0000E+00
   40.450   0.0000E+00
   40.460   0.0000E+00
   40.470   0.0000E+00
   40.480   0.0000E+00
   40.490   0.0000E+00
   40.500   0.0000E+00
   40.510   0.0000E+00
   40.520   0.0000E+00
   40.530   0.0000E+00
   40.540   0.0000E+00
   40.550   0.0000E+00
   40.560   0.0000E+00
   40.570   0.0000E+00
   40.580   0.0000E+00
   40.590   0.0000E+00
   40.600   0.0000E+00
   40.610   0.0000E+00
   40.620   0.0000E+00
   40.630   0.0000E+00
   40.640   0.0000E+00
   40.650   0.0000E+00
   40.660   0.0000E+00
   40.670   0.0000E+00
   40.680   0.0000E+00
   40.690   0.0000E+00
   40.700   0.0000E+00
   40.710   0.0000E+00
   40.720   0.0000E+00
   40.730   0.0000E+00
   40.740   0.0000E+00
   40.750   0.0000E+00
   40.760   0.0000E+00
   40.770   0.0000E+00
   40.780   0.0000E+00
   40.790   0.0000E+00
   40.800   0.0000E+00
   40.810   0.0000E+00
   40.820   0.0000E+00
   40.830   0.0000E+00
   40.840   0.0000E+00
   40.850   0.0000E+00
   40.860   0.0000E+00
   40.870   0.0000E+00
   40.880   0.0000E+00
   40.890   0.0000E+00
   40.900   0.0000E+00
   40.910   0.0000E+00
   40.920   0.0000E+00
   40.930   0.0000E+00
   40.940   0.0000E+00
   40.950   0.0000E+00
