**********************************************
*******  Acceleration Time Series ************
*** Site #   1
*** trial   25
Input Parameters file =  aqg_0604__parameters.out                                                                                                
  4096 samples
dt:  0.010 sec
data format: (1x,f8.3,1p,2x,e11.4)
maximum absolute acceleration: 183.73
fault Dis.(km)=    4.52
Hypo  Dis.(km)=   10.71
  time(s) acc(cm/s**2)
    0.000   0.0000E+00
    0.010   0.0000E+00
    0.020   0.0000E+00
    0.030   0.0000E+00
    0.040   0.0000E+00
    0.050   0.0000E+00
    0.060   0.0000E+00
    0.070   0.0000E+00
    0.080   0.0000E+00
    0.090   0.0000E+00
    0.100   0.0000E+00
    0.110   0.0000E+00
    0.120   0.0000E+00
    0.130   0.0000E+00
    0.140   0.0000E+00
    0.150   0.0000E+00
    0.160   0.0000E+00
    0.170   0.0000E+00
    0.180   0.0000E+00
    0.190   0.0000E+00
    0.200   0.0000E+00
    0.210   0.0000E+00
    0.220   0.0000E+00
    0.230   0.0000E+00
    0.240   0.0000E+00
    0.250   0.0000E+00
    0.260   0.0000E+00
    0.270   0.0000E+00
    0.280   0.0000E+00
    0.290   0.0000E+00
    0.300   0.0000E+00
    0.310   0.0000E+00
    0.320   0.0000E+00
    0.330   0.0000E+00
    0.340   0.0000E+00
    0.350   0.0000E+00
    0.360   0.0000E+00
    0.370   0.0000E+00
    0.380   0.0000E+00
    0.390   0.0000E+00
    0.400   0.0000E+00
    0.410   0.0000E+00
    0.420   0.0000E+00
    0.430   0.0000E+00
    0.440   0.0000E+00
    0.450   0.0000E+00
    0.460   0.0000E+00
    0.470   0.0000E+00
    0.480   0.0000E+00
    0.490   0.0000E+00
    0.500   0.0000E+00
    0.510   0.0000E+00
    0.520   0.0000E+00
    0.530   0.0000E+00
    0.540   0.0000E+00
    0.550   0.0000E+00
    0.560   0.0000E+00
    0.570   0.0000E+00
    0.580   0.0000E+00
    0.590   0.0000E+00
    0.600  -3.7968E-02
    0.610  -3.0747E-02
    0.620  -2.4638E-02
    0.630  -1.8564E-02
    0.640  -1.2967E-02
    0.650  -9.3877E-03
    0.660  -8.4239E-03
    0.670  -9.1019E-03
    0.680  -1.0399E-02
    0.690  -1.2307E-02
    0.700  -1.4866E-02
    0.710  -1.7107E-02
    0.720  -1.7745E-02
    0.730  -1.6386E-02
    0.740  -1.3281E-02
    0.750  -8.3690E-03
    0.760  -1.4417E-03
    0.770   6.8519E-03
    0.780   1.4975E-02
    0.790   2.1676E-02
    0.800   2.6905E-02
    0.810   3.1552E-02
    0.820   3.6636E-02
    0.830   4.2730E-02
    0.840   4.9779E-02
    0.850   8.4234E-02
    0.860   1.0652E-01
    0.870   1.2333E-01
    0.880   1.3246E-01
    0.890   1.3252E-01
    0.900   1.2441E-01
    0.910   1.1106E-01
    0.920   9.5181E-02
    0.930   7.7462E-02
    0.940   5.7788E-02
    0.950   3.7963E-02
    0.960   2.2573E-02
    0.970   1.6355E-02
    0.980   2.0182E-02
    0.990   2.9286E-02
    1.000   3.6046E-02
    1.010   3.5319E-02
    1.020   2.7688E-02
    1.030   1.7955E-02
    1.040   1.1257E-02
    1.050   1.0522E-02
    1.060   1.6115E-02
    1.070   2.6164E-02
    1.080   3.7404E-02
    1.090   4.7048E-02
    1.100   5.4421E-02
    1.110   6.0352E-02
    1.120   6.5222E-02
    1.130   6.3924E-02
    1.140   6.5977E-02
    1.150   6.4641E-02
    1.160   5.9717E-02
    1.170   5.2594E-02
    1.180   4.5336E-02
    1.190   3.7677E-02
    1.200   2.5593E-02
    1.210   4.7284E-03
    1.220  -2.4288E-02
    1.230  -1.3976E-01
    1.240  -1.3847E-01
    1.250  -1.4674E-01
    1.260  -1.2892E-01
    1.270  -8.8935E-02
    1.280  -3.4329E-02
    1.290   2.4952E-02
    1.300   8.0551E-02
    1.310   1.3352E-01
    1.320   1.7928E-01
    1.330   2.2075E-01
    1.340   2.5586E-01
    1.350   2.8368E-01
    1.360   3.0425E-01
    1.370   2.7841E-01
    1.380   2.4827E-01
    1.390   1.9761E-01
    1.400   1.3562E-01
    1.410   7.3671E-02
    1.420   1.7099E-02
    1.430  -3.7275E-02
    1.440  -9.5146E-02
    1.450  -1.5675E-01
    1.460  -2.1438E-01
    1.470  -2.5736E-01
    1.480  -2.7999E-01
    1.490  -2.8608E-01
    1.500  -2.8606E-01
    1.510  -2.8897E-01
    1.520  -2.9573E-01
    1.530  -2.9884E-01
    1.540  -2.8796E-01
    1.550  -2.5683E-01
    1.560  -2.0633E-01
    1.570  -1.4280E-01
    1.580  -1.7773E-01
    1.590  -6.8797E-02
    1.600  -1.0443E-02
    1.610   1.3791E-01
    1.620   1.8588E-01
    1.630   2.2362E-01
    1.640   2.4683E-01
    1.650   2.4898E-01
    1.660   2.2572E-01
    1.670   1.8004E-01
    1.680   1.2209E-01
    1.690   6.3420E-02
    1.700   2.6323E-03
    1.710  -4.7537E-02
    1.720  -9.3996E-02
    1.730  -1.3838E-01
    1.740  -1.7753E-01
    1.750  -2.0335E-01
    1.760  -2.0568E-01
    1.770  -1.7667E-01
    1.780  -1.1641E-01
    1.790  -3.8391E-02
    1.800   3.1802E-02
    1.810   6.8063E-02
    1.820   5.8533E-02
    1.830   1.0869E-02
    1.840  -5.4934E-02
    1.850  -1.1842E-01
    1.860  -1.6671E-01
    1.870  -1.9672E-01
    1.880  -2.1265E-01
    1.890  -2.2147E-01
    1.900  -2.3079E-01
    1.910  -2.4969E-01
    1.920  -3.0022E-01
    1.930  -3.4888E-01
    1.940  -4.0115E-01
    1.950  -4.3630E-01
    1.960  -4.3981E-01
    1.970  -4.0976E-01
    1.980  -3.5289E-01
    1.990  -2.7924E-01
    2.000  -2.0062E-01
    2.010  -1.2849E-01
    2.020  -7.3455E-02
    2.030  -2.5215E-02
    2.040   1.7173E-02
    2.050   5.5032E-02
    2.060   8.4787E-02
    2.070   1.0209E-01
    2.080   1.0584E-01
    2.090   9.9364E-02
    2.100   8.9209E-02
    2.110   8.2041E-02
    2.120   1.2118E-01
    2.130   1.2695E-01
    2.140   1.3071E-01
    2.150   1.2641E-01
    2.160   1.0967E-01
    2.170   8.1458E-02
    2.180   6.8899E-02
    2.190   5.0674E-02
    2.200   4.4814E-02
    2.210   5.0325E-02
    2.220   5.7984E-02
    2.230   5.5852E-02
    2.240   9.6484E-02
    2.250   6.5059E-02
    2.260   4.7631E-02
    2.270   5.0188E-02
    2.280   6.8148E-02
    2.290   9.0030E-02
    2.300   1.0457E-01
    2.310   1.0453E-01
    2.320   8.8563E-02
    2.330   6.3456E-02
    2.340   4.1182E-02
    2.350   2.7111E-02
    2.360   1.1446E-02
    2.370  -2.2877E-02
    2.380  -8.3615E-02
    2.390  -1.6483E-01
    2.400  -2.5728E-01
    2.410  -3.5647E-01
    2.420  -4.5885E-01
    2.430  -5.5590E-01
    2.440  -6.3451E-01
    2.450  -6.8050E-01
    2.460  -6.9289E-01
    2.470  -6.4557E-01
    2.480  -5.6403E-01
    2.490  -4.6459E-01
    2.500  -3.5403E-01
    2.510  -2.3243E-01
    2.520  -1.1084E-01
    2.530  -1.0942E-02
    2.540   3.3164E-02
    2.550   4.0721E-02
    2.560   3.4067E-02
    2.570   2.6155E-02
    2.580   1.3560E-02
    2.590  -1.0636E-02
    2.600  -4.5183E-02
    2.610  -8.1637E-02
    2.620  -1.1065E-01
    2.630  -1.2686E-01
    2.640  -1.3158E-01
    2.650  -1.0694E-01
    2.660  -1.0528E-01
    2.670  -1.0365E-01
    2.680  -1.0005E-01
    2.690  -1.0064E-01
    2.700  -1.1789E-01
    2.710  -1.6042E-01
    2.720  -2.2737E-01
    2.730  -3.1217E-01
    2.740  -4.0727E-01
    2.750  -5.0201E-01
    2.760  -5.7557E-01
    2.770  -5.9548E-01
    2.780  -5.3138E-01
    2.790  -3.8056E-01
    2.800  -1.8150E-01
    2.810   5.3956E-03
    2.820   1.3771E-01
    2.830   2.2850E-01
    2.840   2.6952E-01
    2.850   2.9155E-01
    2.860   2.8323E-01
    2.870   2.3383E-01
    2.880   1.6607E-01
    2.890   1.3174E-01
    2.900   1.7665E-01
    2.910   3.1058E-01
    2.920   5.0114E-01
    2.930   6.8813E-01
    2.940   8.0086E-01
    2.950   7.9177E-01
    2.960   6.5750E-01
    2.970   4.4359E-01
    2.980   2.2339E-01
    2.990   6.1368E-02
    3.000  -1.5594E-02
    3.010  -2.0345E-02
    3.020   1.4605E-02
    3.030   5.6588E-02
    3.040   7.8946E-02
    3.050  -1.7927E-01
    3.060  -2.9196E-01
    3.070  -5.2205E-01
    3.080  -5.6441E-01
    3.090  -5.1758E-01
    3.100  -3.6954E-01
    3.110  -1.1893E-01
    3.120   2.0441E-01
    3.130   5.4410E-01
    3.140   8.3971E-01
    3.150   1.0451E+00
    3.160   1.1289E+00
    3.170   1.0759E+00
    3.180   9.0683E-01
    3.190   6.9163E-01
    3.200   5.2522E-01
    3.210   4.7892E-01
    3.220   5.6661E-01
    3.230   7.4139E-01
    3.240   9.1657E-01
    3.250   1.0088E+00
    3.260   9.8865E-01
    3.270   8.9460E-01
    3.280   7.9039E-01
    3.290   7.1227E-01
    3.300   6.6311E-01
    3.310   5.9206E-01
    3.320   5.6398E-01
    3.330   4.8889E-01
    3.340   3.3692E-01
    3.350   1.2746E-01
    3.360  -7.2902E-02
    3.370  -2.0403E-01
    3.380  -2.7794E-01
    3.390  -2.6592E-01
    3.400  -2.2008E-01
    3.410  -1.7079E-01
    3.420  -1.4822E-01
    3.430  -1.6552E-01
    3.440  -2.5090E-01
    3.450  -2.7408E-01
    3.460  -3.0452E-01
    3.470  -2.9804E-01
    3.480  -2.7796E-01
    3.490  -2.7117E-01
    3.500  -3.0507E-01
    3.510  -3.9189E-01
    3.520  -5.2552E-01
    3.530  -6.7602E-01
    3.540  -8.4566E-01
    3.550  -9.9729E-01
    3.560  -1.0967E+00
    3.570  -1.0988E+00
    3.580  -1.0410E+00
    3.590  -9.6399E-01
    3.600  -8.9797E-01
    3.610  -8.4223E-01
    3.620  -8.0002E-01
    3.630  -7.1205E-01
    3.640  -5.4131E-01
    3.650  -3.1191E-01
    3.660  -1.0212E-01
    3.670   2.1440E-02
    3.680   4.9851E-02
    3.690   1.6021E-02
    3.700  -3.8530E-02
    3.710  -1.8191E-01
    3.720  -1.8842E-01
    3.730  -2.3970E-01
    3.740  -4.0134E-01
    3.750  -6.5557E-01
    3.760  -8.8060E-01
    3.770  -9.5875E-01
    3.780  -8.8604E-01
    3.790  -7.3003E-01
    3.800  -5.6778E-01
    3.810  -3.6259E-01
    3.820  -4.1413E-02
    3.830   3.0939E-01
    3.840   6.8029E-01
    3.850   8.8939E-01
    3.860   9.7742E-01
    3.870   9.5436E-01
    3.880   8.4304E-01
    3.890   6.5392E-01
    3.900   3.8885E-01
    3.910   8.0205E-02
    3.920  -1.5285E-01
    3.930  -2.6575E-01
    3.940  -2.0495E-01
    3.950  -1.0135E-01
    3.960   2.7169E-02
    3.970   1.4405E-01
    3.980   2.1844E-01
    3.990   2.1627E-01
    4.000   1.2458E-01
    4.010  -3.2054E-02
    4.020  -2.0727E-01
    4.030  -3.5813E-01
    4.040  -4.6455E-01
    4.050  -5.8738E-01
    4.060  -7.2397E-01
    4.070  -9.4346E-01
    4.080  -1.2096E+00
    4.090  -1.4127E+00
    4.100  -1.4514E+00
    4.110  -1.3070E+00
    4.120  -1.0492E+00
    4.130  -7.9447E-01
    4.140  -6.5371E-01
    4.150  -8.5494E-01
    4.160  -1.0217E+00
    4.170  -1.2247E+00
    4.180  -1.4220E+00
    4.190  -1.6430E+00
    4.200  -1.9232E+00
    4.210  -2.3117E+00
    4.220  -2.4469E+00
    4.230  -2.3224E+00
    4.240  -1.9671E+00
    4.250  -1.5561E+00
    4.260  -1.4265E+00
    4.270  -1.1986E+00
    4.280  -1.3000E+00
    4.290  -1.2956E+00
    4.300  -1.0793E+00
    4.310  -7.8074E-01
    4.320  -4.3851E-01
    4.330  -4.2287E-02
    4.340   4.4592E-01
    4.350   9.9807E-01
    4.360   1.5283E+00
    4.370   1.9720E+00
    4.380   2.3074E+00
    4.390   2.5038E+00
    4.400   2.5106E+00
    4.410   2.3242E+00
    4.420   2.0503E+00
    4.430   1.8377E+00
    4.440   1.7572E+00
    4.450   1.7659E+00
    4.460   1.7813E+00
    4.470   1.7576E+00
    4.480   1.6911E+00
    4.490   1.5900E+00
    4.500   1.4585E+00
    4.510   1.2901E+00
    4.520   1.0686E+00
    4.530   8.0610E-01
    4.540   5.8697E-01
    4.550   5.2836E-01
    4.560   6.6665E-01
    4.570   9.2023E-01
    4.580   1.1944E+00
    4.590   1.4656E+00
    4.600   1.7007E+00
    4.610   1.7523E+00
    4.620   1.4596E+00
    4.630   8.7188E-01
    4.640   2.7922E-01
    4.650  -2.5314E-02
    4.660   3.8436E-02
    4.670   3.6863E-01
    4.680   8.0072E-01
    4.690   1.2648E+00
    4.700   1.6150E+00
    4.710   1.8610E+00
    4.720   2.0126E+00
    4.730   2.2363E+00
    4.740   2.5580E+00
    4.750   2.9805E+00
    4.760   3.4800E+00
    4.770   3.8011E+00
    4.780   3.9141E+00
    4.790   3.6098E+00
    4.800   2.9978E+00
    4.810   2.3664E+00
    4.820   1.9465E+00
    4.830   1.7882E+00
    4.840   1.8372E+00
    4.850   2.0237E+00
    4.860   2.2428E+00
    4.870   2.3361E+00
    4.880   2.1836E+00
    4.890   1.8149E+00
    4.900   1.3906E+00
    4.910   1.0628E+00
    4.920   8.6183E-01
    4.930   7.2055E-01
    4.940   5.9425E-01
    4.950   5.2149E-01
    4.960   5.4124E-01
    4.970   5.8116E-01
    4.980   5.0581E-01
    4.990   2.9526E-01
    5.000   1.0425E-01
    5.010   9.0310E-02
    5.020   2.3042E-01
    5.030   3.5635E-01
    5.040   3.2584E-01
    5.050   1.0763E-01
    5.060  -2.3783E-01
    5.070  -5.7430E-01
    5.080  -7.2362E-01
    5.090  -5.8595E-01
    5.100  -2.2976E-01
    5.110   1.9630E-01
    5.120   6.2009E-01
    5.130   1.0498E+00
    5.140   1.4604E+00
    5.150   1.7660E+00
    5.160   1.8860E+00
    5.170   1.7578E+00
    5.180   1.6088E+00
    5.190   9.6399E-01
    5.200   3.7992E-01
    5.210   2.3362E-01
    5.220   6.1837E-01
    5.230   1.2813E+00
    5.240   1.9361E+00
    5.250   2.5192E+00
    5.260   3.0947E+00
    5.270   3.6371E+00
    5.280   4.0091E+00
    5.290   4.0873E+00
    5.300   3.8519E+00
    5.310   3.4099E+00
    5.320   2.9602E+00
    5.330   2.6396E+00
    5.340   2.3594E+00
    5.350   1.9029E+00
    5.360   1.2213E+00
    5.370   5.6850E-01
    5.380   1.9966E-01
    5.390   1.0350E-01
    5.400   1.1010E-01
    5.410   1.5019E-01
    5.420   2.6098E-01
    5.430   4.1277E-01
    5.440   4.9966E-01
    5.450   4.9381E-01
    5.460   4.8557E-01
    5.470   5.7217E-01
    5.480   7.9511E-01
    5.490   1.1634E+00
    5.500   1.6335E+00
    5.510   2.0871E+00
    5.520   2.4386E+00
    5.530   2.7731E+00
    5.540   3.2825E+00
    5.550   4.0704E+00
    5.560   5.1126E+00
    5.570   6.4432E+00
    5.580   8.2614E+00
    5.590   1.0784E+01
    5.600   1.3918E+01
    5.610   1.6822E+01
    5.620   1.7572E+01
    5.630   1.4882E+01
    5.640   1.0251E+01
    5.650   6.2588E+00
    5.660   4.2390E+00
    5.670   3.4012E+00
    5.680   2.4149E+00
    5.690   9.2439E-01
    5.700  -4.5452E-01
    5.710  -3.1580E-01
    5.720   1.6745E+00
    5.730   3.3322E+00
    5.740   2.5593E+00
    5.750  -1.1405E+00
    5.760  -6.3119E+00
    5.770  -1.0592E+01
    5.780  -1.3789E+01
    5.790  -1.5337E+01
    5.800  -1.3845E+01
    5.810  -1.0381E+01
    5.820  -7.3496E+00
    5.830  -5.1141E+00
    5.840  -3.9164E+00
    5.850  -3.6261E+00
    5.860  -3.6394E+00
    5.870  -3.3016E+00
    5.880  -2.8879E+00
    5.890  -2.3388E+00
    5.900  -1.5382E+00
    5.910  -6.5816E-02
    5.920   2.1532E+00
    5.930   4.3112E+00
    5.940   4.3378E+00
    5.950   1.0758E+00
    5.960  -4.7278E+00
    5.970  -1.1843E+01
    5.980  -1.7967E+01
    5.990  -2.1694E+01
    6.000  -2.2715E+01
    6.010  -2.0776E+01
    6.020  -1.5797E+01
    6.030  -9.0485E+00
    6.040  -3.9128E+00
    6.050  -3.0151E+00
    6.060  -4.9131E+00
    6.070  -7.2829E+00
    6.080  -9.5262E+00
    6.090  -1.1170E+01
    6.100  -1.1693E+01
    6.110  -1.0987E+01
    6.120  -1.1339E+01
    6.130  -1.2912E+01
    6.140  -1.3871E+01
    6.150  -1.4325E+01
    6.160  -1.5953E+01
    6.170  -1.6922E+01
    6.180  -1.6315E+01
    6.190  -1.3435E+01
    6.200  -9.1299E+00
    6.210  -6.3331E+00
    6.220  -5.9308E+00
    6.230  -6.1794E+00
    6.240  -6.0004E+00
    6.250  -5.7728E+00
    6.260  -4.6349E+00
    6.270  -2.2861E+00
    6.280   5.8324E-01
    6.290   2.7894E+00
    6.300   3.7519E+00
    6.310   3.0227E+00
    6.320   2.0391E+00
    6.330   2.4159E+00
    6.340   3.5358E+00
    6.350   4.4112E+00
    6.360   4.4289E+00
    6.370   3.9411E+00
    6.380   4.2046E+00
    6.390   4.3037E+00
    6.400   3.8357E+00
    6.410   1.9166E+00
    6.420  -1.5074E+00
    6.430  -3.5405E+00
    6.440  -2.9697E+00
    6.450  -1.4962E+00
    6.460   4.1381E-01
    6.470   2.3865E+00
    6.480   2.1370E+00
    6.490  -1.2975E+00
    6.500  -5.1330E+00
    6.510  -6.3198E+00
    6.520  -5.3628E+00
    6.530  -4.6355E+00
    6.540  -4.5725E+00
    6.550  -3.2915E+00
    6.560  -2.5231E+00
    6.570  -1.6619E+00
    6.580   2.1144E+00
    6.590   9.8009E+00
    6.600   1.6481E+01
    6.610   1.7812E+01
    6.620   1.4456E+01
    6.630   1.0985E+01
    6.640   9.1143E+00
    6.650   6.9026E+00
    6.660   1.8975E+00
    6.670  -5.5760E+00
    6.680  -1.2258E+01
    6.690  -1.7347E+01
    6.700  -2.0136E+01
    6.710  -1.9896E+01
    6.720  -1.8641E+01
    6.730  -1.6512E+01
    6.740  -1.1579E+01
    6.750  -1.8852E+00
    6.760   8.0074E+00
    6.770   1.2617E+01
    6.780   1.2206E+01
    6.790   9.0344E+00
    6.800   5.0652E+00
    6.810   3.1917E+00
    6.820   2.7249E+00
    6.830   1.2507E+00
    6.840   7.8000E-01
    6.850   2.6756E+00
    6.860   5.5225E+00
    6.870   6.0872E+00
    6.880   3.8975E+00
    6.890   1.0083E+00
    6.900  -1.0614E+00
    6.910  -3.9878E-01
    6.920   3.9557E+00
    6.930   9.3171E+00
    6.940   1.2566E+01
    6.950   1.1746E+01
    6.960   8.1116E+00
    6.970   4.1918E+00
    6.980   5.2533E-01
    6.990  -2.8974E+00
    7.000  -4.3636E+00
    7.010  -3.8836E+00
    7.020  -3.7766E+00
    7.030  -2.8387E+00
    7.040   5.5249E-01
    7.050   5.2677E+00
    7.060   9.2774E+00
    7.070   1.1828E+01
    7.080   1.3576E+01
    7.090   1.4550E+01
    7.100   1.4626E+01
    7.110   1.4985E+01
    7.120   1.5778E+01
    7.130   1.5909E+01
    7.140   1.3072E+01
    7.150   7.0827E+00
    7.160  -4.9635E-01
    7.170  -6.8139E+00
    7.180  -9.1488E+00
    7.190  -8.0219E+00
    7.200  -5.4049E+00
    7.210  -3.5000E+00
    7.220  -4.4164E+00
    7.230  -5.9450E+00
    7.240  -5.3030E+00
    7.250  -2.8324E+00
    7.260  -3.7983E-01
    7.270  -1.1846E-01
    7.280  -2.0032E+00
    7.290  -4.7902E+00
    7.300  -6.7655E+00
    7.310  -9.0303E+00
    7.320  -1.0750E+01
    7.330  -1.1494E+01
    7.340  -1.3157E+01
    7.350  -1.4976E+01
    7.360  -1.5359E+01
    7.370  -1.3648E+01
    7.380  -1.1623E+01
    7.390  -8.3952E+00
    7.400  -1.9686E+00
    7.410   3.6485E+00
    7.420   7.6157E+00
    7.430   1.0175E+01
    7.440   8.7489E+00
    7.450   5.6388E+00
    7.460   4.5753E+00
    7.470   7.6681E+00
    7.480   1.4034E+01
    7.490   2.1481E+01
    7.500   2.6575E+01
    7.510   2.7240E+01
    7.520   2.5312E+01
    7.530   2.1979E+01
    7.540   1.7106E+01
    7.550   1.3193E+01
    7.560   1.3669E+01
    7.570   1.5650E+01
    7.580   1.3600E+01
    7.590   4.9474E+00
    7.600  -8.3215E+00
    7.610  -2.0413E+01
    7.620  -2.7349E+01
    7.630  -2.8617E+01
    7.640  -2.2927E+01
    7.650  -1.3911E+01
    7.660  -7.1629E+00
    7.670  -4.3082E+00
    7.680  -6.0905E+00
    7.690  -1.1135E+01
    7.700  -1.8492E+01
    7.710  -2.7515E+01
    7.720  -3.2880E+01
    7.730  -3.0677E+01
    7.740  -2.2446E+01
    7.750  -1.2662E+01
    7.760  -5.7695E+00
    7.770  -2.1408E+00
    7.780  -1.6638E+00
    7.790  -4.2298E+00
    7.800  -7.8723E+00
    7.810  -9.1429E+00
    7.820  -7.8016E+00
    7.830  -5.2691E+00
    7.840  -1.1797E+00
    7.850   1.2505E+00
    7.860  -1.3322E+00
    7.870  -3.5062E+00
    7.880   8.2621E-01
    7.890   1.0398E+01
    7.900   2.1033E+01
    7.910   3.0880E+01
    7.920   4.0182E+01
    7.930   4.7880E+01
    7.940   5.0641E+01
    7.950   4.7109E+01
    7.960   3.9344E+01
    7.970   2.8589E+01
    7.980   1.5745E+01
    7.990   4.0992E+00
    8.000  -2.6700E+00
    8.010  -2.2639E+00
    8.020   2.6572E+00
    8.030   5.6648E+00
    8.040   3.5822E+00
    8.050   9.8961E-03
    8.060  -3.2307E+00
    8.070  -8.6771E+00
    8.080  -1.7230E+01
    8.090  -2.5666E+01
    8.100  -3.0699E+01
    8.110  -3.0519E+01
    8.120  -2.5205E+01
    8.130  -1.8309E+01
    8.140  -1.1412E+01
    8.150  -3.3361E+00
    8.160   3.1591E+00
    8.170   3.9299E+00
    8.180  -1.5247E+00
    8.190  -9.4581E+00
    8.200  -1.4623E+01
    8.210  -1.4892E+01
    8.220  -9.2311E+00
    8.230  -4.5548E-01
    8.240   7.5264E+00
    8.250   1.1303E+01
    8.260   1.1307E+01
    8.270   1.1941E+01
    8.280   1.4420E+01
    8.290   1.6256E+01
    8.300   1.6218E+01
    8.310   1.3577E+01
    8.320   1.3330E+01
    8.330   1.7129E+01
    8.340   1.9735E+01
    8.350   1.9238E+01
    8.360   1.7043E+01
    8.370   1.2331E+01
    8.380   6.3349E+00
    8.390   2.8302E+00
    8.400   3.6440E+00
    8.410   7.9400E+00
    8.420   1.2779E+01
    8.430   1.7064E+01
    8.440   1.8462E+01
    8.450   1.7720E+01
    8.460   1.8830E+01
    8.470   2.4806E+01
    8.480   3.0690E+01
    8.490   2.8591E+01
    8.500   1.9295E+01
    8.510   8.4441E+00
    8.520   9.1457E-01
    8.530  -2.1849E+00
    8.540   5.1797E-01
    8.550   3.6270E+00
    8.560   2.2936E+00
    8.570  -7.8129E-01
    8.580  -6.1258E+00
    8.590  -1.3758E+01
    8.600  -2.2766E+01
    8.610  -3.0290E+01
    8.620  -3.0184E+01
    8.630  -2.3278E+01
    8.640  -1.4891E+01
    8.650  -5.8987E+00
    8.660   4.2211E+00
    8.670   1.0887E+01
    8.680   1.2722E+01
    8.690   1.2413E+01
    8.700   1.4402E+01
    8.710   2.2483E+01
    8.720   3.2425E+01
    8.730   4.0098E+01
    8.740   4.4761E+01
    8.750   4.4717E+01
    8.760   4.1455E+01
    8.770   3.3605E+01
    8.780   2.0450E+01
    8.790   6.4397E+00
    8.800  -5.9971E+00
    8.810  -1.2949E+01
    8.820  -1.3913E+01
    8.830  -1.3482E+01
    8.840  -1.6697E+01
    8.850  -2.1425E+01
    8.860  -2.2039E+01
    8.870  -2.0212E+01
    8.880  -2.1565E+01
    8.890  -2.2177E+01
    8.900  -1.9063E+01
    8.910  -1.6058E+01
    8.920  -1.3196E+01
    8.930  -2.3628E+00
    8.940   1.5404E+01
    8.950   3.1436E+01
    8.960   4.2048E+01
    8.970   4.8269E+01
    8.980   5.7018E+01
    8.990   6.7826E+01
    9.000   7.1441E+01
    9.010   6.5177E+01
    9.020   5.1533E+01
    9.030   3.2218E+01
    9.040   1.0812E+01
    9.050  -6.5220E+00
    9.060  -1.0668E+01
    9.070   7.8388E-01
    9.080   2.0391E+01
    9.090   4.0672E+01
    9.100   5.4827E+01
    9.110   5.8117E+01
    9.120   5.1886E+01
    9.130   4.5641E+01
    9.140   4.4653E+01
    9.150   4.4485E+01
    9.160   4.1555E+01
    9.170   3.5017E+01
    9.180   2.8449E+01
    9.190   2.4515E+01
    9.200   2.1030E+01
    9.210   1.5605E+01
    9.220   7.9096E+00
    9.230  -5.9645E+00
    9.240  -2.3916E+01
    9.250  -3.8698E+01
    9.260  -4.7800E+01
    9.270  -5.4808E+01
    9.280  -5.9925E+01
    9.290  -6.0024E+01
    9.300  -5.8950E+01
    9.310  -6.3515E+01
    9.320  -7.1966E+01
    9.330  -7.6369E+01
    9.340  -6.6375E+01
    9.350  -4.5703E+01
    9.360  -2.1951E+01
    9.370   1.3494E+00
    9.380   2.0373E+01
    9.390   3.3093E+01
    9.400   3.7703E+01
    9.410   3.4773E+01
    9.420   2.0720E+01
    9.430   3.0481E+00
    9.440  -9.9804E+00
    9.450  -1.6939E+01
    9.460  -1.6330E+01
    9.470  -5.8300E+00
    9.480   1.2866E+01
    9.490   3.0985E+01
    9.500   4.2197E+01
    9.510   4.8500E+01
    9.520   4.9387E+01
    9.530   4.3832E+01
    9.540   3.6147E+01
    9.550   2.3863E+01
    9.560   5.9698E+00
    9.570  -1.4079E+01
    9.580  -2.9217E+01
    9.590  -3.5190E+01
    9.600  -3.5719E+01
    9.610  -3.0276E+01
    9.620  -1.7453E+01
    9.630  -8.9327E-01
    9.640   1.7899E+01
    9.650   3.7461E+01
    9.660   5.1416E+01
    9.670   5.4538E+01
    9.680   4.5343E+01
    9.690   3.0480E+01
    9.700   1.9446E+01
    9.710   1.7469E+01
    9.720   2.4068E+01
    9.730   3.5954E+01
    9.740   4.6072E+01
    9.750   3.9825E+01
    9.760   1.6505E+01
    9.770  -1.5518E+01
    9.780  -5.0642E+01
    9.790  -8.0616E+01
    9.800  -1.0094E+02
    9.810  -1.0898E+02
    9.820  -1.1022E+02
    9.830  -1.1117E+02
    9.840  -1.1302E+02
    9.850  -1.1057E+02
    9.860  -9.9877E+01
    9.870  -8.5189E+01
    9.880  -7.2046E+01
    9.890  -6.5624E+01
    9.900  -6.6131E+01
    9.910  -7.1575E+01
    9.920  -7.9603E+01
    9.930  -8.0718E+01
    9.940  -7.2065E+01
    9.950  -5.2319E+01
    9.960  -2.0467E+01
    9.970   7.9366E+00
    9.980   1.5686E+01
    9.990   5.6221E+00
   10.000  -4.3543E+00
   10.010  -6.6909E+00
   10.020  -6.0244E+00
   10.030  -1.0143E+01
   10.040  -2.2980E+01
   10.050  -4.0718E+01
   10.060  -5.4677E+01
   10.070  -6.4559E+01
   10.080  -7.1412E+01
   10.090  -6.6589E+01
   10.100  -4.5911E+01
   10.110  -2.2358E+01
   10.120  -1.0455E+01
   10.130  -6.5737E+00
   10.140  -3.7853E+00
   10.150   3.4899E+00
   10.160   2.2852E+01
   10.170   4.6371E+01
   10.180   6.5980E+01
   10.190   7.3834E+01
   10.200   6.7852E+01
   10.210   5.4358E+01
   10.220   4.2604E+01
   10.230   3.7893E+01
   10.240   3.7894E+01
   10.250   3.1306E+01
   10.260   1.2164E+01
   10.270  -1.1403E+01
   10.280  -2.7641E+01
   10.290  -3.0207E+01
   10.300  -2.1320E+01
   10.310  -8.1697E+00
   10.320  -2.9006E+00
   10.330  -1.3697E+01
   10.340  -2.8542E+01
   10.350  -3.2181E+01
   10.360  -2.4805E+01
   10.370  -1.7615E+01
   10.380  -1.9738E+01
   10.390  -3.0104E+01
   10.400  -3.9242E+01
   10.410  -3.4421E+01
   10.420  -1.6852E+01
   10.430   1.7360E+00
   10.440   1.5378E+01
   10.450   2.3561E+01
   10.460   2.5903E+01
   10.470   2.0778E+01
   10.480   1.4011E+01
   10.490   4.7761E+00
   10.500  -1.2461E+01
   10.510  -3.2580E+01
   10.520  -4.9481E+01
   10.530  -6.3735E+01
   10.540  -7.2767E+01
   10.550  -7.0436E+01
   10.560  -5.6144E+01
   10.570  -3.4679E+01
   10.580  -1.8790E+01
   10.590  -1.5695E+01
   10.600  -2.3988E+01
   10.610  -3.0235E+01
   10.620  -2.9811E+01
   10.630  -3.0089E+01
   10.640  -3.1846E+01
   10.650  -3.6629E+01
   10.660  -4.2442E+01
   10.670  -4.6941E+01
   10.680  -5.0219E+01
   10.690  -5.0723E+01
   10.700  -5.0540E+01
   10.710  -5.1735E+01
   10.720  -5.1381E+01
   10.730  -5.1653E+01
   10.740  -5.3400E+01
   10.750  -5.1493E+01
   10.760  -4.1242E+01
   10.770  -2.1238E+01
   10.780   3.2341E+00
   10.790   2.3954E+01
   10.800   3.7000E+01
   10.810   4.6470E+01
   10.820   5.2643E+01
   10.830   5.7455E+01
   10.840   6.6625E+01
   10.850   7.9541E+01
   10.860   8.2729E+01
   10.870   7.0279E+01
   10.880   4.4920E+01
   10.890   2.0674E+01
   10.900   1.3176E+01
   10.910   1.5086E+01
   10.920   1.9052E+01
   10.930   2.3112E+01
   10.940   2.2795E+01
   10.950   1.5782E+01
   10.960   6.7692E+00
   10.970  -5.4282E+00
   10.980  -2.3057E+01
   10.990  -3.7638E+01
   11.000  -4.4012E+01
   11.010  -4.3424E+01
   11.020  -3.8488E+01
   11.030  -3.5830E+01
   11.040  -3.7791E+01
   11.050  -3.7863E+01
   11.060  -3.7098E+01
   11.070  -3.8615E+01
   11.080  -4.2060E+01
   11.090  -4.7986E+01
   11.100  -5.4680E+01
   11.110  -5.6843E+01
   11.120  -5.5497E+01
   11.130  -5.6176E+01
   11.140  -6.1089E+01
   11.150  -6.2787E+01
   11.160  -5.7729E+01
   11.170  -5.1118E+01
   11.180  -4.5389E+01
   11.190  -3.8453E+01
   11.200  -2.8438E+01
   11.210  -1.2940E+01
   11.220   7.0369E+00
   11.230   2.8674E+01
   11.240   5.3397E+01
   11.250   8.1781E+01
   11.260   1.0699E+02
   11.270   1.2712E+02
   11.280   1.4740E+02
   11.290   1.6489E+02
   11.300   1.7790E+02
   11.310   1.8373E+02
   11.320   1.8177E+02
   11.330   1.7468E+02
   11.340   1.6439E+02
   11.350   1.5007E+02
   11.360   1.3192E+02
   11.370   1.1420E+02
   11.380   9.7104E+01
   11.390   7.9622E+01
   11.400   6.7965E+01
   11.410   6.2131E+01
   11.420   6.2484E+01
   11.430   7.0831E+01
   11.440   8.3539E+01
   11.450   9.0803E+01
   11.460   8.3715E+01
   11.470   6.7970E+01
   11.480   4.4866E+01
   11.490   1.2491E+01
   11.500  -2.3846E+01
   11.510  -5.4948E+01
   11.520  -7.2132E+01
   11.530  -7.4640E+01
   11.540  -6.5905E+01
   11.550  -5.6439E+01
   11.560  -5.5089E+01
   11.570  -5.7868E+01
   11.580  -6.1177E+01
   11.590  -6.7949E+01
   11.600  -7.2699E+01
   11.610  -6.9749E+01
   11.620  -6.2386E+01
   11.630  -5.5896E+01
   11.640  -5.2543E+01
   11.650  -5.3347E+01
   11.660  -5.2929E+01
   11.670  -4.9950E+01
   11.680  -4.5549E+01
   11.690  -4.4285E+01
   11.700  -4.7343E+01
   11.710  -5.5278E+01
   11.720  -7.0169E+01
   11.730  -8.7498E+01
   11.740  -9.8645E+01
   11.750  -9.9417E+01
   11.760  -9.0082E+01
   11.770  -7.4019E+01
   11.780  -5.9592E+01
   11.790  -5.2972E+01
   11.800  -4.8480E+01
   11.810  -4.0724E+01
   11.820  -2.7797E+01
   11.830  -1.3839E+01
   11.840  -8.5811E+00
   11.850  -7.3211E+00
   11.860   8.4490E-01
   11.870   1.2109E+01
   11.880   1.5903E+01
   11.890   6.2888E+00
   11.900  -1.1362E+01
   11.910  -1.6675E+01
   11.920   2.1636E+00
   11.930   3.8383E+01
   11.940   7.0726E+01
   11.950   9.0151E+01
   11.960   9.5636E+01
   11.970   9.3153E+01
   11.980   9.2130E+01
   11.990   9.5477E+01
   12.000   1.0142E+02
   12.010   1.0406E+02
   12.020   1.0134E+02
   12.030   9.5108E+01
   12.040   8.5153E+01
   12.050   6.8433E+01
   12.060   4.6633E+01
   12.070   2.5405E+01
   12.080   8.3240E+00
   12.090  -5.2242E+00
   12.100  -1.3721E+01
   12.110  -1.4942E+01
   12.120  -1.2164E+01
   12.130  -1.0397E+01
   12.140  -1.2655E+01
   12.150  -1.1693E+01
   12.160  -3.9220E+00
   12.170   1.6011E+00
   12.180   2.1026E+00
   12.190  -9.4931E-01
   12.200  -6.7425E-02
   12.210   8.6902E+00
   12.220   1.9754E+01
   12.230   2.8113E+01
   12.240   3.0592E+01
   12.250   2.8844E+01
   12.260   2.7559E+01
   12.270   2.5424E+01
   12.280   2.0267E+01
   12.290   1.5045E+01
   12.300   1.0873E+01
   12.310   3.5725E+00
   12.320  -1.0932E+01
   12.330  -3.2888E+01
   12.340  -5.1745E+01
   12.350  -5.2802E+01
   12.360  -3.2935E+01
   12.370   1.7491E+00
   12.380   3.6693E+01
   12.390   5.7372E+01
   12.400   5.8460E+01
   12.410   4.4673E+01
   12.420   2.6336E+01
   12.430   1.1367E+01
   12.440   5.6720E+00
   12.450   1.1540E+01
   12.460   2.3215E+01
   12.470   3.1749E+01
   12.480   4.1426E+01
   12.490   5.7113E+01
   12.500   7.7819E+01
   12.510   9.7045E+01
   12.520   1.0978E+02
   12.530   1.1809E+02
   12.540   1.2308E+02
   12.550   1.2347E+02
   12.560   1.2229E+02
   12.570   1.2073E+02
   12.580   1.1581E+02
   12.590   1.0537E+02
   12.600   9.2518E+01
   12.610   8.1282E+01
   12.620   7.3129E+01
   12.630   6.8969E+01
   12.640   6.2056E+01
   12.650   4.4210E+01
   12.660   1.9815E+01
   12.670  -4.4833E+00
   12.680  -2.6423E+01
   12.690  -4.2993E+01
   12.700  -5.5031E+01
   12.710  -7.1894E+01
   12.720  -9.2394E+01
   12.730  -1.0597E+02
   12.740  -1.1078E+02
   12.750  -1.0720E+02
   12.760  -9.7751E+01
   12.770  -8.8588E+01
   12.780  -8.0834E+01
   12.790  -7.3112E+01
   12.800  -6.3578E+01
   12.810  -4.9188E+01
   12.820  -3.0585E+01
   12.830  -2.0699E+01
   12.840  -2.7788E+01
   12.850  -4.3061E+01
   12.860  -5.5343E+01
   12.870  -6.0922E+01
   12.880  -6.1313E+01
   12.890  -5.5733E+01
   12.900  -4.5247E+01
   12.910  -3.4156E+01
   12.920  -2.9484E+01
   12.930  -2.8825E+01
   12.940  -2.6354E+01
   12.950  -1.9627E+01
   12.960  -7.9987E+00
   12.970   2.4098E+00
   12.980   6.7641E+00
   12.990   4.9871E+00
   13.000   9.9872E-01
   13.010  -3.2399E+00
   13.020  -3.2085E+00
   13.030   6.7479E+00
   13.040   2.4383E+01
   13.050   4.2956E+01
   13.060   5.6405E+01
   13.070   5.9080E+01
   13.080   5.7244E+01
   13.090   5.3133E+01
   13.100   4.4076E+01
   13.110   2.9082E+01
   13.120   1.0609E+01
   13.130  -1.0731E+01
   13.140  -3.7638E+01
   13.150  -6.2609E+01
   13.160  -7.5695E+01
   13.170  -7.3072E+01
   13.180  -5.9486E+01
   13.190  -4.1493E+01
   13.200  -2.5424E+01
   13.210  -1.0775E+01
   13.220   7.5231E+00
   13.230   2.8805E+01
   13.240   4.5522E+01
   13.250   5.4028E+01
   13.260   5.5479E+01
   13.270   4.8791E+01
   13.280   3.4066E+01
   13.290   1.5109E+01
   13.300  -4.3426E+00
   13.310  -1.6324E+01
   13.320  -1.9609E+01
   13.330  -2.5046E+01
   13.340  -3.9657E+01
   13.350  -5.2753E+01
   13.360  -5.1497E+01
   13.370  -3.9392E+01
   13.380  -2.3823E+01
   13.390  -9.0671E+00
   13.400  -9.3006E-01
   13.410  -3.4075E-01
   13.420  -3.9827E+00
   13.430  -5.3242E+00
   13.440  -5.5520E+00
   13.450  -6.0255E+00
   13.460  -6.9193E+00
   13.470  -8.9184E+00
   13.480  -9.7991E+00
   13.490  -7.0909E+00
   13.500  -4.9253E+00
   13.510  -1.0725E+01
   13.520  -2.5816E+01
   13.530  -4.7124E+01
   13.540  -6.3794E+01
   13.550  -6.9576E+01
   13.560  -6.7253E+01
   13.570  -5.9080E+01
   13.580  -4.8375E+01
   13.590  -3.6407E+01
   13.600  -1.9277E+01
   13.610   2.4007E+00
   13.620   2.1222E+01
   13.630   3.2245E+01
   13.640   3.2534E+01
   13.650   2.2793E+01
   13.660   1.4243E+01
   13.670   1.2389E+01
   13.680   1.2643E+01
   13.690   9.4676E+00
   13.700   3.1901E+00
   13.710  -4.8926E+00
   13.720  -1.3329E+01
   13.730  -1.9033E+01
   13.740  -1.7170E+01
   13.750  -4.3797E+00
   13.760   1.0313E+01
   13.770   1.8041E+01
   13.780   1.8921E+01
   13.790   2.0003E+01
   13.800   2.8344E+01
   13.810   4.4528E+01
   13.820   6.5036E+01
   13.830   8.2096E+01
   13.840   8.9645E+01
   13.850   8.6316E+01
   13.860   7.4772E+01
   13.870   6.3136E+01
   13.880   5.9031E+01
   13.890   5.1351E+01
   13.900   2.8480E+01
   13.910  -4.4681E+00
   13.920  -3.7729E+01
   13.930  -6.4469E+01
   13.940  -8.1254E+01
   13.950  -8.6664E+01
   13.960  -8.3715E+01
   13.970  -7.4732E+01
   13.980  -5.7933E+01
   13.990  -3.5455E+01
   14.000  -1.3445E+01
   14.010   6.9951E+00
   14.020   2.5568E+01
   14.030   3.9715E+01
   14.040   4.4790E+01
   14.050   4.0654E+01
   14.060   3.3781E+01
   14.070   2.3861E+01
   14.080   7.2397E+00
   14.090  -8.6292E+00
   14.100  -1.9866E+01
   14.110  -3.0370E+01
   14.120  -3.6621E+01
   14.130  -3.0128E+01
   14.140  -1.4692E+01
   14.150  -2.2239E+00
   14.160  -4.3731E-02
   14.170  -4.6766E+00
   14.180  -1.1828E+01
   14.190  -2.2062E+01
   14.200  -3.3062E+01
   14.210  -4.1305E+01
   14.220  -5.1082E+01
   14.230  -6.2001E+01
   14.240  -6.7729E+01
   14.250  -7.1688E+01
   14.260  -7.3662E+01
   14.270  -6.8146E+01
   14.280  -5.6615E+01
   14.290  -4.5012E+01
   14.300  -3.8900E+01
   14.310  -3.8005E+01
   14.320  -3.7112E+01
   14.330  -3.2185E+01
   14.340  -2.6795E+01
   14.350  -2.8820E+01
   14.360  -3.5923E+01
   14.370  -4.0103E+01
   14.380  -4.3211E+01
   14.390  -4.3716E+01
   14.400  -4.1019E+01
   14.410  -3.7560E+01
   14.420  -3.2700E+01
   14.430  -3.0146E+01
   14.440  -2.9641E+01
   14.450  -2.5979E+01
   14.460  -2.0615E+01
   14.470  -1.8331E+01
   14.480  -1.9109E+01
   14.490  -2.1380E+01
   14.500  -2.1899E+01
   14.510  -1.5308E+01
   14.520   6.8179E-01
   14.530   2.0046E+01
   14.540   3.5873E+01
   14.550   4.7704E+01
   14.560   5.7008E+01
   14.570   6.5327E+01
   14.580   7.5596E+01
   14.590   8.2486E+01
   14.600   7.8684E+01
   14.610   6.8259E+01
   14.620   5.8742E+01
   14.630   5.3553E+01
   14.640   4.8668E+01
   14.650   3.9507E+01
   14.660   2.4164E+01
   14.670   5.2994E+00
   14.680  -1.3298E+01
   14.690  -2.6891E+01
   14.700  -2.8883E+01
   14.710  -1.8930E+01
   14.720  -3.0714E+00
   14.730   1.4039E+01
   14.740   2.8224E+01
   14.750   3.3316E+01
   14.760   2.8159E+01
   14.770   1.9531E+01
   14.780   1.1005E+01
   14.790   3.8364E+00
   14.800  -1.8608E+00
   14.810  -8.5606E+00
   14.820  -1.7661E+01
   14.830  -2.9859E+01
   14.840  -4.0596E+01
   14.850  -4.1279E+01
   14.860  -3.0720E+01
   14.870  -1.8724E+01
   14.880  -9.0218E+00
   14.890   8.5097E-01
   14.900   1.1954E+01
   14.910   2.4363E+01
   14.920   4.0947E+01
   14.930   6.0762E+01
   14.940   7.4640E+01
   14.950   7.6550E+01
   14.960   6.9293E+01
   14.970   5.3487E+01
   14.980   3.3009E+01
   14.990   1.3293E+01
   15.000  -8.6556E-02
   15.010  -4.7584E+00
   15.020  -5.3256E+00
   15.030  -5.5053E+00
   15.040  -3.7989E+00
   15.050   1.2514E+00
   15.060   6.6001E+00
   15.070   1.1553E+01
   15.080   1.1492E+01
   15.090   2.6977E+00
   15.100  -1.1200E+01
   15.110  -2.2832E+01
   15.120  -2.6828E+01
   15.130  -2.3681E+01
   15.140  -1.7195E+01
   15.150  -1.1782E+01
   15.160  -9.0522E+00
   15.170  -8.0823E+00
   15.180  -4.9849E+00
   15.190  -1.3649E+00
   15.200  -1.0087E+00
   15.210  -1.9167E+00
   15.220  -2.4737E+00
   15.230  -4.2024E+00
   15.240  -8.8355E+00
   15.250  -1.4237E+01
   15.260  -1.8677E+01
   15.270  -2.4037E+01
   15.280  -2.8887E+01
   15.290  -2.8059E+01
   15.300  -1.7619E+01
   15.310  -1.9866E+00
   15.320   9.7214E+00
   15.330   9.7884E+00
   15.340  -1.5240E+00
   15.350  -1.4918E+01
   15.360  -2.1387E+01
   15.370  -2.2236E+01
   15.380  -2.0275E+01
   15.390  -1.7687E+01
   15.400  -1.5831E+01
   15.410  -1.4570E+01
   15.420  -1.4548E+01
   15.430  -1.7016E+01
   15.440  -2.3284E+01
   15.450  -3.0820E+01
   15.460  -3.4447E+01
   15.470  -2.8827E+01
   15.480  -1.2605E+01
   15.490   9.8610E+00
   15.500   3.2329E+01
   15.510   4.9672E+01
   15.520   5.6949E+01
   15.530   5.1535E+01
   15.540   3.7964E+01
   15.550   2.3127E+01
   15.560   1.2320E+01
   15.570   1.0220E+01
   15.580   1.4058E+01
   15.590   1.8830E+01
   15.600   2.5718E+01
   15.610   3.7537E+01
   15.620   5.1358E+01
   15.630   5.9873E+01
   15.640   5.6199E+01
   15.650   4.2856E+01
   15.660   2.9060E+01
   15.670   2.1774E+01
   15.680   1.9873E+01
   15.690   2.1537E+01
   15.700   2.5957E+01
   15.710   3.0177E+01
   15.720   3.2150E+01
   15.730   3.2278E+01
   15.740   3.0570E+01
   15.750   2.3906E+01
   15.760   1.2348E+01
   15.770   7.0014E-01
   15.780  -9.6246E+00
   15.790  -2.0428E+01
   15.800  -2.8826E+01
   15.810  -3.0006E+01
   15.820  -2.3754E+01
   15.830  -1.3822E+01
   15.840  -5.3697E+00
   15.850  -1.6286E+00
   15.860  -4.2266E-01
   15.870   1.1937E+00
   15.880   1.6059E+00
   15.890  -7.9542E-01
   15.900  -5.6102E+00
   15.910  -1.2010E+01
   15.920  -1.6482E+01
   15.930  -1.6998E+01
   15.940  -1.2602E+01
   15.950  -6.3163E+00
   15.960  -1.4633E+00
   15.970  -1.2852E-01
   15.980  -2.2393E+00
   15.990  -6.0973E+00
   16.000  -1.1484E+01
   16.010  -1.7720E+01
   16.020  -2.1481E+01
   16.030  -2.0901E+01
   16.040  -1.8901E+01
   16.050  -1.7068E+01
   16.060  -1.5143E+01
   16.070  -1.4356E+01
   16.080  -1.4820E+01
   16.090  -1.3075E+01
   16.100  -8.7289E+00
   16.110  -3.9955E+00
   16.120  -9.5520E-01
   16.130  -8.8432E-01
   16.140  -2.1421E+00
   16.150  -1.7110E+00
   16.160   2.4157E+00
   16.170   1.0464E+01
   16.180   2.2270E+01
   16.190   3.5189E+01
   16.200   4.5796E+01
   16.210   5.1530E+01
   16.220   5.0283E+01
   16.230   4.4192E+01
   16.240   3.6183E+01
   16.250   2.7981E+01
   16.260   2.2197E+01
   16.270   1.8251E+01
   16.280   1.5113E+01
   16.290   1.2462E+01
   16.300   9.8733E+00
   16.310   7.0689E+00
   16.320   2.8792E+00
   16.330  -1.0468E+00
   16.340  -1.8821E+00
   16.350  -9.5377E-01
   16.360   5.9654E-01
   16.370   4.0627E+00
   16.380   1.1096E+01
   16.390   2.0093E+01
   16.400   2.6323E+01
   16.410   2.6965E+01
   16.420   2.2783E+01
   16.430   1.6678E+01
   16.440   1.2002E+01
   16.450   9.6313E+00
   16.460   7.4807E+00
   16.470   6.1212E+00
   16.480   5.5366E+00
   16.490   6.3237E+00
   16.500   7.1185E+00
   16.510   4.6596E+00
   16.520  -6.4430E-01
   16.530  -6.3558E+00
   16.540  -9.1426E+00
   16.550  -9.4951E+00
   16.560  -1.0111E+01
   16.570  -1.1384E+01
   16.580  -1.4971E+01
   16.590  -2.1410E+01
   16.600  -2.9442E+01
   16.610  -3.5663E+01
   16.620  -3.6866E+01
   16.630  -3.3434E+01
   16.640  -2.8182E+01
   16.650  -2.2423E+01
   16.660  -1.8047E+01
   16.670  -1.6155E+01
   16.680  -1.5855E+01
   16.690  -1.5129E+01
   16.700  -1.3731E+01
   16.710  -1.1868E+01
   16.720  -8.1520E+00
   16.730  -1.7015E+00
   16.740   6.3586E+00
   16.750   1.2989E+01
   16.760   1.5594E+01
   16.770   1.4113E+01
   16.780   9.8343E+00
   16.790   4.3364E+00
   16.800  -2.2608E+00
   16.810  -7.9703E+00
   16.820  -1.0825E+01
   16.830  -1.0533E+01
   16.840  -8.7765E+00
   16.850  -7.4850E+00
   16.860  -8.1120E+00
   16.870  -9.0201E+00
   16.880  -1.0346E+01
   16.890  -1.3992E+01
   16.900  -2.0096E+01
   16.910  -2.6883E+01
   16.920  -3.1024E+01
   16.930  -3.1392E+01
   16.940  -2.8295E+01
   16.950  -2.2771E+01
   16.960  -1.6482E+01
   16.970  -1.0758E+01
   16.980  -6.0024E+00
   16.990  -4.3552E+00
   17.000  -6.7311E+00
   17.010  -1.0872E+01
   17.020  -1.3391E+01
   17.030  -1.2034E+01
   17.040  -7.5167E+00
   17.050  -2.5699E+00
   17.060   8.0757E-01
   17.070   2.6246E+00
   17.080   4.1574E+00
   17.090   5.6049E+00
   17.100   5.7322E+00
   17.110   4.9950E+00
   17.120   4.2774E+00
   17.130   4.4762E+00
   17.140   5.9210E+00
   17.150   8.1715E+00
   17.160   1.0607E+01
   17.170   1.2548E+01
   17.180   1.4012E+01
   17.190   1.3370E+01
   17.200   1.0301E+01
   17.210   7.6372E+00
   17.220   6.5877E+00
   17.230   6.9057E+00
   17.240   7.1141E+00
   17.250   6.0882E+00
   17.260   4.2603E+00
   17.270   1.4975E+00
   17.280  -1.6069E+00
   17.290  -4.2506E+00
   17.300  -4.8855E+00
   17.310  -3.7732E+00
   17.320  -2.7144E+00
   17.330  -3.2184E+00
   17.340  -4.8697E+00
   17.350  -6.1883E+00
   17.360  -7.6833E+00
   17.370  -9.7882E+00
   17.380  -1.2534E+01
   17.390  -1.6253E+01
   17.400  -2.0178E+01
   17.410  -2.3700E+01
   17.420  -2.5811E+01
   17.430  -2.5395E+01
   17.440  -2.2748E+01
   17.450  -1.9912E+01
   17.460  -1.8765E+01
   17.470  -1.8563E+01
   17.480  -1.8171E+01
   17.490  -1.7242E+01
   17.500  -1.6218E+01
   17.510  -1.4438E+01
   17.520  -1.1155E+01
   17.530  -7.4722E+00
   17.540  -4.7170E+00
   17.550  -4.4078E+00
   17.560  -6.5024E+00
   17.570  -8.5220E+00
   17.580  -9.8280E+00
   17.590  -1.1156E+01
   17.600  -1.2579E+01
   17.610  -1.2567E+01
   17.620  -9.9840E+00
   17.630  -6.0922E+00
   17.640  -3.6879E+00
   17.650  -3.3888E+00
   17.660  -4.0545E+00
   17.670  -3.8484E+00
   17.680  -1.7875E+00
   17.690   9.1154E-01
   17.700   2.6527E+00
   17.710   3.9674E+00
   17.720   4.9562E+00
   17.730   3.9211E+00
   17.740   4.4414E-01
   17.750  -4.4195E+00
   17.760  -9.5097E+00
   17.770  -1.2767E+01
   17.780  -1.3527E+01
   17.790  -1.2762E+01
   17.800  -1.0829E+01
   17.810  -8.5468E+00
   17.820  -5.9162E+00
   17.830  -3.1810E+00
   17.840  -1.5286E+00
   17.850  -1.4748E+00
   17.860  -2.7767E+00
   17.870  -3.9212E+00
   17.880  -4.7594E+00
   17.890  -6.5340E+00
   17.900  -8.8044E+00
   17.910  -9.7595E+00
   17.920  -8.5709E+00
   17.930  -5.6740E+00
   17.940  -2.0223E+00
   17.950   1.1314E+00
   17.960   3.1998E+00
   17.970   3.8571E+00
   17.980   3.3402E+00
   17.990   2.7106E+00
   18.000   1.8857E+00
   18.010   9.3169E-01
   18.020   1.7842E+00
   18.030   5.2041E+00
   18.040   9.0902E+00
   18.050   1.1438E+01
   18.060   1.1681E+01
   18.070   1.0188E+01
   18.080   6.9416E+00
   18.090   3.2695E+00
   18.100   6.4641E-01
   18.110  -7.4552E-01
   18.120  -1.2784E+00
   18.130  -1.3179E+00
   18.140  -1.5372E+00
   18.150  -1.4389E+00
   18.160   1.2645E-01
   18.170   3.6418E+00
   18.180   9.4441E+00
   18.190   1.6766E+01
   18.200   2.4012E+01
   18.210   2.8985E+01
   18.220   3.0149E+01
   18.230   2.8015E+01
   18.240   2.3855E+01
   18.250   1.9171E+01
   18.260   1.6474E+01
   18.270   1.6750E+01
   18.280   1.9251E+01
   18.290   2.2355E+01
   18.300   2.3875E+01
   18.310   2.3224E+01
   18.320   2.1226E+01
   18.330   1.9183E+01
   18.340   1.7393E+01
   18.350   1.5407E+01
   18.360   1.3528E+01
   18.370   1.2286E+01
   18.380   1.2028E+01
   18.390   1.1954E+01
   18.400   1.1165E+01
   18.410   8.9026E+00
   18.420   5.7046E+00
   18.430   3.2933E+00
   18.440   1.8691E+00
   18.450   1.0047E+00
   18.460   9.4263E-01
   18.470   8.1883E-01
   18.480  -8.8821E-02
   18.490  -1.4110E+00
   18.500  -2.4520E+00
   18.510  -2.8240E+00
   18.520  -2.9834E+00
   18.530  -3.0741E+00
   18.540  -3.3317E+00
   18.550  -2.5479E+00
   18.560  -3.9177E-01
   18.570   2.0922E+00
   18.580   4.5871E+00
   18.590   6.9974E+00
   18.600   9.1859E+00
   18.610   1.0560E+01
   18.620   1.0682E+01
   18.630   1.0136E+01
   18.640   8.8854E+00
   18.650   6.6762E+00
   18.660   4.5469E+00
   18.670   2.8750E+00
   18.680   1.7155E+00
   18.690   1.3635E+00
   18.700   1.5984E+00
   18.710   2.2168E+00
   18.720   2.7252E+00
   18.730   3.2908E+00
   18.740   5.0654E+00
   18.750   7.9020E+00
   18.760   1.0598E+01
   18.770   1.2286E+01
   18.780   1.2555E+01
   18.790   1.1400E+01
   18.800   9.0554E+00
   18.810   5.9861E+00
   18.820   3.2940E+00
   18.830   2.5441E+00
   18.840   3.6313E+00
   18.850   5.6381E+00
   18.860   7.6447E+00
   18.870   8.9123E+00
   18.880   8.7116E+00
   18.890   7.5889E+00
   18.900   7.2004E+00
   18.910   7.9936E+00
   18.920   9.1790E+00
   18.930   1.0203E+01
   18.940   1.0815E+01
   18.950   1.0751E+01
   18.960   1.0208E+01
   18.970   9.3500E+00
   18.980   8.7443E+00
   18.990   8.7833E+00
   19.000   8.8597E+00
   19.010   8.2836E+00
   19.020   6.1160E+00
   19.030   2.3318E+00
   19.040  -1.7578E+00
   19.050  -4.1378E+00
   19.060  -4.7400E+00
   19.070  -4.7287E+00
   19.080  -4.3169E+00
   19.090  -3.9507E+00
   19.100  -3.9536E+00
   19.110  -4.3267E+00
   19.120  -5.5822E+00
   19.130  -7.7492E+00
   19.140  -9.7953E+00
   19.150  -1.1017E+01
   19.160  -1.1590E+01
   19.170  -1.1682E+01
   19.180  -1.1289E+01
   19.190  -1.0807E+01
   19.200  -1.0591E+01
   19.210  -1.0271E+01
   19.220  -9.6623E+00
   19.230  -8.8416E+00
   19.240  -7.7868E+00
   19.250  -6.5012E+00
   19.260  -4.8138E+00
   19.270  -2.8602E+00
   19.280  -1.1656E+00
   19.290  -2.5344E-01
   19.300  -3.3400E-01
   19.310  -1.0711E+00
   19.320  -2.1002E+00
   19.330  -2.7302E+00
   19.340  -2.7160E+00
   19.350  -2.2957E+00
   19.360  -1.9420E+00
   19.370  -1.8854E+00
   19.380  -2.0746E+00
   19.390  -2.6147E+00
   19.400  -2.8151E+00
   19.410  -2.0557E+00
   19.420  -8.0812E-01
   19.430   5.8551E-02
   19.440   6.8655E-01
   19.450   1.8644E+00
   19.460   3.5101E+00
   19.470   4.5709E+00
   19.480   4.6222E+00
   19.490   3.8494E+00
   19.500   2.6150E+00
   19.510   1.2339E+00
   19.520  -1.0141E-01
   19.530  -1.4907E+00
   19.540  -2.6704E+00
   19.550  -3.6670E+00
   19.560  -4.3267E+00
   19.570  -4.4925E+00
   19.580  -4.5697E+00
   19.590  -4.3908E+00
   19.600  -3.6428E+00
   19.610  -2.8471E+00
   19.620  -2.5097E+00
   19.630  -2.0131E+00
   19.640  -7.6990E-01
   19.650   3.1437E-01
   19.660   6.2694E-02
   19.670  -1.4600E+00
   19.680  -3.7046E+00
   19.690  -6.0628E+00
   19.700  -7.3861E+00
   19.710  -6.9277E+00
   19.720  -5.0164E+00
   19.730  -2.6170E+00
   19.740  -7.6874E-01
   19.750  -1.8596E-01
   19.760  -9.8353E-01
   19.770  -2.0558E+00
   19.780  -2.5736E+00
   19.790  -2.4974E+00
   19.800  -2.2297E+00
   19.810  -2.1852E+00
   19.820  -1.9884E+00
   19.830  -1.5488E+00
   19.840  -1.1536E+00
   19.850  -8.9908E-01
   19.860  -8.5225E-01
   19.870  -7.6801E-01
   19.880  -8.2701E-01
   19.890  -1.3528E+00
   19.900  -2.7597E+00
   19.910  -4.7944E+00
   19.920  -6.6503E+00
   19.930  -7.8944E+00
   19.940  -8.2229E+00
   19.950  -7.9834E+00
   19.960  -7.7353E+00
   19.970  -7.5136E+00
   19.980  -7.2668E+00
   19.990  -7.0280E+00
   20.000  -6.6865E+00
   20.010  -6.0870E+00
   20.020  -5.2042E+00
   20.030  -4.0650E+00
   20.040  -2.9203E+00
   20.050  -1.7292E+00
   20.060  -5.7644E-01
   20.070   7.5596E-01
   20.080   2.1577E+00
   20.090   2.9699E+00
   20.100   3.1512E+00
   20.110   2.8357E+00
   20.120   1.3959E+00
   20.130  -9.4920E-01
   20.140  -2.7891E+00
   20.150  -3.7073E+00
   20.160  -4.2163E+00
   20.170  -4.2550E+00
   20.180  -3.5407E+00
   20.190  -1.8794E+00
   20.200   2.5094E-01
   20.210   1.6833E+00
   20.220   2.3885E+00
   20.230   3.1563E+00
   20.240   3.9623E+00
   20.250   4.3270E+00
   20.260   3.9780E+00
   20.270   2.8803E+00
   20.280   1.6115E+00
   20.290   7.3253E-01
   20.300   2.8147E-01
   20.310  -2.4756E-02
   20.320  -3.4383E-01
   20.330  -9.7615E-01
   20.340  -2.4316E+00
   20.350  -4.6157E+00
   20.360  -6.9155E+00
   20.370  -8.8255E+00
   20.380  -1.0165E+01
   20.390  -1.0703E+01
   20.400  -1.0454E+01
   20.410  -9.7729E+00
   20.420  -8.7873E+00
   20.430  -7.4820E+00
   20.440  -5.7544E+00
   20.450  -3.4319E+00
   20.460  -8.0217E-01
   20.470   1.5572E+00
   20.480   2.9967E+00
   20.490   3.7995E+00
   20.500   4.2097E+00
   20.510   4.1755E+00
   20.520   3.8100E+00
   20.530   3.4471E+00
   20.540   3.4960E+00
   20.550   3.7586E+00
   20.560   3.7993E+00
   20.570   3.5763E+00
   20.580   3.1450E+00
   20.590   2.6580E+00
   20.600   2.2013E+00
   20.610   1.8820E+00
   20.620   1.7004E+00
   20.630   1.5247E+00
   20.640   1.3509E+00
   20.650   1.4337E+00
   20.660   1.8034E+00
   20.670   2.1571E+00
   20.680   2.3513E+00
   20.690   2.3829E+00
   20.700   2.3245E+00
   20.710   2.2306E+00
   20.720   2.2483E+00
   20.730   2.2529E+00
   20.740   1.9863E+00
   20.750   1.3759E+00
   20.760   6.0694E-01
   20.770   7.4062E-02
   20.780  -2.4625E-01
   20.790  -5.6822E-01
   20.800  -9.2606E-01
   20.810  -1.1388E+00
   20.820  -1.0487E+00
   20.830  -7.2467E-01
   20.840  -3.9586E-01
   20.850  -3.2037E-01
   20.860  -4.5904E-01
   20.870  -6.1703E-01
   20.880  -6.0579E-01
   20.890  -4.5076E-01
   20.900  -2.6400E-02
   20.910   5.2737E-01
   20.920   6.7982E-01
   20.930   5.4098E-01
   20.940   4.6521E-01
   20.950   3.3122E-01
   20.960   1.8333E-01
   20.970   2.6781E-01
   20.980   4.9226E-01
   20.990   9.8121E-01
   21.000   1.8821E+00
   21.010   2.8373E+00
   21.020   3.3189E+00
   21.030   3.0675E+00
   21.040   2.2413E+00
   21.050   1.2597E+00
   21.060   4.9892E-01
   21.070   3.9996E-02
   21.080  -1.0466E-01
   21.090  -1.0012E-01
   21.100  -1.3271E-01
   21.110  -3.6646E-01
   21.120  -8.2116E-01
   21.130  -1.3885E+00
   21.140  -1.7410E+00
   21.150  -1.5325E+00
   21.160  -9.4912E-01
   21.170  -4.7730E-01
   21.180  -3.6938E-01
   21.190  -6.0742E-01
   21.200  -8.0845E-01
   21.210  -7.9053E-01
   21.220  -5.8519E-01
   21.230  -2.0372E-01
   21.240   2.1488E-01
   21.250   8.0524E-01
   21.260   1.5429E+00
   21.270   2.1101E+00
   21.280   2.4398E+00
   21.290   2.5089E+00
   21.300   2.3754E+00
   21.310   2.1917E+00
   21.320   2.1901E+00
   21.330   2.2384E+00
   21.340   2.1368E+00
   21.350   1.8992E+00
   21.360   1.5381E+00
   21.370   1.1621E+00
   21.380   1.0353E+00
   21.390   1.0826E+00
   21.400   1.2333E+00
   21.410   1.5499E+00
   21.420   1.9515E+00
   21.430   2.2459E+00
   21.440   2.3511E+00
   21.450   2.3345E+00
   21.460   2.3634E+00
   21.470   2.4538E+00
   21.480   2.4319E+00
   21.490   2.2440E+00
   21.500   2.0670E+00
   21.510   1.8834E+00
   21.520   1.6761E+00
   21.530   1.5233E+00
   21.540   1.4293E+00
   21.550   1.4765E+00
   21.560   1.6646E+00
   21.570   1.7572E+00
   21.580   1.6591E+00
   21.590   1.2379E+00
   21.600   4.9186E-01
   21.610  -2.4389E-01
   21.620  -7.8409E-01
   21.630  -1.0959E+00
   21.640  -1.1655E+00
   21.650  -1.0320E+00
   21.660  -6.9150E-01
   21.670  -3.1947E-01
   21.680  -8.1347E-02
   21.690   2.1238E-02
   21.700  -1.9067E-03
   21.710  -3.1225E-02
   21.720  -2.1132E-01
   21.730  -3.3906E-01
   21.740  -3.9768E-01
   21.750  -4.1064E-01
   21.760  -4.0732E-01
   21.770  -3.4311E-01
   21.780  -2.4704E-01
   21.790  -1.6321E-01
   21.800  -1.4010E-02
   21.810   2.0471E-01
   21.820   3.8435E-01
   21.830   4.3618E-01
   21.840   3.4746E-01
   21.850   2.5765E-01
   21.860   2.0518E-01
   21.870   2.5027E-01
   21.880   3.2540E-01
   21.890   2.6724E-01
   21.900   5.4554E-02
   21.910  -1.7193E-01
   21.920  -2.5770E-01
   21.930  -1.0653E-01
   21.940   2.5298E-01
   21.950   6.9131E-01
   21.960   1.0769E+00
   21.970   1.3028E+00
   21.980   1.2906E+00
   21.990   1.0789E+00
   22.000   7.9406E-01
   22.010   5.0874E-01
   22.020   2.8355E-01
   22.030   1.2381E-01
   22.040  -1.0203E-03
   22.050  -9.8110E-02
   22.060  -6.4971E-02
   22.070  -1.6094E-01
   22.080  -1.6690E-01
   22.090  -3.1947E-01
   22.100  -5.0348E-01
   22.110  -6.7944E-01
   22.120  -6.4055E-01
   22.130  -3.2375E-01
   22.140   1.7407E-01
   22.150   6.7142E-01
   22.160   9.4513E-01
   22.170   8.3599E-01
   22.180   3.9289E-01
   22.190  -1.6996E-01
   22.200  -5.9480E-01
   22.210  -7.8108E-01
   22.220  -7.6437E-01
   22.230  -6.0010E-01
   22.240  -3.6426E-01
   22.250  -2.0333E-01
   22.260  -1.7141E-01
   22.270  -2.2167E-01
   22.280  -3.1740E-01
   22.290  -4.3032E-01
   22.300  -6.5159E-01
   22.310  -1.0037E+00
   22.320  -1.3304E+00
   22.330  -1.5216E+00
   22.340  -1.6084E+00
   22.350  -1.5530E+00
   22.360  -1.3620E+00
   22.370  -1.1246E+00
   22.380  -9.1546E-01
   22.390  -8.1312E-01
   22.400  -8.0978E-01
   22.410  -9.3083E-01
   22.420  -1.0603E+00
   22.430  -1.1052E+00
   22.440  -1.0878E+00
   22.450  -9.9716E-01
   22.460  -8.3581E-01
   22.470  -6.6199E-01
   22.480  -4.8387E-01
   22.490  -3.1187E-01
   22.500  -8.3478E-02
   22.510   1.6898E-01
   22.520   3.5464E-01
   22.530   4.8177E-01
   22.540   4.9784E-01
   22.550   3.9641E-01
   22.560   2.5601E-01
   22.570   1.9094E-01
   22.580   2.5468E-01
   22.590   4.0956E-01
   22.600   5.7174E-01
   22.610   7.7418E-01
   22.620   9.3234E-01
   22.630   9.9616E-01
   22.640   9.2148E-01
   22.650   6.9739E-01
   22.660   3.4175E-01
   22.670  -4.6650E-02
   22.680  -4.1398E-01
   22.690  -7.1674E-01
   22.700  -9.3622E-01
   22.710  -1.0724E+00
   22.720  -1.1853E+00
   22.730  -1.1427E+00
   22.740  -1.0039E+00
   22.750  -7.8830E-01
   22.760  -5.6685E-01
   22.770  -4.2240E-01
   22.780  -3.8790E-01
   22.790  -4.2941E-01
   22.800  -4.8753E-01
   22.810  -5.2802E-01
   22.820  -5.5343E-01
   22.830  -5.7789E-01
   22.840  -5.9967E-01
   22.850  -5.9687E-01
   22.860  -5.4331E-01
   22.870  -4.2582E-01
   22.880  -2.4837E-01
   22.890  -2.6205E-02
   22.900   2.1673E-01
   22.910   4.4468E-01
   22.920   6.1442E-01
   22.930   6.9432E-01
   22.940   6.9366E-01
   22.950   6.1680E-01
   22.960   5.1807E-01
   22.970   4.3401E-01
   22.980   3.9196E-01
   22.990   4.0589E-01
   23.000   4.6432E-01
   23.010   5.1851E-01
   23.020   5.2311E-01
   23.030   4.2865E-01
   23.040   2.5108E-01
   23.050   5.0816E-02
   23.060  -1.0494E-01
   23.070  -1.7137E-01
   23.080  -1.3088E-01
   23.090   8.4152E-03
   23.100   2.0576E-01
   23.110   3.9134E-01
   23.120   5.0081E-01
   23.130   4.9376E-01
   23.140   4.5390E-01
   23.150   4.0691E-01
   23.160   3.7332E-01
   23.170   3.5018E-01
   23.180   3.3547E-01
   23.190   3.3616E-01
   23.200   3.5866E-01
   23.210   4.0625E-01
   23.220   4.8447E-01
   23.230   5.9245E-01
   23.240   7.0040E-01
   23.250   7.4881E-01
   23.260   6.8834E-01
   23.270   5.2586E-01
   23.280   3.2223E-01
   23.290   1.3785E-01
   23.300  -1.8142E-02
   23.310  -1.9826E-01
   23.320  -4.0499E-01
   23.330  -6.4080E-01
   23.340  -8.4122E-01
   23.350  -9.3501E-01
   23.360  -8.8674E-01
   23.370  -7.0687E-01
   23.380  -4.4457E-01
   23.390  -1.7784E-01
   23.400   1.5424E-02
   23.410   1.0503E-01
   23.420   1.3785E-01
   23.430   1.9123E-01
   23.440   3.0368E-01
   23.450   4.4522E-01
   23.460   5.5064E-01
   23.470   5.6815E-01
   23.480   4.7979E-01
   23.490   2.9870E-01
   23.500   6.3783E-02
   23.510  -1.7073E-01
   23.520  -3.6030E-01
   23.530  -2.5237E-01
   23.540  -2.9430E-01
   23.550  -2.1258E-01
   23.560  -2.4378E-01
   23.570  -1.9561E-01
   23.580  -3.7518E-02
   23.590   1.6558E-01
   23.600   3.0140E-01
   23.610   3.0326E-01
   23.620   2.0466E-01
   23.630   1.0272E-01
   23.640   7.7075E-02
   23.650   1.4515E-01
   23.660   2.7645E-01
   23.670   4.2959E-01
   23.680   5.7920E-01
   23.690   7.2468E-01
   23.700   8.7788E-01
   23.710   1.0333E+00
   23.720   1.1495E+00
   23.730   1.1730E+00
   23.740   1.0869E+00
   23.750   9.3242E-01
   23.760   7.7614E-01
   23.770   6.5649E-01
   23.780   5.6424E-01
   23.790   5.1479E-01
   23.800   4.2054E-01
   23.810   3.5633E-01
   23.820   3.3691E-01
   23.830   3.4487E-01
   23.840   3.4428E-01
   23.850   3.1358E-01
   23.860   2.7985E-01
   23.870   1.9504E-01
   23.880   7.2406E-02
   23.890  -8.7033E-02
   23.900  -2.4624E-01
   23.910  -3.4849E-01
   23.920  -3.1793E-01
   23.930  -2.6796E-01
   23.940  -1.4458E-01
   23.950  -2.0458E-02
   23.960   9.3421E-02
   23.970   1.8096E-01
   23.980   2.3259E-01
   23.990   2.5339E-01
   24.000   2.5898E-01
   24.010   2.4641E-01
   24.020   2.4470E-01
   24.030   2.6175E-01
   24.040   3.2674E-01
   24.050   4.3313E-01
   24.060   5.8396E-01
   24.070   7.1332E-01
   24.080   7.3523E-01
   24.090   6.0649E-01
   24.100   3.9732E-01
   24.110   1.7233E-01
   24.120  -2.6631E-02
   24.130  -1.9423E-01
   24.140  -3.2424E-01
   24.150  -3.9928E-01
   24.160  -4.1182E-01
   24.170  -3.6754E-01
   24.180  -2.6542E-01
   24.190   2.8698E-05
   24.200   1.7921E-01
   24.210   3.4024E-01
   24.220   4.3128E-01
   24.230   4.4661E-01
   24.240   4.1305E-01
   24.250   3.4905E-01
   24.260   2.5321E-01
   24.270   1.1323E-01
   24.280  -2.4582E-02
   24.290  -1.4521E-01
   24.300  -2.7075E-01
   24.310  -3.3617E-01
   24.320  -4.0867E-01
   24.330  -3.7800E-01
   24.340  -3.1695E-01
   24.350  -2.3835E-01
   24.360  -1.7180E-01
   24.370  -1.5307E-01
   24.380  -1.9204E-01
   24.390  -2.5532E-01
   24.400  -3.2681E-01
   24.410  -3.3519E-01
   24.420  -3.1993E-01
   24.430  -2.2454E-01
   24.440  -1.1922E-01
   24.450  -3.0559E-02
   24.460   1.9753E-02
   24.470   1.8526E-02
   24.480  -3.4731E-02
   24.490  -1.2423E-01
   24.500  -2.1896E-01
   24.510  -2.8397E-01
   24.520  -2.9780E-01
   24.530  -2.2282E-01
   24.540  -1.4198E-01
   24.550  -6.1544E-02
   24.560  -1.6709E-02
   24.570  -3.4949E-02
   24.580  -1.2449E-01
   24.590  -2.7235E-01
   24.600  -4.5417E-01
   24.610  -6.4164E-01
   24.620  -8.0248E-01
   24.630  -7.3265E-01
   24.640  -7.6256E-01
   24.650  -7.4394E-01
   24.660  -6.7974E-01
   24.670  -5.7106E-01
   24.680  -4.3079E-01
   24.690  -1.8677E-01
   24.700  -7.9651E-02
   24.710   9.8271E-03
   24.720   9.7538E-02
   24.730   1.6082E-01
   24.740   2.9041E-01
   24.750   2.0144E-02
   24.760  -8.1650E-02
   24.770  -2.2502E-01
   24.780  -3.9585E-01
   24.790  -4.8041E-01
   24.800  -4.8109E-01
   24.810  -4.0350E-01
   24.820  -2.8827E-01
   24.830  -1.8143E-01
   24.840  -1.0458E-01
   24.850  -5.2047E-02
   24.860  -7.9200E-03
   24.870   4.1874E-02
   24.880   1.0891E-01
   24.890   2.0755E-01
   24.900   3.3531E-01
   24.910   4.6927E-01
   24.920   5.7645E-01
   24.930   6.3110E-01
   24.940   6.2363E-01
   24.950   5.5949E-01
   24.960   4.5463E-01
   24.970   3.3007E-01
   24.980   2.0761E-01
   24.990   1.1114E-01
   25.000   7.1087E-02
   25.010   1.1660E-01
   25.020   2.5100E-01
   25.030   4.3390E-01
   25.040   5.9807E-01
   25.050   6.9093E-01
   25.060   7.0015E-01
   25.070   6.4405E-01
   25.080   5.5045E-01
   25.090   4.4963E-01
   25.100   3.7265E-01
   25.110   3.3628E-01
   25.120   3.2833E-01
   25.130   3.2178E-01
   25.140   3.0929E-01
   25.150   3.0837E-01
   25.160   3.5450E-01
   25.170   3.7277E-01
   25.180   3.6474E-01
   25.190   2.6764E-01
   25.200   1.6453E-01
   25.210   3.6082E-02
   25.220  -7.1781E-02
   25.230  -1.8012E-01
   25.240  -3.2999E-01
   25.250  -3.9149E-01
   25.260  -5.1801E-01
   25.270  -6.0657E-01
   25.280  -6.5169E-01
   25.290  -6.6897E-01
   25.300  -6.8127E-01
   25.310  -7.0856E-01
   25.320  -7.5802E-01
   25.330  -8.1581E-01
   25.340  -8.5167E-01
   25.350  -8.3831E-01
   25.360  -7.6777E-01
   25.370  -6.4951E-01
   25.380  -4.9711E-01
   25.390  -3.2317E-01
   25.400  -1.4672E-01
   25.410   2.0506E-03
   25.420   9.4125E-02
   25.430   1.2394E-01
   25.440   1.1862E-01
   25.450   1.1920E-01
   25.460   1.4906E-01
   25.470   2.0178E-01
   25.480   2.5996E-01
   25.490   3.1732E-01
   25.500   3.7259E-01
   25.510   4.0623E-01
   25.520   3.8217E-01
   25.530   2.8374E-01
   25.540   1.4092E-01
   25.550   9.7481E-03
   25.560  -7.4044E-02
   25.570  -1.1433E-01
   25.580  -1.3281E-01
   25.590  -1.4241E-01
   25.600  -1.4499E-01
   25.610  -1.4039E-01
   25.620  -1.2360E-01
   25.630  -7.7455E-02
   25.640   1.3929E-02
   25.650   1.3270E-01
   25.660  -6.0783E-02
   25.670  -8.5454E-02
   25.680  -2.1343E-01
   25.690  -4.1036E-01
   25.700  -5.9820E-01
   25.710  -7.0682E-01
   25.720  -7.1113E-01
   25.730  -6.3271E-01
   25.740  -5.1885E-01
   25.750  -4.1704E-01
   25.760  -3.5169E-01
   25.770  -3.1405E-01
   25.780  -2.7969E-01
   25.790  -2.4221E-01
   25.800  -2.2339E-01
   25.810  -2.4439E-01
   25.820  -2.9637E-01
   25.830  -3.5623E-01
   25.840  -4.0343E-01
   25.850  -4.5709E-01
   25.860  -5.3192E-01
   25.870  -6.2216E-01
   25.880  -7.0935E-01
   25.890  -7.7914E-01
   25.900  -8.2571E-01
   25.910  -8.4802E-01
   25.920  -8.4759E-01
   25.930  -8.2549E-01
   25.940  -7.7765E-01
   25.950  -6.9572E-01
   25.960  -5.7334E-01
   25.970  -4.1104E-01
   25.980  -2.2028E-01
   25.990  -2.9347E-02
   26.000   1.2285E-01
   26.010   2.1545E-01
   26.020   2.7038E-01
   26.030   3.3431E-01
   26.040   4.2974E-01
   26.050   5.3300E-01
   26.060   6.0426E-01
   26.070   6.2706E-01
   26.080   6.1230E-01
   26.090   5.7672E-01
   26.100   5.3074E-01
   26.110   4.8004E-01
   26.120   4.2632E-01
   26.130   3.6965E-01
   26.140   3.2064E-01
   26.150   3.0687E-01
   26.160   3.5392E-01
   26.170   4.5589E-01
   26.180   5.7115E-01
   26.190   6.5118E-01
   26.200   6.7348E-01
   26.210   6.5148E-01
   26.220   6.2025E-01
   26.230   6.1199E-01
   26.240   6.3557E-01
   26.250   6.7277E-01
   26.260   7.9441E-01
   26.270   7.8596E-01
   26.280   7.2453E-01
   26.290   6.2267E-01
   26.300   6.1223E-01
   26.310   3.4941E-01
   26.320   2.4514E-01
   26.330   1.6404E-01
   26.340   1.0249E-01
   26.350   5.6631E-02
   26.360   2.0043E-02
   26.370  -2.4827E-02
   26.380  -1.0507E-01
   26.390  -2.4070E-01
   26.400  -4.2786E-01
   26.410  -6.3804E-01
   26.420  -8.3236E-01
   26.430  -9.7808E-01
   26.440  -1.0558E+00
   26.450  -1.0569E+00
   26.460  -9.8117E-01
   26.470  -8.4336E-01
   26.480  -6.8024E-01
   26.490  -5.3942E-01
   26.500  -4.5143E-01
   26.510  -4.1281E-01
   26.520  -3.9933E-01
   26.530  -3.9157E-01
   26.540  -3.8353E-01
   26.550  -3.4166E-01
   26.560  -3.2563E-01
   26.570  -3.0510E-01
   26.580  -2.8100E-01
   26.590  -2.4726E-01
   26.600  -1.9209E-01
   26.610  -1.0824E-01
   26.620   3.0932E-03
   26.630   1.3998E-01
   26.640   3.0377E-01
   26.650   2.9549E-01
   26.660   4.4416E-01
   26.670   5.3978E-01
   26.680   5.6191E-01
   26.690   5.1604E-01
   26.700   4.3262E-01
   26.710   3.5112E-01
   26.720   2.9854E-01
   26.730   2.7603E-01
   26.740   2.6201E-01
   26.750   2.2858E-01
   26.760   1.5848E-01
   26.770   4.9881E-02
   26.780  -9.0900E-02
   26.790  -2.5683E-01
   26.800  -4.3585E-01
   26.810  -5.9930E-01
   26.820  -7.0150E-01
   26.830  -7.0156E-01
   26.840  -5.9315E-01
   26.850  -4.1557E-01
   26.860  -2.1660E-01
   26.870  -9.0050E-02
   26.880   4.7561E-03
   26.890   3.5941E-03
   26.900  -1.0195E-02
   26.910  -2.0315E-02
   26.920  -3.5524E-02
   26.930  -7.3202E-02
   26.940  -1.3348E-01
   26.950  -1.9281E-01
   26.960  -2.2404E-01
   26.970  -2.2091E-01
   26.980  -2.0138E-01
   26.990  -1.9000E-01
   27.000  -1.9710E-01
   27.010  -2.0982E-01
   27.020  -2.0004E-01
   27.030  -3.2095E-01
   27.040  -2.1802E-01
   27.050  -8.9304E-02
   27.060   2.9503E-02
   27.070   1.3769E-01
   27.080   2.2885E-01
   27.090   2.9743E-01
   27.100   3.2266E-01
   27.110   2.8382E-01
   27.120   1.7755E-01
   27.130   2.2973E-02
   27.140  -1.4186E-01
   27.150  -2.7284E-01
   27.160  -3.4238E-01
   27.170  -3.5858E-01
   27.180  -3.4657E-01
   27.190  -3.0890E-01
   27.200  -2.3430E-01
   27.210  -1.1953E-01
   27.220   1.5420E-02
   27.230   1.4144E-01
   27.240   2.4214E-01
   27.250   3.1724E-01
   27.260   3.5898E-01
   27.270   3.2815E-01
   27.280   3.4287E-01
   27.290   3.3907E-01
   27.300   3.0620E-01
   27.310   2.6295E-01
   27.320   2.1352E-01
   27.330   1.6177E-01
   27.340   9.7421E-02
   27.350   1.4927E-02
   27.360  -6.9726E-02
   27.370  -1.2980E-01
   27.380  -1.5088E-01
   27.390  -1.3734E-01
   27.400  -1.0282E-01
   27.410  -6.4303E-02
   27.420  -4.0908E-02
   27.430  -4.6139E-02
   27.440  -9.5928E-02
   27.450  -1.6311E-01
   27.460  -2.3258E-01
   27.470  -2.9882E-01
   27.480  -3.5994E-01
   27.490  -4.0959E-01
   27.500  -4.3210E-01
   27.510  -4.0600E-01
   27.520  -3.1902E-01
   27.530  -1.8630E-01
   27.540  -5.0280E-02
   27.550   4.4665E-02
   27.560   7.9745E-02
   27.570   6.4021E-02
   27.580   1.6314E-02
   27.590  -4.7616E-02
   27.600  -1.1315E-01
   27.610  -1.6444E-01
   27.620  -1.9056E-01
   27.630  -1.9086E-01
   27.640  -1.6243E-01
   27.650  -1.1486E-01
   27.660  -4.1377E-02
   27.670   5.7056E-02
   27.680   1.6107E-01
   27.690   2.3829E-01
   27.700   2.6696E-01
   27.710   2.5470E-01
   27.720   2.3079E-01
   27.730   2.2044E-01
   27.740   2.2991E-01
   27.750   2.5350E-01
   27.760   2.8527E-01
   27.770   3.2106E-01
   27.780   2.0110E-01
   27.790   2.9548E-01
   27.800   3.6415E-01
   27.810   4.1137E-01
   27.820   3.4463E-01
   27.830   3.2738E-01
   27.840   2.8389E-01
   27.850   2.2373E-01
   27.860   1.5525E-01
   27.870   8.0636E-02
   27.880  -8.3588E-04
   27.890  -8.5876E-02
   27.900  -1.6337E-01
   27.910  -2.1774E-01
   27.920  -2.3884E-01
   27.930  -2.3031E-01
   27.940  -2.0679E-01
   27.950  -1.8238E-01
   27.960  -1.6278E-01
   27.970  -1.4599E-01
   27.980  -1.2510E-01
   27.990  -9.0189E-02
   28.000  -3.6299E-02
   28.010  -9.1866E-02
   28.020  -6.1111E-02
   28.030  -6.9130E-02
   28.040  -1.2011E-01
   28.050  -2.0163E-01
   28.060  -2.9104E-01
   28.070  -3.6587E-01
   28.080  -4.1119E-01
   28.090  -4.2114E-01
   28.100  -3.9700E-01
   28.110  -3.4657E-01
   28.120  -2.8403E-01
   28.130  -2.2515E-01
   28.140  -1.7792E-01
   28.150  -1.3881E-01
   28.160  -1.0054E-01
   28.170  -6.1267E-02
   28.180  -7.1449E-02
   28.190  -1.0004E-01
   28.200  -6.5549E-02
   28.210  -3.4892E-02
   28.220   7.4669E-03
   28.230   5.1992E-02
   28.240   9.4615E-02
   28.250   1.3613E-01
   28.260   1.7553E-01
   28.270   2.0899E-01
   28.280   2.3544E-01
   28.290   2.5810E-01
   28.300   2.7778E-01
   28.310   2.8786E-01
   28.320   2.7990E-01
   28.330   2.5329E-01
   28.340   2.1667E-01
   28.350   1.7974E-01
   28.360   1.4625E-01
   28.370   1.1465E-01
   28.380   8.2770E-02
   28.390   5.0050E-02
   28.400   1.7406E-02
   28.410  -1.2793E-02
   28.420  -3.6930E-02
   28.430  -5.1811E-02
   28.440  -5.5697E-02
   28.450  -4.7119E-02
   28.460  -2.4210E-02
   28.470   1.1790E-02
   28.480  -8.6063E-02
   28.490  -5.8364E-02
   28.500  -3.2684E-02
   28.510  -8.1416E-03
   28.520   1.6797E-02
   28.530   3.9918E-02
   28.540   5.5809E-02
   28.550   8.2542E-02
   28.560   8.0159E-02
   28.570   7.6634E-02
   28.580   7.8448E-02
   28.590   8.8381E-02
   28.600   1.0337E-01
   28.610   1.1564E-01
   28.620   1.1672E-01
   28.630   1.0179E-01
   28.640   7.1780E-02
   28.650   3.2658E-02
   28.660  -7.0792E-03
   28.670  -4.0255E-02
   28.680  -6.4866E-02
   28.690  -8.4812E-02
   28.700  -1.0526E-01
   28.710  -1.2643E-01
   28.720  -1.4242E-01
   28.730  -1.4614E-01
   28.740  -1.3374E-01
   28.750  -1.0385E-01
   28.760  -5.6038E-02
   28.770   5.7152E-03
   28.780   6.8408E-02
   28.790   1.1326E-01
   28.800   1.2740E-01
   28.810   1.1268E-01
   28.820   8.3183E-02
   28.830   5.5235E-02
   28.840   4.0045E-02
   28.850   4.2051E-02
   28.860   5.9528E-02
   28.870   8.5388E-02
   28.880   1.0962E-01
   28.890   1.2308E-01
   28.900   1.2007E-01
   28.910   9.9212E-02
   28.920   6.4115E-02
   28.930   1.9786E-02
   28.940  -4.2530E-02
   28.950  -7.3617E-02
   28.960  -9.1262E-02
   28.970  -9.4666E-02
   28.980  -8.7982E-02
   28.990  -8.1718E-02
   29.000  -8.8854E-02
   29.010  -1.1527E-01
   29.020  -1.5437E-01
   29.030  -1.9371E-01
   29.040  -2.2512E-01
   29.050  -2.4542E-01
   29.060  -2.5006E-01
   29.070  -2.3368E-01
   29.080  -1.9856E-01
   29.090  -1.5702E-01
   29.100  -1.2183E-01
   29.110  -9.7497E-02
   29.120  -8.2595E-02
   29.130  -7.6046E-02
   29.140  -7.6712E-02
   29.150  -8.0751E-02
   29.160  -8.5525E-02
   29.170  -9.5551E-02
   29.180  -1.1882E-01
   29.190  -1.5582E-01
   29.200  -1.9544E-01
   29.210  -2.2269E-01
   29.220  -2.2817E-01
   29.230  -2.1016E-01
   29.240  -1.7200E-01
   29.250  -1.2066E-01
   29.260  -6.5419E-02
   29.270  -1.4050E-02
   29.280   3.1007E-02
   29.290   7.2003E-02
   29.300   1.1202E-01
   29.310   1.5230E-01
   29.320   1.9265E-01
   29.330   2.3206E-01
   29.340   2.6781E-01
   29.350   2.9448E-01
   29.360   3.0601E-01
   29.370   2.9964E-01
   29.380   2.7786E-01
   29.390   2.4584E-01
   29.400   2.0863E-01
   29.410   1.7191E-01
   29.420   1.4411E-01
   29.430   1.3374E-01
   29.440   1.5389E-01
   29.450   1.7419E-01
   29.460   1.9133E-01
   29.470   1.9166E-01
   29.480   1.8173E-01
   29.490   1.2147E-01
   29.500   6.2902E-02
   29.510   1.1612E-02
   29.520  -2.0042E-02
   29.530   1.9250E-02
   29.540   3.2896E-02
   29.550   4.3760E-02
   29.560   4.6877E-02
   29.570   4.0472E-02
   29.580   2.3845E-02
   29.590  -1.6757E-03
   29.600  -3.1729E-02
   29.610  -6.0090E-02
   29.620  -8.0758E-02
   29.630  -9.0976E-02
   29.640  -9.4476E-02
   29.650  -1.0069E-01
   29.660  -1.8980E-01
   29.670  -2.0666E-01
   29.680  -2.2391E-01
   29.690  -2.3825E-01
   29.700  -2.4908E-01
   29.710  -2.5211E-01
   29.720  -9.4728E-02
   29.730  -6.8813E-02
   29.740  -3.2879E-02
   29.750   1.8058E-03
   29.760   2.7445E-02
   29.770   4.4934E-02
   29.780   5.9835E-02
   29.790   7.6089E-02
   29.800   9.4446E-02
   29.810   1.1446E-01
   29.820   1.3558E-01
   29.830   1.5581E-01
   29.840   1.7008E-01
   29.850   1.7136E-01
   29.860   1.5529E-01
   29.870   1.2452E-01
   29.880   8.8211E-02
   29.890   5.6485E-02
   29.900   3.5530E-02
   29.910   2.7054E-02
   29.920   3.0023E-02
   29.930   4.1159E-02
   29.940   5.4779E-02
   29.950   6.4226E-02
   29.960   6.4883E-02
   29.970   5.6671E-02
   29.980   4.4472E-02
   29.990   3.5317E-02
   30.000   3.3085E-02
   30.010   3.4945E-02
   30.020   3.3853E-02
   30.030   2.4769E-02
   30.040   7.5656E-03
   30.050  -1.5413E-02
   30.060  -4.1932E-02
   30.070  -4.6216E-02
   30.080  -6.5230E-02
   30.090  -8.1577E-02
   30.100  -8.8011E-02
   30.110  -9.7103E-02
   30.120  -1.0334E-01
   30.130  -1.0883E-01
   30.140  -1.1639E-01
   30.150  -1.2580E-01
   30.160  -1.3206E-01
   30.170  -1.2926E-01
   30.180  -8.6903E-02
   30.190  -4.1069E-02
   30.200  -2.5171E-02
   30.210  -1.0811E-02
   30.220  -5.3579E-04
   30.230   3.6749E-03
   30.240   2.4746E-03
   30.250  -5.3781E-04
   30.260  -1.0715E-03
   30.270  -8.4039E-03
   30.280  -5.0173E-03
   30.290  -4.0483E-04
   30.300   2.9521E-03
   30.310   4.5458E-03
   30.320   6.4546E-03
   30.330   1.0470E-02
   30.340  -1.5809E-02
   30.350  -1.7355E-02
   30.360  -1.5802E-02
   30.370  -1.0292E-02
   30.380  -1.4011E-03
   30.390   7.9549E-03
   30.400   1.4851E-02
   30.410   1.9186E-02
   30.420   2.3134E-02
   30.430   2.7927E-02
   30.440   3.2294E-02
   30.450   2.0949E-02
   30.460   2.2179E-02
   30.470   2.0267E-02
   30.480   1.5000E-02
   30.490   7.3680E-03
   30.500   4.1101E-04
   30.510  -2.1832E-03
   30.520   1.1109E-03
   30.530   8.6837E-03
   30.540   1.8020E-02
   30.550   2.8114E-02
   30.560   3.9058E-02
   30.570   1.2415E-02
   30.580   1.5608E-02
   30.590   1.8254E-02
   30.600   2.0913E-02
   30.610   2.1763E-02
   30.620   1.7323E-02
   30.630   6.5267E-03
   30.640  -7.3188E-03
   30.650  -1.9598E-02
   30.660  -2.7941E-02
   30.670  -2.4586E-02
   30.680  -2.5995E-02
   30.690  -2.1101E-02
   30.700  -1.1901E-02
   30.710  -3.4163E-03
   30.720   9.0500E-04
   30.730   1.3247E-03
   30.740  -6.0323E-04
   30.750  -4.0928E-03
   30.760  -7.8371E-03
   30.770  -9.0251E-03
   30.780  -5.4209E-03
   30.790   2.5278E-03
   30.800   1.2731E-02
   30.810   2.3274E-02
   30.820   3.1960E-02
   30.830   3.5545E-02
   30.840   3.2026E-02
   30.850   2.3878E-02
   30.860   1.7282E-02
   30.870   1.7102E-02
   30.880   2.2274E-02
   30.890   2.5000E-02
   30.900   2.4183E-02
   30.910   2.0599E-02
   30.920   1.5708E-02
   30.930   1.0585E-02
   30.940   6.2196E-03
   30.950   4.1872E-03
   30.960   6.1315E-03
   30.970   1.2297E-02
   30.980   1.2953E-02
   30.990   2.3600E-02
   31.000   3.4156E-02
   31.010   4.4274E-02
   31.020   5.2885E-02
   31.030   5.8338E-02
   31.040   5.9973E-02
   31.050   5.9035E-02
   31.060   5.8028E-02
   31.070   5.9273E-02
   31.080   6.3466E-02
   31.090   6.8904E-02
   31.100   7.2465E-02
   31.110   7.2225E-02
   31.120   6.8735E-02
   31.130   6.3573E-02
   31.140   5.7529E-02
   31.150   5.1193E-02
   31.160   4.6217E-02
   31.170   4.3926E-02
   31.180   4.2745E-02
   31.190   3.8934E-02
   31.200   3.0509E-02
   31.210   1.9142E-02
   31.220   7.9179E-03
   31.230  -1.1202E-03
   31.240  -6.4582E-03
   31.250  -6.0436E-03
   31.260   1.2882E-03
   31.270   1.3637E-02
   31.280   2.6654E-02
   31.290   3.6474E-02
   31.300   4.1704E-02
   31.310   4.3160E-02
   31.320   4.2627E-02
   31.330   4.1535E-02
   31.340   3.9726E-02
   31.350   3.5143E-02
   31.360   2.5300E-02
   31.370   9.4735E-03
   31.380  -1.0490E-02
   31.390  -3.1389E-02
   31.400  -5.0450E-02
   31.410  -6.6084E-02
   31.420  -7.7346E-02
   31.430  -8.3208E-02
   31.440  -8.2868E-02
   31.450  -7.6956E-02
   31.460  -6.8491E-02
   31.470  -5.4941E-02
   31.480  -3.9165E-02
   31.490  -2.2916E-02
   31.500  -8.0324E-03
   31.510   3.8853E-03
   31.520   1.2309E-02
   31.530   1.8013E-02
   31.540   2.2251E-02
   31.550   2.5605E-02
   31.560   2.7444E-02
   31.570   2.6353E-02
   31.580   2.1299E-02
   31.590   1.2795E-02
   31.600   3.1338E-03
   31.610  -4.6619E-03
   31.620  -8.4040E-03
   31.630  -1.3906E-02
   31.640  -6.3422E-03
   31.650   1.1905E-03
   31.660   7.6205E-03
   31.670   1.2033E-02
   31.680   1.3836E-02
   31.690   1.3226E-02
   31.700   1.1452E-02
   31.710   1.0240E-02
   31.720   1.0554E-02
   31.730   1.1746E-02
   31.740   1.2048E-02
   31.750   1.0050E-02
   31.760   5.8845E-03
   31.770   1.2015E-03
   31.780  -1.8153E-03
   31.790  -1.6196E-03
   31.800   1.9611E-03
   31.810   7.7014E-03
   31.820   1.3615E-02
   31.830   1.7802E-02
   31.840   1.9069E-02
   31.850   1.7237E-02
   31.860   1.3147E-02
   31.870   8.0929E-03
   31.880   2.7987E-03
   31.890  -3.0790E-03
   31.900  -1.0149E-02
   31.910  -1.8025E-02
   31.920  -2.5179E-02
   31.930  -3.0029E-02
   31.940  -3.1820E-02
   31.950  -3.0537E-02
   31.960  -2.6653E-02
   31.970  -2.1326E-02
   31.980  -1.6327E-02
   31.990  -1.3163E-02
   32.000  -1.2179E-02
   32.010  -1.2598E-02
   32.020  -1.3142E-02
   32.030  -1.2089E-02
   32.040  -1.0427E-02
   32.050  -8.3469E-03
   32.060  -7.6704E-03
   32.070  -9.2756E-03
   32.080  -1.1692E-02
   32.090  -1.2127E-02
   32.100  -8.9667E-03
   32.110  -2.9079E-03
   32.120   4.1264E-03
   32.130   1.0402E-02
   32.140   1.4716E-02
   32.150   1.6386E-02
   32.160   1.5759E-02
   32.170   1.4404E-02
   32.180   1.4151E-02
   32.190   1.5818E-02
   32.200   1.8992E-02
   32.210   2.2646E-02
   32.220   2.5571E-02
   32.230   2.2561E-02
   32.240   2.1658E-02
   32.250   1.8646E-02
   32.260   1.4422E-02
   32.270   1.0099E-02
   32.280   6.2128E-03
   32.290   2.6207E-03
   32.300  -9.9748E-04
   32.310  -4.6975E-03
   32.320  -8.2056E-03
   32.330  -1.1071E-02
   32.340  -1.2872E-02
   32.350  -1.3549E-02
   32.360  -1.3696E-02
   32.370  -1.4337E-02
   32.380  -1.6158E-02
   32.390  -1.8974E-02
   32.400  -2.2022E-02
   32.410  -2.4552E-02
   32.420  -2.5903E-02
   32.430  -2.5270E-02
   32.440  -2.2037E-02
   32.450  -1.6626E-02
   32.460  -1.0682E-02
   32.470  -6.0296E-03
   32.480  -3.4099E-03
   32.490  -2.2320E-03
   32.500  -1.3181E-03
   32.510   2.8478E-04
   32.520   2.9708E-03
   32.530   6.5703E-03
   32.540   1.0532E-02
   32.550   1.4255E-02
   32.560   1.7380E-02
   32.570   1.9722E-02
   32.580   2.0957E-02
   32.590   2.0514E-02
   32.600   1.7911E-02
   32.610   1.3205E-02
   32.620   7.1234E-03
   32.630  -5.6802E-03
   32.640  -6.2855E-03
   32.650  -6.3891E-03
   32.660  -5.6038E-03
   32.670  -3.8931E-03
   32.680  -1.7672E-03
   32.690   5.0049E-05
   32.700   1.2303E-03
   32.710   2.0631E-03
   32.720   3.0152E-03
   32.730   4.1796E-03
   32.740   5.2647E-03
   32.750   5.9908E-03
   32.760   6.2635E-03
   32.770   6.0138E-03
   32.780   5.1766E-03
   32.790   3.9484E-03
   32.800   2.8412E-03
   32.810   2.2979E-03
   32.820   2.3424E-03
   32.830   2.6923E-03
   32.840   3.0609E-03
   32.850   3.2519E-03
   32.860   3.1651E-03
   32.870   2.9429E-03
   32.880   2.9881E-03
   32.890   3.5939E-03
   32.900   4.5788E-03
   32.910   5.4692E-03
   32.920   5.9775E-03
   32.930   6.0886E-03
   32.940   5.7305E-03
   32.950   4.6821E-03
   32.960   2.9294E-03
   32.970   9.1944E-04
   32.980  -6.9805E-04
   32.990  -1.5268E-03
   33.000  -1.6135E-03
   33.010  -1.3529E-03
   33.020  -1.3242E-03
   33.030  -2.1025E-03
   33.040  -4.0231E-03
   33.050  -6.9903E-03
   33.060  -1.0446E-02
   33.070  -1.3523E-02
   33.080  -1.5402E-02
   33.090  -1.5746E-02
   33.100  -1.4851E-02
   33.110  -1.3262E-02
   33.120  -1.1216E-02
   33.130  -8.5590E-03
   33.140  -5.2015E-03
   33.150  -1.4520E-03
   33.160   2.1657E-03
   33.170   5.2674E-03
   33.180   7.6623E-03
   33.190   9.2080E-03
   33.200   9.8344E-03
   33.210   9.7322E-03
   33.220   9.3830E-03
   33.230   9.3153E-03
   33.240   9.8021E-03
   33.250   1.0747E-02
   33.260   1.1793E-02
   33.270   1.2517E-02
   33.280   1.2577E-02
   33.290   1.1792E-02
   33.300   1.0254E-02
   33.310   8.4123E-03
   33.320   6.9098E-03
   33.330   6.1645E-03
   33.340   6.1219E-03
   33.350   6.4934E-03
   33.360   7.1172E-03
   33.370   7.9102E-03
   33.380   8.5657E-03
   33.390   8.6069E-03
   33.400   7.8035E-03
   33.410   6.3282E-03
   33.420   4.4640E-03
   33.430   2.4167E-03
   33.440   4.9923E-04
   33.450  -8.0684E-04
   33.460  -1.2270E-03
   33.470   0.0000E+00
   33.480   0.0000E+00
   33.490   0.0000E+00
   33.500   0.0000E+00
   33.510   0.0000E+00
   33.520   0.0000E+00
   33.530   0.0000E+00
   33.540   0.0000E+00
   33.550   0.0000E+00
   33.560   0.0000E+00
   33.570   0.0000E+00
   33.580   0.0000E+00
   33.590   0.0000E+00
   33.600   0.0000E+00
   33.610   0.0000E+00
   33.620   0.0000E+00
   33.630   0.0000E+00
   33.640   0.0000E+00
   33.650   0.0000E+00
   33.660   0.0000E+00
   33.670   0.0000E+00
   33.680   0.0000E+00
   33.690   0.0000E+00
   33.700   0.0000E+00
   33.710   0.0000E+00
   33.720   0.0000E+00
   33.730   0.0000E+00
   33.740   0.0000E+00
   33.750   0.0000E+00
   33.760   0.0000E+00
   33.770   0.0000E+00
   33.780   0.0000E+00
   33.790   0.0000E+00
   33.800   0.0000E+00
   33.810   0.0000E+00
   33.820   0.0000E+00
   33.830   0.0000E+00
   33.840   0.0000E+00
   33.850   0.0000E+00
   33.860   0.0000E+00
   33.870   0.0000E+00
   33.880   0.0000E+00
   33.890   0.0000E+00
   33.900   0.0000E+00
   33.910   0.0000E+00
   33.920   0.0000E+00
   33.930   0.0000E+00
   33.940   0.0000E+00
   33.950   0.0000E+00
   33.960   0.0000E+00
   33.970   0.0000E+00
   33.980   0.0000E+00
   33.990   0.0000E+00
   34.000   0.0000E+00
   34.010   0.0000E+00
   34.020   0.0000E+00
   34.030   0.0000E+00
   34.040   0.0000E+00
   34.050   0.0000E+00
   34.060   0.0000E+00
   34.070   0.0000E+00
   34.080   0.0000E+00
   34.090   0.0000E+00
   34.100   0.0000E+00
   34.110   0.0000E+00
   34.120   0.0000E+00
   34.130   0.0000E+00
   34.140   0.0000E+00
   34.150   0.0000E+00
   34.160   0.0000E+00
   34.170   0.0000E+00
   34.180   0.0000E+00
   34.190   0.0000E+00
   34.200   0.0000E+00
   34.210   0.0000E+00
   34.220   0.0000E+00
   34.230   0.0000E+00
   34.240   0.0000E+00
   34.250   0.0000E+00
   34.260   0.0000E+00
   34.270   0.0000E+00
   34.280   0.0000E+00
   34.290   0.0000E+00
   34.300   0.0000E+00
   34.310   0.0000E+00
   34.320   0.0000E+00
   34.330   0.0000E+00
   34.340   0.0000E+00
   34.350   0.0000E+00
   34.360   0.0000E+00
   34.370   0.0000E+00
   34.380   0.0000E+00
   34.390   0.0000E+00
   34.400   0.0000E+00
   34.410   0.0000E+00
   34.420   0.0000E+00
   34.430   0.0000E+00
   34.440   0.0000E+00
   34.450   0.0000E+00
   34.460   0.0000E+00
   34.470   0.0000E+00
   34.480   0.0000E+00
   34.490   0.0000E+00
   34.500   0.0000E+00
   34.510   0.0000E+00
   34.520   0.0000E+00
   34.530   0.0000E+00
   34.540   0.0000E+00
   34.550   0.0000E+00
   34.560   0.0000E+00
   34.570   0.0000E+00
   34.580   0.0000E+00
   34.590   0.0000E+00
   34.600   0.0000E+00
   34.610   0.0000E+00
   34.620   0.0000E+00
   34.630   0.0000E+00
   34.640   0.0000E+00
   34.650   0.0000E+00
   34.660   0.0000E+00
   34.670   0.0000E+00
   34.680   0.0000E+00
   34.690   0.0000E+00
   34.700   0.0000E+00
   34.710   0.0000E+00
   34.720   0.0000E+00
   34.730   0.0000E+00
   34.740   0.0000E+00
   34.750   0.0000E+00
   34.760   0.0000E+00
   34.770   0.0000E+00
   34.780   0.0000E+00
   34.790   0.0000E+00
   34.800   0.0000E+00
   34.810   0.0000E+00
   34.820   0.0000E+00
   34.830   0.0000E+00
   34.840   0.0000E+00
   34.850   0.0000E+00
   34.860   0.0000E+00
   34.870   0.0000E+00
   34.880   0.0000E+00
   34.890   0.0000E+00
   34.900   0.0000E+00
   34.910   0.0000E+00
   34.920   0.0000E+00
   34.930   0.0000E+00
   34.940   0.0000E+00
   34.950   0.0000E+00
   34.960   0.0000E+00
   34.970   0.0000E+00
   34.980   0.0000E+00
   34.990   0.0000E+00
   35.000   0.0000E+00
   35.010   0.0000E+00
   35.020   0.0000E+00
   35.030   0.0000E+00
   35.040   0.0000E+00
   35.050   0.0000E+00
   35.060   0.0000E+00
   35.070   0.0000E+00
   35.080   0.0000E+00
   35.090   0.0000E+00
   35.100   0.0000E+00
   35.110   0.0000E+00
   35.120   0.0000E+00
   35.130   0.0000E+00
   35.140   0.0000E+00
   35.150   0.0000E+00
   35.160   0.0000E+00
   35.170   0.0000E+00
   35.180   0.0000E+00
   35.190   0.0000E+00
   35.200   0.0000E+00
   35.210   0.0000E+00
   35.220   0.0000E+00
   35.230   0.0000E+00
   35.240   0.0000E+00
   35.250   0.0000E+00
   35.260   0.0000E+00
   35.270   0.0000E+00
   35.280   0.0000E+00
   35.290   0.0000E+00
   35.300   0.0000E+00
   35.310   0.0000E+00
   35.320   0.0000E+00
   35.330   0.0000E+00
   35.340   0.0000E+00
   35.350   0.0000E+00
   35.360   0.0000E+00
   35.370   0.0000E+00
   35.380   0.0000E+00
   35.390   0.0000E+00
   35.400   0.0000E+00
   35.410   0.0000E+00
   35.420   0.0000E+00
   35.430   0.0000E+00
   35.440   0.0000E+00
   35.450   0.0000E+00
   35.460   0.0000E+00
   35.470   0.0000E+00
   35.480   0.0000E+00
   35.490   0.0000E+00
   35.500   0.0000E+00
   35.510   0.0000E+00
   35.520   0.0000E+00
   35.530   0.0000E+00
   35.540   0.0000E+00
   35.550   0.0000E+00
   35.560   0.0000E+00
   35.570   0.0000E+00
   35.580   0.0000E+00
   35.590   0.0000E+00
   35.600   0.0000E+00
   35.610   0.0000E+00
   35.620   0.0000E+00
   35.630   0.0000E+00
   35.640   0.0000E+00
   35.650   0.0000E+00
   35.660   0.0000E+00
   35.670   0.0000E+00
   35.680   0.0000E+00
   35.690   0.0000E+00
   35.700   0.0000E+00
   35.710   0.0000E+00
   35.720   0.0000E+00
   35.730   0.0000E+00
   35.740   0.0000E+00
   35.750   0.0000E+00
   35.760   0.0000E+00
   35.770   0.0000E+00
   35.780   0.0000E+00
   35.790   0.0000E+00
   35.800   0.0000E+00
   35.810   0.0000E+00
   35.820   0.0000E+00
   35.830   0.0000E+00
   35.840   0.0000E+00
   35.850   0.0000E+00
   35.860   0.0000E+00
   35.870   0.0000E+00
   35.880   0.0000E+00
   35.890   0.0000E+00
   35.900   0.0000E+00
   35.910   0.0000E+00
   35.920   0.0000E+00
   35.930   0.0000E+00
   35.940   0.0000E+00
   35.950   0.0000E+00
   35.960   0.0000E+00
   35.970   0.0000E+00
   35.980   0.0000E+00
   35.990   0.0000E+00
   36.000   0.0000E+00
   36.010   0.0000E+00
   36.020   0.0000E+00
   36.030   0.0000E+00
   36.040   0.0000E+00
   36.050   0.0000E+00
   36.060   0.0000E+00
   36.070   0.0000E+00
   36.080   0.0000E+00
   36.090   0.0000E+00
   36.100   0.0000E+00
   36.110   0.0000E+00
   36.120   0.0000E+00
   36.130   0.0000E+00
   36.140   0.0000E+00
   36.150   0.0000E+00
   36.160   0.0000E+00
   36.170   0.0000E+00
   36.180   0.0000E+00
   36.190   0.0000E+00
   36.200   0.0000E+00
   36.210   0.0000E+00
   36.220   0.0000E+00
   36.230   0.0000E+00
   36.240   0.0000E+00
   36.250   0.0000E+00
   36.260   0.0000E+00
   36.270   0.0000E+00
   36.280   0.0000E+00
   36.290   0.0000E+00
   36.300   0.0000E+00
   36.310   0.0000E+00
   36.320   0.0000E+00
   36.330   0.0000E+00
   36.340   0.0000E+00
   36.350   0.0000E+00
   36.360   0.0000E+00
   36.370   0.0000E+00
   36.380   0.0000E+00
   36.390   0.0000E+00
   36.400   0.0000E+00
   36.410   0.0000E+00
   36.420   0.0000E+00
   36.430   0.0000E+00
   36.440   0.0000E+00
   36.450   0.0000E+00
   36.460   0.0000E+00
   36.470   0.0000E+00
   36.480   0.0000E+00
   36.490   0.0000E+00
   36.500   0.0000E+00
   36.510   0.0000E+00
   36.520   0.0000E+00
   36.530   0.0000E+00
   36.540   0.0000E+00
   36.550   0.0000E+00
   36.560   0.0000E+00
   36.570   0.0000E+00
   36.580   0.0000E+00
   36.590   0.0000E+00
   36.600   0.0000E+00
   36.610   0.0000E+00
   36.620   0.0000E+00
   36.630   0.0000E+00
   36.640   0.0000E+00
   36.650   0.0000E+00
   36.660   0.0000E+00
   36.670   0.0000E+00
   36.680   0.0000E+00
   36.690   0.0000E+00
   36.700   0.0000E+00
   36.710   0.0000E+00
   36.720   0.0000E+00
   36.730   0.0000E+00
   36.740   0.0000E+00
   36.750   0.0000E+00
   36.760   0.0000E+00
   36.770   0.0000E+00
   36.780   0.0000E+00
   36.790   0.0000E+00
   36.800   0.0000E+00
   36.810   0.0000E+00
   36.820   0.0000E+00
   36.830   0.0000E+00
   36.840   0.0000E+00
   36.850   0.0000E+00
   36.860   0.0000E+00
   36.870   0.0000E+00
   36.880   0.0000E+00
   36.890   0.0000E+00
   36.900   0.0000E+00
   36.910   0.0000E+00
   36.920   0.0000E+00
   36.930   0.0000E+00
   36.940   0.0000E+00
   36.950   0.0000E+00
   36.960   0.0000E+00
   36.970   0.0000E+00
   36.980   0.0000E+00
   36.990   0.0000E+00
   37.000   0.0000E+00
   37.010   0.0000E+00
   37.020   0.0000E+00
   37.030   0.0000E+00
   37.040   0.0000E+00
   37.050   0.0000E+00
   37.060   0.0000E+00
   37.070   0.0000E+00
   37.080   0.0000E+00
   37.090   0.0000E+00
   37.100   0.0000E+00
   37.110   0.0000E+00
   37.120   0.0000E+00
   37.130   0.0000E+00
   37.140   0.0000E+00
   37.150   0.0000E+00
   37.160   0.0000E+00
   37.170   0.0000E+00
   37.180   0.0000E+00
   37.190   0.0000E+00
   37.200   0.0000E+00
   37.210   0.0000E+00
   37.220   0.0000E+00
   37.230   0.0000E+00
   37.240   0.0000E+00
   37.250   0.0000E+00
   37.260   0.0000E+00
   37.270   0.0000E+00
   37.280   0.0000E+00
   37.290   0.0000E+00
   37.300   0.0000E+00
   37.310   0.0000E+00
   37.320   0.0000E+00
   37.330   0.0000E+00
   37.340   0.0000E+00
   37.350   0.0000E+00
   37.360   0.0000E+00
   37.370   0.0000E+00
   37.380   0.0000E+00
   37.390   0.0000E+00
   37.400   0.0000E+00
   37.410   0.0000E+00
   37.420   0.0000E+00
   37.430   0.0000E+00
   37.440   0.0000E+00
   37.450   0.0000E+00
   37.460   0.0000E+00
   37.470   0.0000E+00
   37.480   0.0000E+00
   37.490   0.0000E+00
   37.500   0.0000E+00
   37.510   0.0000E+00
   37.520   0.0000E+00
   37.530   0.0000E+00
   37.540   0.0000E+00
   37.550   0.0000E+00
   37.560   0.0000E+00
   37.570   0.0000E+00
   37.580   0.0000E+00
   37.590   0.0000E+00
   37.600   0.0000E+00
   37.610   0.0000E+00
   37.620   0.0000E+00
   37.630   0.0000E+00
   37.640   0.0000E+00
   37.650   0.0000E+00
   37.660   0.0000E+00
   37.670   0.0000E+00
   37.680   0.0000E+00
   37.690   0.0000E+00
   37.700   0.0000E+00
   37.710   0.0000E+00
   37.720   0.0000E+00
   37.730   0.0000E+00
   37.740   0.0000E+00
   37.750   0.0000E+00
   37.760   0.0000E+00
   37.770   0.0000E+00
   37.780   0.0000E+00
   37.790   0.0000E+00
   37.800   0.0000E+00
   37.810   0.0000E+00
   37.820   0.0000E+00
   37.830   0.0000E+00
   37.840   0.0000E+00
   37.850   0.0000E+00
   37.860   0.0000E+00
   37.870   0.0000E+00
   37.880   0.0000E+00
   37.890   0.0000E+00
   37.900   0.0000E+00
   37.910   0.0000E+00
   37.920   0.0000E+00
   37.930   0.0000E+00
   37.940   0.0000E+00
   37.950   0.0000E+00
   37.960   0.0000E+00
   37.970   0.0000E+00
   37.980   0.0000E+00
   37.990   0.0000E+00
   38.000   0.0000E+00
   38.010   0.0000E+00
   38.020   0.0000E+00
   38.030   0.0000E+00
   38.040   0.0000E+00
   38.050   0.0000E+00
   38.060   0.0000E+00
   38.070   0.0000E+00
   38.080   0.0000E+00
   38.090   0.0000E+00
   38.100   0.0000E+00
   38.110   0.0000E+00
   38.120   0.0000E+00
   38.130   0.0000E+00
   38.140   0.0000E+00
   38.150   0.0000E+00
   38.160   0.0000E+00
   38.170   0.0000E+00
   38.180   0.0000E+00
   38.190   0.0000E+00
   38.200   0.0000E+00
   38.210   0.0000E+00
   38.220   0.0000E+00
   38.230   0.0000E+00
   38.240   0.0000E+00
   38.250   0.0000E+00
   38.260   0.0000E+00
   38.270   0.0000E+00
   38.280   0.0000E+00
   38.290   0.0000E+00
   38.300   0.0000E+00
   38.310   0.0000E+00
   38.320   0.0000E+00
   38.330   0.0000E+00
   38.340   0.0000E+00
   38.350   0.0000E+00
   38.360   0.0000E+00
   38.370   0.0000E+00
   38.380   0.0000E+00
   38.390   0.0000E+00
   38.400   0.0000E+00
   38.410   0.0000E+00
   38.420   0.0000E+00
   38.430   0.0000E+00
   38.440   0.0000E+00
   38.450   0.0000E+00
   38.460   0.0000E+00
   38.470   0.0000E+00
   38.480   0.0000E+00
   38.490   0.0000E+00
   38.500   0.0000E+00
   38.510   0.0000E+00
   38.520   0.0000E+00
   38.530   0.0000E+00
   38.540   0.0000E+00
   38.550   0.0000E+00
   38.560   0.0000E+00
   38.570   0.0000E+00
   38.580   0.0000E+00
   38.590   0.0000E+00
   38.600   0.0000E+00
   38.610   0.0000E+00
   38.620   0.0000E+00
   38.630   0.0000E+00
   38.640   0.0000E+00
   38.650   0.0000E+00
   38.660   0.0000E+00
   38.670   0.0000E+00
   38.680   0.0000E+00
   38.690   0.0000E+00
   38.700   0.0000E+00
   38.710   0.0000E+00
   38.720   0.0000E+00
   38.730   0.0000E+00
   38.740   0.0000E+00
   38.750   0.0000E+00
   38.760   0.0000E+00
   38.770   0.0000E+00
   38.780   0.0000E+00
   38.790   0.0000E+00
   38.800   0.0000E+00
   38.810   0.0000E+00
   38.820   0.0000E+00
   38.830   0.0000E+00
   38.840   0.0000E+00
   38.850   0.0000E+00
   38.860   0.0000E+00
   38.870   0.0000E+00
   38.880   0.0000E+00
   38.890   0.0000E+00
   38.900   0.0000E+00
   38.910   0.0000E+00
   38.920   0.0000E+00
   38.930   0.0000E+00
   38.940   0.0000E+00
   38.950   0.0000E+00
   38.960   0.0000E+00
   38.970   0.0000E+00
   38.980   0.0000E+00
   38.990   0.0000E+00
   39.000   0.0000E+00
   39.010   0.0000E+00
   39.020   0.0000E+00
   39.030   0.0000E+00
   39.040   0.0000E+00
   39.050   0.0000E+00
   39.060   0.0000E+00
   39.070   0.0000E+00
   39.080   0.0000E+00
   39.090   0.0000E+00
   39.100   0.0000E+00
   39.110   0.0000E+00
   39.120   0.0000E+00
   39.130   0.0000E+00
   39.140   0.0000E+00
   39.150   0.0000E+00
   39.160   0.0000E+00
   39.170   0.0000E+00
   39.180   0.0000E+00
   39.190   0.0000E+00
   39.200   0.0000E+00
   39.210   0.0000E+00
   39.220   0.0000E+00
   39.230   0.0000E+00
   39.240   0.0000E+00
   39.250   0.0000E+00
   39.260   0.0000E+00
   39.270   0.0000E+00
   39.280   0.0000E+00
   39.290   0.0000E+00
   39.300   0.0000E+00
   39.310   0.0000E+00
   39.320   0.0000E+00
   39.330   0.0000E+00
   39.340   0.0000E+00
   39.350   0.0000E+00
   39.360   0.0000E+00
   39.370   0.0000E+00
   39.380   0.0000E+00
   39.390   0.0000E+00
   39.400   0.0000E+00
   39.410   0.0000E+00
   39.420   0.0000E+00
   39.430   0.0000E+00
   39.440   0.0000E+00
   39.450   0.0000E+00
   39.460   0.0000E+00
   39.470   0.0000E+00
   39.480   0.0000E+00
   39.490   0.0000E+00
   39.500   0.0000E+00
   39.510   0.0000E+00
   39.520   0.0000E+00
   39.530   0.0000E+00
   39.540   0.0000E+00
   39.550   0.0000E+00
   39.560   0.0000E+00
   39.570   0.0000E+00
   39.580   0.0000E+00
   39.590   0.0000E+00
   39.600   0.0000E+00
   39.610   0.0000E+00
   39.620   0.0000E+00
   39.630   0.0000E+00
   39.640   0.0000E+00
   39.650   0.0000E+00
   39.660   0.0000E+00
   39.670   0.0000E+00
   39.680   0.0000E+00
   39.690   0.0000E+00
   39.700   0.0000E+00
   39.710   0.0000E+00
   39.720   0.0000E+00
   39.730   0.0000E+00
   39.740   0.0000E+00
   39.750   0.0000E+00
   39.760   0.0000E+00
   39.770   0.0000E+00
   39.780   0.0000E+00
   39.790   0.0000E+00
   39.800   0.0000E+00
   39.810   0.0000E+00
   39.820   0.0000E+00
   39.830   0.0000E+00
   39.840   0.0000E+00
   39.850   0.0000E+00
   39.860   0.0000E+00
   39.870   0.0000E+00
   39.880   0.0000E+00
   39.890   0.0000E+00
   39.900   0.0000E+00
   39.910   0.0000E+00
   39.920   0.0000E+00
   39.930   0.0000E+00
   39.940   0.0000E+00
   39.950   0.0000E+00
   39.960   0.0000E+00
   39.970   0.0000E+00
   39.980   0.0000E+00
   39.990   0.0000E+00
   40.000   0.0000E+00
   40.010   0.0000E+00
   40.020   0.0000E+00
   40.030   0.0000E+00
   40.040   0.0000E+00
   40.050   0.0000E+00
   40.060   0.0000E+00
   40.070   0.0000E+00
   40.080   0.0000E+00
   40.090   0.0000E+00
   40.100   0.0000E+00
   40.110   0.0000E+00
   40.120   0.0000E+00
   40.130   0.0000E+00
   40.140   0.0000E+00
   40.150   0.0000E+00
   40.160   0.0000E+00
   40.170   0.0000E+00
   40.180   0.0000E+00
   40.190   0.0000E+00
   40.200   0.0000E+00
   40.210   0.0000E+00
   40.220   0.0000E+00
   40.230   0.0000E+00
   40.240   0.0000E+00
   40.250   0.0000E+00
   40.260   0.0000E+00
   40.270   0.0000E+00
   40.280   0.0000E+00
   40.290   0.0000E+00
   40.300   0.0000E+00
   40.310   0.0000E+00
   40.320   0.0000E+00
   40.330   0.0000E+00
   40.340   0.0000E+00
   40.350   0.0000E+00
   40.360   0.0000E+00
   40.370   0.0000E+00
   40.380   0.0000E+00
   40.390   0.0000E+00
   40.400   0.0000E+00
   40.410   0.0000E+00
   40.420   0.0000E+00
   40.430   0.0000E+00
   40.440   0.0000E+00
   40.450   0.0000E+00
   40.460   0.0000E+00
   40.470   0.0000E+00
   40.480   0.0000E+00
   40.490   0.0000E+00
   40.500   0.0000E+00
   40.510   0.0000E+00
   40.520   0.0000E+00
   40.530   0.0000E+00
   40.540   0.0000E+00
   40.550   0.0000E+00
   40.560   0.0000E+00
   40.570   0.0000E+00
   40.580   0.0000E+00
   40.590   0.0000E+00
   40.600   0.0000E+00
   40.610   0.0000E+00
   40.620   0.0000E+00
   40.630   0.0000E+00
   40.640   0.0000E+00
   40.650   0.0000E+00
   40.660   0.0000E+00
   40.670   0.0000E+00
   40.680   0.0000E+00
   40.690   0.0000E+00
   40.700   0.0000E+00
   40.710   0.0000E+00
   40.720   0.0000E+00
   40.730   0.0000E+00
   40.740   0.0000E+00
   40.750   0.0000E+00
   40.760   0.0000E+00
   40.770   0.0000E+00
   40.780   0.0000E+00
   40.790   0.0000E+00
   40.800   0.0000E+00
   40.810   0.0000E+00
   40.820   0.0000E+00
   40.830   0.0000E+00
   40.840   0.0000E+00
   40.850   0.0000E+00
   40.860   0.0000E+00
   40.870   0.0000E+00
   40.880   0.0000E+00
   40.890   0.0000E+00
   40.900   0.0000E+00
   40.910   0.0000E+00
   40.920   0.0000E+00
   40.930   0.0000E+00
   40.940   0.0000E+00
   40.950   0.0000E+00
