**********************************************
*******  Acceleration Time Series ************
*** Site #   1
*** trial   11
Input Parameters file =  aqg_0604__parameters.out                                                                                                
  4096 samples
dt:  0.010 sec
data format: (1x,f8.3,1p,2x,e11.4)
maximum absolute acceleration: 123.51
fault Dis.(km)=    4.52
Hypo  Dis.(km)=   10.71
  time(s) acc(cm/s**2)
    0.000   0.0000E+00
    0.010   0.0000E+00
    0.020   0.0000E+00
    0.030   0.0000E+00
    0.040   0.0000E+00
    0.050   0.0000E+00
    0.060   0.0000E+00
    0.070   0.0000E+00
    0.080   0.0000E+00
    0.090   0.0000E+00
    0.100   0.0000E+00
    0.110   0.0000E+00
    0.120   0.0000E+00
    0.130   0.0000E+00
    0.140   0.0000E+00
    0.150   0.0000E+00
    0.160   0.0000E+00
    0.170   0.0000E+00
    0.180   0.0000E+00
    0.190   0.0000E+00
    0.200   0.0000E+00
    0.210  -6.7982E-02
    0.220  -7.6913E-02
    0.230  -8.2702E-02
    0.240  -8.5877E-02
    0.250  -8.8075E-02
    0.260  -9.2988E-02
    0.270  -1.0496E-01
    0.280  -1.2468E-01
    0.290  -1.4680E-01
    0.300  -1.6326E-01
    0.310  -1.6903E-01
    0.320  -1.6379E-01
    0.330  -1.4938E-01
    0.340  -1.2804E-01
    0.350  -1.0306E-01
    0.360  -7.8513E-02
    0.370  -5.6969E-02
    0.380  -3.8119E-02
    0.390  -2.0503E-02
    0.400  -3.7700E-03
    0.410   1.1079E-02
    0.420   2.2767E-02
    0.430   3.0311E-02
    0.440   3.3157E-02
    0.450   3.1581E-02
    0.460   2.7011E-02
    0.470   2.1735E-02
    0.480   1.8261E-02
    0.490   1.8553E-02
    0.500   2.3182E-02
    0.510   3.0915E-02
    0.520   3.9334E-02
    0.530   4.5981E-02
    0.540   4.9115E-02
    0.550   4.8099E-02
    0.560   4.3900E-02
    0.570   3.9129E-02
    0.580   3.6978E-02
    0.590   3.9540E-02
    0.600   4.6684E-02
    0.610   5.5915E-02
    0.620   6.3455E-02
    0.630   6.6498E-02
    0.640   6.5101E-02
    0.650   6.1340E-02
    0.660   5.6401E-02
    0.670   4.9389E-02
    0.680   3.9408E-02
    0.690   2.7531E-02
    0.700   1.5794E-02
    0.710   5.3359E-03
    0.720  -3.0725E-03
    0.730  -7.6636E-03
    0.740  -6.7546E-03
    0.750  -1.3477E-03
    0.760   4.7363E-03
    0.770   7.7450E-03
    0.780   6.6220E-03
    0.790   3.1081E-03
    0.800   7.1823E-05
    0.810  -6.4844E-04
    0.820   2.9552E-04
    0.830   4.4880E-04
    0.840  -1.6988E-03
    0.850  -5.0698E-03
    0.860  -7.6441E-03
    0.870  -8.9876E-03
    0.880  -9.9881E-03
    0.890  -1.0734E-02
    0.900  -1.0106E-02
    0.910  -7.4633E-03
    0.920  -3.5983E-03
    0.930  -1.0598E-04
    0.940   1.2040E-03
    0.950  -1.4447E-03
    0.960  -8.3938E-03
    0.970  -1.6610E-02
    0.980  -1.9911E-02
    0.990  -1.2264E-02
    1.000   8.3041E-03
    1.010   3.8017E-02
    1.020   6.9085E-02
    1.030   9.4021E-02
    1.040   1.0984E-01
    1.050   1.1882E-01
    1.060   1.2587E-01
    1.070   1.3586E-01
    1.080   1.5273E-01
    1.090   1.7803E-01
    1.100   2.0771E-01
    1.110   2.3134E-01
    1.120   2.3741E-01
    1.130   2.2087E-01
    1.140   1.8567E-01
    1.150   1.4100E-01
    1.160   9.5838E-02
    1.170   5.5598E-02
    1.180   2.1172E-02
    1.190  -1.0534E-02
    1.200  -3.4143E-02
    1.210  -5.4159E-02
    1.220  -6.6855E-02
    1.230  -6.9554E-02
    1.240  -6.3176E-02
    1.250  -5.1438E-02
    1.260  -3.8971E-02
    1.270  -3.0325E-02
    1.280  -2.9045E-02
    1.290  -3.6400E-02
    1.300  -5.1260E-02
    1.310  -7.1455E-02
    1.320  -9.4734E-02
    1.330  -1.1814E-01
    1.340  -1.3707E-01
    1.350  -1.4587E-01
    1.360  -1.4034E-01
    1.370  -1.2119E-01
    1.380  -9.5374E-02
    1.390  -7.2427E-02
    1.400  -5.8256E-02
    1.410  -5.7069E-02
    1.420   6.4093E-03
    1.430   2.4083E-03
    1.440  -9.9920E-03
    1.450   1.3794E-01
    1.460   1.0587E-01
    1.470   7.0754E-02
    1.480   3.1833E-02
    1.490  -1.7900E-02
    1.500  -4.9743E-02
    1.510  -7.6510E-02
    1.520  -6.9159E-02
    1.530  -7.9965E-02
    1.540  -9.6704E-02
    1.550  -1.2912E-01
    1.560  -1.7628E-01
    1.570  -2.2814E-01
    1.580  -2.7415E-01
    1.590  -3.1029E-01
    1.600  -3.3637E-01
    1.610  -3.4892E-01
    1.620  -3.4257E-01
    1.630  -3.1907E-01
    1.640  -2.7131E-01
    1.650  -2.4673E-01
    1.660  -2.2882E-01
    1.670  -2.1396E-01
    1.680  -2.0086E-01
    1.690  -1.9090E-01
    1.700  -1.8296E-01
    1.710  -1.7366E-01
    1.720  -1.6339E-01
    1.730  -1.5906E-01
    1.740  -1.7716E-01
    1.750  -2.0077E-01
    1.760  -2.3208E-01
    1.770  -2.6107E-01
    1.780  -2.8009E-01
    1.790  -2.8811E-01
    1.800  -2.8723E-01
    1.810  -2.7553E-01
    1.820  -2.4702E-01
    1.830  -2.0083E-01
    1.840  -1.4718E-01
    1.850  -1.0014E-01
    1.860  -6.5196E-02
    1.870  -3.5653E-02
    1.880  -1.6859E-04
    1.890   4.7488E-02
    1.900   1.0316E-01
    1.910   1.6676E-01
    1.920   1.8500E-01
    1.930   2.0030E-01
    1.940   1.9029E-01
    1.950   1.6300E-01
    1.960   1.2443E-01
    1.970   7.8426E-02
    1.980  -4.7996E-02
    1.990   4.3827E-02
    2.000   4.7466E-03
    2.010  -1.0787E-02
    2.020   1.7247E-02
    2.030   6.5107E-02
    2.040   9.7398E-02
    2.050   9.2895E-02
    2.060   5.8849E-02
    2.070   2.2051E-02
    2.080   6.0524E-03
    2.090   1.3188E-02
    2.100   2.3467E-02
    2.110   1.0260E-02
    2.120  -3.8168E-02
    2.130  -1.0879E-01
    2.140  -1.7495E-01
    2.150  -2.1695E-01
    2.160  -2.3137E-01
    2.170  -2.2458E-01
    2.180  -2.0441E-01
    2.190  -1.7875E-01
    2.200  -1.5486E-01
    2.210  -1.3673E-01
    2.220  -1.2586E-01
    2.230  -1.2469E-01
    2.240  -1.3313E-01
    2.250  -1.4174E-01
    2.260  -1.3773E-01
    2.270  -1.2176E-01
    2.280  -1.0997E-01
    2.290  -1.1310E-01
    2.300  -1.2127E-01
    2.310  -1.1605E-01
    2.320  -9.0050E-02
    2.330  -4.5735E-02
    2.340   1.7702E-02
    2.350   1.0275E-01
    2.360   2.0033E-01
    2.370   2.8891E-01
    2.380   3.4817E-01
    2.390   3.6801E-01
    2.400   2.9673E-01
    2.410   2.3654E-01
    2.420   1.9152E-01
    2.430   1.5580E-01
    2.440   1.3997E-01
    2.450   1.2176E-01
    2.460   8.3205E-02
    2.470   1.1691E-02
    2.480  -1.0493E-01
    2.490  -2.7986E-01
    2.500  -4.8346E-01
    2.510  -6.6860E-01
    2.520  -7.8369E-01
    2.530  -8.0177E-01
    2.540  -7.3462E-01
    2.550  -6.6217E-01
    2.560  -5.6348E-01
    2.570  -4.7064E-01
    2.580  -3.5951E-01
    2.590  -2.1034E-01
    2.600  -3.9922E-02
    2.610   1.0015E-01
    2.620   1.2272E-01
    2.630   7.7091E-02
    2.640  -4.2868E-02
    2.650  -1.8126E-01
    2.660  -2.7719E-01
    2.670  -2.9414E-01
    2.680  -2.3666E-01
    2.690  -1.3781E-01
    2.700  -2.5797E-02
    2.710   1.0541E-01
    2.720   2.8995E-01
    2.730   4.7957E-01
    2.740   6.4660E-01
    2.750   7.4352E-01
    2.760   7.3286E-01
    2.770   6.2179E-01
    2.780   4.6646E-01
    2.790   3.3474E-01
    2.800   2.6420E-01
    2.810   2.5833E-01
    2.820   3.1221E-01
    2.830   4.2190E-01
    2.840   5.7010E-01
    2.850   7.2472E-01
    2.860   8.6301E-01
    2.870   9.8527E-01
    2.880   1.0985E+00
    2.890   1.2000E+00
    2.900   1.2842E+00
    2.910   1.3452E+00
    2.920   1.3599E+00
    2.930   1.2844E+00
    2.940   1.0932E+00
    2.950   8.2669E-01
    2.960   5.3798E-01
    2.970   2.6802E-01
    2.980   1.2207E-01
    2.990   2.2232E-02
    3.000  -3.6338E-01
    3.010  -5.2339E-01
    3.020  -7.7692E-01
    3.030  -9.6750E-01
    3.040  -1.1099E+00
    3.050  -1.1821E+00
    3.060  -1.1950E+00
    3.070  -1.1655E+00
    3.080  -1.0923E+00
    3.090  -9.6474E-01
    3.100  -7.8703E-01
    3.110  -5.8955E-01
    3.120  -4.1282E-01
    3.130  -2.8033E-01
    3.140  -1.8853E-01
    3.150  -1.2604E-01
    3.160  -9.3965E-02
    3.170  -9.2859E-02
    3.180  -9.3051E-02
    3.190  -4.4423E-02
    3.200   6.8489E-02
    3.210   1.9584E-01
    3.220   2.6578E-01
    3.230   2.5275E-01
    3.240   1.9165E-01
    3.250   8.8657E-02
    3.260   7.2208E-02
    3.270   8.7663E-02
    3.280   1.2123E-01
    3.290   1.2351E-01
    3.300   1.4147E-01
    3.310   1.4988E-01
    3.320   1.5985E-01
    3.330   1.7254E-01
    3.340   1.8707E-01
    3.350   2.1209E-01
    3.360   2.5140E-01
    3.370   2.8427E-01
    3.380   2.8046E-01
    3.390   2.3420E-01
    3.400   1.7526E-01
    3.410   9.8981E-02
    3.420   8.4416E-03
    3.430  -1.1034E-01
    3.440  -2.5911E-01
    3.450  -4.2836E-01
    3.460  -6.0206E-01
    3.470  -7.5647E-01
    3.480  -8.6543E-01
    3.490  -9.1327E-01
    3.500  -8.9859E-01
    3.510  -8.2937E-01
    3.520  -7.2449E-01
    3.530  -6.1625E-01
    3.540  -5.3566E-01
    3.550  -4.9287E-01
    3.560  -4.8009E-01
    3.570  -4.8827E-01
    3.580  -5.0626E-01
    3.590  -5.1047E-01
    3.600  -4.7941E-01
    3.610  -4.2520E-01
    3.620  -3.9393E-01
    3.630  -4.2771E-01
    3.640  -5.3336E-01
    3.650  -6.8132E-01
    3.660  -8.1260E-01
    3.670  -8.5026E-01
    3.680  -7.3958E-01
    3.690  -4.9929E-01
    3.700  -2.1743E-01
    3.710   2.0909E-02
    3.720   1.9373E-01
    3.730   3.2436E-01
    3.740   4.5014E-01
    3.750   5.0227E-01
    3.760   4.7062E-01
    3.770   3.4128E-01
    3.780   1.3304E-01
    3.790  -9.9482E-02
    3.800  -2.6462E-01
    3.810  -3.2281E-01
    3.820  -3.0999E-01
    3.830  -3.1031E-01
    3.840  -3.6383E-01
    3.850  -4.1751E-01
    3.860  -3.8265E-01
    3.870  -2.5032E-01
    3.880  -7.7610E-02
    3.890   5.0158E-02
    3.900   1.0958E-01
    3.910   1.2133E-01
    3.920   6.0519E-02
    3.930  -1.6046E-01
    3.940  -5.8518E-01
    3.950  -1.1130E+00
    3.960  -1.5900E+00
    3.970  -1.7978E+00
    3.980  -1.7764E+00
    3.990  -1.5931E+00
    4.000  -1.2770E+00
    4.010  -8.1437E-01
    4.020  -2.1640E-01
    4.030   4.4452E-01
    4.040   1.0604E+00
    4.050   1.5240E+00
    4.060   1.7470E+00
    4.070   1.6811E+00
    4.080   1.3486E+00
    4.090   8.6773E-01
    4.100   3.7561E-01
    4.110  -3.6822E-03
    4.120  -1.5789E-01
    4.130  -2.0201E-01
    4.140  -1.7165E-01
    4.150  -1.2711E-01
    4.160  -5.8841E-02
    4.170   8.9996E-02
    4.180   4.1465E-01
    4.190   6.9039E-01
    4.200   8.8331E-01
    4.210   9.3048E-01
    4.220   8.7590E-01
    4.230   8.0747E-01
    4.240   7.5884E-01
    4.250   6.7988E-01
    4.260   9.8300E-01
    4.270   8.2109E-01
    4.280   6.7988E-01
    4.290   5.4484E-01
    4.300   3.7666E-01
    4.310   1.8792E-01
    4.320   6.2946E-02
    4.330   6.6174E-02
    4.340   2.1643E-01
    4.350   4.7641E-01
    4.360   7.4444E-01
    4.370   8.7265E-01
    4.380   7.7706E-01
    4.390   5.6330E-01
    4.400   4.9135E-01
    4.410   7.6138E-01
    4.420   1.3357E+00
    4.430   1.9743E+00
    4.440   2.6051E+00
    4.450   2.7886E+00
    4.460   2.6626E+00
    4.470   2.3863E+00
    4.480   2.1460E+00
    4.490   1.9933E+00
    4.500   1.8931E+00
    4.510   1.7913E+00
    4.520   1.7117E+00
    4.530   1.6997E+00
    4.540   1.7144E+00
    4.550   1.6438E+00
    4.560   1.4473E+00
    4.570   1.2415E+00
    4.580   1.2142E+00
    4.590   1.4534E+00
    4.600   1.8657E+00
    4.610   2.2537E+00
    4.620   2.4676E+00
    4.630   2.4871E+00
    4.640   2.3736E+00
    4.650   2.1758E+00
    4.660   1.9110E+00
    4.670   1.6241E+00
    4.680   1.4085E+00
    4.690   1.3373E+00
    4.700   1.4015E+00
    4.710   1.5385E+00
    4.720   1.6899E+00
    4.730   1.7966E+00
    4.740   1.7779E+00
    4.750   1.5876E+00
    4.760   1.2847E+00
    4.770   1.0427E+00
    4.780   1.0042E+00
    4.790   1.1517E+00
    4.800   1.3577E+00
    4.810   1.4277E+00
    4.820   1.2611E+00
    4.830   9.1273E-01
    4.840   5.4419E-01
    4.850   2.6752E-01
    4.860   5.2978E-02
    4.870  -2.1360E-01
    4.880  -5.6825E-01
    4.890  -9.2327E-01
    4.900  -1.2123E+00
    4.910  -1.3926E+00
    4.920  -1.6346E+00
    4.930  -1.8732E+00
    4.940  -2.0971E+00
    4.950  -2.1681E+00
    4.960  -1.9771E+00
    4.970  -1.6017E+00
    4.980  -9.9417E-01
    4.990  -3.9255E-01
    5.000   7.0040E-02
    5.010   3.4751E-01
    5.020   4.9809E-01
    5.030   6.4866E-01
    5.040   8.9993E-01
    5.050   1.2410E+00
    5.060   1.5702E+00
    5.070   1.8011E+00
    5.080   1.9074E+00
    5.090   1.8701E+00
    5.100   1.6727E+00
    5.110   1.4285E+00
    5.120   1.3307E+00
    5.130   1.5036E+00
    5.140   1.8375E+00
    5.150   2.0849E+00
    5.160   2.1147E+00
    5.170   1.9272E+00
    5.180   1.4127E+00
    5.190   3.0728E-01
    5.200  -1.4800E+00
    5.210  -3.6069E+00
    5.220  -4.2903E+00
    5.230  -2.8728E+00
    5.240   3.3860E-01
    5.250   3.8183E+00
    5.260   6.4111E+00
    5.270   7.0108E+00
    5.280   5.4301E+00
    5.290   2.2211E+00
    5.300  -2.9521E-01
    5.310  -1.8520E+00
    5.320  -1.8880E+00
    5.330   7.7153E-01
    5.340   6.1056E+00
    5.350   1.2182E+01
    5.360   1.6526E+01
    5.370   1.7976E+01
    5.380   1.7098E+01
    5.390   1.5188E+01
    5.400   1.2727E+01
    5.410   1.0217E+01
    5.420   7.1536E+00
    5.430   3.0510E+00
    5.440  -1.7549E+00
    5.450  -6.1571E+00
    5.460  -8.8894E+00
    5.470  -9.4781E+00
    5.480  -7.4036E+00
    5.490  -3.8724E+00
    5.500  -1.2589E+00
    5.510   5.6218E-01
    5.520   1.1839E+00
    5.530   9.1961E-01
    5.540   1.1532E+00
    5.550   1.2727E+00
    5.560  -4.0285E-01
    5.570  -3.4967E+00
    5.580  -7.0150E+00
    5.590  -1.0111E+01
    5.600  -1.0838E+01
    5.610  -7.9179E+00
    5.620  -3.6749E+00
    5.630  -6.5927E-01
    5.640   6.5926E-01
    5.650   1.3597E+00
    5.660   1.1317E+00
    5.670  -1.1270E-01
    5.680  -1.8739E+00
    5.690  -3.9665E+00
    5.700  -5.8617E+00
    5.710  -6.8204E+00
    5.720  -7.9969E+00
    5.730  -9.7382E+00
    5.740  -1.0332E+01
    5.750  -1.0405E+01
    5.760  -1.1032E+01
    5.770  -1.1165E+01
    5.780  -9.4951E+00
    5.790  -6.7101E+00
    5.800  -4.2084E+00
    5.810  -2.8118E+00
    5.820  -2.9395E+00
    5.830  -3.4468E+00
    5.840  -3.6985E+00
    5.850  -3.0880E+00
    5.860  -7.4868E-01
    5.870   2.7009E+00
    5.880   5.4188E+00
    5.890   6.2462E+00
    5.900   6.7837E+00
    5.910   8.0281E+00
    5.920   9.0444E+00
    5.930   8.5095E+00
    5.940   6.4832E+00
    5.950   3.4258E+00
    5.960   4.4621E-01
    5.970  -1.8734E+00
    5.980  -4.6243E+00
    5.990  -8.1020E+00
    6.000  -1.0527E+01
    6.010  -1.0829E+01
    6.020  -9.7852E+00
    6.030  -9.5893E+00
    6.040  -1.2066E+01
    6.050  -1.5861E+01
    6.060  -1.7831E+01
    6.070  -1.6656E+01
    6.080  -1.3494E+01
    6.090  -1.0070E+01
    6.100  -7.0259E+00
    6.110  -4.6499E+00
    6.120  -2.9265E+00
    6.130  -1.6282E+00
    6.140  -6.2494E-01
    6.150   8.9533E-02
    6.160   4.7441E-01
    6.170   4.3604E-01
    6.180  -7.2063E-02
    6.190  -1.0385E+00
    6.200  -2.2758E+00
    6.210  -3.1692E+00
    6.220  -2.9353E+00
    6.230  -1.4657E+00
    6.240   5.1095E-01
    6.250   2.1080E+00
    6.260   2.9143E+00
    6.270   3.2001E+00
    6.280   3.7792E+00
    6.290   4.7832E+00
    6.300   5.8813E+00
    6.310   6.9695E+00
    6.320   8.0631E+00
    6.330   8.7296E+00
    6.340   8.3731E+00
    6.350   6.8263E+00
    6.360   4.5712E+00
    6.370   2.4258E+00
    6.380   8.2766E-01
    6.390   1.9785E-02
    6.400  -1.5566E-01
    6.410   8.4689E-02
    6.420   5.6551E-01
    6.430   9.3561E-01
    6.440   6.4377E-01
    6.450  -9.1630E-01
    6.460  -3.0272E+00
    6.470  -3.8534E+00
    6.480  -3.2155E+00
    6.490  -1.2921E+00
    6.500   1.9479E+00
    6.510   4.2910E+00
    6.520   3.2159E+00
    6.530  -8.9784E-01
    6.540  -5.8136E+00
    6.550  -8.2584E+00
    6.560  -7.8386E+00
    6.570  -7.8503E+00
    6.580  -1.0231E+01
    6.590  -1.1669E+01
    6.600  -9.2828E+00
    6.610  -5.0718E+00
    6.620  -1.5460E-01
    6.630   5.5962E+00
    6.640   1.1513E+01
    6.650   1.5072E+01
    6.660   1.6013E+01
    6.670   1.5515E+01
    6.680   1.4582E+01
    6.690   1.2800E+01
    6.700   8.3862E+00
    6.710   2.9117E+00
    6.720  -5.8071E-01
    6.730  -3.4407E-01
    6.740   1.3090E+00
    6.750   8.6132E-01
    6.760  -2.1273E+00
    6.770  -5.5239E+00
    6.780  -6.5207E+00
    6.790  -5.4730E+00
    6.800  -4.7079E+00
    6.810  -4.6114E+00
    6.820  -3.5801E+00
    6.830  -1.1234E+00
    6.840   1.6003E+00
    6.850   1.2631E+00
    6.860  -3.0169E+00
    6.870  -9.1053E+00
    6.880  -1.4377E+01
    6.890  -1.6786E+01
    6.900  -1.5700E+01
    6.910  -1.2247E+01
    6.920  -8.3872E+00
    6.930  -4.4732E+00
    6.940  -6.3116E-01
    6.950   3.1847E+00
    6.960   5.4108E+00
    6.970   6.6867E+00
    6.980   7.9068E+00
    6.990   7.1562E+00
    7.000   6.0498E+00
    7.010   6.8166E+00
    7.020   7.8172E+00
    7.030   7.9678E+00
    7.040   8.9952E+00
    7.050   9.1631E+00
    7.060   6.2387E+00
    7.070   2.3519E+00
    7.080   7.3849E-01
    7.090   6.7776E-01
    7.100   9.1472E-01
    7.110   2.1926E+00
    7.120   4.7612E+00
    7.130   8.0133E+00
    7.140   1.1867E+01
    7.150   1.7896E+01
    7.160   2.6685E+01
    7.170   3.4762E+01
    7.180   3.6798E+01
    7.190   3.0607E+01
    7.200   2.2434E+01
    7.210   1.7833E+01
    7.220   1.7157E+01
    7.230   1.7167E+01
    7.240   1.5350E+01
    7.250   6.1040E+00
    7.260  -9.9482E+00
    7.270  -2.6683E+01
    7.280  -3.7415E+01
    7.290  -3.9141E+01
    7.300  -3.7110E+01
    7.310  -3.6872E+01
    7.320  -3.8389E+01
    7.330  -3.9285E+01
    7.340  -3.8215E+01
    7.350  -3.6017E+01
    7.360  -3.4463E+01
    7.370  -3.2015E+01
    7.380  -2.7228E+01
    7.390  -1.7722E+01
    7.400  -4.7223E+00
    7.410   6.7152E+00
    7.420   1.4035E+01
    7.430   1.6456E+01
    7.440   1.3797E+01
    7.450   7.2181E+00
    7.460   2.0415E-01
    7.470  -3.6736E+00
    7.480  -4.6429E-01
    7.490   1.0083E+01
    7.500   2.0718E+01
    7.510   2.6147E+01
    7.520   2.6488E+01
    7.530   2.2085E+01
    7.540   1.4880E+01
    7.550   6.6612E+00
    7.560  -3.1396E-01
    7.570  -4.2312E+00
    7.580  -4.0673E+00
    7.590   3.0845E+00
    7.600   1.5225E+01
    7.610   2.4015E+01
    7.620   2.3840E+01
    7.630   1.6166E+01
    7.640   6.5052E+00
    7.650   1.3185E+00
    7.660   2.3734E+00
    7.670   5.2055E+00
    7.680   4.4506E+00
    7.690   1.2215E-01
    7.700  -3.7537E+00
    7.710  -3.8673E+00
    7.720   1.1067E+00
    7.730   6.5795E+00
    7.740   8.1839E+00
    7.750   5.9969E+00
    7.760   5.0980E+00
    7.770   9.4641E+00
    7.780   1.6859E+01
    7.790   2.4125E+01
    7.800   2.8552E+01
    7.810   2.8436E+01
    7.820   2.2879E+01
    7.830   1.3586E+01
    7.840   5.6729E+00
    7.850   3.6930E+00
    7.860   5.8542E+00
    7.870   5.6153E+00
    7.880   1.1653E+00
    7.890  -3.6718E+00
    7.900  -5.7077E+00
    7.910  -5.7073E+00
    7.920  -5.9993E+00
    7.930  -6.2850E+00
    7.940  -6.2732E+00
    7.950  -8.6092E+00
    7.960  -1.1585E+01
    7.970  -1.1389E+01
    7.980  -1.0868E+01
    7.990  -1.3175E+01
    8.000  -1.6283E+01
    8.010  -1.9170E+01
    8.020  -1.8921E+01
    8.030  -1.1456E+01
    8.040   9.6232E-01
    8.050   1.5742E+01
    8.060   2.6642E+01
    8.070   2.4724E+01
    8.080   1.2072E+01
    8.090  -1.3833E-01
    8.100  -5.4272E+00
    8.110  -2.9790E+00
    8.120   4.1555E+00
    8.130   1.4259E+01
    8.140   2.6771E+01
    8.150   4.2809E+01
    8.160   5.8088E+01
    8.170   6.2564E+01
    8.180   5.6115E+01
    8.190   4.0741E+01
    8.200   1.6026E+01
    8.210  -1.2679E+01
    8.220  -3.6214E+01
    8.230  -4.5947E+01
    8.240  -4.2369E+01
    8.250  -3.2746E+01
    8.260  -2.2670E+01
    8.270  -1.2963E+01
    8.280  -1.5077E+00
    8.290   1.3265E+01
    8.300   2.4112E+01
    8.310   2.6771E+01
    8.320   2.3066E+01
    8.330   1.7610E+01
    8.340   1.8755E+01
    8.350   2.5652E+01
    8.360   2.9748E+01
    8.370   2.5294E+01
    8.380   1.2701E+01
    8.390  -4.3730E+00
    8.400  -2.1785E+01
    8.410  -3.4131E+01
    8.420  -4.0266E+01
    8.430  -4.0792E+01
    8.440  -3.5839E+01
    8.450  -2.9007E+01
    8.460  -2.3497E+01
    8.470  -1.8890E+01
    8.480  -1.2173E+01
    8.490  -2.9057E+00
    8.500   7.7293E+00
    8.510   1.5427E+01
    8.520   1.5783E+01
    8.530   1.3851E+01
    8.540   1.3611E+01
    8.550   1.5971E+01
    8.560   1.9638E+01
    8.570   2.2210E+01
    8.580   2.4633E+01
    8.590   2.7265E+01
    8.600   2.9011E+01
    8.610   2.8655E+01
    8.620   2.9397E+01
    8.630   3.3277E+01
    8.640   3.8608E+01
    8.650   4.7357E+01
    8.660   5.5717E+01
    8.670   5.8645E+01
    8.680   5.0813E+01
    8.690   2.7084E+01
    8.700  -5.0740E+00
    8.710  -3.0977E+01
    8.720  -4.6202E+01
    8.730  -5.2332E+01
    8.740  -5.3678E+01
    8.750  -5.4404E+01
    8.760  -5.1547E+01
    8.770  -4.2516E+01
    8.780  -3.0586E+01
    8.790  -2.4113E+01
    8.800  -2.6538E+01
    8.810  -3.1657E+01
    8.820  -3.4309E+01
    8.830  -3.2986E+01
    8.840  -2.7088E+01
    8.850  -2.0724E+01
    8.860  -1.7132E+01
    8.870  -1.5368E+01
    8.880  -1.9265E+01
    8.890  -3.2899E+01
    8.900  -5.1006E+01
    8.910  -6.5007E+01
    8.920  -7.1414E+01
    8.930  -7.0766E+01
    8.940  -6.8317E+01
    8.950  -6.4566E+01
    8.960  -5.3917E+01
    8.970  -4.0323E+01
    8.980  -3.2906E+01
    8.990  -2.7867E+01
    9.000  -1.8878E+01
    9.010  -6.3331E+00
    9.020   7.3200E+00
    9.030   1.7771E+01
    9.040   2.2200E+01
    9.050   1.9982E+01
    9.060   1.5689E+01
    9.070   1.5272E+01
    9.080   1.6176E+01
    9.090   1.2784E+01
    9.100   1.1423E+00
    9.110  -1.5254E+01
    9.120  -2.9817E+01
    9.130  -4.0398E+01
    9.140  -4.4156E+01
    9.150  -4.2003E+01
    9.160  -4.3284E+01
    9.170  -5.1703E+01
    9.180  -6.2033E+01
    9.190  -6.9169E+01
    9.200  -6.7474E+01
    9.210  -5.8571E+01
    9.220  -5.2387E+01
    9.230  -5.7213E+01
    9.240  -6.8804E+01
    9.250  -7.8464E+01
    9.260  -8.3083E+01
    9.270  -7.9584E+01
    9.280  -7.0887E+01
    9.290  -6.6103E+01
    9.300  -6.7466E+01
    9.310  -7.2365E+01
    9.320  -7.4403E+01
    9.330  -7.0975E+01
    9.340  -6.5408E+01
    9.350  -5.9793E+01
    9.360  -5.4363E+01
    9.370  -4.5932E+01
    9.380  -3.4606E+01
    9.390  -2.2731E+01
    9.400  -1.2914E+01
    9.410  -6.9060E+00
    9.420  -5.2467E+00
    9.430  -5.3646E+00
    9.440  -1.3341E+00
    9.450   1.2104E+01
    9.460   3.3947E+01
    9.470   5.4782E+01
    9.480   6.7251E+01
    9.490   6.9565E+01
    9.500   5.9800E+01
    9.510   4.1948E+01
    9.520   2.6826E+01
    9.530   1.9293E+01
    9.540   1.6831E+01
    9.550   1.5621E+01
    9.560   1.1718E+01
    9.570   2.1019E+00
    9.580  -1.1702E+01
    9.590  -2.1035E+01
    9.600  -2.3159E+01
    9.610  -2.1447E+01
    9.620  -1.9549E+01
    9.630  -1.9608E+01
    9.640  -1.8437E+01
    9.650  -1.4774E+01
    9.660  -1.1323E+01
    9.670  -9.3217E+00
    9.680  -7.8604E+00
    9.690  -4.3314E+00
    9.700   6.4834E+00
    9.710   2.7915E+01
    9.720   5.1301E+01
    9.730   5.9522E+01
    9.740   4.6687E+01
    9.750   2.4811E+01
    9.760   8.9745E+00
    9.770   2.7533E+00
    9.780   3.7260E+00
    9.790   1.0900E+01
    9.800   2.0052E+01
    9.810   2.9956E+01
    9.820   4.2760E+01
    9.830   5.7348E+01
    9.840   6.9454E+01
    9.850   7.1785E+01
    9.860   6.5281E+01
    9.870   6.2589E+01
    9.880   6.8797E+01
    9.890   7.8614E+01
    9.900   8.7911E+01
    9.910   9.3832E+01
    9.920   9.3931E+01
    9.930   8.8366E+01
    9.940   8.3994E+01
    9.950   8.4113E+01
    9.960   8.1944E+01
    9.970   7.4615E+01
    9.980   6.0790E+01
    9.990   4.1597E+01
   10.000   2.5703E+01
   10.010   1.9029E+01
   10.020   1.7535E+01
   10.030   1.4277E+01
   10.040   8.8505E+00
   10.050   1.1571E+00
   10.060  -7.8851E+00
   10.070  -1.6496E+01
   10.080  -2.6601E+01
   10.090  -3.4583E+01
   10.100  -3.8346E+01
   10.110  -3.6647E+01
   10.120  -2.9076E+01
   10.130  -1.6075E+01
   10.140  -2.0192E-01
   10.150   1.2880E+01
   10.160   1.7112E+01
   10.170   1.6286E+01
   10.180   1.7345E+01
   10.190   1.6774E+01
   10.200   1.2790E+01
   10.210   6.3314E+00
   10.220  -3.9528E+00
   10.230  -1.5629E+01
   10.240  -2.6009E+01
   10.250  -3.3940E+01
   10.260  -3.8952E+01
   10.270  -3.8430E+01
   10.280  -2.8381E+01
   10.290  -1.3141E+01
   10.300   1.8753E+00
   10.310   1.6470E+01
   10.320   2.8293E+01
   10.330   3.6254E+01
   10.340   4.3559E+01
   10.350   4.7787E+01
   10.360   4.5908E+01
   10.370   4.0804E+01
   10.380   3.6088E+01
   10.390   3.8474E+01
   10.400   4.6605E+01
   10.410   5.2366E+01
   10.420   4.9201E+01
   10.430   3.5923E+01
   10.440   1.9968E+01
   10.450   6.9268E+00
   10.460  -2.0986E+00
   10.470  -9.0430E+00
   10.480  -1.3048E+01
   10.490  -9.2605E+00
   10.500   7.3537E+00
   10.510   3.1940E+01
   10.520   4.6007E+01
   10.530   3.8580E+01
   10.540   1.5711E+01
   10.550  -1.2939E+01
   10.560  -3.6433E+01
   10.570  -4.4523E+01
   10.580  -3.8259E+01
   10.590  -2.3565E+01
   10.600  -4.8134E+00
   10.610   1.0241E+01
   10.620   1.4115E+01
   10.630   1.0787E+01
   10.640   8.0872E+00
   10.650   6.5345E+00
   10.660   7.3512E+00
   10.670   1.4929E+01
   10.680   2.6010E+01
   10.690   3.3066E+01
   10.700   3.5952E+01
   10.710   3.9394E+01
   10.720   3.7718E+01
   10.730   2.7829E+01
   10.740   1.3610E+01
   10.750   2.2779E+00
   10.760  -2.1797E+00
   10.770  -6.9107E-01
   10.780   3.3556E+00
   10.790   6.3524E+00
   10.800   5.3070E+00
   10.810   9.5035E-01
   10.820  -3.8170E+00
   10.830  -8.5337E+00
   10.840  -1.5431E+01
   10.850  -3.0172E+01
   10.860  -4.8268E+01
   10.870  -5.8681E+01
   10.880  -5.8213E+01
   10.890  -5.2919E+01
   10.900  -5.2215E+01
   10.910  -5.1436E+01
   10.920  -4.0902E+01
   10.930  -2.2547E+01
   10.940  -7.5511E+00
   10.950   4.0869E+00
   10.960   1.6851E+01
   10.970   3.2804E+01
   10.980   5.3524E+01
   10.990   7.4795E+01
   11.000   8.4801E+01
   11.010   7.8164E+01
   11.020   6.1385E+01
   11.030   4.5869E+01
   11.040   4.2019E+01
   11.050   4.8704E+01
   11.060   5.6711E+01
   11.070   5.9788E+01
   11.080   6.0098E+01
   11.090   6.0168E+01
   11.100   5.4664E+01
   11.110   4.3706E+01
   11.120   3.5511E+01
   11.130   3.1635E+01
   11.140   2.8839E+01
   11.150   2.2993E+01
   11.160   8.9775E+00
   11.170  -1.2190E+01
   11.180  -2.5915E+01
   11.190  -2.4531E+01
   11.200  -1.3969E+01
   11.210  -6.2923E+00
   11.220  -9.9827E+00
   11.230  -2.6031E+01
   11.240  -4.9524E+01
   11.250  -7.3057E+01
   11.260  -8.7986E+01
   11.270  -8.6932E+01
   11.280  -7.3290E+01
   11.290  -6.0879E+01
   11.300  -5.9724E+01
   11.310  -6.5840E+01
   11.320  -7.5420E+01
   11.330  -8.0980E+01
   11.340  -7.4374E+01
   11.350  -5.7800E+01
   11.360  -3.5172E+01
   11.370  -1.1150E+01
   11.380   9.0332E+00
   11.390   2.4242E+01
   11.400   3.6664E+01
   11.410   4.5857E+01
   11.420   4.9599E+01
   11.430   5.2135E+01
   11.440   5.4042E+01
   11.450   4.8231E+01
   11.460   3.1155E+01
   11.470   8.8961E+00
   11.480  -9.7686E+00
   11.490  -1.6960E+01
   11.500  -1.5705E+01
   11.510  -9.6200E+00
   11.520   3.9228E+00
   11.530   2.5719E+01
   11.540   5.1062E+01
   11.550   7.3099E+01
   11.560   8.2655E+01
   11.570   7.7806E+01
   11.580   6.5178E+01
   11.590   4.6434E+01
   11.600   2.1858E+01
   11.610   4.2498E+00
   11.620   6.7964E+00
   11.630   2.2071E+01
   11.640   3.5288E+01
   11.650   4.4484E+01
   11.660   5.2128E+01
   11.670   5.6089E+01
   11.680   5.3397E+01
   11.690   3.9392E+01
   11.700   1.5874E+01
   11.710  -9.4689E+00
   11.720  -2.9259E+01
   11.730  -4.2016E+01
   11.740  -5.5716E+01
   11.750  -7.4556E+01
   11.760  -9.3422E+01
   11.770  -1.0425E+02
   11.780  -1.0213E+02
   11.790  -8.8808E+01
   11.800  -7.2700E+01
   11.810  -5.6602E+01
   11.820  -4.2115E+01
   11.830  -2.8658E+01
   11.840  -1.8551E+01
   11.850  -8.6764E+00
   11.860   3.0432E+00
   11.870   1.0097E+01
   11.880   1.0729E+01
   11.890   3.8399E+00
   11.900  -4.8540E+00
   11.910  -1.1480E+01
   11.920  -2.0059E+01
   11.930  -2.8135E+01
   11.940  -3.2346E+01
   11.950  -3.3075E+01
   11.960  -3.1316E+01
   11.970  -2.7722E+01
   11.980  -2.3400E+01
   11.990  -1.5434E+01
   12.000  -4.5044E+00
   12.010   1.6251E+00
   12.020   8.1886E-01
   12.030  -4.7477E+00
   12.040  -8.8732E+00
   12.050  -2.9201E+00
   12.060   1.3365E+01
   12.070   2.9077E+01
   12.080   3.7054E+01
   12.090   4.5268E+01
   12.100   5.9576E+01
   12.110   7.4276E+01
   12.120   8.5610E+01
   12.130   9.3094E+01
   12.140   9.7879E+01
   12.150   1.0238E+02
   12.160   1.0318E+02
   12.170   9.2099E+01
   12.180   7.2412E+01
   12.190   5.6717E+01
   12.200   4.9742E+01
   12.210   4.8303E+01
   12.220   4.6247E+01
   12.230   4.5105E+01
   12.240   3.9619E+01
   12.250   2.7769E+01
   12.260   1.7642E+01
   12.270   1.1191E+01
   12.280   6.1376E+00
   12.290   2.4989E+00
   12.300   2.6018E+00
   12.310   4.3768E+00
   12.320   4.1559E+00
   12.330  -2.3472E+00
   12.340  -1.5675E+01
   12.350  -2.9392E+01
   12.360  -4.1188E+01
   12.370  -4.9551E+01
   12.380  -5.7408E+01
   12.390  -6.7229E+01
   12.400  -7.3822E+01
   12.410  -7.3280E+01
   12.420  -6.8714E+01
   12.430  -6.2531E+01
   12.440  -5.6066E+01
   12.450  -5.0713E+01
   12.460  -4.5620E+01
   12.470  -3.6969E+01
   12.480  -2.7602E+01
   12.490  -2.2709E+01
   12.500  -2.0121E+01
   12.510  -1.8000E+01
   12.520  -1.7248E+01
   12.530  -2.0281E+01
   12.540  -2.5384E+01
   12.550  -2.6294E+01
   12.560  -1.8973E+01
   12.570  -5.9809E+00
   12.580   4.2774E+00
   12.590   1.1013E+01
   12.600   1.8087E+01
   12.610   2.5182E+01
   12.620   3.1464E+01
   12.630   3.4024E+01
   12.640   2.9125E+01
   12.650   1.9431E+01
   12.660   1.4455E+01
   12.670   1.6797E+01
   12.680   2.1761E+01
   12.690   1.9481E+01
   12.700   1.5413E+01
   12.710   1.6615E+01
   12.720   1.5833E+01
   12.730   8.1138E+00
   12.740  -6.6404E+00
   12.750  -2.7276E+01
   12.760  -4.9902E+01
   12.770  -6.8665E+01
   12.780  -7.7688E+01
   12.790  -7.5899E+01
   12.800  -6.7864E+01
   12.810  -5.5978E+01
   12.820  -4.3233E+01
   12.830  -3.0142E+01
   12.840  -1.9753E+01
   12.850  -1.4839E+01
   12.860  -2.1349E+01
   12.870  -4.1914E+01
   12.880  -6.0948E+01
   12.890  -6.3962E+01
   12.900  -5.5334E+01
   12.910  -5.0515E+01
   12.920  -5.3877E+01
   12.930  -6.3376E+01
   12.940  -7.5056E+01
   12.950  -7.3333E+01
   12.960  -5.5193E+01
   12.970  -3.2786E+01
   12.980  -1.5344E+01
   12.990  -3.8817E+00
   13.000   5.2503E+00
   13.010   9.0591E+00
   13.020   5.0804E+00
   13.030   3.6889E+00
   13.040   1.1701E+01
   13.050   1.9351E+01
   13.060   1.8093E+01
   13.070   8.2417E+00
   13.080  -9.4831E+00
   13.090  -2.9508E+01
   13.100  -4.3211E+01
   13.110  -4.0867E+01
   13.120  -2.5717E+01
   13.130  -6.8504E+00
   13.140   1.0759E+01
   13.150   2.8498E+01
   13.160   4.5308E+01
   13.170   5.4523E+01
   13.180   4.8308E+01
   13.190   3.0197E+01
   13.200   1.2531E+01
   13.210   5.1741E+00
   13.220   9.9913E+00
   13.230   1.8032E+01
   13.240   1.8535E+01
   13.250   1.0877E+01
   13.260   4.2159E+00
   13.270   9.1025E+00
   13.280   2.3468E+01
   13.290   4.0082E+01
   13.300   5.0241E+01
   13.310   5.0019E+01
   13.320   4.1223E+01
   13.330   3.2200E+01
   13.340   3.3383E+01
   13.350   4.5355E+01
   13.360   6.1656E+01
   13.370   7.4399E+01
   13.380   7.3686E+01
   13.390   5.7405E+01
   13.400   3.5710E+01
   13.410   2.0663E+01
   13.420   2.2944E+01
   13.430   3.6961E+01
   13.440   4.6111E+01
   13.450   4.1146E+01
   13.460   2.8101E+01
   13.470   7.6783E+00
   13.480  -2.5431E+01
   13.490  -6.5217E+01
   13.500  -9.8532E+01
   13.510  -1.1845E+02
   13.520  -1.2351E+02
   13.530  -1.1788E+02
   13.540  -1.1451E+02
   13.550  -1.1865E+02
   13.560  -1.2077E+02
   13.570  -1.1699E+02
   13.580  -1.0898E+02
   13.590  -9.5877E+01
   13.600  -7.7615E+01
   13.610  -6.2892E+01
   13.620  -5.4709E+01
   13.630  -4.7797E+01
   13.640  -4.0212E+01
   13.650  -3.1137E+01
   13.660  -2.3242E+01
   13.670  -1.7225E+01
   13.680  -1.5826E+01
   13.690  -2.0335E+01
   13.700  -2.5385E+01
   13.710  -2.4450E+01
   13.720  -1.9779E+01
   13.730  -1.5342E+01
   13.740  -1.0488E+01
   13.750  -6.2580E+00
   13.760  -1.4895E+00
   13.770   2.6796E+00
   13.780   7.2984E+00
   13.790   1.3027E+01
   13.800   1.9841E+01
   13.810   2.7186E+01
   13.820   3.2331E+01
   13.830   3.1043E+01
   13.840   2.1774E+01
   13.850   1.1144E+01
   13.860   5.5410E+00
   13.870   5.9746E+00
   13.880   6.1493E+00
   13.890   3.6421E+00
   13.900   2.2059E+00
   13.910   8.3133E+00
   13.920   2.6223E+01
   13.930   4.9353E+01
   13.940   6.8893E+01
   13.950   8.1786E+01
   13.960   8.6359E+01
   13.970   8.2602E+01
   13.980   6.9182E+01
   13.990   4.8640E+01
   14.000   3.1595E+01
   14.010   2.2354E+01
   14.020   1.8146E+01
   14.030   1.8657E+01
   14.040   2.3600E+01
   14.050   3.2585E+01
   14.060   4.6379E+01
   14.070   6.4906E+01
   14.080   8.1996E+01
   14.090   9.4047E+01
   14.100   9.9309E+01
   14.110   9.6632E+01
   14.120   8.9374E+01
   14.130   7.6407E+01
   14.140   6.1882E+01
   14.150   5.3727E+01
   14.160   5.3214E+01
   14.170   5.5929E+01
   14.180   6.0213E+01
   14.190   6.2967E+01
   14.200   5.9502E+01
   14.210   4.8114E+01
   14.220   2.8031E+01
   14.230   5.0721E+00
   14.240  -1.6487E+01
   14.250  -3.2003E+01
   14.260  -3.8596E+01
   14.270  -4.0074E+01
   14.280  -4.1742E+01
   14.290  -4.4425E+01
   14.300  -4.4836E+01
   14.310  -3.7802E+01
   14.320  -2.2689E+01
   14.330  -6.1708E+00
   14.340   4.9948E+00
   14.350   8.2095E+00
   14.360   5.4650E+00
   14.370   6.4792E-02
   14.380  -3.7213E+00
   14.390  -3.9977E+00
   14.400   4.0266E+00
   14.410   1.5512E+01
   14.420   1.9629E+01
   14.430   1.2375E+01
   14.440  -3.9592E+00
   14.450  -2.4560E+01
   14.460  -4.3057E+01
   14.470  -5.7780E+01
   14.480  -6.6823E+01
   14.490  -7.3962E+01
   14.500  -8.2406E+01
   14.510  -8.7372E+01
   14.520  -8.2793E+01
   14.530  -6.9724E+01
   14.540  -5.9086E+01
   14.550  -5.7323E+01
   14.560  -5.9062E+01
   14.570  -5.7997E+01
   14.580  -5.5803E+01
   14.590  -5.3878E+01
   14.600  -5.5128E+01
   14.610  -6.0357E+01
   14.620  -6.5470E+01
   14.630  -6.6640E+01
   14.640  -5.9758E+01
   14.650  -4.4845E+01
   14.660  -2.5794E+01
   14.670  -4.3114E+00
   14.680   1.3552E+01
   14.690   1.9206E+01
   14.700   1.2720E+01
   14.710   3.3268E+00
   14.720  -3.1179E+00
   14.730  -2.1823E+00
   14.740   6.7150E+00
   14.750   1.7108E+01
   14.760   2.6995E+01
   14.770   3.2901E+01
   14.780   3.4539E+01
   14.790   3.6230E+01
   14.800   3.6130E+01
   14.810   3.3834E+01
   14.820   3.1887E+01
   14.830   3.3116E+01
   14.840   3.9491E+01
   14.850   4.7343E+01
   14.860   5.5528E+01
   14.870   6.5511E+01
   14.880   7.5025E+01
   14.890   8.0667E+01
   14.900   8.0691E+01
   14.910   7.5642E+01
   14.920   6.5826E+01
   14.930   5.0082E+01
   14.940   2.8474E+01
   14.950   5.3097E+00
   14.960  -1.2797E+01
   14.970  -2.6193E+01
   14.980  -4.0117E+01
   14.990  -5.5094E+01
   15.000  -6.7547E+01
   15.010  -7.4063E+01
   15.020  -7.2700E+01
   15.030  -6.6454E+01
   15.040  -5.8172E+01
   15.050  -4.8056E+01
   15.060  -3.3623E+01
   15.070  -1.2747E+01
   15.080   8.9136E+00
   15.090   2.4284E+01
   15.100   2.9425E+01
   15.110   2.7429E+01
   15.120   2.2313E+01
   15.130   1.2585E+01
   15.140   3.6078E+00
   15.150  -2.7037E+00
   15.160  -7.9738E+00
   15.170  -1.1038E+01
   15.180  -1.1361E+01
   15.190  -8.0545E+00
   15.200  -2.6681E+00
   15.210   3.1831E+00
   15.220   9.8619E+00
   15.230   1.8192E+01
   15.240   2.4783E+01
   15.250   2.6517E+01
   15.260   2.6062E+01
   15.270   2.4879E+01
   15.280   2.3333E+01
   15.290   2.1495E+01
   15.300   1.6465E+01
   15.310   6.0821E+00
   15.320  -5.2893E+00
   15.330  -1.6673E+01
   15.340  -2.9719E+01
   15.350  -3.6362E+01
   15.360  -2.8419E+01
   15.370  -1.1283E+01
   15.380   5.1119E+00
   15.390   1.5065E+01
   15.400   1.5347E+01
   15.410   8.8606E+00
   15.420   3.1416E+00
   15.430  -6.4277E-01
   15.440  -8.4055E+00
   15.450  -1.9022E+01
   15.460  -2.7486E+01
   15.470  -3.0996E+01
   15.480  -2.9522E+01
   15.490  -2.4823E+01
   15.500  -1.7861E+01
   15.510  -7.0303E+00
   15.520   7.7956E+00
   15.530   2.1244E+01
   15.540   3.0763E+01
   15.550   4.0125E+01
   15.560   4.9793E+01
   15.570   5.6527E+01
   15.580   5.7719E+01
   15.590   5.4360E+01
   15.600   4.5661E+01
   15.610   3.5274E+01
   15.620   2.7779E+01
   15.630   2.4868E+01
   15.640   2.6294E+01
   15.650   2.9680E+01
   15.660   3.5375E+01
   15.670   4.1978E+01
   15.680   4.3558E+01
   15.690   4.0173E+01
   15.700   3.3901E+01
   15.710   2.4658E+01
   15.720   1.3075E+01
   15.730   1.4248E-01
   15.740  -1.0650E+01
   15.750  -1.3087E+01
   15.760  -4.1940E+00
   15.770   1.0871E+01
   15.780   2.4116E+01
   15.790   2.8792E+01
   15.800   2.4806E+01
   15.810   1.6237E+01
   15.820   9.4621E+00
   15.830   7.7748E+00
   15.840   9.3475E+00
   15.850   1.4480E+01
   15.860   2.3454E+01
   15.870   3.0794E+01
   15.880   3.4270E+01
   15.890   3.8404E+01
   15.900   4.6429E+01
   15.910   5.5028E+01
   15.920   5.6227E+01
   15.930   4.6729E+01
   15.940   3.1277E+01
   15.950   1.4819E+01
   15.960   1.0717E+00
   15.970  -6.1059E+00
   15.980  -6.4474E+00
   15.990  -6.0207E+00
   16.000  -7.0056E+00
   16.010  -7.0969E+00
   16.020  -4.5280E+00
   16.030  -2.4827E+00
   16.040  -6.4958E+00
   16.050  -1.5805E+01
   16.060  -2.2729E+01
   16.070  -2.5089E+01
   16.080  -2.5926E+01
   16.090  -2.5313E+01
   16.100  -2.3023E+01
   16.110  -2.1386E+01
   16.120  -2.4136E+01
   16.130  -3.3067E+01
   16.140  -4.2953E+01
   16.150  -4.5794E+01
   16.160  -4.0023E+01
   16.170  -3.1699E+01
   16.180  -2.7710E+01
   16.190  -3.1213E+01
   16.200  -4.1787E+01
   16.210  -5.5831E+01
   16.220  -6.6885E+01
   16.230  -7.0738E+01
   16.240  -6.6784E+01
   16.250  -5.5726E+01
   16.260  -4.2007E+01
   16.270  -2.9068E+01
   16.280  -1.8377E+01
   16.290  -9.6360E+00
   16.300  -1.1684E+00
   16.310   7.5821E+00
   16.320   1.5520E+01
   16.330   2.2266E+01
   16.340   2.8893E+01
   16.350   3.5559E+01
   16.360   4.0101E+01
   16.370   4.0730E+01
   16.380   3.8209E+01
   16.390   3.2960E+01
   16.400   2.6123E+01
   16.410   1.9950E+01
   16.420   1.6251E+01
   16.430   1.6150E+01
   16.440   1.8778E+01
   16.450   1.8508E+01
   16.460   1.0354E+01
   16.470  -4.8104E+00
   16.480  -2.1394E+01
   16.490  -3.4912E+01
   16.500  -4.3266E+01
   16.510  -4.5761E+01
   16.520  -4.4371E+01
   16.530  -4.1697E+01
   16.540  -3.7104E+01
   16.550  -3.0177E+01
   16.560  -2.3705E+01
   16.570  -1.9775E+01
   16.580  -1.8619E+01
   16.590  -1.7976E+01
   16.600  -1.6294E+01
   16.610  -1.3964E+01
   16.620  -1.1677E+01
   16.630  -1.2263E+01
   16.640  -1.4052E+01
   16.650  -1.3734E+01
   16.660  -1.1171E+01
   16.670  -8.1814E+00
   16.680  -5.0831E+00
   16.690  -3.1748E+00
   16.700  -4.2380E+00
   16.710  -5.8712E+00
   16.720  -4.3494E+00
   16.730  -1.1979E+00
   16.740  -8.3781E-01
   16.750  -4.8264E+00
   16.760  -1.0349E+01
   16.770  -1.3180E+01
   16.780  -1.2421E+01
   16.790  -1.0008E+01
   16.800  -8.1463E+00
   16.810  -7.4168E+00
   16.820  -8.1400E+00
   16.830  -1.0195E+01
   16.840  -1.2567E+01
   16.850  -1.7390E+01
   16.860  -2.4610E+01
   16.870  -3.1919E+01
   16.880  -3.6378E+01
   16.890  -3.5862E+01
   16.900  -3.3882E+01
   16.910  -3.2310E+01
   16.920  -2.9222E+01
   16.930  -2.4568E+01
   16.940  -1.9645E+01
   16.950  -1.4696E+01
   16.960  -1.0822E+01
   16.970  -9.2918E+00
   16.980  -1.1327E+01
   16.990  -1.4265E+01
   17.000  -1.2248E+01
   17.010  -4.2791E+00
   17.020   5.5386E+00
   17.030   1.4726E+01
   17.040   2.1502E+01
   17.050   2.5613E+01
   17.060   2.9225E+01
   17.070   3.1119E+01
   17.080   2.8403E+01
   17.090   2.2522E+01
   17.100   1.7880E+01
   17.110   1.7689E+01
   17.120   1.8874E+01
   17.130   1.8489E+01
   17.140   1.5788E+01
   17.150   1.1661E+01
   17.160   7.9818E+00
   17.170   5.4991E+00
   17.180   3.9252E+00
   17.190   4.0154E+00
   17.200   5.6684E+00
   17.210   8.0112E+00
   17.220   9.8886E+00
   17.230   9.2005E+00
   17.240   6.1025E+00
   17.250   1.1701E+00
   17.260  -4.3368E+00
   17.270  -9.0428E+00
   17.280  -1.1266E+01
   17.290  -9.6704E+00
   17.300  -5.9263E+00
   17.310  -3.1661E+00
   17.320  -1.5997E+00
   17.330  -8.1006E-02
   17.340   2.2710E+00
   17.350   5.8439E+00
   17.360   9.8357E+00
   17.370   1.2618E+01
   17.380   1.2770E+01
   17.390   1.0842E+01
   17.400   8.0233E+00
   17.410   5.0322E+00
   17.420   2.0992E+00
   17.430   3.8451E-01
   17.440   2.2160E+00
   17.450   5.4451E+00
   17.460   6.9569E+00
   17.470   7.0759E+00
   17.480   8.4172E+00
   17.490   1.0714E+01
   17.500   1.1548E+01
   17.510   1.0096E+01
   17.520   8.4917E+00
   17.530   8.3169E+00
   17.540   1.0490E+01
   17.550   1.3200E+01
   17.560   1.4724E+01
   17.570   1.6697E+01
   17.580   1.9773E+01
   17.590   2.1780E+01
   17.600   2.1471E+01
   17.610   1.8799E+01
   17.620   1.4382E+01
   17.630   1.0891E+01
   17.640   8.6137E+00
   17.650   5.1742E+00
   17.660  -2.6526E-01
   17.670  -5.9756E+00
   17.680  -1.1576E+01
   17.690  -1.7335E+01
   17.700  -2.2465E+01
   17.710  -2.6482E+01
   17.720  -2.7675E+01
   17.730  -2.5909E+01
   17.740  -2.1451E+01
   17.750  -1.5330E+01
   17.760  -8.2246E+00
   17.770  -1.1943E+00
   17.780   3.9972E+00
   17.790   6.8201E+00
   17.800   7.9065E+00
   17.810   8.2731E+00
   17.820   7.5232E+00
   17.830   6.0622E+00
   17.840   4.5046E+00
   17.850   3.0156E+00
   17.860   1.5644E+00
   17.870   1.2722E-02
   17.880  -5.4705E-01
   17.890   2.6425E-02
   17.900   1.3703E+00
   17.910   3.0268E+00
   17.920   5.7748E+00
   17.930   9.3726E+00
   17.940   1.2350E+01
   17.950   1.4800E+01
   17.960   1.7570E+01
   17.970   1.9792E+01
   17.980   1.9548E+01
   17.990   1.6796E+01
   18.000   1.3885E+01
   18.010   1.3352E+01
   18.020   1.4171E+01
   18.030   1.4314E+01
   18.040   1.3771E+01
   18.050   1.1973E+01
   18.060   8.5502E+00
   18.070   4.4523E+00
   18.080   5.4854E-01
   18.090  -2.7253E+00
   18.100  -4.5890E+00
   18.110  -5.3815E+00
   18.120  -5.8852E+00
   18.130  -6.4581E+00
   18.140  -7.0036E+00
   18.150  -6.2185E+00
   18.160  -3.7769E+00
   18.170  -1.0164E-01
   18.180   5.2054E+00
   18.190   1.1053E+01
   18.200   1.5594E+01
   18.210   1.8619E+01
   18.220   2.1643E+01
   18.230   2.4256E+01
   18.240   2.5501E+01
   18.250   2.5996E+01
   18.260   2.6740E+01
   18.270   2.8118E+01
   18.280   3.0382E+01
   18.290   3.2096E+01
   18.300   3.1550E+01
   18.310   2.8304E+01
   18.320   2.2907E+01
   18.330   1.6758E+01
   18.340   1.1231E+01
   18.350   7.6866E+00
   18.360   6.5224E+00
   18.370   6.1759E+00
   18.380   5.0678E+00
   18.390   2.2675E+00
   18.400  -2.6601E+00
   18.410  -8.3843E+00
   18.420  -1.3345E+01
   18.430  -1.7193E+01
   18.440  -1.9822E+01
   18.450  -2.1753E+01
   18.460  -2.3736E+01
   18.470  -2.3967E+01
   18.480  -2.1955E+01
   18.490  -1.8575E+01
   18.500  -1.4605E+01
   18.510  -1.1795E+01
   18.520  -1.1360E+01
   18.530  -1.2721E+01
   18.540  -1.4642E+01
   18.550  -1.5939E+01
   18.560  -1.6371E+01
   18.570  -1.6057E+01
   18.580  -1.4718E+01
   18.590  -1.3110E+01
   18.600  -1.2697E+01
   18.610  -1.4112E+01
   18.620  -1.5480E+01
   18.630  -1.5090E+01
   18.640  -1.3180E+01
   18.650  -1.1014E+01
   18.660  -1.0007E+01
   18.670  -9.0752E+00
   18.680  -7.5406E+00
   18.690  -6.1427E+00
   18.700  -5.1728E+00
   18.710  -5.0594E+00
   18.720  -5.2439E+00
   18.730  -5.1226E+00
   18.740  -4.3414E+00
   18.750  -3.3060E+00
   18.760  -2.6882E+00
   18.770  -2.5221E+00
   18.780  -3.0106E+00
   18.790  -3.8991E+00
   18.800  -4.9686E+00
   18.810  -6.5270E+00
   18.820  -8.7502E+00
   18.830  -1.0614E+01
   18.840  -1.1591E+01
   18.850  -1.1598E+01
   18.860  -1.1195E+01
   18.870  -1.0274E+01
   18.880  -8.6211E+00
   18.890  -6.8608E+00
   18.900  -5.5672E+00
   18.910  -4.4831E+00
   18.920  -2.9668E+00
   18.930  -1.0609E+00
   18.940   9.0993E-01
   18.950   3.1729E+00
   18.960   5.7520E+00
   18.970   7.6015E+00
   18.980   7.7249E+00
   18.990   6.0815E+00
   19.000   4.0287E+00
   19.010   2.5282E+00
   19.020   1.4425E+00
   19.030   1.6631E+00
   19.040   3.4581E+00
   19.050   5.3031E+00
   19.060   6.7424E+00
   19.070   8.7335E+00
   19.080   1.1802E+01
   19.090   1.4423E+01
   19.100   1.5069E+01
   19.110   1.4775E+01
   19.120   1.4408E+01
   19.130   1.3936E+01
   19.140   1.2560E+01
   19.150   9.7160E+00
   19.160   6.1679E+00
   19.170   2.9417E+00
   19.180   8.9320E-02
   19.190  -2.0282E+00
   19.200  -3.0637E+00
   19.210  -3.0493E+00
   19.220  -2.2391E+00
   19.230  -1.1597E+00
   19.240  -4.8916E-01
   19.250   7.2300E-02
   19.260   8.2000E-01
   19.270   1.4629E+00
   19.280   8.6446E-01
   19.290  -1.2989E+00
   19.300  -3.4158E+00
   19.310  -4.8058E+00
   19.320  -5.6063E+00
   19.330  -6.1583E+00
   19.340  -6.9146E+00
   19.350  -7.3971E+00
   19.360  -6.6943E+00
   19.370  -5.5399E+00
   19.380  -5.5075E+00
   19.390  -6.6249E+00
   19.400  -8.1255E+00
   19.410  -8.9892E+00
   19.420  -8.4918E+00
   19.430  -6.7278E+00
   19.440  -4.9065E+00
   19.450  -4.2890E+00
   19.460  -4.7270E+00
   19.470  -5.1102E+00
   19.480  -4.7036E+00
   19.490  -3.4330E+00
   19.500  -1.8065E+00
   19.510  -6.4738E-01
   19.520   1.5886E-01
   19.530   7.5946E-01
   19.540   1.0423E+00
   19.550   9.9282E-01
   19.560   5.1099E-01
   19.570  -1.2964E-01
   19.580  -4.7237E-01
   19.590   1.2019E-01
   19.600   1.7685E+00
   19.610   3.5626E+00
   19.620   4.8704E+00
   19.630   5.7570E+00
   19.640   6.4670E+00
   19.650   7.0303E+00
   19.660   7.5626E+00
   19.670   8.1680E+00
   19.680   8.5186E+00
   19.690   8.3711E+00
   19.700   8.0154E+00
   19.710   7.3601E+00
   19.720   6.5164E+00
   19.730   5.8436E+00
   19.740   5.7141E+00
   19.750   5.6056E+00
   19.760   4.7927E+00
   19.770   3.4043E+00
   19.780   1.8512E+00
   19.790   5.8783E-01
   19.800   1.6869E-01
   19.810   6.9810E-01
   19.820   1.3399E+00
   19.830   1.5824E+00
   19.840   1.1830E+00
   19.850   1.9095E-01
   19.860  -8.6976E-01
   19.870  -2.0841E+00
   19.880  -3.4705E+00
   19.890  -4.5623E+00
   19.900  -5.1237E+00
   19.910  -4.9460E+00
   19.920  -4.2946E+00
   19.930  -3.5943E+00
   19.940  -2.9763E+00
   19.950  -2.8790E+00
   19.960  -3.4120E+00
   19.970  -4.1945E+00
   19.980  -4.7879E+00
   19.990  -5.0893E+00
   20.000  -5.5279E+00
   20.010  -6.4589E+00
   20.020  -7.6839E+00
   20.030  -8.9115E+00
   20.040  -9.6334E+00
   20.050  -9.1491E+00
   20.060  -7.5338E+00
   20.070  -5.4796E+00
   20.080  -3.5493E+00
   20.090  -2.0667E+00
   20.100  -7.1039E-01
   20.110   6.2589E-01
   20.120   1.3616E+00
   20.130   9.8133E-01
   20.140  -3.2917E-01
   20.150  -2.1977E+00
   20.160  -4.2573E+00
   20.170  -5.8353E+00
   20.180  -6.7342E+00
   20.190  -7.1400E+00
   20.200  -7.0080E+00
   20.210  -6.6052E+00
   20.220  -5.9154E+00
   20.230  -4.7886E+00
   20.240  -3.3117E+00
   20.250  -1.7459E+00
   20.260  -5.9066E-01
   20.270   1.0004E-01
   20.280   2.3437E-01
   20.290  -1.7464E-01
   20.300  -7.9601E-01
   20.310  -1.7530E+00
   20.320  -3.0526E+00
   20.330  -4.2282E+00
   20.340  -4.8653E+00
   20.350  -5.0349E+00
   20.360  -5.0520E+00
   20.370  -5.0313E+00
   20.380  -4.8541E+00
   20.390  -4.3709E+00
   20.400  -3.3995E+00
   20.410  -2.2071E+00
   20.420  -1.2560E+00
   20.430  -3.7474E-01
   20.440   5.3784E-01
   20.450   1.1423E+00
   20.460   1.1198E+00
   20.470   6.4394E-01
   20.480   4.2407E-01
   20.490   6.5844E-01
   20.500   4.8387E-01
   20.510  -6.7140E-01
   20.520  -2.5540E+00
   20.530  -4.1120E+00
   20.540  -4.2713E+00
   20.550  -2.7209E+00
   20.560  -9.0810E-02
   20.570   2.8210E+00
   20.580   5.1809E+00
   20.590   6.1128E+00
   20.600   5.5123E+00
   20.610   4.0699E+00
   20.620   2.8934E+00
   20.630   2.7526E+00
   20.640   3.2559E+00
   20.650   3.6564E+00
   20.660   3.9412E+00
   20.670   4.4393E+00
   20.680   5.0767E+00
   20.690   5.8069E+00
   20.700   6.7091E+00
   20.710   7.7600E+00
   20.720   8.4660E+00
   20.730   8.9998E+00
   20.740   9.2921E+00
   20.750   8.6544E+00
   20.760   6.8013E+00
   20.770   4.5514E+00
   20.780   3.1393E+00
   20.790   3.1051E+00
   20.800   3.9199E+00
   20.810   4.8896E+00
   20.820   5.9014E+00
   20.830   6.8934E+00
   20.840   7.1619E+00
   20.850   6.3915E+00
   20.860   5.1073E+00
   20.870   3.5532E+00
   20.880   2.1229E+00
   20.890   1.1971E+00
   20.900   7.6492E-01
   20.910   5.6710E-01
   20.920   2.6928E-01
   20.930   1.4464E-01
   20.940   4.8664E-01
   20.950   1.4041E+00
   20.960   2.5189E+00
   20.970   3.0025E+00
   20.980   2.5367E+00
   20.990   1.4002E+00
   21.000   2.7609E-01
   21.010  -3.5960E-01
   21.020  -6.0914E-01
   21.030  -6.3648E-01
   21.040  -6.0254E-01
   21.050  -9.8883E-01
   21.060  -1.7955E+00
   21.070  -2.5260E+00
   21.080  -3.0616E+00
   21.090  -3.6939E+00
   21.100  -4.7112E+00
   21.110  -5.7701E+00
   21.120  -6.4258E+00
   21.130  -6.8202E+00
   21.140  -7.2567E+00
   21.150  -7.4457E+00
   21.160  -6.9243E+00
   21.170  -5.7851E+00
   21.180  -4.4367E+00
   21.190  -3.3537E+00
   21.200  -2.6556E+00
   21.210  -2.0470E+00
   21.220  -1.3396E+00
   21.230  -4.0433E-01
   21.240   7.8519E-01
   21.250   2.1188E+00
   21.260   3.2255E+00
   21.270   3.8587E+00
   21.280   4.1268E+00
   21.290   4.3063E+00
   21.300   4.7530E+00
   21.310   5.2326E+00
   21.320   5.1487E+00
   21.330   4.4021E+00
   21.340   3.3225E+00
   21.350   2.4383E+00
   21.360   2.0276E+00
   21.370   2.0988E+00
   21.380   2.4063E+00
   21.390   2.6607E+00
   21.400   2.7497E+00
   21.410   2.8296E+00
   21.420   2.8137E+00
   21.430   2.6608E+00
   21.440   2.3524E+00
   21.450   1.9693E+00
   21.460   1.4826E+00
   21.470   8.4137E-01
   21.480   4.0088E-01
   21.490   1.2221E-01
   21.500  -1.0773E-01
   21.510   1.0501E-01
   21.520   8.4212E-01
   21.530   1.8960E+00
   21.540   2.9082E+00
   21.550   3.2870E+00
   21.560   2.6722E+00
   21.570   1.3212E+00
   21.580  -1.5090E-01
   21.590  -1.3705E+00
   21.600  -2.4401E+00
   21.610  -3.5664E+00
   21.620  -4.5263E+00
   21.630  -4.9060E+00
   21.640  -4.5608E+00
   21.650  -3.7723E+00
   21.660  -3.0481E+00
   21.670  -2.7080E+00
   21.680  -2.6939E+00
   21.690  -2.6602E+00
   21.700  -2.4943E+00
   21.710  -2.2001E+00
   21.720  -1.6901E+00
   21.730  -1.0370E+00
   21.740  -3.3290E-01
   21.750   3.0433E-01
   21.760   8.5666E-01
   21.770   1.2903E+00
   21.780   1.6205E+00
   21.790   1.9091E+00
   21.800   2.2127E+00
   21.810   2.3817E+00
   21.820   2.2947E+00
   21.830   2.1017E+00
   21.840   2.0373E+00
   21.850   1.9444E+00
   21.860   1.7949E+00
   21.870   1.4286E+00
   21.880   6.9131E-01
   21.890  -3.1947E-02
   21.900  -4.1352E-01
   21.910  -1.6362E-01
   21.920   6.2249E-01
   21.930   1.3671E+00
   21.940   2.0693E+00
   21.950   2.8133E+00
   21.960   3.5703E+00
   21.970   4.0336E+00
   21.980   4.0141E+00
   21.990   3.5800E+00
   22.000   3.0486E+00
   22.010   2.6513E+00
   22.020   2.1096E+00
   22.030   1.3411E+00
   22.040   5.8216E-01
   22.050  -9.2278E-02
   22.060  -6.6538E-01
   22.070  -1.0071E+00
   22.080  -1.2312E+00
   22.090  -1.3661E+00
   22.100  -1.4071E+00
   22.110  -1.4896E+00
   22.120  -1.6465E+00
   22.130  -1.7343E+00
   22.140  -1.7549E+00
   22.150  -1.6224E+00
   22.160  -1.4632E+00
   22.170  -1.3876E+00
   22.180  -1.0806E+00
   22.190  -3.5772E-01
   22.200   3.5263E-01
   22.210   7.1563E-01
   22.220   7.6427E-01
   22.230   7.5140E-01
   22.240   7.7424E-01
   22.250   7.5727E-01
   22.260   7.2923E-01
   22.270   8.3982E-01
   22.280   1.2216E+00
   22.290   1.8613E+00
   22.300   2.6002E+00
   22.310   2.9789E+00
   22.320   2.8215E+00
   22.330   2.4296E+00
   22.340   1.8454E+00
   22.350   8.6229E-01
   22.360  -1.5013E-01
   22.370  -7.6066E-01
   22.380  -1.1257E+00
   22.390  -1.3248E+00
   22.400  -1.3527E+00
   22.410  -1.2981E+00
   22.420  -1.1545E+00
   22.430  -9.7347E-01
   22.440  -7.9484E-01
   22.450  -6.3657E-01
   22.460  -4.2275E-01
   22.470  -4.3878E-01
   22.480  -3.0380E-01
   22.490  -1.5268E-01
   22.500  -4.2490E-02
   22.510  -3.4411E-02
   22.520  -1.4001E-01
   22.530  -2.8796E-01
   22.540  -3.7981E-01
   22.550  -3.7633E-01
   22.560  -3.1102E-01
   22.570  -2.3486E-01
   22.580  -1.6697E-01
   22.590  -9.9464E-02
   22.600  -2.4940E-02
   22.610   4.5892E-02
   22.620   8.3555E-02
   22.630   4.7212E-02
   22.640  -9.4087E-02
   22.650  -3.3582E-01
   22.660  -6.3078E-01
   22.670  -9.1714E-01
   22.680  -1.1565E+00
   22.690  -1.3436E+00
   22.700  -1.4752E+00
   22.710  -1.5219E+00
   22.720  -1.4432E+00
   22.730  -1.2390E+00
   22.740  -9.6952E-01
   22.750  -7.1755E-01
   22.760  -5.3277E-01
   22.770  -4.2315E-01
   22.780  -3.8290E-01
   22.790  -4.0287E-01
   22.800  -4.4958E-01
   22.810  -4.6236E-01
   22.820  -3.9305E-01
   22.830  -2.4633E-01
   22.840  -6.9502E-02
   22.850   9.2393E-02
   22.860   2.2642E-01
   22.870   3.4394E-01
   22.880   5.0698E-01
   22.890   6.1060E-01
   22.900   6.2741E-01
   22.910   5.2734E-01
   22.920   2.8287E-01
   22.930  -4.5040E-02
   22.940  -3.4812E-01
   22.950  -5.3222E-01
   22.960  -5.6977E-01
   22.970  -4.8879E-01
   22.980  -3.5520E-01
   22.990  -2.1162E-01
   23.000  -8.8095E-02
   23.010  -1.3207E-02
   23.020  -1.5092E-03
   23.030   1.0212E-02
   23.040   2.0710E-02
   23.050   1.0612E-01
   23.060   2.7116E-01
   23.070   4.7652E-01
   23.080   6.7298E-01
   23.090   8.3054E-01
   23.100   9.7001E-01
   23.110   1.0034E+00
   23.120   9.3401E-01
   23.130   7.5303E-01
   23.140   4.9517E-01
   23.150   2.2634E-01
   23.160   4.8916E-03
   23.170  -1.4618E-01
   23.180  -2.3480E-01
   23.190  -2.8684E-01
   23.200  -3.3810E-01
   23.210  -3.5530E-01
   23.220  -3.6149E-01
   23.230  -3.8282E-01
   23.240  -4.3509E-01
   23.250  -5.1681E-01
   23.260  -6.0897E-01
   23.270  -6.7881E-01
   23.280  -6.9060E-01
   23.290  -6.2854E-01
   23.300  -5.1804E-01
   23.310  -4.1874E-01
   23.320  -3.8190E-01
   23.330  -4.0796E-01
   23.340  -4.4595E-01
   23.350  -4.3433E-01
   23.360  -3.4348E-01
   23.370  -1.9291E-01
   23.380  -4.5628E-02
   23.390   1.4755E-02
   23.400  -7.1244E-02
   23.410  -2.9404E-01
   23.420  -5.7634E-01
   23.430  -8.4006E-01
   23.440  -1.0245E+00
   23.450  -1.1129E+00
   23.460  -1.2004E+00
   23.470  -1.2264E+00
   23.480  -9.1006E-01
   23.490  -8.3795E-01
   23.500  -7.3153E-01
   23.510  -7.0801E-01
   23.520  -6.7267E-01
   23.530  -6.0562E-01
   23.540  -5.0776E-01
   23.550  -3.7835E-01
   23.560  -2.1406E-01
   23.570  -3.8023E-02
   23.580   9.5276E-02
   23.590   1.4265E-01
   23.600   1.1176E-01
   23.610   4.6551E-02
   23.620  -1.7132E-02
   23.630  -7.1094E-02
   23.640  -1.2051E-01
   23.650  -1.6886E-01
   23.660  -2.1479E-01
   23.670  -2.5051E-01
   23.680  -2.6220E-01
   23.690  -2.4443E-01
   23.700  -2.1539E-01
   23.710  -2.0652E-01
   23.720  -2.3082E-01
   23.730  -2.2160E-01
   23.740  -2.4183E-01
   23.750  -2.1405E-01
   23.760  -1.4481E-01
   23.770  -2.9318E-02
   23.780   4.2053E-02
   23.790   6.6312E-02
   23.800   1.4598E-02
   23.810  -1.2197E-01
   23.820  -3.1475E-01
   23.830  -4.9289E-01
   23.840  -5.7202E-01
   23.850  -5.1207E-01
   23.860  -3.5424E-01
   23.870  -1.9192E-01
   23.880  -1.0808E-01
   23.890  -9.6925E-02
   23.900  -1.4288E-01
   23.910  -2.1531E-01
   23.920  -2.8497E-01
   23.930  -3.1543E-01
   23.940  -2.7773E-01
   23.950  -1.8069E-01
   23.960  -7.2627E-02
   23.970  -2.0420E-03
   23.980   2.2198E-02
   23.990   2.7138E-02
   24.000   3.6623E-02
   24.010   4.4780E-02
   24.020   3.2900E-02
   24.030   3.0994E-03
   24.040  -1.9323E-02
   24.050  -2.0368E-02
   24.060  -2.0228E-02
   24.070  -5.1797E-02
   24.080  -1.2443E-01
   24.090  -2.2054E-01
   24.100  -3.2009E-01
   24.110  -4.1207E-01
   24.120  -4.8446E-01
   24.130  -5.2137E-01
   24.140  -5.1436E-01
   24.150  -4.6496E-01
   24.160  -3.7507E-01
   24.170  -2.5181E-01
   24.180  -1.2423E-01
   24.190  -3.5525E-02
   24.200  -5.6189E-03
   24.210  -1.4315E-02
   24.220  -5.6113E-02
   24.230  -7.3128E-02
   24.240  -8.7959E-02
   24.250  -9.2935E-02
   24.260  -8.2138E-02
   24.270  -7.2426E-02
   24.280  -1.1253E-01
   24.290  -2.0854E-01
   24.300  -3.2527E-01
   24.310  -4.0620E-01
   24.320  -4.1465E-01
   24.330  -3.6026E-01
   24.340  -3.0071E-01
   24.350  -2.9871E-01
   24.360  -4.0750E-01
   24.370  -5.9397E-01
   24.380  -7.7045E-01
   24.390  -8.6048E-01
   24.400  -8.3415E-01
   24.410  -7.0023E-01
   24.420  -4.9408E-01
   24.430  -2.8056E-01
   24.440  -9.5383E-02
   24.450  -5.9140E-02
   24.460  -9.8738E-02
   24.470  -1.4181E-01
   24.480  -1.4862E-01
   24.490  -1.3727E-01
   24.500  -1.4277E-01
   24.510  -1.6752E-01
   24.520  -1.7752E-01
   24.530  -1.3655E-01
   24.540  -3.2764E-02
   24.550   1.2075E-01
   24.560   2.9672E-01
   24.570   4.4449E-01
   24.580   5.4114E-01
   24.590   5.7900E-01
   24.600   5.2620E-01
   24.610   5.1809E-01
   24.620   5.5551E-01
   24.630   6.4753E-01
   24.640   7.5976E-01
   24.650   8.3436E-01
   24.660   7.5073E-01
   24.670   6.5427E-01
   24.680   4.9095E-01
   24.690   3.1104E-01
   24.700   1.5730E-01
   24.710   5.1347E-02
   24.720  -3.1575E-03
   24.730   3.0725E-03
   24.740  -3.8351E-01
   24.750  -3.0731E-01
   24.760  -2.2910E-01
   24.770  -1.3963E-01
   24.780  -1.7093E-02
   24.790   1.4143E-01
   24.800   2.9540E-01
   24.810   4.0610E-01
   24.820   4.4022E-01
   24.830   3.8412E-01
   24.840   2.4835E-01
   24.850   7.1331E-02
   24.860  -9.0275E-02
   24.870  -1.8809E-01
   24.880  -2.0441E-01
   24.890  -1.5219E-01
   24.900  -5.9654E-02
   24.910   4.1299E-02
   24.920  -6.7202E-02
   24.930  -9.6283E-02
   24.940  -1.4668E-01
   24.950  -2.0403E-01
   24.960  -2.6842E-01
   24.970  -3.1997E-01
   24.980  -3.7152E-01
   24.990  -4.0881E-01
   25.000  -3.9479E-01
   25.010  -2.9835E-01
   25.020  -1.3290E-01
   25.030   4.2369E-02
   25.040   1.7015E-01
   25.050   2.4289E-01
   25.060   2.9950E-01
   25.070   3.7702E-01
   25.080   4.7361E-01
   25.090   5.5914E-01
   25.100   6.1299E-01
   25.110   6.3960E-01
   25.120   6.4606E-01
   25.130   6.1447E-01
   25.140   5.1130E-01
   25.150   3.2825E-01
   25.160   1.0689E-01
   25.170  -8.5903E-02
   25.180  -2.0507E-01
   25.190  -2.4822E-01
   25.200  -2.3804E-01
   25.210  -1.9865E-01
   25.220  -1.4934E-01
   25.230  -1.1029E-01
   25.240  -8.3883E-02
   25.250  -7.4643E-02
   25.260  -7.5553E-02
   25.270  -6.3861E-02
   25.280  -5.3282E-02
   25.290  -3.9606E-02
   25.300  -3.7883E-02
   25.310  -6.7302E-02
   25.320  -1.3519E-01
   25.330  -2.1779E-01
   25.340  -2.7943E-01
   25.350  -2.8747E-01
   25.360  -2.3783E-01
   25.370  -1.5568E-01
   25.380  -4.6902E-02
   25.390   1.2534E-02
   25.400   1.0474E-01
   25.410   1.3145E-01
   25.420   1.5322E-01
   25.430   1.5904E-01
   25.440   1.3364E-01
   25.450   1.5404E-01
   25.460   7.8572E-02
   25.470   1.3945E-02
   25.480  -1.2427E-02
   25.490   1.3182E-03
   25.500   2.1755E-02
   25.510  -1.1715E-03
   25.520  -9.4269E-02
   25.530  -2.3699E-01
   25.540  -3.7761E-01
   25.550  -4.7128E-01
   25.560  -5.0085E-01
   25.570  -4.6916E-01
   25.580  -3.8332E-01
   25.590  -2.7611E-01
   25.600  -1.4817E-01
   25.610  -1.7502E-02
   25.620   7.4478E-02
   25.630   1.0925E-01
   25.640   1.0654E-01
   25.650   1.0701E-01
   25.660   1.4220E-01
   25.670   2.2251E-01
   25.680   3.4547E-01
   25.690   6.0487E-01
   25.700   4.2903E-01
   25.710   4.9449E-01
   25.720   5.4732E-01
   25.730   5.7193E-01
   25.740   5.6658E-01
   25.750   5.4196E-01
   25.760   5.0745E-01
   25.770   6.2792E-01
   25.780   5.2936E-01
   25.790   4.2637E-01
   25.800   2.3710E-01
   25.810   3.8787E-02
   25.820  -1.0296E-01
   25.830  -1.5923E-01
   25.840  -1.3662E-01
   25.850  -6.1478E-02
   25.860   2.6537E-02
   25.870   8.2967E-02
   25.880   8.1695E-02
   25.890  -5.5172E-02
   25.900  -1.2353E-01
   25.910  -1.8766E-01
   25.920  -2.3429E-01
   25.930  -2.6646E-01
   25.940  -2.9946E-01
   25.950  -3.5376E-01
   25.960  -4.4358E-01
   25.970  -5.6703E-01
   25.980  -7.0500E-01
   25.990  -8.2849E-01
   26.000  -9.1052E-01
   26.010  -9.4013E-01
   26.020  -9.2871E-01
   26.030  -8.9752E-01
   26.040  -8.5396E-01
   26.050  -7.8342E-01
   26.060  -6.6611E-01
   26.070  -5.0433E-01
   26.080  -2.9242E-01
   26.090  -6.0852E-02
   26.100   1.6162E-01
   26.110   3.3618E-01
   26.120   4.3586E-01
   26.130   4.5086E-01
   26.140   4.2140E-01
   26.150   3.9000E-01
   26.160   3.8484E-01
   26.170   4.0438E-01
   26.180   4.2268E-01
   26.190   4.0827E-01
   26.200   3.4474E-01
   26.210   2.4205E-01
   26.220   1.3456E-01
   26.230   6.7353E-02
   26.240   7.0747E-02
   26.250   1.3024E-01
   26.260   1.7987E-01
   26.270   1.5680E-01
   26.280   4.7818E-02
   26.290  -8.7987E-02
   26.300  -1.5689E-01
   26.310  -1.9605E-01
   26.320  -1.7232E-01
   26.330  -9.8727E-02
   26.340  -4.1246E-03
   26.350   7.6901E-02
   26.360   2.3843E-02
   26.370   6.3257E-02
   26.380   1.2460E-01
   26.390   2.3113E-01
   26.400   3.7226E-01
   26.410   5.1759E-01
   26.420   6.3413E-01
   26.430   6.8688E-01
   26.440   6.4163E-01
   26.450   4.8660E-01
   26.460   2.5164E-01
   26.470  -1.4814E-03
   26.480  -2.1031E-01
   26.490  -3.3744E-01
   26.500  -3.7874E-01
   26.510  -3.5732E-01
   26.520  -3.0685E-01
   26.530  -2.5049E-01
   26.540  -1.9142E-01
   26.550  -1.2246E-01
   26.560  -4.1944E-02
   26.570   4.0886E-02
   26.580   1.0994E-01
   26.590   1.4799E-01
   26.600   1.4419E-01
   26.610   1.0361E-01
   26.620   4.7101E-02
   26.630   1.1487E-02
   26.640  -3.5849E-02
   26.650  -8.5300E-02
   26.660  -1.3872E-01
   26.670  -1.8857E-01
   26.680  -2.2853E-01
   26.690  -2.5904E-01
   26.700  -2.7919E-01
   26.710  -2.8282E-01
   26.720  -2.7232E-01
   26.730  -2.7254E-01
   26.740  -3.1983E-01
   26.750  -4.3108E-01
   26.760  -5.8396E-01
   26.770  -7.2672E-01
   26.780  -8.0521E-01
   26.790  -7.8508E-01
   26.800  -6.6190E-01
   26.810  -4.6203E-01
   26.820  -2.3222E-01
   26.830  -1.4971E-02
   26.840   1.7680E-01
   26.850   3.6062E-01
   26.860   5.5428E-01
   26.870   7.4273E-01
   26.880   8.7784E-01
   26.890   9.1393E-01
   26.900   8.4466E-01
   26.910   7.0746E-01
   26.920   5.5673E-01
   26.930   4.3367E-01
   26.940   3.5464E-01
   26.950   3.1658E-01
   26.960   3.0651E-01
   26.970   3.0946E-01
   26.980   3.1562E-01
   26.990   3.2494E-01
   27.000   3.4328E-01
   27.010   3.7175E-01
   27.020   4.0117E-01
   27.030   4.1925E-01
   27.040   4.2166E-01
   27.050   4.1317E-01
   27.060   5.2242E-01
   27.070   5.2246E-01
   27.080   4.9956E-01
   27.090   4.4070E-01
   27.100   3.3926E-01
   27.110   1.9855E-01
   27.120   3.4430E-02
   27.130  -1.2796E-01
   27.140  -2.6789E-01
   27.150  -3.6539E-01
   27.160  -4.1259E-01
   27.170  -4.0405E-01
   27.180  -3.3971E-01
   27.190  -2.2864E-01
   27.200  -9.0224E-02
   27.210   4.3858E-02
   27.220   1.2805E-01
   27.230   1.1714E-01
   27.240  -7.9887E-02
   27.250  -2.1317E-01
   27.260  -3.2472E-01
   27.270  -3.7449E-01
   27.280  -3.5874E-01
   27.290  -2.9499E-01
   27.300  -2.4525E-01
   27.310  -1.1953E-01
   27.320  -2.3377E-02
   27.330   1.9013E-01
   27.340   3.3364E-01
   27.350   4.2962E-01
   27.360   4.5723E-01
   27.370   4.0354E-01
   27.380   2.7523E-01
   27.390   1.0185E-01
   27.400  -7.7980E-02
   27.410  -2.3555E-01
   27.420  -3.5930E-01
   27.430  -4.4740E-01
   27.440  -4.9852E-01
   27.450  -5.1209E-01
   27.460  -7.3195E-01
   27.470  -6.6997E-01
   27.480  -6.0477E-01
   27.490  -5.3151E-01
   27.500  -5.0027E-01
   27.510  -4.7831E-01
   27.520  -4.5136E-01
   27.530  -3.7496E-01
   27.540  -3.3553E-01
   27.550  -2.9320E-01
   27.560  -2.4521E-01
   27.570  -1.8267E-01
   27.580  -1.0115E-01
   27.590  -7.2081E-03
   27.600   8.7806E-02
   27.610   1.7494E-01
   27.620   2.4366E-01
   27.630   2.7913E-01
   27.640   2.7481E-01
   27.650   2.4581E-01
   27.660   2.1856E-01
   27.670   2.0607E-01
   27.680   2.0153E-01
   27.690   1.9471E-01
   27.700   1.8133E-01
   27.710   1.5399E-01
   27.720   1.0051E-01
   27.730   2.4364E-02
   27.740  -4.2936E-02
   27.750  -6.5065E-02
   27.760  -3.6264E-02
   27.770   1.5647E-02
   27.780   6.0049E-02
   27.790   8.9195E-02
   27.800   1.1460E-01
   27.810   1.4865E-01
   27.820   1.9311E-01
   27.830   2.4000E-01
   27.840   2.8068E-01
   27.850   3.1690E-01
   27.860   3.6063E-01
   27.870   4.1606E-01
   27.880   4.6272E-01
   27.890   4.6907E-01
   27.900   4.3018E-01
   27.910   3.8470E-01
   27.920   3.8358E-01
   27.930   4.4232E-01
   27.940   5.2862E-01
   27.950   5.9377E-01
   27.960   6.0780E-01
   27.970   4.1678E-01
   27.980   3.1400E-01
   27.990   2.0813E-01
   28.000   1.2821E-01
   28.010   8.8607E-02
   28.020   7.8755E-02
   28.030   7.5841E-02
   28.040   6.5670E-02
   28.050   4.7077E-02
   28.060   2.3000E-02
   28.070  -1.2190E-03
   28.080  -1.3783E-02
   28.090  -3.1167E-03
   28.100   2.7628E-02
   28.110   6.0630E-02
   28.120   8.0737E-02
   28.130   8.7154E-02
   28.140   8.5811E-02
   28.150   7.7153E-02
   28.160   5.4828E-02
   28.170   1.1194E-02
   28.180  -6.0262E-02
   28.190  -1.6245E-01
   28.200  -3.9315E-01
   28.210  -5.0241E-01
   28.220  -5.8272E-01
   28.230  -6.1872E-01
   28.240  -5.3395E-01
   28.250  -5.0833E-01
   28.260  -4.5816E-01
   28.270  -3.8596E-01
   28.280  -2.9550E-01
   28.290  -1.9352E-01
   28.300  -8.9371E-02
   28.310   6.0614E-03
   28.320   8.2251E-02
   28.330   1.3252E-01
   28.340   1.5723E-01
   28.350   1.6468E-01
   28.360   1.6687E-01
   28.370   1.7094E-01
   28.380   1.7251E-01
   28.390   1.5959E-01
   28.400   1.2550E-01
   28.410   7.8573E-02
   28.420   3.8478E-02
   28.430   2.3544E-02
   28.440   3.9576E-02
   28.450   7.6856E-02
   28.460   1.1508E-01
   28.470   1.3387E-01
   28.480   1.2226E-01
   28.490   8.1207E-02
   28.500   2.6935E-01
   28.510   2.1810E-01
   28.520   1.5604E-01
   28.530   8.6619E-02
   28.540   1.1137E-02
   28.550  -6.3052E-02
   28.560  -1.1834E-01
   28.570  -1.3729E-01
   28.580  -1.1959E-01
   28.590  -1.0802E-01
   28.600  -7.2752E-02
   28.610  -4.4936E-02
   28.620  -2.6736E-02
   28.630  -2.3634E-02
   28.640  -4.1155E-02
   28.650  -7.5773E-02
   28.660  -1.1515E-01
   28.670  -1.4957E-01
   28.680  -1.7842E-01
   28.690  -2.0337E-01
   28.700  -2.2025E-01
   28.710  -2.2273E-01
   28.720  -2.1308E-01
   28.730  -2.0457E-01
   28.740  -2.0963E-01
   28.750  -2.2471E-01
   28.760  -2.2826E-01
   28.770  -1.9581E-01
   28.780  -1.1871E-01
   28.790  -9.4326E-03
   28.800   1.1611E-01
   28.810   2.1558E-01
   28.820   2.7457E-01
   28.830   2.7912E-01
   28.840   2.3273E-01
   28.850   1.5733E-01
   28.860   7.8146E-02
   28.870   5.9168E-03
   28.880  -6.3056E-02
   28.890  -1.3098E-01
   28.900  -1.8924E-01
   28.910  -2.2655E-01
   28.920  -2.4062E-01
   28.930  -2.3739E-01
   28.940  -2.2290E-01
   28.950  -2.0225E-01
   28.960  -1.8633E-01
   28.970  -1.9281E-01
   28.980  -2.3541E-01
   28.990  -3.1149E-01
   29.000  -4.0147E-01
   29.010  -4.7920E-01
   29.020  -5.2203E-01
   29.030  -5.1427E-01
   29.040  -4.4950E-01
   29.050  -2.1717E-01
   29.060  -1.1816E-01
   29.070  -3.1517E-02
   29.080   2.5401E-02
   29.090   5.3838E-02
   29.100   6.8718E-02
   29.110   8.4147E-02
   29.120   1.0397E-01
   29.130   1.2301E-01
   29.140   1.3211E-01
   29.150   6.2529E-02
   29.160   3.9354E-02
   29.170   6.8850E-04
   29.180  -4.8088E-02
   29.190  -5.3141E-02
   29.200  -7.7065E-02
   29.210  -1.0333E-01
   29.220  -1.3312E-01
   29.230  -1.6146E-01
   29.240  -1.7859E-01
   29.250  -1.7710E-01
   29.260  -1.5725E-01
   29.270  -1.2606E-01
   29.280  -9.3096E-02
   29.290  -6.7195E-02
   29.300  -5.3981E-02
   29.310  -5.3157E-02
   29.320  -5.8068E-02
   29.330  -6.0104E-02
   29.340  -1.7718E-02
   29.350  -3.0877E-02
   29.360  -5.1373E-02
   29.370  -7.3327E-02
   29.380  -8.7866E-02
   29.390  -9.1034E-02
   29.400  -8.6882E-02
   29.410  -8.1117E-02
   29.420  -7.3116E-02
   29.430  -5.6230E-02
   29.440  -2.4993E-02
   29.450   1.9633E-02
   29.460   7.0555E-02
   29.470   1.1702E-01
   29.480   1.4767E-01
   29.490   1.5577E-01
   29.500   1.4452E-01
   29.510   1.2584E-01
   29.520   1.1209E-01
   29.530   1.0809E-01
   29.540   1.1086E-01
   29.550   1.1677E-01
   29.560   1.2894E-01
   29.570   1.3962E-01
   29.580   1.4664E-01
   29.590   1.4635E-01
   29.600   1.3366E-01
   29.610   1.0414E-01
   29.620   5.8193E-02
   29.630   3.9138E-03
   29.640  -4.5491E-02
   29.650  -7.9764E-02
   29.660  -9.8373E-02
   29.670  -1.0912E-01
   29.680  -1.2008E-01
   29.690  -1.3389E-01
   29.700  -1.4982E-01
   29.710  -1.6807E-01
   29.720  -1.8849E-01
   29.730  -2.0570E-01
   29.740  -2.1011E-01
   29.750  -1.9590E-01
   29.760  -1.6596E-01
   29.770  -1.1543E-01
   29.780  -7.1984E-02
   29.790  -3.0629E-02
   29.800   4.7354E-03
   29.810   2.9146E-02
   29.820   4.1183E-02
   29.830   4.4412E-02
   29.840   4.3439E-02
   29.850   4.0031E-02
   29.860   3.3515E-02
   29.870   2.3304E-02
   29.880   5.4959E-02
   29.890   3.8301E-02
   29.900   2.0765E-02
   29.910   5.7796E-03
   29.920  -4.4943E-02
   29.930  -4.2073E-02
   29.940  -3.3838E-02
   29.950  -3.3365E-02
   29.960  -3.5909E-02
   29.970  -4.0823E-02
   29.980  -4.7179E-02
   29.990  -5.4030E-02
   30.000  -5.9921E-02
   30.010  -6.3186E-02
   30.020  -6.2470E-02
   30.030  -5.6262E-02
   30.040  -7.6447E-03
   30.050   1.0154E-02
   30.060   2.6979E-02
   30.070   3.8289E-02
   30.080   3.8522E-02
   30.090   2.5599E-02
   30.100   3.0128E-03
   30.110  -2.1921E-02
   30.120  -4.1519E-02
   30.130  -5.0922E-02
   30.140  -4.9462E-02
   30.150  -3.9783E-02
   30.160  -2.5876E-02
   30.170  -1.2089E-02
   30.180  -2.5079E-03
   30.190   8.6076E-04
   30.200   7.4094E-05
   30.210  -5.0287E-06
   30.220   4.1549E-03
   30.230   1.2190E-02
   30.240   2.1496E-02
   30.250   3.0148E-02
   30.260   2.6947E-02
   30.270   3.5432E-02
   30.280   4.4572E-02
   30.290   5.4072E-02
   30.300   6.1468E-02
   30.310   6.2589E-02
   30.320   5.4708E-02
   30.330   3.9412E-02
   30.340   2.2090E-02
   30.350   8.4749E-03
   30.360   1.8381E-03
   30.370   2.5907E-03
   30.380   9.7039E-03
   30.390   2.1356E-02
   30.400   3.4616E-02
   30.410   4.5240E-02
   30.420   4.9244E-02
   30.430   4.5343E-02
   30.440   3.5465E-02
   30.450   2.2321E-02
   30.460   7.3544E-03
   30.470  -8.0750E-03
   30.480  -2.0587E-02
   30.490  -2.6239E-02
   30.500  -2.4356E-02
   30.510  -1.8220E-02
   30.520  -1.1252E-02
   30.530  -4.0776E-03
   30.540   3.8247E-03
   30.550   1.1172E-02
   30.560   1.5357E-02
   30.570   4.0643E-03
   30.580  -1.2177E-03
   30.590  -9.6943E-03
   30.600  -2.1101E-02
   30.610  -3.0240E-02
   30.620  -2.5746E-02
   30.630  -1.8256E-02
   30.640  -8.5716E-03
   30.650   5.6431E-04
   30.660   6.2965E-03
   30.670   8.3450E-03
   30.680   9.6902E-03
   30.690   1.4016E-02
   30.700   2.2333E-02
   30.710   3.2338E-02
   30.720   4.0725E-02
   30.730   4.5310E-02
   30.740   3.2783E-02
   30.750   3.0266E-02
   30.760   2.5248E-02
   30.770   2.0651E-02
   30.780   1.7569E-02
   30.790   1.3665E-02
   30.800   5.8441E-03
   30.810  -5.8468E-03
   30.820  -1.7991E-02
   30.830  -2.0025E-02
   30.840  -2.1733E-02
   30.850  -2.3124E-02
   30.860  -2.5428E-02
   30.870  -2.9439E-02
   30.880  -3.5840E-02
   30.890  -4.4302E-02
   30.900  -5.2694E-02
   30.910  -5.8051E-02
   30.920  -5.8510E-02
   30.930  -5.4280E-02
   30.940  -4.7112E-02
   30.950  -3.9187E-02
   30.960  -3.2314E-02
   30.970  -2.7565E-02
   30.980  -2.5215E-02
   30.990  -2.4841E-02
   31.000  -2.5620E-02
   31.010  -2.6983E-02
   31.020  -2.9297E-02
   31.030  -3.3628E-02
   31.040  -4.0382E-02
   31.050  -4.8236E-02
   31.060  -5.4878E-02
   31.070  -5.8842E-02
   31.080  -6.0262E-02
   31.090  -5.9896E-02
   31.100  -5.8151E-02
   31.110  -5.5487E-02
   31.120  -5.3158E-02
   31.130  -5.7674E-02
   31.140  -5.8987E-02
   31.150  -6.0942E-02
   31.160  -6.2137E-02
   31.170  -6.2396E-02
   31.180  -6.2477E-02
   31.190  -6.2603E-02
   31.200  -6.1867E-02
   31.210  -5.9269E-02
   31.220  -5.4943E-02
   31.230  -4.9995E-02
   31.240  -4.5311E-02
   31.250  -4.0881E-02
   31.260  -3.6259E-02
   31.270  -3.1369E-02
   31.280  -2.6774E-02
   31.290  -2.3413E-02
   31.300  -2.2181E-02
   31.310  -2.3400E-02
   31.320  -2.6258E-02
   31.330  -2.8842E-02
   31.340  -2.9331E-02
   31.350  -2.7663E-02
   31.360  -2.5956E-02
   31.370  -2.6829E-02
   31.380  -3.1033E-02
   31.390  -3.6713E-02
   31.400  -4.0808E-02
   31.410  -4.0876E-02
   31.420  -3.5724E-02
   31.430  -2.5365E-02
   31.440  -1.1437E-02
   31.450   2.5120E-03
   31.460   1.2402E-02
   31.470   1.6194E-02
   31.480   1.5042E-02
   31.490   1.1648E-02
   31.500   7.7324E-03
   31.510   3.2089E-03
   31.520  -2.7088E-03
   31.530  -1.0155E-02
   31.540  -1.8159E-02
   31.550  -2.5124E-02
   31.560  -2.5356E-02
   31.570  -2.7253E-02
   31.580  -2.8284E-02
   31.590  -2.9541E-02
   31.600  -3.0866E-02
   31.610  -3.1171E-02
   31.620  -2.9500E-02
   31.630  -2.5633E-02
   31.640  -2.0131E-02
   31.650  -1.4207E-02
   31.660  -9.5439E-03
   31.670  -4.9758E-03
   31.680   8.3103E-04
   31.690   9.4764E-03
   31.700   2.0725E-02
   31.710   3.3284E-02
   31.720   4.6640E-02
   31.730   6.0897E-02
   31.740   7.4855E-02
   31.750   8.5551E-02
   31.760   9.0168E-02
   31.770   8.7637E-02
   31.780   7.8384E-02
   31.790   6.3867E-02
   31.800   4.7022E-02
   31.810   3.1909E-02
   31.820   2.1504E-02
   31.830   1.5903E-02
   31.840   1.3220E-02
   31.850   1.1784E-02
   31.860   1.0966E-02
   31.870   1.0707E-02
   31.880   1.1530E-02
   31.890   1.4990E-02
   31.900   2.2988E-02
   31.910   3.6798E-02
   31.920   4.5724E-02
   31.930   5.4461E-02
   31.940   6.1352E-02
   31.950   6.5126E-02
   31.960   6.5486E-02
   31.970   6.3132E-02
   31.980   5.9285E-02
   31.990   5.5344E-02
   32.000   5.2570E-02
   32.010   5.1498E-02
   32.020   5.1758E-02
   32.030   5.2961E-02
   32.040   5.5455E-02
   32.050   5.9435E-02
   32.060   6.3502E-02
   32.070   6.5064E-02
   32.080   6.2518E-02
   32.090   5.6629E-02
   32.100   4.9762E-02
   32.110   4.4214E-02
   32.120   4.1032E-02
   32.130   3.9556E-02
   32.140   3.7954E-02
   32.150   3.4833E-02
   32.160   3.0471E-02
   32.170   2.6033E-02
   32.180   2.1872E-02
   32.190   1.7479E-02
   32.200   1.2993E-02
   32.210   9.5888E-03
   32.220   8.1007E-03
   32.230   8.1800E-03
   32.240   9.0827E-03
   32.250   1.0310E-02
   32.260   1.1257E-02
   32.270   1.1405E-02
   32.280   1.1466E-02
   32.290   1.3176E-02
   32.300   1.7006E-02
   32.310   2.0808E-02
   32.320   2.1593E-02
   32.330   1.8120E-02
   32.340   1.1224E-02
   32.350   2.5918E-03
   32.360   2.5041E-03
   32.370  -2.5858E-03
   32.380  -5.6054E-03
   32.390  -7.5192E-03
   32.400  -1.0787E-02
   32.410  -1.6819E-02
   32.420  -2.4707E-02
   32.430  -3.2579E-02
   32.440  -3.9420E-02
   32.450  -4.5214E-02
   32.460  -4.9978E-02
   32.470  -5.3192E-02
   32.480  -5.3910E-02
   32.490  -5.1096E-02
   32.500  -4.4226E-02
   32.510  -3.3909E-02
   32.520  -2.1773E-02
   32.530  -9.5890E-03
   32.540   1.1414E-03
   32.550   8.6900E-03
   32.560   1.0973E-02
   32.570   6.7715E-03
   32.580  -2.9419E-03
   32.590  -1.5423E-02
   32.600  -2.8015E-02
   32.610  -3.9403E-02
   32.620  -4.9249E-02
   32.630  -5.7245E-02
   32.640  -6.2866E-02
   32.650  -6.5771E-02
   32.660  -6.6002E-02
   32.670  -6.3738E-02
   32.680  -5.9035E-02
   32.690  -5.1920E-02
   32.700  -4.2666E-02
   32.710  -3.1929E-02
   32.720  -2.0736E-02
   32.730  -1.0394E-02
   32.740  -2.2093E-03
   32.750   3.0599E-03
   32.760   5.7139E-03
   32.770   6.9944E-03
   32.780   8.2392E-03
   32.790   9.9185E-03
   32.800   1.1305E-02
   32.810   1.1074E-02
   32.820   8.4795E-03
   32.830   4.2307E-03
   32.840   1.6272E-04
   32.850  -2.2015E-03
   32.860  -2.8079E-03
   32.870  -2.7353E-03
   32.880  -3.0065E-03
   32.890  -4.1404E-03
   32.900  -6.5959E-03
   32.910  -6.0654E-03
   32.920  -1.0337E-02
   32.930  -1.3723E-02
   32.940  -1.5499E-02
   32.950  -1.5833E-02
   32.960  -1.4615E-02
   32.970  -1.0864E-02
   32.980  -4.0597E-03
   32.990   4.4381E-03
   33.000   1.2305E-02
   33.010   1.8488E-02
   33.020   2.3581E-02
   33.030   2.7933E-02
   33.040   3.0460E-02
   33.050   2.9908E-02
   33.060   2.6509E-02
   33.070   2.1633E-02
   33.080   1.6263E-02
   33.090   1.0520E-02
   33.100   4.4140E-03
   33.110  -1.7808E-03
   33.120  -7.8787E-03
   33.130  -1.3786E-02
   33.140  -1.8933E-02
   33.150  -2.2288E-02
   33.160  -2.3285E-02
   33.170  -2.2348E-02
   33.180  -2.0100E-02
   33.190  -1.6368E-02
   33.200  -1.0576E-02
   33.210  -3.2095E-03
   33.220   3.6122E-03
   33.230   7.5137E-03
   33.240   7.9727E-03
   33.250   7.0482E-03
   33.260   7.9657E-03
   33.270   1.2774E-02
   33.280   2.0942E-02
   33.290   0.0000E+00
   33.300   0.0000E+00
   33.310   0.0000E+00
   33.320   0.0000E+00
   33.330   0.0000E+00
   33.340   0.0000E+00
   33.350   0.0000E+00
   33.360   0.0000E+00
   33.370   0.0000E+00
   33.380   0.0000E+00
   33.390   0.0000E+00
   33.400   0.0000E+00
   33.410   0.0000E+00
   33.420   0.0000E+00
   33.430   0.0000E+00
   33.440   0.0000E+00
   33.450   0.0000E+00
   33.460   0.0000E+00
   33.470   0.0000E+00
   33.480   0.0000E+00
   33.490   0.0000E+00
   33.500   0.0000E+00
   33.510   0.0000E+00
   33.520   0.0000E+00
   33.530   0.0000E+00
   33.540   0.0000E+00
   33.550   0.0000E+00
   33.560   0.0000E+00
   33.570   0.0000E+00
   33.580   0.0000E+00
   33.590   0.0000E+00
   33.600   0.0000E+00
   33.610   0.0000E+00
   33.620   0.0000E+00
   33.630   0.0000E+00
   33.640   0.0000E+00
   33.650   0.0000E+00
   33.660   0.0000E+00
   33.670   0.0000E+00
   33.680   0.0000E+00
   33.690   0.0000E+00
   33.700   0.0000E+00
   33.710   0.0000E+00
   33.720   0.0000E+00
   33.730   0.0000E+00
   33.740   0.0000E+00
   33.750   0.0000E+00
   33.760   0.0000E+00
   33.770   0.0000E+00
   33.780   0.0000E+00
   33.790   0.0000E+00
   33.800   0.0000E+00
   33.810   0.0000E+00
   33.820   0.0000E+00
   33.830   0.0000E+00
   33.840   0.0000E+00
   33.850   0.0000E+00
   33.860   0.0000E+00
   33.870   0.0000E+00
   33.880   0.0000E+00
   33.890   0.0000E+00
   33.900   0.0000E+00
   33.910   0.0000E+00
   33.920   0.0000E+00
   33.930   0.0000E+00
   33.940   0.0000E+00
   33.950   0.0000E+00
   33.960   0.0000E+00
   33.970   0.0000E+00
   33.980   0.0000E+00
   33.990   0.0000E+00
   34.000   0.0000E+00
   34.010   0.0000E+00
   34.020   0.0000E+00
   34.030   0.0000E+00
   34.040   0.0000E+00
   34.050   0.0000E+00
   34.060   0.0000E+00
   34.070   0.0000E+00
   34.080   0.0000E+00
   34.090   0.0000E+00
   34.100   0.0000E+00
   34.110   0.0000E+00
   34.120   0.0000E+00
   34.130   0.0000E+00
   34.140   0.0000E+00
   34.150   0.0000E+00
   34.160   0.0000E+00
   34.170   0.0000E+00
   34.180   0.0000E+00
   34.190   0.0000E+00
   34.200   0.0000E+00
   34.210   0.0000E+00
   34.220   0.0000E+00
   34.230   0.0000E+00
   34.240   0.0000E+00
   34.250   0.0000E+00
   34.260   0.0000E+00
   34.270   0.0000E+00
   34.280   0.0000E+00
   34.290   0.0000E+00
   34.300   0.0000E+00
   34.310   0.0000E+00
   34.320   0.0000E+00
   34.330   0.0000E+00
   34.340   0.0000E+00
   34.350   0.0000E+00
   34.360   0.0000E+00
   34.370   0.0000E+00
   34.380   0.0000E+00
   34.390   0.0000E+00
   34.400   0.0000E+00
   34.410   0.0000E+00
   34.420   0.0000E+00
   34.430   0.0000E+00
   34.440   0.0000E+00
   34.450   0.0000E+00
   34.460   0.0000E+00
   34.470   0.0000E+00
   34.480   0.0000E+00
   34.490   0.0000E+00
   34.500   0.0000E+00
   34.510   0.0000E+00
   34.520   0.0000E+00
   34.530   0.0000E+00
   34.540   0.0000E+00
   34.550   0.0000E+00
   34.560   0.0000E+00
   34.570   0.0000E+00
   34.580   0.0000E+00
   34.590   0.0000E+00
   34.600   0.0000E+00
   34.610   0.0000E+00
   34.620   0.0000E+00
   34.630   0.0000E+00
   34.640   0.0000E+00
   34.650   0.0000E+00
   34.660   0.0000E+00
   34.670   0.0000E+00
   34.680   0.0000E+00
   34.690   0.0000E+00
   34.700   0.0000E+00
   34.710   0.0000E+00
   34.720   0.0000E+00
   34.730   0.0000E+00
   34.740   0.0000E+00
   34.750   0.0000E+00
   34.760   0.0000E+00
   34.770   0.0000E+00
   34.780   0.0000E+00
   34.790   0.0000E+00
   34.800   0.0000E+00
   34.810   0.0000E+00
   34.820   0.0000E+00
   34.830   0.0000E+00
   34.840   0.0000E+00
   34.850   0.0000E+00
   34.860   0.0000E+00
   34.870   0.0000E+00
   34.880   0.0000E+00
   34.890   0.0000E+00
   34.900   0.0000E+00
   34.910   0.0000E+00
   34.920   0.0000E+00
   34.930   0.0000E+00
   34.940   0.0000E+00
   34.950   0.0000E+00
   34.960   0.0000E+00
   34.970   0.0000E+00
   34.980   0.0000E+00
   34.990   0.0000E+00
   35.000   0.0000E+00
   35.010   0.0000E+00
   35.020   0.0000E+00
   35.030   0.0000E+00
   35.040   0.0000E+00
   35.050   0.0000E+00
   35.060   0.0000E+00
   35.070   0.0000E+00
   35.080   0.0000E+00
   35.090   0.0000E+00
   35.100   0.0000E+00
   35.110   0.0000E+00
   35.120   0.0000E+00
   35.130   0.0000E+00
   35.140   0.0000E+00
   35.150   0.0000E+00
   35.160   0.0000E+00
   35.170   0.0000E+00
   35.180   0.0000E+00
   35.190   0.0000E+00
   35.200   0.0000E+00
   35.210   0.0000E+00
   35.220   0.0000E+00
   35.230   0.0000E+00
   35.240   0.0000E+00
   35.250   0.0000E+00
   35.260   0.0000E+00
   35.270   0.0000E+00
   35.280   0.0000E+00
   35.290   0.0000E+00
   35.300   0.0000E+00
   35.310   0.0000E+00
   35.320   0.0000E+00
   35.330   0.0000E+00
   35.340   0.0000E+00
   35.350   0.0000E+00
   35.360   0.0000E+00
   35.370   0.0000E+00
   35.380   0.0000E+00
   35.390   0.0000E+00
   35.400   0.0000E+00
   35.410   0.0000E+00
   35.420   0.0000E+00
   35.430   0.0000E+00
   35.440   0.0000E+00
   35.450   0.0000E+00
   35.460   0.0000E+00
   35.470   0.0000E+00
   35.480   0.0000E+00
   35.490   0.0000E+00
   35.500   0.0000E+00
   35.510   0.0000E+00
   35.520   0.0000E+00
   35.530   0.0000E+00
   35.540   0.0000E+00
   35.550   0.0000E+00
   35.560   0.0000E+00
   35.570   0.0000E+00
   35.580   0.0000E+00
   35.590   0.0000E+00
   35.600   0.0000E+00
   35.610   0.0000E+00
   35.620   0.0000E+00
   35.630   0.0000E+00
   35.640   0.0000E+00
   35.650   0.0000E+00
   35.660   0.0000E+00
   35.670   0.0000E+00
   35.680   0.0000E+00
   35.690   0.0000E+00
   35.700   0.0000E+00
   35.710   0.0000E+00
   35.720   0.0000E+00
   35.730   0.0000E+00
   35.740   0.0000E+00
   35.750   0.0000E+00
   35.760   0.0000E+00
   35.770   0.0000E+00
   35.780   0.0000E+00
   35.790   0.0000E+00
   35.800   0.0000E+00
   35.810   0.0000E+00
   35.820   0.0000E+00
   35.830   0.0000E+00
   35.840   0.0000E+00
   35.850   0.0000E+00
   35.860   0.0000E+00
   35.870   0.0000E+00
   35.880   0.0000E+00
   35.890   0.0000E+00
   35.900   0.0000E+00
   35.910   0.0000E+00
   35.920   0.0000E+00
   35.930   0.0000E+00
   35.940   0.0000E+00
   35.950   0.0000E+00
   35.960   0.0000E+00
   35.970   0.0000E+00
   35.980   0.0000E+00
   35.990   0.0000E+00
   36.000   0.0000E+00
   36.010   0.0000E+00
   36.020   0.0000E+00
   36.030   0.0000E+00
   36.040   0.0000E+00
   36.050   0.0000E+00
   36.060   0.0000E+00
   36.070   0.0000E+00
   36.080   0.0000E+00
   36.090   0.0000E+00
   36.100   0.0000E+00
   36.110   0.0000E+00
   36.120   0.0000E+00
   36.130   0.0000E+00
   36.140   0.0000E+00
   36.150   0.0000E+00
   36.160   0.0000E+00
   36.170   0.0000E+00
   36.180   0.0000E+00
   36.190   0.0000E+00
   36.200   0.0000E+00
   36.210   0.0000E+00
   36.220   0.0000E+00
   36.230   0.0000E+00
   36.240   0.0000E+00
   36.250   0.0000E+00
   36.260   0.0000E+00
   36.270   0.0000E+00
   36.280   0.0000E+00
   36.290   0.0000E+00
   36.300   0.0000E+00
   36.310   0.0000E+00
   36.320   0.0000E+00
   36.330   0.0000E+00
   36.340   0.0000E+00
   36.350   0.0000E+00
   36.360   0.0000E+00
   36.370   0.0000E+00
   36.380   0.0000E+00
   36.390   0.0000E+00
   36.400   0.0000E+00
   36.410   0.0000E+00
   36.420   0.0000E+00
   36.430   0.0000E+00
   36.440   0.0000E+00
   36.450   0.0000E+00
   36.460   0.0000E+00
   36.470   0.0000E+00
   36.480   0.0000E+00
   36.490   0.0000E+00
   36.500   0.0000E+00
   36.510   0.0000E+00
   36.520   0.0000E+00
   36.530   0.0000E+00
   36.540   0.0000E+00
   36.550   0.0000E+00
   36.560   0.0000E+00
   36.570   0.0000E+00
   36.580   0.0000E+00
   36.590   0.0000E+00
   36.600   0.0000E+00
   36.610   0.0000E+00
   36.620   0.0000E+00
   36.630   0.0000E+00
   36.640   0.0000E+00
   36.650   0.0000E+00
   36.660   0.0000E+00
   36.670   0.0000E+00
   36.680   0.0000E+00
   36.690   0.0000E+00
   36.700   0.0000E+00
   36.710   0.0000E+00
   36.720   0.0000E+00
   36.730   0.0000E+00
   36.740   0.0000E+00
   36.750   0.0000E+00
   36.760   0.0000E+00
   36.770   0.0000E+00
   36.780   0.0000E+00
   36.790   0.0000E+00
   36.800   0.0000E+00
   36.810   0.0000E+00
   36.820   0.0000E+00
   36.830   0.0000E+00
   36.840   0.0000E+00
   36.850   0.0000E+00
   36.860   0.0000E+00
   36.870   0.0000E+00
   36.880   0.0000E+00
   36.890   0.0000E+00
   36.900   0.0000E+00
   36.910   0.0000E+00
   36.920   0.0000E+00
   36.930   0.0000E+00
   36.940   0.0000E+00
   36.950   0.0000E+00
   36.960   0.0000E+00
   36.970   0.0000E+00
   36.980   0.0000E+00
   36.990   0.0000E+00
   37.000   0.0000E+00
   37.010   0.0000E+00
   37.020   0.0000E+00
   37.030   0.0000E+00
   37.040   0.0000E+00
   37.050   0.0000E+00
   37.060   0.0000E+00
   37.070   0.0000E+00
   37.080   0.0000E+00
   37.090   0.0000E+00
   37.100   0.0000E+00
   37.110   0.0000E+00
   37.120   0.0000E+00
   37.130   0.0000E+00
   37.140   0.0000E+00
   37.150   0.0000E+00
   37.160   0.0000E+00
   37.170   0.0000E+00
   37.180   0.0000E+00
   37.190   0.0000E+00
   37.200   0.0000E+00
   37.210   0.0000E+00
   37.220   0.0000E+00
   37.230   0.0000E+00
   37.240   0.0000E+00
   37.250   0.0000E+00
   37.260   0.0000E+00
   37.270   0.0000E+00
   37.280   0.0000E+00
   37.290   0.0000E+00
   37.300   0.0000E+00
   37.310   0.0000E+00
   37.320   0.0000E+00
   37.330   0.0000E+00
   37.340   0.0000E+00
   37.350   0.0000E+00
   37.360   0.0000E+00
   37.370   0.0000E+00
   37.380   0.0000E+00
   37.390   0.0000E+00
   37.400   0.0000E+00
   37.410   0.0000E+00
   37.420   0.0000E+00
   37.430   0.0000E+00
   37.440   0.0000E+00
   37.450   0.0000E+00
   37.460   0.0000E+00
   37.470   0.0000E+00
   37.480   0.0000E+00
   37.490   0.0000E+00
   37.500   0.0000E+00
   37.510   0.0000E+00
   37.520   0.0000E+00
   37.530   0.0000E+00
   37.540   0.0000E+00
   37.550   0.0000E+00
   37.560   0.0000E+00
   37.570   0.0000E+00
   37.580   0.0000E+00
   37.590   0.0000E+00
   37.600   0.0000E+00
   37.610   0.0000E+00
   37.620   0.0000E+00
   37.630   0.0000E+00
   37.640   0.0000E+00
   37.650   0.0000E+00
   37.660   0.0000E+00
   37.670   0.0000E+00
   37.680   0.0000E+00
   37.690   0.0000E+00
   37.700   0.0000E+00
   37.710   0.0000E+00
   37.720   0.0000E+00
   37.730   0.0000E+00
   37.740   0.0000E+00
   37.750   0.0000E+00
   37.760   0.0000E+00
   37.770   0.0000E+00
   37.780   0.0000E+00
   37.790   0.0000E+00
   37.800   0.0000E+00
   37.810   0.0000E+00
   37.820   0.0000E+00
   37.830   0.0000E+00
   37.840   0.0000E+00
   37.850   0.0000E+00
   37.860   0.0000E+00
   37.870   0.0000E+00
   37.880   0.0000E+00
   37.890   0.0000E+00
   37.900   0.0000E+00
   37.910   0.0000E+00
   37.920   0.0000E+00
   37.930   0.0000E+00
   37.940   0.0000E+00
   37.950   0.0000E+00
   37.960   0.0000E+00
   37.970   0.0000E+00
   37.980   0.0000E+00
   37.990   0.0000E+00
   38.000   0.0000E+00
   38.010   0.0000E+00
   38.020   0.0000E+00
   38.030   0.0000E+00
   38.040   0.0000E+00
   38.050   0.0000E+00
   38.060   0.0000E+00
   38.070   0.0000E+00
   38.080   0.0000E+00
   38.090   0.0000E+00
   38.100   0.0000E+00
   38.110   0.0000E+00
   38.120   0.0000E+00
   38.130   0.0000E+00
   38.140   0.0000E+00
   38.150   0.0000E+00
   38.160   0.0000E+00
   38.170   0.0000E+00
   38.180   0.0000E+00
   38.190   0.0000E+00
   38.200   0.0000E+00
   38.210   0.0000E+00
   38.220   0.0000E+00
   38.230   0.0000E+00
   38.240   0.0000E+00
   38.250   0.0000E+00
   38.260   0.0000E+00
   38.270   0.0000E+00
   38.280   0.0000E+00
   38.290   0.0000E+00
   38.300   0.0000E+00
   38.310   0.0000E+00
   38.320   0.0000E+00
   38.330   0.0000E+00
   38.340   0.0000E+00
   38.350   0.0000E+00
   38.360   0.0000E+00
   38.370   0.0000E+00
   38.380   0.0000E+00
   38.390   0.0000E+00
   38.400   0.0000E+00
   38.410   0.0000E+00
   38.420   0.0000E+00
   38.430   0.0000E+00
   38.440   0.0000E+00
   38.450   0.0000E+00
   38.460   0.0000E+00
   38.470   0.0000E+00
   38.480   0.0000E+00
   38.490   0.0000E+00
   38.500   0.0000E+00
   38.510   0.0000E+00
   38.520   0.0000E+00
   38.530   0.0000E+00
   38.540   0.0000E+00
   38.550   0.0000E+00
   38.560   0.0000E+00
   38.570   0.0000E+00
   38.580   0.0000E+00
   38.590   0.0000E+00
   38.600   0.0000E+00
   38.610   0.0000E+00
   38.620   0.0000E+00
   38.630   0.0000E+00
   38.640   0.0000E+00
   38.650   0.0000E+00
   38.660   0.0000E+00
   38.670   0.0000E+00
   38.680   0.0000E+00
   38.690   0.0000E+00
   38.700   0.0000E+00
   38.710   0.0000E+00
   38.720   0.0000E+00
   38.730   0.0000E+00
   38.740   0.0000E+00
   38.750   0.0000E+00
   38.760   0.0000E+00
   38.770   0.0000E+00
   38.780   0.0000E+00
   38.790   0.0000E+00
   38.800   0.0000E+00
   38.810   0.0000E+00
   38.820   0.0000E+00
   38.830   0.0000E+00
   38.840   0.0000E+00
   38.850   0.0000E+00
   38.860   0.0000E+00
   38.870   0.0000E+00
   38.880   0.0000E+00
   38.890   0.0000E+00
   38.900   0.0000E+00
   38.910   0.0000E+00
   38.920   0.0000E+00
   38.930   0.0000E+00
   38.940   0.0000E+00
   38.950   0.0000E+00
   38.960   0.0000E+00
   38.970   0.0000E+00
   38.980   0.0000E+00
   38.990   0.0000E+00
   39.000   0.0000E+00
   39.010   0.0000E+00
   39.020   0.0000E+00
   39.030   0.0000E+00
   39.040   0.0000E+00
   39.050   0.0000E+00
   39.060   0.0000E+00
   39.070   0.0000E+00
   39.080   0.0000E+00
   39.090   0.0000E+00
   39.100   0.0000E+00
   39.110   0.0000E+00
   39.120   0.0000E+00
   39.130   0.0000E+00
   39.140   0.0000E+00
   39.150   0.0000E+00
   39.160   0.0000E+00
   39.170   0.0000E+00
   39.180   0.0000E+00
   39.190   0.0000E+00
   39.200   0.0000E+00
   39.210   0.0000E+00
   39.220   0.0000E+00
   39.230   0.0000E+00
   39.240   0.0000E+00
   39.250   0.0000E+00
   39.260   0.0000E+00
   39.270   0.0000E+00
   39.280   0.0000E+00
   39.290   0.0000E+00
   39.300   0.0000E+00
   39.310   0.0000E+00
   39.320   0.0000E+00
   39.330   0.0000E+00
   39.340   0.0000E+00
   39.350   0.0000E+00
   39.360   0.0000E+00
   39.370   0.0000E+00
   39.380   0.0000E+00
   39.390   0.0000E+00
   39.400   0.0000E+00
   39.410   0.0000E+00
   39.420   0.0000E+00
   39.430   0.0000E+00
   39.440   0.0000E+00
   39.450   0.0000E+00
   39.460   0.0000E+00
   39.470   0.0000E+00
   39.480   0.0000E+00
   39.490   0.0000E+00
   39.500   0.0000E+00
   39.510   0.0000E+00
   39.520   0.0000E+00
   39.530   0.0000E+00
   39.540   0.0000E+00
   39.550   0.0000E+00
   39.560   0.0000E+00
   39.570   0.0000E+00
   39.580   0.0000E+00
   39.590   0.0000E+00
   39.600   0.0000E+00
   39.610   0.0000E+00
   39.620   0.0000E+00
   39.630   0.0000E+00
   39.640   0.0000E+00
   39.650   0.0000E+00
   39.660   0.0000E+00
   39.670   0.0000E+00
   39.680   0.0000E+00
   39.690   0.0000E+00
   39.700   0.0000E+00
   39.710   0.0000E+00
   39.720   0.0000E+00
   39.730   0.0000E+00
   39.740   0.0000E+00
   39.750   0.0000E+00
   39.760   0.0000E+00
   39.770   0.0000E+00
   39.780   0.0000E+00
   39.790   0.0000E+00
   39.800   0.0000E+00
   39.810   0.0000E+00
   39.820   0.0000E+00
   39.830   0.0000E+00
   39.840   0.0000E+00
   39.850   0.0000E+00
   39.860   0.0000E+00
   39.870   0.0000E+00
   39.880   0.0000E+00
   39.890   0.0000E+00
   39.900   0.0000E+00
   39.910   0.0000E+00
   39.920   0.0000E+00
   39.930   0.0000E+00
   39.940   0.0000E+00
   39.950   0.0000E+00
   39.960   0.0000E+00
   39.970   0.0000E+00
   39.980   0.0000E+00
   39.990   0.0000E+00
   40.000   0.0000E+00
   40.010   0.0000E+00
   40.020   0.0000E+00
   40.030   0.0000E+00
   40.040   0.0000E+00
   40.050   0.0000E+00
   40.060   0.0000E+00
   40.070   0.0000E+00
   40.080   0.0000E+00
   40.090   0.0000E+00
   40.100   0.0000E+00
   40.110   0.0000E+00
   40.120   0.0000E+00
   40.130   0.0000E+00
   40.140   0.0000E+00
   40.150   0.0000E+00
   40.160   0.0000E+00
   40.170   0.0000E+00
   40.180   0.0000E+00
   40.190   0.0000E+00
   40.200   0.0000E+00
   40.210   0.0000E+00
   40.220   0.0000E+00
   40.230   0.0000E+00
   40.240   0.0000E+00
   40.250   0.0000E+00
   40.260   0.0000E+00
   40.270   0.0000E+00
   40.280   0.0000E+00
   40.290   0.0000E+00
   40.300   0.0000E+00
   40.310   0.0000E+00
   40.320   0.0000E+00
   40.330   0.0000E+00
   40.340   0.0000E+00
   40.350   0.0000E+00
   40.360   0.0000E+00
   40.370   0.0000E+00
   40.380   0.0000E+00
   40.390   0.0000E+00
   40.400   0.0000E+00
   40.410   0.0000E+00
   40.420   0.0000E+00
   40.430   0.0000E+00
   40.440   0.0000E+00
   40.450   0.0000E+00
   40.460   0.0000E+00
   40.470   0.0000E+00
   40.480   0.0000E+00
   40.490   0.0000E+00
   40.500   0.0000E+00
   40.510   0.0000E+00
   40.520   0.0000E+00
   40.530   0.0000E+00
   40.540   0.0000E+00
   40.550   0.0000E+00
   40.560   0.0000E+00
   40.570   0.0000E+00
   40.580   0.0000E+00
   40.590   0.0000E+00
   40.600   0.0000E+00
   40.610   0.0000E+00
   40.620   0.0000E+00
   40.630   0.0000E+00
   40.640   0.0000E+00
   40.650   0.0000E+00
   40.660   0.0000E+00
   40.670   0.0000E+00
   40.680   0.0000E+00
   40.690   0.0000E+00
   40.700   0.0000E+00
   40.710   0.0000E+00
   40.720   0.0000E+00
   40.730   0.0000E+00
   40.740   0.0000E+00
   40.750   0.0000E+00
   40.760   0.0000E+00
   40.770   0.0000E+00
   40.780   0.0000E+00
   40.790   0.0000E+00
   40.800   0.0000E+00
   40.810   0.0000E+00
   40.820   0.0000E+00
   40.830   0.0000E+00
   40.840   0.0000E+00
   40.850   0.0000E+00
   40.860   0.0000E+00
   40.870   0.0000E+00
   40.880   0.0000E+00
   40.890   0.0000E+00
   40.900   0.0000E+00
   40.910   0.0000E+00
   40.920   0.0000E+00
   40.930   0.0000E+00
   40.940   0.0000E+00
   40.950   0.0000E+00
