**********************************************
*******  Acceleration Time Series ************
*** Site #   1
*** trial   29
Input Parameters file =  aqk_0604__parameters.out                                                                                                
  4096 samples
dt:  0.010 sec
data format: (1x,f8.3,1p,2x,e11.4)
maximum absolute acceleration: 379.96
fault Dis.(km)=    5.06
Hypo  Dis.(km)=   11.45
  time(s) acc(cm/s**2)
    0.000   0.0000E+00
    0.010   0.0000E+00
    0.020   0.0000E+00
    0.030   0.0000E+00
    0.040   0.0000E+00
    0.050   0.0000E+00
    0.060   0.0000E+00
    0.070   0.0000E+00
    0.080   0.0000E+00
    0.090   0.0000E+00
    0.100   0.0000E+00
    0.110   0.0000E+00
    0.120   0.0000E+00
    0.130   0.0000E+00
    0.140   0.0000E+00
    0.150   0.0000E+00
    0.160   0.0000E+00
    0.170   0.0000E+00
    0.180   0.0000E+00
    0.190   0.0000E+00
    0.200   0.0000E+00
    0.210   0.0000E+00
    0.220   0.0000E+00
    0.230   0.0000E+00
    0.240   0.0000E+00
    0.250   0.0000E+00
    0.260   0.0000E+00
    0.270   0.0000E+00
    0.280   0.0000E+00
    0.290   0.0000E+00
    0.300   0.0000E+00
    0.310   0.0000E+00
    0.320   0.0000E+00
    0.330   0.0000E+00
    0.340   0.0000E+00
    0.350   0.0000E+00
    0.360   0.0000E+00
    0.370   0.0000E+00
    0.380   0.0000E+00
    0.390   0.0000E+00
    0.400   0.0000E+00
    0.410   0.0000E+00
    0.420   0.0000E+00
    0.430   0.0000E+00
    0.440   0.0000E+00
    0.450   0.0000E+00
    0.460   0.0000E+00
    0.470   0.0000E+00
    0.480   0.0000E+00
    0.490   3.7929E-01
    0.500   5.5633E-01
    0.510   7.0594E-01
    0.520   1.0221E-01
    0.530   4.5288E-01
    0.540   7.9941E-01
    0.550   1.1278E+00
    0.560   1.4267E+00
    0.570   1.6819E+00
    0.580   1.8822E+00
    0.590   2.0303E+00
    0.600   2.1053E+00
    0.610   2.1694E+00
    0.620   2.2372E+00
    0.630   2.3104E+00
    0.640   2.3900E+00
    0.650   2.4740E+00
    0.660   2.5533E+00
    0.670   2.6080E+00
    0.680   2.6091E+00
    0.690   2.5278E+00
    0.700   2.3503E+00
    0.710   2.0875E+00
    0.720   1.7701E+00
    0.730   2.0326E+00
    0.740   1.7150E+00
    0.750   1.4939E+00
    0.760   1.3336E+00
    0.770   1.1636E+00
    0.780   9.0998E-01
    0.790   5.4383E-01
    0.800   1.0672E-01
    0.810  -3.1672E-01
    0.820  -6.5729E-01
    0.830  -8.9778E-01
    0.840  -1.0659E+00
    0.850   1.5169E-01
    0.860  -1.4952E-01
    0.870  -5.6423E-01
    0.880  -1.0857E+00
    0.890  -1.6635E+00
    0.900  -2.2321E+00
    0.910  -2.7477E+00
    0.920  -3.2004E+00
    0.930  -3.5968E+00
    0.940  -3.9403E+00
    0.950  -4.2228E+00
    0.960  -4.4245E+00
    0.970  -4.5237E+00
    0.980  -4.5180E+00
    0.990  -4.4386E+00
    1.000  -4.3335E+00
    1.010  -4.2296E+00
    1.020  -4.1120E+00
    1.030  -3.9787E+00
    1.040  -3.8598E+00
    1.050  -3.6368E+00
    1.060  -3.3467E+00
    1.070  -3.0388E+00
    1.080  -3.6365E+00
    1.090  -3.9703E+00
    1.100  -4.1730E+00
    1.110  -4.3011E+00
    1.120  -4.3093E+00
    1.130  -4.1882E+00
    1.140  -3.9342E+00
    1.150  -3.5430E+00
    1.160  -2.6502E+00
    1.170  -2.1052E+00
    1.180  -1.6567E+00
    1.190  -3.2338E+00
    1.200  -2.7257E+00
    1.210  -2.2591E+00
    1.220  -1.9407E+00
    1.230  -1.7869E+00
    1.240  -1.6936E+00
    1.250  -1.5058E+00
    1.260  -1.1065E+00
    1.270  -4.5881E-01
    1.280   3.8864E-01
    1.290   1.3105E+00
    1.300   2.1477E+00
    1.310   2.7864E+00
    1.320   3.0130E+00
    1.330   3.4620E+00
    1.340   1.9199E+00
    1.350   1.9839E+00
    1.360   1.8014E+00
    1.370   1.4453E+00
    1.380   1.0299E+00
    1.390   6.5792E-01
    1.400   3.8769E-01
    1.410   2.2574E-01
    1.420  -6.0458E-01
    1.430  -6.9996E-01
    1.440  -2.4390E-01
    1.450  -2.2587E-01
    1.460  -1.3905E-03
    1.470   4.7071E-01
    1.480   1.1159E+00
    1.490   1.7617E+00
    1.500   2.7137E+00
    1.510   2.8152E+00
    1.520   2.6231E+00
    1.530   2.2308E+00
    1.540   1.7880E+00
    1.550   1.4287E+00
    1.560   1.2055E+00
    1.570   1.0630E+00
    1.580   8.8207E-01
    1.590   5.8026E-01
    1.600   1.9143E-01
    1.610  -3.5470E-01
    1.620  -5.4394E-01
    1.630  -2.6422E-01
    1.640   7.3119E-01
    1.650   9.6055E-01
    1.660   1.0637E+00
    1.670   1.3510E+00
    1.680   1.0833E+00
    1.690   6.8458E-01
    1.700   2.3476E-01
    1.710  -2.3185E-01
    1.720  -7.3986E-01
    1.730  -1.3342E+00
    1.740  -1.9316E+00
    1.750  -2.7205E+00
    1.760  -3.5368E+00
    1.770  -4.3034E+00
    1.780  -4.9660E+00
    1.790  -5.5376E+00
    1.800  -6.0941E+00
    1.810  -6.7108E+00
    1.820  -7.4019E+00
    1.830  -7.0514E+00
    1.840  -7.7823E+00
    1.850  -8.3676E+00
    1.860  -1.0016E+01
    1.870  -9.9421E+00
    1.880  -9.6985E+00
    1.890  -9.4273E+00
    1.900  -9.2442E+00
    1.910  -9.1796E+00
    1.920  -9.1673E+00
    1.930  -9.0720E+00
    1.940  -8.7437E+00
    1.950  -9.3964E+00
    1.960  -8.7003E+00
    1.970  -7.7241E+00
    1.980  -6.7392E+00
    1.990  -5.8295E+00
    2.000  -5.0178E+00
    2.010  -4.2967E+00
    2.020  -2.2324E+00
    2.030  -1.7167E+00
    2.040  -1.1519E+00
    2.050  -6.1809E-01
    2.060   9.7455E-01
    2.070   9.3256E-01
    2.080   5.6237E-01
    2.090   2.1696E-02
    2.100  -5.2197E-01
    2.110  -9.4595E-01
    2.120  -1.1566E+00
    2.130  -1.1073E+00
    2.140  -7.5097E-01
    2.150  -4.4281E-01
    2.160  -3.8067E-01
    2.170  -3.2007E-01
    2.180  -3.1987E-01
    2.190  -3.9866E-01
    2.200  -4.2673E-01
    2.210  -5.6573E-01
    2.220  -2.2279E+00
    2.230  -3.1361E+00
    2.240  -3.4202E+00
    2.250  -3.5478E+00
    2.260  -1.8293E+00
    2.270  -1.3124E+00
    2.280  -7.3266E-01
    2.290  -3.9692E-01
    2.300  -8.9518E-01
    2.310  -1.4225E+00
    2.320  -2.2427E+00
    2.330  -2.6138E+00
    2.340  -2.5983E+00
    2.350  -2.1603E+00
    2.360  -1.5134E+00
    2.370  -6.0901E-01
    2.380   2.5744E-01
    2.390   7.6235E-01
    2.400   1.7086E+00
    2.410   2.0213E+00
    2.420   2.1461E+00
    2.430   2.0230E+00
    2.440   1.6286E+00
    2.450   9.9681E-01
    2.460   2.8328E-01
    2.470  -2.3899E-01
    2.480  -6.1051E-01
    2.490  -2.9106E-01
    2.500   2.1939E-01
    2.510   5.7044E-01
    2.520   4.9529E-01
    2.530  -5.3370E+00
    2.540  -6.3678E+00
    2.550  -7.6662E+00
    2.560  -8.6700E+00
    2.570  -9.1667E+00
    2.580  -8.9355E+00
    2.590  -1.0341E+01
    2.600  -9.2305E+00
    2.610  -7.5499E+00
    2.620  -4.5042E+00
    2.630  -1.3463E+00
    2.640   3.5511E+00
    2.650   6.1625E+00
    2.660   8.5468E+00
    2.670   9.9608E+00
    2.680   1.0665E+01
    2.690   1.1547E+01
    2.700   1.0239E+01
    2.710   9.9744E+00
    2.720   9.6194E+00
    2.730   8.8533E+00
    2.740   7.5816E+00
    2.750   5.6595E+00
    2.760   3.7282E+00
    2.770   1.9603E+00
    2.780   6.6366E-01
    2.790  -8.4321E-02
    2.800  -4.7909E-01
    2.810  -1.9585E+00
    2.820  -3.0272E+00
    2.830  -3.9962E+00
    2.840  -5.3753E+00
    2.850  -6.7891E+00
    2.860  -8.1250E+00
    2.870  -9.4641E+00
    2.880  -1.0901E+01
    2.890  -1.2346E+01
    2.900  -1.3610E+01
    2.910  -1.4574E+01
    2.920  -1.4609E+01
    2.930  -1.4051E+01
    2.940  -1.2918E+01
    2.950  -1.1004E+01
    2.960  -8.5139E+00
    2.970  -8.0214E+00
    2.980  -5.3349E+00
    2.990  -2.5781E+00
    3.000   2.1403E+00
    3.010   5.6186E+00
    3.020   9.2157E+00
    3.030   1.1966E+01
    3.040   1.4515E+01
    3.050   1.7230E+01
    3.060   1.9584E+01
    3.070   2.1755E+01
    3.080   2.3891E+01
    3.090   2.6003E+01
    3.100   2.7757E+01
    3.110   2.9061E+01
    3.120   2.9392E+01
    3.130   2.7516E+01
    3.140   2.6450E+01
    3.150   2.4852E+01
    3.160   2.2807E+01
    3.170   2.0325E+01
    3.180   1.7512E+01
    3.190   1.4557E+01
    3.200   1.1566E+01
    3.210   8.4921E+00
    3.220   5.2835E+00
    3.230   2.1725E+00
    3.240   1.4619E-01
    3.250  -1.9651E+00
    3.260  -3.5226E+00
    3.270  -4.5829E+00
    3.280  -5.0527E+00
    3.290  -6.0622E+00
    3.300  -5.4074E+00
    3.310  -4.4873E+00
    3.320  -3.4348E+00
    3.330  -2.2701E+00
    3.340  -9.7957E-01
    3.350   4.9951E-01
    3.360   1.6981E+00
    3.370   2.7242E+00
    3.380   3.4300E+00
    3.390   3.9986E+00
    3.400   4.5401E+00
    3.410   5.2754E+00
    3.420   6.2302E+00
    3.430   7.2285E+00
    3.440   7.9316E+00
    3.450   8.2180E+00
    3.460   8.2556E+00
    3.470   8.3241E+00
    3.480   8.5824E+00
    3.490   8.9054E+00
    3.500   8.8379E+00
    3.510   7.7722E+00
    3.520   5.3503E+00
    3.530   1.7891E+00
    3.540  -2.2048E+00
    3.550  -5.8415E+00
    3.560  -8.5560E+00
    3.570  -1.0046E+01
    3.580  -1.0211E+01
    3.590  -9.2236E+00
    3.600  -7.5209E+00
    3.610  -5.5654E+00
    3.620  -3.3850E+00
    3.630  -1.5605E+00
    3.640  -1.2009E+00
    3.650  -2.5934E-01
    3.660  -3.7207E-01
    3.670  -1.7006E+00
    3.680  -4.1352E+00
    3.690  -7.4268E+00
    3.700  -1.1250E+01
    3.710  -1.3803E+01
    3.720  -1.4945E+01
    3.730  -1.4951E+01
    3.740  -1.6072E+01
    3.750  -1.5562E+01
    3.760  -1.4427E+01
    3.770  -1.2008E+01
    3.780  -8.0363E+00
    3.790  -2.8525E+00
    3.800   2.7792E+00
    3.810   7.9736E+00
    3.820   1.1963E+01
    3.830   1.4663E+01
    3.840   1.5408E+01
    3.850   1.5591E+01
    3.860   1.3062E+01
    3.870   8.5206E+00
    3.880   3.1431E+00
    3.890  -3.2586E+00
    3.900  -1.0363E+01
    3.910  -1.7163E+01
    3.920  -2.2945E+01
    3.930  -2.6919E+01
    3.940  -2.8726E+01
    3.950  -2.8451E+01
    3.960  -2.6914E+01
    3.970  -2.5107E+01
    3.980  -2.3265E+01
    3.990  -2.1285E+01
    4.000  -1.8700E+01
    4.010  -1.5554E+01
    4.020  -1.2066E+01
    4.030  -9.7226E+00
    4.040  -7.2498E+00
    4.050  -5.3137E+00
    4.060  -3.6132E+00
    4.070  -2.0202E+00
    4.080  -2.0515E-01
    4.090   2.1811E+00
    4.100   5.2253E+00
    4.110   8.6841E+00
    4.120   1.2332E+01
    4.130   1.6100E+01
    4.140   2.0281E+01
    4.150   2.3792E+01
    4.160   2.6737E+01
    4.170   2.8241E+01
    4.180   2.8194E+01
    4.190   2.7365E+01
    4.200   2.4462E+01
    4.210   2.0441E+01
    4.220   1.5235E+01
    4.230   9.5533E+00
    4.240   3.9083E+00
    4.250  -1.3100E+00
    4.260  -5.7300E+00
    4.270  -9.7105E+00
    4.280  -1.2650E+01
    4.290  -1.5513E+01
    4.300  -1.8816E+01
    4.310  -2.2429E+01
    4.320  -2.6140E+01
    4.330  -2.9841E+01
    4.340  -3.3661E+01
    4.350  -3.7648E+01
    4.360  -4.1461E+01
    4.370  -4.4350E+01
    4.380  -4.5936E+01
    4.390  -4.6263E+01
    4.400  -4.5931E+01
    4.410  -4.3429E+01
    4.420  -4.1922E+01
    4.430  -3.9435E+01
    4.440  -3.3846E+01
    4.450  -3.0036E+01
    4.460  -2.6017E+01
    4.470  -2.1402E+01
    4.480  -1.5950E+01
    4.490  -1.1345E+01
    4.500  -7.0733E+00
    4.510  -4.1379E+00
    4.520  -2.0168E+00
    4.530  -9.8362E-02
    4.540   1.7602E+00
    4.550   2.9849E+00
    4.560   3.6319E+00
    4.570   3.6080E+00
    4.580   3.1380E+00
    4.590   1.6469E+00
    4.600  -1.1309E+00
    4.610  -4.8152E+00
    4.620  -8.7793E+00
    4.630  -1.2563E+01
    4.640  -1.5533E+01
    4.650  -1.7280E+01
    4.660  -1.7804E+01
    4.670  -1.7741E+01
    4.680  -1.8450E+01
    4.690  -2.0083E+01
    4.700  -2.2011E+01
    4.710  -2.3141E+01
    4.720  -2.2570E+01
    4.730  -1.9952E+01
    4.740  -1.5601E+01
    4.750  -1.0270E+01
    4.760  -4.4336E+00
    4.770   2.2175E+00
    4.780   1.0783E+01
    4.790   2.1168E+01
    4.800   3.2197E+01
    4.810   4.2265E+01
    4.820   4.9663E+01
    4.830   5.4677E+01
    4.840   5.6606E+01
    4.850   5.4845E+01
    4.860   4.9837E+01
    4.870   4.3479E+01
    4.880   3.6175E+01
    4.890   2.8358E+01
    4.900   2.1080E+01
    4.910   1.6307E+01
    4.920   1.5353E+01
    4.930   1.8138E+01
    4.940   2.3268E+01
    4.950   3.0078E+01
    4.960   3.4436E+01
    4.970   3.6743E+01
    4.980   3.6782E+01
    4.990   3.5886E+01
    5.000   3.5812E+01
    5.010   3.6618E+01
    5.020   3.6332E+01
    5.030   3.2910E+01
    5.040   2.6220E+01
    5.050   1.7512E+01
    5.060   8.3325E+00
    5.070  -1.2749E-02
    5.080  -6.0334E+00
    5.090  -1.1178E+01
    5.100  -1.4037E+01
    5.110  -1.5295E+01
    5.120  -1.5182E+01
    5.130  -1.3311E+01
    5.140  -9.3412E+00
    5.150  -3.8591E+00
    5.160   1.9576E+00
    5.170   7.5506E+00
    5.180   1.2561E+01
    5.190   1.6457E+01
    5.200   1.8654E+01
    5.210   1.9554E+01
    5.220   2.0508E+01
    5.230   2.2180E+01
    5.240   2.3375E+01
    5.250   2.2213E+01
    5.260   1.8326E+01
    5.270   1.3430E+01
    5.280   1.0553E+01
    5.290   7.9077E+00
    5.300   5.5989E+00
    5.310   2.4894E+00
    5.320  -2.6018E+00
    5.330  -9.2940E+00
    5.340  -1.6927E+01
    5.350  -2.4280E+01
    5.360  -2.9771E+01
    5.370  -3.3279E+01
    5.380  -3.5172E+01
    5.390  -3.6732E+01
    5.400  -3.8626E+01
    5.410  -3.9945E+01
    5.420  -4.0336E+01
    5.430  -3.8484E+01
    5.440  -3.3861E+01
    5.450  -2.6144E+01
    5.460  -1.5411E+01
    5.470  -3.0148E+00
    5.480   9.4069E+00
    5.490   2.0414E+01
    5.500   2.9683E+01
    5.510   3.6725E+01
    5.520   4.0172E+01
    5.530   3.9159E+01
    5.540   3.6346E+01
    5.550   3.7464E+01
    5.560   4.3921E+01
    5.570   5.2757E+01
    5.580   6.1441E+01
    5.590   7.0580E+01
    5.600   8.0084E+01
    5.610   8.9842E+01
    5.620   1.0019E+02
    5.630   1.0758E+02
    5.640   1.1040E+02
    5.650   1.0985E+02
    5.660   1.0890E+02
    5.670   1.0793E+02
    5.680   1.0699E+02
    5.690   1.0489E+02
    5.700   1.0056E+02
    5.710   9.6962E+01
    5.720   9.3647E+01
    5.730   8.5130E+01
    5.740   7.0487E+01
    5.750   5.4201E+01
    5.760   4.2123E+01
    5.770   3.6599E+01
    5.780   3.5487E+01
    5.790   3.5766E+01
    5.800   3.5858E+01
    5.810   3.5403E+01
    5.820   3.3922E+01
    5.830   2.8764E+01
    5.840   1.8478E+01
    5.850   9.0947E+00
    5.860   8.4270E+00
    5.870   1.5410E+01
    5.880   2.4879E+01
    5.890   3.4808E+01
    5.900   4.0157E+01
    5.910   3.6386E+01
    5.920   2.7149E+01
    5.930   1.9479E+01
    5.940   1.8847E+01
    5.950   2.5780E+01
    5.960   3.5942E+01
    5.970   4.1278E+01
    5.980   3.9843E+01
    5.990   3.4966E+01
    6.000   3.0038E+01
    6.010   2.5894E+01
    6.020   2.2517E+01
    6.030   1.2973E+01
    6.040  -7.3938E+00
    6.050  -4.1612E+01
    6.060  -8.1094E+01
    6.070  -1.1305E+02
    6.080  -1.3228E+02
    6.090  -1.4402E+02
    6.100  -1.4855E+02
    6.110  -1.3782E+02
    6.120  -1.1413E+02
    6.130  -8.4906E+01
    6.140  -5.0472E+01
    6.150  -1.4763E+01
    6.160   1.6545E+01
    6.170   3.7785E+01
    6.180   4.4234E+01
    6.190   3.5905E+01
    6.200   1.5700E+01
    6.210  -1.0651E+01
    6.220  -3.4103E+01
    6.230  -4.9787E+01
    6.240  -5.4437E+01
    6.250  -5.1085E+01
    6.260  -5.3158E+01
    6.270  -6.4513E+01
    6.280  -7.1248E+01
    6.290  -6.1066E+01
    6.300  -3.4715E+01
    6.310   5.7285E-01
    6.320   3.4819E+01
    6.330   6.6191E+01
    6.340   9.4297E+01
    6.350   1.1182E+02
    6.360   1.1680E+02
    6.370   1.2010E+02
    6.380   1.1745E+02
    6.390   1.0365E+02
    6.400   7.8496E+01
    6.410   4.7749E+01
    6.420   2.0280E+01
    6.430   2.0777E+00
    6.440  -9.6166E+00
    6.450  -1.7585E+01
    6.460  -2.2272E+01
    6.470  -2.3805E+01
    6.480  -2.7169E+01
    6.490  -4.2026E+01
    6.500  -5.7438E+01
    6.510  -5.6677E+01
    6.520  -4.0027E+01
    6.530  -1.8281E+01
    6.540  -1.5764E+00
    6.550   4.3429E+00
    6.560   3.9570E+00
    6.570   5.6378E+00
    6.580   1.3668E+01
    6.590   2.6731E+01
    6.600   4.0890E+01
    6.610   5.4695E+01
    6.620   6.3043E+01
    6.630   6.2101E+01
    6.640   5.5066E+01
    6.650   5.2652E+01
    6.660   6.0111E+01
    6.670   7.0891E+01
    6.680   8.0330E+01
    6.690   7.7235E+01
    6.700   5.9260E+01
    6.710   3.0008E+01
    6.720  -7.4548E+00
    6.730  -4.8660E+01
    6.740  -8.3794E+01
    6.750  -1.0265E+02
    6.760  -1.1317E+02
    6.770  -1.2091E+02
    6.780  -1.2567E+02
    6.790  -1.2696E+02
    6.800  -1.2691E+02
    6.810  -1.2863E+02
    6.820  -1.2962E+02
    6.830  -1.2534E+02
    6.840  -1.1318E+02
    6.850  -1.0234E+02
    6.860  -1.0265E+02
    6.870  -1.0308E+02
    6.880  -9.7786E+01
    6.890  -9.4763E+01
    6.900  -8.7695E+01
    6.910  -7.2339E+01
    6.920  -5.9299E+01
    6.930  -5.0296E+01
    6.940  -4.6023E+01
    6.950  -4.4640E+01
    6.960  -4.3069E+01
    6.970  -4.2437E+01
    6.980  -4.5071E+01
    6.990  -5.7004E+01
    7.000  -7.5031E+01
    7.010  -9.4964E+01
    7.020  -1.1548E+02
    7.030  -1.2911E+02
    7.040  -1.3350E+02
    7.050  -1.2839E+02
    7.060  -1.2150E+02
    7.070  -1.1011E+02
    7.080  -8.8653E+01
    7.090  -6.5826E+01
    7.100  -5.4692E+01
    7.110  -6.5206E+01
    7.120  -9.7334E+01
    7.130  -1.3273E+02
    7.140  -1.4654E+02
    7.150  -1.4781E+02
    7.160  -1.5827E+02
    7.170  -1.7369E+02
    7.180  -1.8296E+02
    7.190  -1.8827E+02
    7.200  -1.8804E+02
    7.210  -1.8213E+02
    7.220  -1.7103E+02
    7.230  -1.5023E+02
    7.240  -1.2626E+02
    7.250  -1.1069E+02
    7.260  -1.1283E+02
    7.270  -1.3131E+02
    7.280  -1.5025E+02
    7.290  -1.5444E+02
    7.300  -1.3786E+02
    7.310  -1.0932E+02
    7.320  -7.5024E+01
    7.330  -4.1535E+01
    7.340  -1.1063E+01
    7.350   1.1239E+01
    7.360   1.9402E+01
    7.370   2.1986E+01
    7.380   3.1868E+01
    7.390   5.1966E+01
    7.400   7.3424E+01
    7.410   7.2087E+01
    7.420   3.7023E+01
    7.430  -1.1294E+01
    7.440  -4.0905E+01
    7.450  -4.7561E+01
    7.460  -4.6645E+01
    7.470  -4.6533E+01
    7.480  -4.8018E+01
    7.490  -4.6453E+01
    7.500  -5.0582E+01
    7.510  -6.4551E+01
    7.520  -6.4484E+01
    7.530  -4.3649E+01
    7.540  -1.6950E+01
    7.550   2.6783E+00
    7.560   5.9451E+00
    7.570  -1.1780E+00
    7.580  -5.3512E+00
    7.590   2.9731E+00
    7.600   3.2506E+01
    7.610   7.4732E+01
    7.620   1.1239E+02
    7.630   1.3438E+02
    7.640   1.4212E+02
    7.650   1.4716E+02
    7.660   1.6043E+02
    7.670   1.8741E+02
    7.680   2.2617E+02
    7.690   2.5980E+02
    7.700   2.6939E+02
    7.710   2.5921E+02
    7.720   2.3429E+02
    7.730   2.0049E+02
    7.740   1.7494E+02
    7.750   1.7597E+02
    7.760   2.0466E+02
    7.770   2.3898E+02
    7.780   2.3716E+02
    7.790   1.8436E+02
    7.800   1.1213E+02
    7.810   4.7547E+01
    7.820  -1.5733E+01
    7.830  -8.0512E+01
    7.840  -1.4803E+02
    7.850  -2.0594E+02
    7.860  -2.4225E+02
    7.870  -2.6703E+02
    7.880  -2.9222E+02
    7.890  -3.1218E+02
    7.900  -3.2516E+02
    7.910  -3.3519E+02
    7.920  -3.3373E+02
    7.930  -3.0889E+02
    7.940  -2.6138E+02
    7.950  -1.9739E+02
    7.960  -1.3122E+02
    7.970  -7.9003E+01
    7.980  -3.1279E+01
    7.990   2.7086E+01
    8.000   9.1091E+01
    8.010   1.3790E+02
    8.020   1.4586E+02
    8.030   1.3962E+02
    8.040   1.4633E+02
    8.050   1.5532E+02
    8.060   1.6979E+02
    8.070   1.9229E+02
    8.080   1.9671E+02
    8.090   1.8726E+02
    8.100   1.7378E+02
    8.110   1.4620E+02
    8.120   1.0663E+02
    8.130   7.1628E+01
    8.140   5.4269E+01
    8.150   6.6037E+01
    8.160   9.9667E+01
    8.170   1.3233E+02
    8.180   1.3582E+02
    8.190   1.1143E+02
    8.200   7.4898E+01
    8.210   1.9777E+01
    8.220  -5.0707E+01
    8.230  -1.2037E+02
    8.240  -1.6991E+02
    8.250  -1.8088E+02
    8.260  -1.5181E+02
    8.270  -8.2577E+01
    8.280   1.0665E+00
    8.290   5.9018E+01
    8.300   8.2107E+01
    8.310   7.3031E+01
    8.320   5.3062E+01
    8.330   4.2385E+01
    8.340   6.1348E+01
    8.350   9.4320E+01
    8.360   1.0785E+02
    8.370   1.0223E+02
    8.380   9.7949E+01
    8.390   1.1486E+02
    8.400   1.4874E+02
    8.410   1.9064E+02
    8.420   2.3090E+02
    8.430   2.5481E+02
    8.440   2.5520E+02
    8.450   2.5299E+02
    8.460   2.7659E+02
    8.470   3.0453E+02
    8.480   3.0876E+02
    8.490   2.8722E+02
    8.500   2.3796E+02
    8.510   1.6414E+02
    8.520   9.6628E+01
    8.530   6.7977E+01
    8.540   8.7832E+01
    8.550   1.2939E+02
    8.560   1.4227E+02
    8.570   1.0539E+02
    8.580   3.1925E+01
    8.590  -5.3464E+01
    8.600  -1.1802E+02
    8.610  -1.5196E+02
    8.620  -1.6554E+02
    8.630  -1.7126E+02
    8.640  -1.7987E+02
    8.650  -1.9953E+02
    8.660  -2.1535E+02
    8.670  -2.2751E+02
    8.680  -2.2802E+02
    8.690  -2.0799E+02
    8.700  -1.7654E+02
    8.710  -1.3111E+02
    8.720  -7.3823E+01
    8.730  -3.4067E+01
    8.740  -3.2765E+01
    8.750  -5.4993E+01
    8.760  -7.3247E+01
    8.770  -8.5358E+01
    8.780  -1.0354E+02
    8.790  -1.1427E+02
    8.800  -1.0161E+02
    8.810  -6.7304E+01
    8.820  -3.0115E+01
    8.830  -6.0533E-01
    8.840   8.7249E+00
    8.850   1.8815E+00
    8.860  -7.2148E+00
    8.870  -2.1103E+01
    8.880  -4.0121E+01
    8.890  -4.0875E+01
    8.900   2.7454E+00
    8.910   6.6277E+01
    8.920   1.1581E+02
    8.930   1.3759E+02
    8.940   1.3532E+02
    8.950   1.2423E+02
    8.960   1.0620E+02
    8.970   7.9187E+01
    8.980   5.2423E+01
    8.990   2.0387E+01
    9.000  -2.8478E+01
    9.010  -9.3449E+01
    9.020  -1.5406E+02
    9.030  -1.9465E+02
    9.040  -2.2081E+02
    9.050  -2.3005E+02
    9.060  -2.1979E+02
    9.070  -2.0327E+02
    9.080  -1.7478E+02
    9.090  -1.2240E+02
    9.100  -4.6378E+01
    9.110   2.9583E+01
    9.120   8.0211E+01
    9.130   1.2550E+02
    9.140   1.9361E+02
    9.150   2.7395E+02
    9.160   3.4162E+02
    9.170   3.7996E+02
    9.180   3.7819E+02
    9.190   3.4231E+02
    9.200   2.7970E+02
    9.210   2.0570E+02
    9.220   1.3665E+02
    9.230   9.0982E+01
    9.240   8.2429E+01
    9.250   8.1896E+01
    9.260   7.0140E+01
    9.270   5.0552E+01
    9.280   2.2162E+01
    9.290  -1.0310E+01
    9.300  -3.9182E+01
    9.310  -5.3769E+01
    9.320  -5.8432E+01
    9.330  -6.2239E+01
    9.340  -6.0990E+01
    9.350  -6.2028E+01
    9.360  -7.3315E+01
    9.370  -8.8016E+01
    9.380  -1.0358E+02
    9.390  -1.1160E+02
    9.400  -1.0173E+02
    9.410  -8.3852E+01
    9.420  -8.0592E+01
    9.430  -9.2325E+01
    9.440  -9.5202E+01
    9.450  -8.1874E+01
    9.460  -5.9498E+01
    9.470  -3.5015E+01
    9.480  -9.4310E+00
    9.490   1.1092E+01
    9.500   1.1431E+01
    9.510  -2.1559E+01
    9.520  -8.1592E+01
    9.530  -1.3768E+02
    9.540  -1.6522E+02
    9.550  -1.6652E+02
    9.560  -1.6603E+02
    9.570  -1.6270E+02
    9.580  -1.4713E+02
    9.590  -1.2502E+02
    9.600  -9.0294E+01
    9.610  -4.1317E+01
    9.620   9.5233E+00
    9.630   4.6216E+01
    9.640   4.9768E+01
    9.650   2.3100E+01
    9.660  -1.8672E+01
    9.670  -6.3499E+01
    9.680  -9.1940E+01
    9.690  -9.9858E+01
    9.700  -9.4151E+01
    9.710  -8.4378E+01
    9.720  -7.7435E+01
    9.730  -6.1401E+01
    9.740  -2.6847E+01
    9.750   1.7906E+01
    9.760   6.9110E+01
    9.770   1.3055E+02
    9.780   2.0752E+02
    9.790   2.8056E+02
    9.800   3.2174E+02
    9.810   3.1058E+02
    9.820   2.5789E+02
    9.830   1.8864E+02
    9.840   1.1789E+02
    9.850   6.4152E+01
    9.860   4.7964E+01
    9.870   7.5488E+01
    9.880   1.2419E+02
    9.890   1.7091E+02
    9.900   1.9859E+02
    9.910   1.8445E+02
    9.920   1.4451E+02
    9.930   1.1315E+02
    9.940   1.0794E+02
    9.950   1.0959E+02
    9.960   9.2858E+01
    9.970   6.2414E+01
    9.980   2.8041E+01
    9.990   1.4967E-01
   10.000  -1.3786E+01
   10.010  -1.8738E+01
   10.020  -2.2089E+01
   10.030  -2.7933E+01
   10.040  -3.1978E+01
   10.050  -3.6168E+01
   10.060  -5.0232E+01
   10.070  -5.4338E+01
   10.080  -3.6535E+01
   10.090  -2.7163E+01
   10.100  -3.0421E+01
   10.110  -3.2008E+01
   10.120  -3.2953E+01
   10.130  -3.5568E+01
   10.140  -3.1294E+01
   10.150  -2.7015E+01
   10.160  -2.8306E+01
   10.170  -2.8230E+01
   10.180  -2.7493E+01
   10.190  -2.5722E+01
   10.200  -1.1448E+01
   10.210   1.7010E+01
   10.220   5.0490E+01
   10.230   7.3219E+01
   10.240   6.9927E+01
   10.250   4.2027E+01
   10.260   1.4680E+01
   10.270   6.6231E+00
   10.280   3.6979E+01
   10.290   9.2044E+01
   10.300   1.5233E+02
   10.310   1.9556E+02
   10.320   2.0795E+02
   10.330   2.0294E+02
   10.340   1.8747E+02
   10.350   1.5189E+02
   10.360   9.6304E+01
   10.370   3.8933E+01
   10.380  -5.2382E+00
   10.390  -3.5440E+01
   10.400  -6.6173E+01
   10.410  -9.5912E+01
   10.420  -1.1434E+02
   10.430  -1.0942E+02
   10.440  -7.3456E+01
   10.450  -1.8294E+01
   10.460   4.7005E+01
   10.470   1.1016E+02
   10.480   1.4787E+02
   10.490   1.4879E+02
   10.500   1.1665E+02
   10.510   7.3680E+01
   10.520   4.3297E+01
   10.530   2.5738E+01
   10.540   2.5884E+01
   10.550   4.9106E+01
   10.560   8.0190E+01
   10.570   9.9585E+01
   10.580   9.0106E+01
   10.590   5.9628E+01
   10.600   2.5970E+01
   10.610   3.4172E+00
   10.620   3.9484E+00
   10.630   1.8048E+01
   10.640   2.2029E+01
   10.650   9.7262E+00
   10.660  -9.9234E+00
   10.670  -2.9575E+01
   10.680  -4.6916E+01
   10.690  -6.0719E+01
   10.700  -7.9027E+01
   10.710  -1.0543E+02
   10.720  -1.3280E+02
   10.730  -1.5065E+02
   10.740  -1.4870E+02
   10.750  -1.2425E+02
   10.760  -8.5206E+01
   10.770  -4.4686E+01
   10.780  -1.8359E+01
   10.790  -1.0568E+01
   10.800  -1.5652E+01
   10.810  -1.6130E+01
   10.820   1.2617E+01
   10.830   6.8744E+01
   10.840   1.1897E+02
   10.850   1.4135E+02
   10.860   1.3167E+02
   10.870   9.6194E+01
   10.880   5.0399E+01
   10.890   1.4013E+01
   10.900  -8.1907E-01
   10.910  -1.7888E+00
   10.920  -2.7481E+00
   10.930  -7.4417E+00
   10.940  -1.9647E+01
   10.950  -3.1417E+01
   10.960  -3.1192E+01
   10.970  -2.3870E+01
   10.980  -2.1647E+01
   10.990  -2.9480E+01
   11.000  -4.9886E+01
   11.010  -7.3277E+01
   11.020  -8.5419E+01
   11.030  -9.0046E+01
   11.040  -9.6155E+01
   11.050  -1.0768E+02
   11.060  -1.1788E+02
   11.070  -1.1686E+02
   11.080  -1.0423E+02
   11.090  -8.4456E+01
   11.100  -6.4739E+01
   11.110  -5.7650E+01
   11.120  -6.6837E+01
   11.130  -8.0168E+01
   11.140  -8.4833E+01
   11.150  -8.3903E+01
   11.160  -7.9175E+01
   11.170  -6.7969E+01
   11.180  -5.5849E+01
   11.190  -5.2723E+01
   11.200  -6.4269E+01
   11.210  -8.3030E+01
   11.220  -9.6708E+01
   11.230  -9.5694E+01
   11.240  -7.5427E+01
   11.250  -4.1236E+01
   11.260  -9.2233E+00
   11.270   1.5674E+01
   11.280   3.3833E+01
   11.290   4.3136E+01
   11.300   4.4777E+01
   11.310   4.4911E+01
   11.320   4.2594E+01
   11.330   2.7612E+01
   11.340   6.6770E+00
   11.350  -8.8776E-01
   11.360   5.4674E+00
   11.370   1.3062E+01
   11.380   2.0783E+01
   11.390   2.6442E+01
   11.400   1.5207E+01
   11.410  -1.3622E+01
   11.420  -5.4813E+01
   11.430  -1.0252E+02
   11.440  -1.4826E+02
   11.450  -1.8350E+02
   11.460  -2.0858E+02
   11.470  -2.2981E+02
   11.480  -2.5047E+02
   11.490  -2.6688E+02
   11.500  -2.6956E+02
   11.510  -2.5236E+02
   11.520  -2.2407E+02
   11.530  -2.0337E+02
   11.540  -1.9713E+02
   11.550  -2.0376E+02
   11.560  -2.0981E+02
   11.570  -1.9798E+02
   11.580  -1.6859E+02
   11.590  -1.2740E+02
   11.600  -8.4477E+01
   11.610  -5.0072E+01
   11.620  -1.0181E+01
   11.630   3.8988E+01
   11.640   7.9839E+01
   11.650   9.8343E+01
   11.660   1.0532E+02
   11.670   1.1206E+02
   11.680   1.0882E+02
   11.690   8.5765E+01
   11.700   4.4429E+01
   11.710   4.4807E-01
   11.720  -3.9589E+01
   11.730  -7.4510E+01
   11.740  -1.0250E+02
   11.750  -1.2583E+02
   11.760  -1.4367E+02
   11.770  -1.4796E+02
   11.780  -1.3795E+02
   11.790  -1.2553E+02
   11.800  -1.2659E+02
   11.810  -1.4536E+02
   11.820  -1.7025E+02
   11.830  -1.8480E+02
   11.840  -1.7196E+02
   11.850  -1.2936E+02
   11.860  -7.7538E+01
   11.870  -3.8360E+01
   11.880  -1.9345E+01
   11.890  -7.0395E+00
   11.900   1.3007E+01
   11.910   3.4886E+01
   11.920   4.3205E+01
   11.930   3.9225E+01
   11.940   3.6182E+01
   11.950   4.3600E+01
   11.960   6.7188E+01
   11.970   1.0219E+02
   11.980   1.2753E+02
   11.990   1.2867E+02
   12.000   1.0494E+02
   12.010   7.1118E+01
   12.020   4.7480E+01
   12.030   4.1430E+01
   12.040   4.9178E+01
   12.050   5.9601E+01
   12.060   6.2259E+01
   12.070   5.3817E+01
   12.080   3.2790E+01
   12.090   1.0263E+01
   12.100  -7.7107E+00
   12.110  -2.0502E+01
   12.120  -2.7569E+01
   12.130  -3.0206E+01
   12.140  -2.4925E+01
   12.150  -1.5952E+01
   12.160  -1.1491E+01
   12.170  -1.2725E+01
   12.180  -1.3725E+01
   12.190  -1.2482E+01
   12.200  -7.2268E+00
   12.210  -3.0796E+00
   12.220   3.8207E+00
   12.230   1.8552E+01
   12.240   3.3263E+01
   12.250   3.6637E+01
   12.260   2.7429E+01
   12.270   1.0981E+01
   12.280  -2.2040E+00
   12.290  -2.8472E+00
   12.300   4.4461E+00
   12.310   4.6470E+00
   12.320  -7.2532E+00
   12.330  -2.6779E+01
   12.340  -4.4043E+01
   12.350  -5.1558E+01
   12.360  -5.1615E+01
   12.370  -4.9137E+01
   12.380  -5.0171E+01
   12.390  -5.7810E+01
   12.400  -6.4037E+01
   12.410  -5.8154E+01
   12.420  -4.3689E+01
   12.430  -3.1642E+01
   12.440  -2.8760E+01
   12.450  -3.1844E+01
   12.460  -3.2933E+01
   12.470  -2.7202E+01
   12.480  -1.5030E+01
   12.490   1.5190E+00
   12.500   1.9545E+01
   12.510   3.4413E+01
   12.520   4.2558E+01
   12.530   4.9934E+01
   12.540   5.4921E+01
   12.550   4.8780E+01
   12.560   3.6822E+01
   12.570   2.6672E+01
   12.580   2.3889E+01
   12.590   2.2410E+01
   12.600   1.7722E+01
   12.610   1.3843E+01
   12.620   6.9961E+00
   12.630  -7.2628E+00
   12.640  -2.2652E+01
   12.650  -2.5606E+01
   12.660  -1.6747E+01
   12.670  -4.1616E+00
   12.680   1.3208E+01
   12.690   3.6022E+01
   12.700   6.3487E+01
   12.710   8.9748E+01
   12.720   1.0844E+02
   12.730   1.2642E+02
   12.740   1.5097E+02
   12.750   1.7882E+02
   12.760   2.0262E+02
   12.770   2.0978E+02
   12.780   2.0522E+02
   12.790   2.0108E+02
   12.800   1.9766E+02
   12.810   1.9458E+02
   12.820   1.8656E+02
   12.830   1.6649E+02
   12.840   1.3704E+02
   12.850   1.0639E+02
   12.860   8.0036E+01
   12.870   5.8508E+01
   12.880   4.3939E+01
   12.890   4.2846E+01
   12.900   5.3402E+01
   12.910   6.4720E+01
   12.920   7.0373E+01
   12.930   7.0095E+01
   12.940   6.8423E+01
   12.950   7.3842E+01
   12.960   8.2147E+01
   12.970   8.4845E+01
   12.980   8.6776E+01
   12.990   9.0939E+01
   13.000   9.2841E+01
   13.010   9.0997E+01
   13.020   8.7200E+01
   13.030   8.3092E+01
   13.040   8.1419E+01
   13.050   8.3916E+01
   13.060   9.2383E+01
   13.070   1.0671E+02
   13.080   1.2705E+02
   13.090   1.4196E+02
   13.100   1.4443E+02
   13.110   1.3721E+02
   13.120   1.2398E+02
   13.130   1.0822E+02
   13.140   8.9956E+01
   13.150   6.9137E+01
   13.160   4.2438E+01
   13.170   8.0378E+00
   13.180  -2.5914E+01
   13.190  -4.5101E+01
   13.200  -4.6119E+01
   13.210  -3.8400E+01
   13.220  -2.6899E+01
   13.230  -1.2969E+01
   13.240  -2.4954E+00
   13.250   3.8103E+00
   13.260   1.3045E+01
   13.270   2.1333E+01
   13.280   2.1461E+01
   13.290   1.3778E+01
   13.300   3.9958E+00
   13.310  -7.7086E-01
   13.320  -1.9736E+00
   13.330  -7.6796E+00
   13.340  -1.5734E+01
   13.350  -2.1892E+01
   13.360  -2.6278E+01
   13.370  -2.6155E+01
   13.380  -1.8896E+01
   13.390  -9.1773E+00
   13.400  -2.7528E+00
   13.410   3.9361E+00
   13.420   1.4226E+01
   13.430   2.5254E+01
   13.440   3.1084E+01
   13.450   2.8358E+01
   13.460   2.1766E+01
   13.470   1.2371E+01
   13.480   3.6479E+00
   13.490  -2.1882E+00
   13.500  -8.6531E+00
   13.510  -1.6317E+01
   13.520  -2.2658E+01
   13.530  -2.6675E+01
   13.540  -2.9612E+01
   13.550  -3.5064E+01
   13.560  -4.4638E+01
   13.570  -5.4064E+01
   13.580  -6.0699E+01
   13.590  -6.2500E+01
   13.600  -6.1426E+01
   13.610  -6.1449E+01
   13.620  -5.9668E+01
   13.630  -5.3199E+01
   13.640  -4.6715E+01
   13.650  -4.2118E+01
   13.660  -3.6119E+01
   13.670  -3.0144E+01
   13.680  -2.3383E+01
   13.690  -1.2206E+01
   13.700  -5.8404E-03
   13.710   1.0337E+01
   13.720   1.8256E+01
   13.730   1.9561E+01
   13.740   1.2223E+01
   13.750   1.1562E+00
   13.760  -1.0478E+01
   13.770  -2.0740E+01
   13.780  -2.9339E+01
   13.790  -3.6776E+01
   13.800  -4.3195E+01
   13.810  -4.8638E+01
   13.820  -4.8185E+01
   13.830  -4.4286E+01
   13.840  -4.2773E+01
   13.850  -4.6984E+01
   13.860  -5.7034E+01
   13.870  -6.7181E+01
   13.880  -7.1743E+01
   13.890  -7.0136E+01
   13.900  -6.4073E+01
   13.910  -5.7501E+01
   13.920  -5.1548E+01
   13.930  -4.5782E+01
   13.940  -4.1036E+01
   13.950  -3.7619E+01
   13.960  -3.5804E+01
   13.970  -3.5227E+01
   13.980  -3.6156E+01
   13.990  -3.9571E+01
   14.000  -4.5329E+01
   14.010  -4.9377E+01
   14.020  -4.8804E+01
   14.030  -4.7205E+01
   14.040  -4.5984E+01
   14.050  -4.4546E+01
   14.060  -4.1398E+01
   14.070  -3.4237E+01
   14.080  -2.6270E+01
   14.090  -2.2063E+01
   14.100  -2.3938E+01
   14.110  -3.3116E+01
   14.120  -4.6459E+01
   14.130  -5.8249E+01
   14.140  -6.6542E+01
   14.150  -7.1230E+01
   14.160  -7.5028E+01
   14.170  -7.8795E+01
   14.180  -8.1643E+01
   14.190  -7.7178E+01
   14.200  -6.3368E+01
   14.210  -4.5375E+01
   14.220  -2.7606E+01
   14.230  -1.7211E+01
   14.240  -1.7591E+01
   14.250  -2.1885E+01
   14.260  -2.3746E+01
   14.270  -2.4140E+01
   14.280  -2.8201E+01
   14.290  -3.7928E+01
   14.300  -4.8594E+01
   14.310  -5.3850E+01
   14.320  -5.0887E+01
   14.330  -4.3661E+01
   14.340  -3.4603E+01
   14.350  -2.4776E+01
   14.360  -1.5728E+01
   14.370  -9.3779E+00
   14.380  -5.7337E+00
   14.390  -2.7747E+00
   14.400   1.9841E-02
   14.410   3.9386E+00
   14.420   8.0892E+00
   14.430   1.1878E+01
   14.440   1.5313E+01
   14.450   1.4975E+01
   14.460   1.0157E+01
   14.470   3.9530E+00
   14.480  -2.3417E+00
   14.490  -6.8565E+00
   14.500  -7.4051E+00
   14.510  -6.9140E+00
   14.520  -8.7138E+00
   14.530  -1.0533E+01
   14.540  -1.0361E+01
   14.550  -7.3307E+00
   14.560  -1.9818E+00
   14.570   1.5091E+00
   14.580   1.8553E+00
   14.590   2.0702E+00
   14.600   2.0233E+00
   14.610   1.0439E+00
   14.620  -9.2733E-01
   14.630  -2.8389E+00
   14.640  -2.9630E+00
   14.650  -2.0976E+00
   14.660  -1.6120E+00
   14.670  -2.8592E-01
   14.680   2.1663E+00
   14.690   5.2243E+00
   14.700   7.9623E+00
   14.710   8.9246E+00
   14.720   7.9303E+00
   14.730   7.4705E+00
   14.740   8.9334E+00
   14.750   1.1127E+01
   14.760   1.3722E+01
   14.770   1.5715E+01
   14.780   1.6017E+01
   14.790   1.5370E+01
   14.800   1.5150E+01
   14.810   1.5786E+01
   14.820   1.7686E+01
   14.830   2.0965E+01
   14.840   2.3955E+01
   14.850   2.5934E+01
   14.860   2.6916E+01
   14.870   2.7076E+01
   14.880   2.6386E+01
   14.890   2.5018E+01
   14.900   2.4190E+01
   14.910   2.2973E+01
   14.920   2.0052E+01
   14.930   1.5233E+01
   14.940   9.4716E+00
   14.950   4.3187E+00
   14.960   7.1281E-01
   14.970  -1.0122E+00
   14.980  -6.9747E-01
   14.990   7.7962E-01
   15.000   2.8624E+00
   15.010   5.4377E+00
   15.020   8.4697E+00
   15.030   1.1276E+01
   15.040   1.3757E+01
   15.050   1.5682E+01
   15.060   1.6512E+01
   15.070   1.5930E+01
   15.080   1.4363E+01
   15.090   1.3788E+01
   15.100   1.5562E+01
   15.110   1.9619E+01
   15.120   2.4446E+01
   15.130   2.7540E+01
   15.140   2.7585E+01
   15.150   2.5697E+01
   15.160   2.3956E+01
   15.170   2.3239E+01
   15.180   2.2441E+01
   15.190   2.0574E+01
   15.200   1.8627E+01
   15.210   1.7463E+01
   15.220   1.7521E+01
   15.230   1.8517E+01
   15.240   1.9669E+01
   15.250   2.0359E+01
   15.260   2.0507E+01
   15.270   2.0369E+01
   15.280   2.0537E+01
   15.290   2.1373E+01
   15.300   2.2161E+01
   15.310   2.1909E+01
   15.320   2.0070E+01
   15.330   1.6937E+01
   15.340   1.3833E+01
   15.350   1.1744E+01
   15.360   1.1162E+01
   15.370   1.1598E+01
   15.380   1.2291E+01
   15.390   1.3762E+01
   15.400   1.6427E+01
   15.410   1.9636E+01
   15.420   2.3477E+01
   15.430   2.8034E+01
   15.440   3.1664E+01
   15.450   3.1818E+01
   15.460   2.8130E+01
   15.470   2.2362E+01
   15.480   1.6357E+01
   15.490   1.1310E+01
   15.500   7.5964E+00
   15.510   5.0442E+00
   15.520   3.5780E+00
   15.530   3.2262E+00
   15.540   4.6779E+00
   15.550   8.0779E+00
   15.560   1.2730E+01
   15.570   1.6791E+01
   15.580   1.9308E+01
   15.590   2.0417E+01
   15.600   2.0126E+01
   15.610   1.8661E+01
   15.620   1.6336E+01
   15.630   1.3319E+01
   15.640   9.9833E+00
   15.650   6.5819E+00
   15.660   2.8005E+00
   15.670  -1.4134E+00
   15.680  -5.2852E+00
   15.690  -8.0351E+00
   15.700  -9.2482E+00
   15.710  -8.6779E+00
   15.720  -6.6541E+00
   15.730  -3.8774E+00
   15.740  -1.4002E+00
   15.750   2.8818E-01
   15.760   1.4985E+00
   15.770   2.6970E+00
   15.780   4.1951E+00
   15.790   5.7992E+00
   15.800   6.9512E+00
   15.810   7.0914E+00
   15.820   6.1182E+00
   15.830   4.5419E+00
   15.840   2.8482E+00
   15.850   1.3402E+00
   15.860   2.3965E-01
   15.870  -2.1293E-01
   15.880  -1.9130E-01
   15.890  -5.4821E-02
   15.900  -1.5129E-01
   15.910  -7.5493E-01
   15.920  -1.5057E+00
   15.930  -1.9980E+00
   15.940  -2.4037E+00
   15.950  -2.7518E+00
   15.960  -3.0238E+00
   15.970  -3.3821E+00
   15.980  -4.0073E+00
   15.990  -4.8821E+00
   16.000  -5.7234E+00
   16.010  -6.2781E+00
   16.020  -6.4199E+00
   16.030  -5.7680E+00
   16.040  -4.3685E+00
   16.050  -2.4510E+00
   16.060  -4.5683E-01
   16.070   9.9603E-01
   16.080   1.6267E+00
   16.090   1.3759E+00
   16.100   6.2110E-01
   16.110  -2.8684E-01
   16.120  -1.2511E+00
   16.130  -2.1851E+00
   16.140  -3.0254E+00
   16.150  -3.8512E+00
   16.160  -4.5159E+00
   16.170  -4.7577E+00
   16.180  -4.3225E+00
   16.190  -3.0801E+00
   16.200  -1.1951E+00
   16.210   8.2898E-01
   16.220   2.5402E+00
   16.230   3.8556E+00
   16.240   4.8204E+00
   16.250   5.2244E+00
   16.260   4.9042E+00
   16.270   4.1296E+00
   16.280   3.1860E+00
   16.290   2.2211E+00
   16.300   1.3447E+00
   16.310   7.9511E-01
   16.320   8.3985E-01
   16.330   1.3238E+00
   16.340   1.8735E+00
   16.350   2.4241E+00
   16.360   2.8759E+00
   16.370   2.8626E+00
   16.380   2.2903E+00
   16.390   1.3939E+00
   16.400   2.7723E-01
   16.410  -1.0333E+00
   16.420  -2.5550E+00
   16.430  -4.4349E+00
   16.440  -6.5367E+00
   16.450  -8.5809E+00
   16.460  -1.0464E+01
   16.470  -1.2244E+01
   16.480  -1.4005E+01
   16.490  -1.5915E+01
   16.500  -1.7918E+01
   16.510  -1.9479E+01
   16.520  -2.0217E+01
   16.530  -2.0036E+01
   16.540  -1.9052E+01
   16.550  -1.7675E+01
   16.560  -1.6221E+01
   16.570  -1.4684E+01
   16.580  -1.3222E+01
   16.590  -1.2162E+01
   16.600  -1.1541E+01
   16.610  -1.1235E+01
   16.620  -1.1080E+01
   16.630  -1.0961E+01
   16.640  -1.1142E+01
   16.650  -1.1734E+01
   16.660  -1.2486E+01
   16.670  -1.3569E+01
   16.680  -1.5157E+01
   16.690  -1.6813E+01
   16.700  -1.7855E+01
   16.710  -1.7904E+01
   16.720  -1.6753E+01
   16.730  -1.4783E+01
   16.740  -1.2880E+01
   16.750  -1.1600E+01
   16.760  -1.0954E+01
   16.770  -1.0601E+01
   16.780  -1.0254E+01
   16.790  -1.0009E+01
   16.800  -1.0129E+01
   16.810  -1.0629E+01
   16.820  -1.1165E+01
   16.830  -1.1359E+01
   16.840  -1.0910E+01
   16.850  -9.7175E+00
   16.860  -8.0956E+00
   16.870  -6.2059E+00
   16.880  -4.1664E+00
   16.890  -2.2651E+00
   16.900  -7.4099E-01
   16.910   6.4429E-01
   16.920   2.1182E+00
   16.930   3.7125E+00
   16.940   5.4017E+00
   16.950   6.8906E+00
   16.960   7.7139E+00
   16.970   7.5609E+00
   16.980   6.5038E+00
   16.990   4.8964E+00
   17.000   3.1953E+00
   17.010   1.8982E+00
   17.020   1.2175E+00
   17.030   1.0437E+00
   17.040   1.1833E+00
   17.050   1.5516E+00
   17.060   1.8741E+00
   17.070   1.9121E+00
   17.080   1.7392E+00
   17.090   1.6278E+00
   17.100   1.6220E+00
   17.110   1.5206E+00
   17.120   1.1079E+00
   17.130   2.8853E-01
   17.140  -7.6833E-01
   17.150  -1.8140E+00
   17.160  -2.6719E+00
   17.170  -3.1126E+00
   17.180  -3.0478E+00
   17.190  -2.6667E+00
   17.200  -2.0711E+00
   17.210  -1.2626E+00
   17.220  -2.8356E-01
   17.230   8.4926E-01
   17.240   2.1534E+00
   17.250   3.4871E+00
   17.260   4.5652E+00
   17.270   5.1358E+00
   17.280   5.0077E+00
   17.290   4.1755E+00
   17.300   2.8971E+00
   17.310   1.5614E+00
   17.320   4.6414E-01
   17.330  -3.2387E-01
   17.340  -8.9783E-01
   17.350  -1.3769E+00
   17.360  -1.9088E+00
   17.370  -2.5080E+00
   17.380  -3.0114E+00
   17.390  -3.2526E+00
   17.400  -3.1543E+00
   17.410  -2.7755E+00
   17.420  -2.2273E+00
   17.430  -1.6948E+00
   17.440  -1.3680E+00
   17.450  -1.3960E+00
   17.460  -1.7513E+00
   17.470  -2.1732E+00
   17.480  -2.3876E+00
   17.490  -2.3256E+00
   17.500  -2.0896E+00
   17.510  -1.6864E+00
   17.520  -1.0952E+00
   17.530  -4.3930E-01
   17.540   1.3746E-01
   17.550   6.6295E-01
   17.560   1.2504E+00
   17.570   1.9403E+00
   17.580   2.5535E+00
   17.590   2.8765E+00
   17.600   2.8829E+00
   17.610   2.6062E+00
   17.620   2.1464E+00
   17.630   1.6520E+00
   17.640   1.2626E+00
   17.650   1.0863E+00
   17.660   1.1411E+00
   17.670   1.3965E+00
   17.680   1.8599E+00
   17.690   2.5442E+00
   17.700   3.4453E+00
   17.710   4.5348E+00
   17.720   5.7687E+00
   17.730   7.1293E+00
   17.740   8.5754E+00
   17.750   9.9633E+00
   17.760   1.1096E+01
   17.770   1.1879E+01
   17.780   1.2350E+01
   17.790   1.2630E+01
   17.800   1.2785E+01
   17.810   1.2774E+01
   17.820   1.2512E+01
   17.830   1.1953E+01
   17.840   1.1191E+01
   17.850   1.0411E+01
   17.860   9.7013E+00
   17.870   9.0301E+00
   17.880   8.3420E+00
   17.890   7.6461E+00
   17.900   7.0254E+00
   17.910   6.6041E+00
   17.920   6.4435E+00
   17.930   6.4923E+00
   17.940   6.6494E+00
   17.950   6.7603E+00
   17.960   6.6188E+00
   17.970   6.0687E+00
   17.980   5.1394E+00
   17.990   4.0858E+00
   18.000   3.2175E+00
   18.010   2.6757E+00
   18.020   2.3879E+00
   18.030   2.1952E+00
   18.040   2.0281E+00
   18.050   1.9804E+00
   18.060   2.1638E+00
   18.070   2.5464E+00
   18.080   2.9661E+00
   18.090   3.2788E+00
   18.100   3.3572E+00
   18.110   3.1330E+00
   18.120   2.6340E+00
   18.130   1.9505E+00
   18.140   1.2116E+00
   18.150   5.5368E-01
   18.160   4.2165E-02
   18.170  -3.9538E-01
   18.180  -8.7427E-01
   18.190  -1.4005E+00
   18.200  -1.8283E+00
   18.210  -1.9841E+00
   18.220  -1.8062E+00
   18.230  -1.3400E+00
   18.240  -7.0853E-01
   18.250  -7.3924E-02
   18.260   4.0012E-01
   18.270   6.0631E-01
   18.280   5.5363E-01
   18.290   3.4799E-01
   18.300   8.7254E-02
   18.310  -2.0173E-01
   18.320  -5.1870E-01
   18.330  -8.7085E-01
   18.340  -1.2641E+00
   18.350  -1.6627E+00
   18.360  -1.9634E+00
   18.370  -2.0612E+00
   18.380  -1.9415E+00
   18.390  -1.6783E+00
   18.400  -1.3778E+00
   18.410  -1.1464E+00
   18.420  -1.0425E+00
   18.430  -1.0751E+00
   18.440  -1.2293E+00
   18.450  -1.4461E+00
   18.460  -1.6619E+00
   18.470  -1.8471E+00
   18.480  -2.0218E+00
   18.490  -2.1902E+00
   18.500  -2.3188E+00
   18.510  -2.3780E+00
   18.520  -2.3519E+00
   18.530  -2.2117E+00
   18.540  -1.8873E+00
   18.550  -1.3399E+00
   18.560  -6.2406E-01
   18.570   1.1551E-01
   18.580   7.1500E-01
   18.590   1.0718E+00
   18.600   1.2061E+00
   18.610   1.2375E+00
   18.620   1.2570E+00
   18.630   1.3055E+00
   18.640   1.3933E+00
   18.650   1.4977E+00
   18.660   1.5560E+00
   18.670   1.5352E+00
   18.680   1.4704E+00
   18.690   1.4129E+00
   18.700   1.3908E+00
   18.710   1.4122E+00
   18.720   1.4672E+00
   18.730   1.5096E+00
   18.740   1.4623E+00
   18.750   1.2756E+00
   18.760   9.7514E-01
   18.770   6.2799E-01
   18.780   2.6040E-01
   18.790  -1.7717E-01
   18.800  -7.6343E-01
   18.810  -1.5237E+00
   18.820  -2.3737E+00
   18.830  -3.1312E+00
   18.840  -3.6081E+00
   18.850  -3.7335E+00
   18.860  -3.6042E+00
   18.870  -3.4098E+00
   18.880  -3.3118E+00
   18.890  -3.3842E+00
   18.900  -3.6309E+00
   18.910  -4.0107E+00
   18.920  -4.4495E+00
   18.930  -4.8679E+00
   18.940  -5.2219E+00
   18.950  -5.5045E+00
   18.960  -5.7012E+00
   18.970  -5.7603E+00
   18.980  -5.6290E+00
   18.990  -5.3224E+00
   19.000  -4.9559E+00
   19.010  -4.6907E+00
   19.020  -4.6205E+00
   19.030  -4.6891E+00
   19.040  -4.7341E+00
   19.050  -4.6355E+00
   19.060  -4.4216E+00
   19.070  -4.2115E+00
   19.080  -4.0744E+00
   19.090  -3.9751E+00
   19.100  -3.8544E+00
   19.110  -3.7072E+00
   19.120  -3.5584E+00
   19.130  -3.3974E+00
   19.140  -3.1814E+00
   19.150  -2.8979E+00
   19.160  -2.5989E+00
   19.170  -2.3745E+00
   19.180  -2.3071E+00
   19.190  -2.4338E+00
   19.200  -2.7137E+00
   19.210  -3.0208E+00
   19.220  -3.2001E+00
   19.230  -3.1639E+00
   19.240  -2.9415E+00
   19.250  -2.6389E+00
   19.260  -2.3617E+00
   19.270  -2.1768E+00
   19.280  -2.1117E+00
   19.290  -2.1446E+00
   19.300  -2.1872E+00
   19.310  -2.1146E+00
   19.320  -1.8541E+00
   19.330  -1.4466E+00
   19.340  -1.0057E+00
   19.350  -6.1151E-01
   19.360  -2.5986E-01
   19.370   8.2937E-02
   19.380   3.8904E-01
   19.390   5.4582E-01
   19.400   4.2755E-01
   19.410   3.3528E-03
   19.420  -6.0506E-01
   19.430  -1.1670E+00
   19.440  -1.4682E+00
   19.450  -1.4241E+00
   19.460  -1.0987E+00
   19.470  -6.3501E-01
   19.480  -1.7760E-01
   19.490   1.7349E-01
   19.500   3.9847E-01
   19.510   5.7599E-01
   19.520   8.2902E-01
   19.530   1.2134E+00
   19.540   1.6682E+00
   19.550   2.0951E+00
   19.560   2.4609E+00
   19.570   2.7872E+00
   19.580   3.0670E+00
   19.590   3.2487E+00
   19.600   3.3073E+00
   19.610   3.2770E+00
   19.620   3.1967E+00
   19.630   3.0696E+00
   19.640   2.9050E+00
   19.650   2.7597E+00
   19.660   2.6904E+00
   19.670   2.6836E+00
   19.680   2.6693E+00
   19.690   2.5933E+00
   19.700   2.4342E+00
   19.710   2.1573E+00
   19.720   1.7101E+00
   19.730   1.0918E+00
   19.740   3.9684E-01
   19.750  -2.5488E-01
   19.760  -8.3198E-01
   19.770  -1.4136E+00
   19.780  -2.0937E+00
   19.790  -2.8746E+00
   19.800  -3.6526E+00
   19.810  -4.2844E+00
   19.820  -4.6557E+00
   19.830  -4.7108E+00
   19.840  -4.4645E+00
   19.850  -4.0136E+00
   19.860  -3.5254E+00
   19.870  -3.1671E+00
   19.880  -3.0120E+00
   19.890  -2.9989E+00
   19.900  -2.9923E+00
   19.910  -2.8909E+00
   19.920  -2.6802E+00
   19.930  -2.3868E+00
   19.940  -2.0055E+00
   19.950  -1.5018E+00
   19.960  -8.8374E-01
   19.970  -2.3648E-01
   19.980   3.4327E-01
   19.990   8.3010E-01
   20.000   1.2571E+00
   20.010   1.6368E+00
   20.020   1.9415E+00
   20.030   2.1653E+00
   20.040   2.3530E+00
   20.050   2.5394E+00
   20.060   2.6976E+00
   20.070   2.7868E+00
   20.080   2.8170E+00
   20.090   2.8213E+00
   20.100   2.7855E+00
   20.110   2.6686E+00
   20.120   2.4930E+00
   20.130   2.3568E+00
   20.140   2.3371E+00
   20.150   2.4229E+00
   20.160   2.5550E+00
   20.170   2.6844E+00
   20.180   2.7637E+00
   20.190   2.7351E+00
   20.200   2.5870E+00
   20.210   2.4059E+00
   20.220   2.3137E+00
   20.230   2.3382E+00
   20.240   2.3695E+00
   20.250   2.2538E+00
   20.260   1.9201E+00
   20.270   1.4252E+00
   20.280   9.0680E-01
   20.290   5.0299E-01
   20.300   2.9465E-01
   20.310   2.9563E-01
   20.320   4.6771E-01
   20.330   7.2098E-01
   20.340   9.1091E-01
   20.350   8.9660E-01
   20.360   6.5469E-01
   20.370   3.1833E-01
   20.380   4.5722E-02
   20.390  -1.5415E-01
   20.400  -4.1522E-01
   20.410  -8.1563E-01
   20.420  -1.2388E+00
   20.430  -1.4744E+00
   20.440  -1.4228E+00
   20.450  -1.1483E+00
   20.460  -7.5593E-01
   20.470  -2.9677E-01
   20.480   1.9084E-01
   20.490   6.2519E-01
   20.500   9.3500E-01
   20.510   1.1435E+00
   20.520   1.3367E+00
   20.530   1.5513E+00
   20.540   1.7404E+00
   20.550   1.8488E+00
   20.560   1.8641E+00
   20.570   1.7791E+00
   20.580   1.5676E+00
   20.590   1.2467E+00
   20.600   9.1703E-01
   20.610   6.7588E-01
   20.620   5.0223E-01
   20.630   2.9565E-01
   20.640   3.6854E-02
   20.650  -1.4707E-01
   20.660  -1.0472E-01
   20.670   1.8817E-01
   20.680   6.1447E-01
   20.690   1.0116E+00
   20.700   1.2525E+00
   20.710   1.2818E+00
   20.720   1.1419E+00
   20.730   9.7099E-01
   20.740   9.2163E-01
   20.750   1.0335E+00
   20.760   1.1776E+00
   20.770   1.1430E+00
   20.780   8.0543E-01
   20.790   2.3193E-01
   20.800  -3.8388E-01
   20.810  -9.1072E-01
   20.820  -1.4031E+00
   20.830  -2.0157E+00
   20.840  -2.8036E+00
   20.850  -3.6536E+00
   20.860  -4.4188E+00
   20.870  -5.0537E+00
   20.880  -5.5688E+00
   20.890  -5.9054E+00
   20.900  -5.9419E+00
   20.910  -5.6184E+00
   20.920  -4.9836E+00
   20.930  -4.1129E+00
   20.940  -3.0545E+00
   20.950  -1.8813E+00
   20.960  -7.2188E-01
   20.970  -5.2272E-02
   20.980   7.2546E-01
   20.990   1.5010E+00
   21.000   2.9867E+00
   21.010   3.3837E+00
   21.020   3.5995E+00
   21.030   3.6918E+00
   21.040   3.7294E+00
   21.050   3.7143E+00
   21.060   3.6047E+00
   21.070   3.3862E+00
   21.080   3.1270E+00
   21.090   2.8283E+00
   21.100   2.5233E+00
   21.110   2.2377E+00
   21.120   1.9686E+00
   21.130   1.6862E+00
   21.140   1.3745E+00
   21.150   1.0720E+00
   21.160   8.3672E-01
   21.170   6.6519E-01
   21.180   4.7248E-01
   21.190   1.7283E-01
   21.200  -2.4037E-01
   21.210  -1.3036E+00
   21.220  -1.7648E+00
   21.230  -2.2511E+00
   21.240  -2.7054E+00
   21.250  -3.0408E+00
   21.260  -3.1523E+00
   21.270  -2.9415E+00
   21.280  -2.3657E+00
   21.290  -1.5026E+00
   21.300  -5.6213E-01
   21.310   2.1881E-01
   21.320   7.1998E-01
   21.330  -3.8418E-01
   21.340  -1.3469E-01
   21.350   1.1851E-01
   21.360   4.4884E-01
   21.370   9.3380E-01
   21.380   1.6131E+00
   21.390   2.4469E+00
   21.400   3.3565E+00
   21.410   4.3010E+00
   21.420   5.2759E+00
   21.430   6.2453E+00
   21.440   7.1198E+00
   21.450   7.8152E+00
   21.460   8.3046E+00
   21.470   8.6003E+00
   21.480   8.7102E+00
   21.490   8.6268E+00
   21.500   8.3385E+00
   21.510   7.8733E+00
   21.520   7.2965E+00
   21.530   6.5340E+00
   21.540   5.6737E+00
   21.550   4.7873E+00
   21.560   4.7770E+00
   21.570   4.4600E+00
   21.580   4.0234E+00
   21.590   3.6221E+00
   21.600   3.2512E+00
   21.610   2.8279E+00
   21.620   2.2344E+00
   21.630   1.4536E+00
   21.640   2.7790E-01
   21.650  -2.0715E-01
   21.660  -1.2130E-01
   21.670   2.3740E+00
   21.680   2.8994E+00
   21.690   3.2876E+00
   21.700   3.4518E+00
   21.710   3.3582E+00
   21.720   2.9935E+00
   21.730   2.4135E+00
   21.740   1.7467E+00
   21.750   1.0836E+00
   21.760   3.8087E-01
   21.770  -4.7102E-01
   21.780  -1.4972E+00
   21.790  -2.6062E+00
   21.800  -3.5129E+00
   21.810  -4.8057E+00
   21.820  -4.2616E+00
   21.830  -5.4286E+00
   21.840  -6.3489E+00
   21.850  -7.0125E+00
   21.860  -7.5156E+00
   21.870  -7.9232E+00
   21.880  -8.1417E+00
   21.890  -7.9696E+00
   21.900  -6.5533E+00
   21.910  -5.4611E+00
   21.920  -4.8211E+00
   21.930  -3.8917E+00
   21.940  -3.3648E+00
   21.950  -3.1437E+00
   21.960  -2.9538E+00
   21.970  -2.5117E+00
   21.980  -2.2110E+00
   21.990  -1.1805E+00
   22.000  -3.1501E-01
   22.010   1.1723E-01
   22.020   9.0645E-02
   22.030  -1.6241E-01
   22.040  -3.0954E-01
   22.050  -1.1577E-01
   22.060   4.6651E-01
   22.070   1.3571E+00
   22.080   2.4563E+00
   22.090   3.8786E+00
   22.100   5.1222E+00
   22.110   5.9726E+00
   22.120   6.0489E+00
   22.130   6.7669E+00
   22.140   7.4419E+00
   22.150   7.6347E+00
   22.160   7.9055E+00
   22.170   7.7521E+00
   22.180   7.1652E+00
   22.190   6.2131E+00
   22.200   4.9618E+00
   22.210   3.5105E+00
   22.220   1.9553E+00
   22.230   7.5477E-01
   22.240  -4.1556E-02
   22.250  -4.4265E-01
   22.260  -5.6063E-01
   22.270  -5.2002E-01
   22.280  -4.2647E-01
   22.290  -3.6311E-01
   22.300  -3.6643E-01
   22.310  -1.4762E+00
   22.320  -1.4382E+00
   22.330  -1.3763E+00
   22.340  -3.6554E-02
   22.350  -2.0853E-01
   22.360  -3.5844E-01
   22.370  -3.3345E-01
   22.380   4.5063E-02
   22.390   8.5785E-01
   22.400   1.9743E+00
   22.410   3.0852E+00
   22.420   3.9014E+00
   22.430   5.6487E+00
   22.440   6.0956E+00
   22.450   6.3343E+00
   22.460   6.5229E+00
   22.470   6.5700E+00
   22.480   6.3349E+00
   22.490   5.6761E+00
   22.500   3.1028E+00
   22.510   1.6265E+00
   22.520  -5.6608E-02
   22.530  -1.5865E+00
   22.540  -3.9921E+00
   22.550  -4.7227E+00
   22.560  -5.2231E+00
   22.570  -5.6335E+00
   22.580  -5.9766E+00
   22.590  -6.1991E+00
   22.600  -6.2502E+00
   22.610  -6.1279E+00
   22.620  -6.0143E+00
   22.630  -5.8572E+00
   22.640  -5.7383E+00
   22.650  -5.9513E+00
   22.660  -6.2534E+00
   22.670  -6.3997E+00
   22.680  -6.4299E+00
   22.690  -6.2537E+00
   22.700  -4.5934E+00
   22.710  -3.7763E+00
   22.720  -3.5197E+00
   22.730  -3.0247E+00
   22.740  -3.6899E+00
   22.750  -2.4630E+00
   22.760  -9.2224E-01
   22.770   8.1771E-01
   22.780   3.0373E+00
   22.790   4.8064E+00
   22.800   6.4353E+00
   22.810   7.3796E+00
   22.820   7.9539E+00
   22.830   8.2399E+00
   22.840   8.3381E+00
   22.850   7.9989E+00
   22.860   7.4538E+00
   22.870   7.1339E+00
   22.880   6.3591E+00
   22.890   6.2291E+00
   22.900   6.2557E+00
   22.910   6.4334E+00
   22.920   6.6805E+00
   22.930   6.8484E+00
   22.940   6.7818E+00
   22.950   6.3830E+00
   22.960   5.9020E+00
   22.970   4.8337E+00
   22.980   3.4969E+00
   22.990   2.0011E+00
   23.000   4.9123E-01
   23.010   4.3747E+00
   23.020   3.3505E+00
   23.030   2.8400E+00
   23.040   2.5781E+00
   23.050   2.4700E+00
   23.060   2.2475E+00
   23.070   4.2012E+00
   23.080   4.1657E+00
   23.090   4.0960E+00
   23.100   3.1463E+00
   23.110   2.4615E+00
   23.120   2.6580E-01
   23.130   3.4538E-01
   23.140   2.7440E-01
   23.150   4.3179E-01
   23.160   4.2913E-01
   23.170  -4.2482E-01
   23.180   5.8012E-01
   23.190   4.3361E-01
   23.200   2.5975E-01
   23.210   2.1038E-01
   23.220   2.0018E-01
   23.230   3.2768E-01
   23.240   1.3962E-01
   23.250  -1.3133E-01
   23.260  -3.5848E-01
   23.270  -4.1016E-01
   23.280  -2.3689E-01
   23.290   1.1903E+00
   23.300   1.9444E+00
   23.310   2.1179E+00
   23.320   2.2961E+00
   23.330   2.3343E+00
   23.340   2.2566E+00
   23.350   2.0877E+00
   23.360   1.8451E+00
   23.370   1.5632E+00
   23.380   1.3553E+00
   23.390   1.3561E+00
   23.400   1.0342E+00
   23.410   7.7419E-01
   23.420   6.8775E-01
   23.430   5.9165E-01
   23.440   5.1757E-01
   23.450   2.7632E+00
   23.460   2.9482E+00
   23.470   3.1307E+00
   23.480   1.3540E+00
   23.490   6.9540E-01
   23.500  -3.2319E-01
   23.510  -8.0597E-01
   23.520  -1.4464E+00
   23.530  -2.6108E+00
   23.540  -3.6466E+00
   23.550  -4.4901E+00
   23.560  -5.1063E+00
   23.570  -5.5391E+00
   23.580  -5.6842E+00
   23.590  -5.7225E+00
   23.600  -5.3286E+00
   23.610  -3.3392E+00
   23.620  -2.7511E+00
   23.630  -2.1993E+00
   23.640  -1.8068E+00
   23.650  -1.5998E+00
   23.660  -1.5372E+00
   23.670  -1.5269E+00
   23.680  -1.4992E+00
   23.690  -1.4551E+00
   23.700  -1.4183E+00
   23.710  -1.4691E+00
   23.720  -2.2504E+00
   23.730  -2.3180E+00
   23.740  -2.2146E+00
   23.750  -1.8359E+00
   23.760  -1.2099E+00
   23.770   7.3189E-01
   23.780   1.4961E+00
   23.790   2.1319E+00
   23.800   2.6051E+00
   23.810   2.9688E+00
   23.820   3.2612E+00
   23.830   3.3673E+00
   23.840   3.6094E+00
   23.850   3.6872E+00
   23.860   3.5824E+00
   23.870   3.1292E+00
   23.880   2.5232E+00
   23.890   1.9689E+00
   23.900   1.6190E+00
   23.910   1.4078E+00
   23.920   1.2368E+00
   23.930   9.5976E-01
   23.940   4.5565E-01
   23.950  -3.1266E-01
   23.960  -1.2719E+00
   23.970  -2.2632E+00
   23.980  -3.1185E+00
   23.990  -3.7503E+00
   24.000  -4.1903E+00
   24.010  -4.5430E+00
   24.020  -4.8936E+00
   24.030  -5.2485E+00
   24.040  -5.5482E+00
   24.050  -5.7112E+00
   24.060  -5.6953E+00
   24.070  -5.5066E+00
   24.080  -5.1889E+00
   24.090  -4.8206E+00
   24.100  -4.7081E+00
   24.110  -4.4105E+00
   24.120  -2.9800E+00
   24.130  -2.7440E+00
   24.140  -2.3702E+00
   24.150  -1.9125E+00
   24.160  -1.5277E+00
   24.170  -1.1795E+00
   24.180  -4.5799E-01
   24.190  -2.4990E-01
   24.200  -2.1058E-01
   24.210  -3.2711E-01
   24.220   1.0706E+00
   24.230   1.0786E+00
   24.240   1.1963E+00
   24.250   1.4284E+00
   24.260   1.7332E+00
   24.270   2.0557E+00
   24.280   2.3576E+00
   24.290   2.6180E+00
   24.300   2.8576E+00
   24.310   2.7510E+00
   24.320   2.8858E+00
   24.330   1.9165E+00
   24.340   2.0032E+00
   24.350   2.4815E+00
   24.360   2.3713E+00
   24.370   2.2286E+00
   24.380   2.2184E+00
   24.390   1.9843E+00
   24.400   1.6595E+00
   24.410   1.2752E+00
   24.420   8.4738E-01
   24.430   1.6360E-01
   24.440  -7.1829E-01
   24.450  -1.5464E+00
   24.460  -2.3996E+00
   24.470  -3.1922E+00
   24.480  -3.9957E+00
   24.490  -4.6218E+00
   24.500  -5.1818E+00
   24.510  -4.7488E+00
   24.520  -4.9657E+00
   24.530  -5.1808E+00
   24.540  -5.4903E+00
   24.550  -5.7032E+00
   24.560  -5.7231E+00
   24.570  -5.5392E+00
   24.580  -5.2509E+00
   24.590  -4.9847E+00
   24.600  -4.7973E+00
   24.610  -4.5431E+00
   24.620  -4.4422E+00
   24.630  -3.8316E+00
   24.640  -3.6039E+00
   24.650  -3.4394E+00
   24.660  -3.3001E+00
   24.670  -3.8681E+00
   24.680  -3.8689E+00
   24.690  -4.1758E+00
   24.700  -4.2854E+00
   24.710  -4.2626E+00
   24.720  -4.0814E+00
   24.730  -3.7560E+00
   24.740  -3.3745E+00
   24.750  -2.5150E+00
   24.760  -2.1247E+00
   24.770  -1.8186E+00
   24.780  -1.4280E+00
   24.790  -9.7411E-01
   24.800  -3.8060E-01
   24.810   3.0705E-01
   24.820   1.0227E+00
   24.830   1.7066E+00
   24.840   2.3209E+00
   24.850   2.7432E+00
   24.860   3.0662E+00
   24.870   3.2675E+00
   24.880   3.5195E+00
   24.890   2.1024E+00
   24.900   2.4208E+00
   24.910   2.7356E+00
   24.920   6.5225E-01
   24.930   5.1600E-01
   24.940   2.7506E-01
   24.950   5.1760E-02
   24.960  -1.4918E-01
   24.970   6.8204E-01
   24.980   9.3908E-01
   24.990   1.2057E+00
   25.000   1.4628E+00
   25.010   1.7149E+00
   25.020   1.8567E+00
   25.030   2.1664E+00
   25.040   2.5039E+00
   25.050   3.0262E+00
   25.060   3.2733E+00
   25.070   3.3335E+00
   25.080   3.2963E+00
   25.090   3.1830E+00
   25.100   3.0067E+00
   25.110   2.8509E+00
   25.120   2.5849E+00
   25.130   2.2426E+00
   25.140   1.7910E+00
   25.150   1.0914E+00
   25.160   5.3521E-01
   25.170  -5.8484E-03
   25.180  -4.8293E-01
   25.190  -8.9196E-01
   25.200  -1.2607E+00
   25.210  -1.6170E+00
   25.220  -1.9766E+00
   25.230  -2.3144E+00
   25.240  -2.5873E+00
   25.250  -2.6814E+00
   25.260  -2.8818E+00
   25.270  -3.0631E+00
   25.280  -3.2518E+00
   25.290  -3.4454E+00
   25.300  -3.0206E+00
   25.310  -2.9061E+00
   25.320  -2.9989E+00
   25.330  -2.9264E+00
   25.340  -2.4419E+00
   25.350  -2.2270E+00
   25.360  -1.8957E+00
   25.370  -1.5079E+00
   25.380  -1.1454E+00
   25.390  -9.4403E-01
   25.400  -7.7020E-01
   25.410  -6.8362E-01
   25.420  -7.4668E-01
   25.430  -1.9987E+00
   25.440  -1.7899E+00
   25.450  -1.6518E+00
   25.460  -1.4952E+00
   25.470  -1.2718E+00
   25.480  -9.6628E-01
   25.490  -5.1909E-01
   25.500   6.6797E-02
   25.510   7.3973E-01
   25.520   1.4176E+00
   25.530   2.2638E+00
   25.540   3.1541E+00
   25.550   3.5665E+00
   25.560   2.7296E+00
   25.570   2.9259E+00
   25.580   3.0127E+00
   25.590   3.1968E+00
   25.600   3.3542E+00
   25.610   3.4291E+00
   25.620   3.3780E+00
   25.630   3.1955E+00
   25.640   2.9620E+00
   25.650   2.5743E+00
   25.660   2.1552E+00
   25.670   1.7567E+00
   25.680   1.4318E+00
   25.690   1.2147E+00
   25.700   1.1074E+00
   25.710   1.0819E+00
   25.720   1.0948E+00
   25.730   1.0929E+00
   25.740   1.0570E+00
   25.750   9.5018E-01
   25.760  -2.7348E-01
   25.770  -3.8091E-01
   25.780  -5.7334E-01
   25.790  -1.0479E+00
   25.800  -1.2476E+00
   25.810  -1.4084E+00
   25.820  -1.4606E+00
   25.830  -1.3912E+00
   25.840  -1.4456E+00
   25.850  -1.1538E+00
   25.860  -8.0617E-01
   25.870  -4.1624E-01
   25.880   6.5218E-03
   25.890   6.1699E-02
   25.900   5.1164E-01
   25.910   9.2003E-01
   25.920   1.2673E+00
   25.930   1.5193E+00
   25.940   1.5715E+00
   25.950   1.6602E+00
   25.960   1.7227E+00
   25.970   1.8018E+00
   25.980   1.9179E+00
   25.990   2.1467E+00
   26.000   2.2109E+00
   26.010   2.3808E+00
   26.020   2.4936E+00
   26.030   2.6625E+00
   26.040   2.9461E+00
   26.050   3.1957E+00
   26.060   3.3601E+00
   26.070   3.4313E+00
   26.080   3.3629E+00
   26.090   3.3352E+00
   26.100   3.2433E+00
   26.110   3.1093E+00
   26.120   2.9499E+00
   26.130   2.7713E+00
   26.140   2.5699E+00
   26.150   2.3376E+00
   26.160   2.0314E+00
   26.170   1.7768E+00
   26.180   1.5738E+00
   26.190   1.4413E+00
   26.200   1.3519E+00
   26.210   1.2514E+00
   26.220   1.1004E+00
   26.230   8.9286E-01
   26.240   4.7319E-01
   26.250   1.6005E-01
   26.260  -1.9527E-01
   26.270  -5.9294E-01
   26.280  -1.0239E+00
   26.290  -1.2732E+00
   26.300  -1.5848E+00
   26.310  -1.8845E+00
   26.320  -2.0552E+00
   26.330  -2.0910E+00
   26.340  -2.0140E+00
   26.350  -1.8610E+00
   26.360  -1.6777E+00
   26.370  -1.5518E+00
   26.380  -1.4151E+00
   26.390  -1.3253E+00
   26.400  -1.2571E+00
   26.410  -1.1796E+00
   26.420  -1.3648E+00
   26.430  -1.1172E+00
   26.440  -9.7363E-01
   26.450  -8.2887E-01
   26.460  -6.6437E-01
   26.470  -4.7480E-01
   26.480  -2.6537E-01
   26.490  -5.7311E-02
   26.500   1.2554E-01
   26.510   6.7831E-01
   26.520   6.7738E-01
   26.530   6.6473E-01
   26.540   6.3386E-01
   26.550   9.5615E-01
   26.560   8.9909E-01
   26.570   8.5549E-01
   26.580   8.3029E-01
   26.590   8.3866E-01
   26.600   8.6063E-01
   26.610   8.9316E-01
   26.620   8.7822E-01
   26.630   9.3072E-01
   26.640   9.7020E-01
   26.650   9.7802E-01
   26.660   9.5069E-01
   26.670   8.9534E-01
   26.680   8.1558E-01
   26.690   7.1135E-01
   26.700   5.9293E-01
   26.710  -1.8592E-01
   26.720  -2.3146E-01
   26.730  -2.8346E-01
   26.740  -2.7141E-03
   26.750  -1.0491E-01
   26.760  -2.4102E-01
   26.770  -3.8377E-01
   26.780  -5.0899E-01
   26.790  -6.0345E-01
   26.800  -6.5968E-01
   26.810  -8.1962E-01
   26.820  -7.9002E-01
   26.830  -6.9895E-01
   26.840  -2.1831E-01
   26.850  -2.0820E-01
   26.860  -1.8323E-01
   26.870  -1.5277E-01
   26.880  -1.2638E-01
   26.890  -1.3450E-01
   26.900  -1.4046E-01
   26.910  -1.6838E-01
   26.920  -2.1235E-01
   26.930  -2.5784E-01
   26.940  -3.3862E-01
   26.950  -3.5026E-01
   26.960  -3.4380E-01
   26.970  -3.2363E-01
   26.980  -2.9059E-01
   26.990  -2.3940E-01
   27.000  -1.6425E-01
   27.010  -7.0456E-02
   27.020   4.0626E-02
   27.030   1.4963E-01
   27.040   2.4502E-01
   27.050   3.2318E-01
   27.060   3.8991E-01
   27.070   4.5610E-01
   27.080   5.2889E-01
   27.090   5.9168E-01
   27.100   6.6644E-01
   27.110   7.2754E-01
   27.120   7.6965E-01
   27.130   7.9200E-01
   27.140   7.9586E-01
   27.150   7.8395E-01
   27.160   4.1489E-01
   27.170   3.4211E-01
   27.180   2.7090E-01
   27.190   2.0072E-01
   27.200   1.4566E-01
   27.210   9.6679E-02
   27.220   4.8012E-02
   27.230  -2.3867E-02
   27.240  -6.9693E-02
   27.250   8.8619E-02
   27.260   7.7334E-02
   27.270   6.1322E-02
   27.280   2.9024E-02
   27.290  -2.1586E-02
   27.300  -8.0285E-02
   27.310  -1.3292E-01
   27.320  -1.7121E-01
   27.330  -1.9623E-01
   27.340  -2.0691E-01
   27.350  -8.4978E-02
   27.360  -6.5135E-02
   27.370  -3.6067E-02
   27.380  -4.2369E-03
   27.390   2.4178E-02
   27.400   4.8237E-02
   27.410   5.0514E-02
   27.420   4.3338E-02
   27.430   3.0137E-02
   27.440   1.3415E-02
   27.450  -4.4216E-03
   27.460  -1.8677E-02
   27.470  -2.2398E-02
   27.480  -1.0568E-02
   27.490   1.5140E-02
   27.500  -4.1035E-02
   27.510  -1.5931E-02
   27.520   9.8077E-04
   27.530   9.4650E-03
   27.540   1.3616E-02
   27.550   1.8896E-02
   27.560   2.8702E-02
   27.570   4.2595E-02
   27.580   6.9885E-02
   27.590   6.8496E-02
   27.600   6.5494E-02
   27.610   6.2419E-02
   27.620   5.7742E-02
   27.630   4.9614E-02
   27.640   3.8789E-02
   27.650   1.5730E-02
   27.660   7.5819E-03
   27.670   2.9634E-02
   27.680   3.5858E-02
   27.690   5.2189E-02
   27.700   7.2046E-02
   27.710   8.6646E-02
   27.720   9.0243E-02
   27.730   8.1832E-02
   27.740   6.2837E-02
   27.750   3.5310E-02
   27.760   4.1535E-02
   27.770   4.0754E-02
   27.780   3.7798E-02
   27.790   3.2309E-02
   27.800   2.4168E-02
   27.810   1.3638E-02
   27.820   6.5065E-03
   27.830  -5.0277E-03
   27.840  -1.3765E-02
   27.850  -1.8240E-02
   27.860  -1.8871E-02
   27.870  -1.7486E-02
   27.880  -1.5607E-02
   27.890  -1.0094E-02
   27.900  -3.5208E-03
   27.910   4.3938E-03
   27.920   1.3082E-02
   27.930   2.1328E-02
   27.940   2.8112E-02
   27.950   3.3142E-02
   27.960   3.7039E-02
   27.970   4.1190E-02
   27.980   4.6998E-02
   27.990   5.4844E-02
   28.000   6.3674E-02
   28.010   7.1655E-02
   28.020   7.7117E-02
   28.030   7.8780E-02
   28.040   7.5497E-02
   28.050   7.3008E-02
   28.060   6.0649E-02
   28.070   4.5186E-02
   28.080   2.9172E-02
   28.090   1.3812E-02
   28.100  -9.9154E-04
   28.110  -1.4830E-02
   28.120  -2.5425E-02
   28.130  -2.9520E-02
   28.140  -2.5311E-02
   28.150  -1.4128E-02
   28.160  -8.2103E-05
   28.170   1.1650E-02
   28.180   1.6586E-02
   28.190   1.2001E-02
   28.200  -1.2476E-03
   28.210  -2.0119E-02
   28.220  -2.2805E-02
   28.230  -3.8470E-02
   28.240  -5.0208E-02
   28.250  -5.8655E-02
   28.260  -6.5046E-02
   28.270  -6.9981E-02
   28.280  -7.3428E-02
   28.290  -8.4060E-02
   28.300  -8.4845E-02
   28.310  -8.3035E-02
   28.320  -7.7993E-02
   28.330  -6.9637E-02
   28.340  -5.8737E-02
   28.350  -4.6832E-02
   28.360  -3.5959E-02
   28.370  -2.8055E-02
   28.380  -2.4046E-02
   28.390  -2.3259E-02
   28.400  -2.4044E-02
   28.410  -2.2946E-02
   28.420  -2.4246E-02
   28.430  -2.6566E-02
   28.440  -2.9206E-02
   28.450  -3.0349E-02
   28.460  -2.8529E-02
   28.470  -2.3898E-02
   28.480  -1.8132E-02
   28.490  -1.3429E-02
   28.500  -1.1703E-02
   28.510  -1.4140E-02
   28.520  -2.0742E-02
   28.530  -3.0045E-02
   28.540  -3.9759E-02
   28.550  -4.8216E-02
   28.560  -5.2599E-02
   28.570  -5.9206E-02
   28.580  -6.6009E-02
   28.590  -7.2246E-02
   28.600  -9.2145E-03
   28.610  -1.0819E-02
   28.620  -1.1790E-02
   28.630  -1.0868E-02
   28.640  -7.6523E-03
   28.650  -3.0843E-03
   28.660   6.1721E-04
   28.670   9.8808E-04
   28.680  -3.1129E-03
   28.690  -1.0656E-02
   28.700  -1.9129E-02
   28.710  -2.6110E-02
   28.720  -3.0275E-02
   28.730  -3.1306E-02
   28.740  -2.9447E-02
   28.750  -2.5438E-02
   28.760  -2.0461E-02
   28.770  -1.5547E-02
   28.780  -1.0942E-02
   28.790  -6.4267E-03
   28.800  -2.3446E-03
   28.810   1.1168E-04
   28.820  -2.6486E-05
   28.830  -2.4246E-03
   28.840  -5.7998E-03
   28.850  -9.1075E-03
   28.860  -1.1809E-02
   28.870  -1.3062E-02
   28.880  -1.1542E-02
   28.890  -6.7981E-03
   28.900  -5.5646E-04
   28.910   3.9282E-03
   28.920   4.0438E-03
   28.930  -6.6737E-04
   28.940  -8.7655E-03
   28.950  -1.8060E-02
   28.960  -2.6529E-02
   28.970  -3.2928E-02
   28.980  -3.7197E-02
   28.990  -4.0201E-02
   29.000  -4.2653E-02
   29.010  -4.4209E-02
   29.020  -4.3803E-02
   29.030  -4.0843E-02
   29.040  -3.5818E-02
   29.050  -2.9711E-02
   29.060  -2.3090E-02
   29.070  -1.5866E-02
   29.080  -7.7062E-03
   29.090   1.5874E-03
   29.100  -1.1240E-02
   29.110  -9.0375E-03
   29.120  -5.9857E-03
   29.130  -2.8656E-03
   29.140  -2.8646E-04
   29.150   1.4591E-03
   29.160   2.2990E-03
   29.170   2.3731E-03
   29.180   2.0685E-03
   29.190   1.8555E-03
   29.200   2.0028E-03
   29.210   2.4674E-03
   29.220   2.9690E-03
   29.230   3.0348E-03
   29.240   2.0686E-03
   29.250  -3.3235E-04
   29.260  -3.9963E-03
   29.270  -8.2412E-03
   29.280  -1.2381E-02
   29.290  -1.6006E-02
   29.300  -1.8696E-02
   29.310  -1.9753E-02
   29.320  -1.8568E-02
   29.330  -1.5258E-02
   29.340  -1.0709E-02
   29.350  -5.9680E-03
   29.360  -1.7585E-03
   29.370   1.4410E-03
   29.380   3.1697E-03
   29.390   3.1061E-03
   29.400   1.3764E-03
   29.410   6.1342E-03
   29.420   5.4201E-03
   29.430   4.9030E-03
   29.440   4.1141E-03
   29.450   3.3165E-03
   29.460   2.6996E-03
   29.470   2.3811E-03
   29.480   2.4797E-03
   29.490   3.1233E-03
   29.500   4.3333E-03
   29.510   5.9125E-03
   29.520   7.4882E-03
   29.530   8.6979E-03
   29.540   9.3578E-03
   29.550   9.4957E-03
   29.560   9.2694E-03
   29.570   8.8560E-03
   29.580   8.3730E-03
   29.590   7.8598E-03
   29.600   7.3233E-03
   29.610   6.7992E-03
   29.620   6.3520E-03
   29.630   6.0045E-03
   29.640   5.6951E-03
   29.650   5.3449E-03
   29.660   4.9683E-03
   29.670   4.6819E-03
   29.680   4.5833E-03
   29.690   4.6379E-03
   29.700   4.6931E-03
   29.710   4.5815E-03
   29.720   4.2079E-03
   29.730   3.5848E-03
   29.740   2.8326E-03
   29.750   2.1202E-03
   29.760   1.5375E-03
   29.770   1.0066E-03
   29.780   3.5707E-04
   29.790  -4.8391E-04
   29.800  -1.3907E-03
   29.810  -2.1326E-03
   29.820  -2.5472E-03
   29.830  -2.6270E-03
   29.840  -2.4921E-03
   29.850  -2.3170E-03
   29.860  -2.2467E-03
   29.870  -2.3102E-03
   29.880  -2.3885E-03
   29.890  -2.3024E-03
   29.900  -1.9880E-03
   29.910  -1.6269E-03
   29.920  -1.6069E-03
   29.930  -2.3001E-03
   29.940  -3.7858E-03
   29.950  -5.7355E-03
   29.960  -7.5811E-03
   29.970  -8.8463E-03
   29.980  -2.3585E-03
   29.990  -2.2619E-03
   30.000  -1.9312E-03
   30.010  -1.4811E-03
   30.020  -1.0239E-03
   30.030  -6.4674E-04
   30.040  -3.2674E-04
   30.050   8.2926E-05
   30.060   7.4138E-04
   30.070   1.7022E-03
   30.080   2.9113E-03
   30.090   4.2767E-03
   30.100   5.6893E-03
   30.110   6.9883E-03
   30.120   7.9747E-03
   30.130   8.5081E-03
   30.140   8.5826E-03
   30.150   8.2828E-03
   30.160   7.6717E-03
   30.170   6.7544E-03
   30.180   5.5561E-03
   30.190   4.1920E-03
   30.200   2.8214E-03
   30.210   1.5479E-03
   30.220   4.0619E-04
   30.230  -5.6268E-04
   30.240  -1.2992E-03
   30.250  -1.8393E-03
   30.260  -2.3906E-03
   30.270  -3.2026E-03
   30.280  -4.3332E-03
   30.290  -5.5844E-03
   30.300  -6.6871E-03
   30.310  -7.5081E-03
   30.320  -8.0526E-03
   30.330  -8.3192E-03
   30.340  -8.2217E-03
   30.350  -7.6599E-03
   30.360  -6.6296E-03
   30.370  -5.2599E-03
   30.380  -3.7819E-03
   30.390  -2.4699E-03
   30.400  -1.5618E-03
   30.410  -1.1663E-03
   30.420  -1.2172E-03
   30.430  -1.5289E-03
   30.440  -1.9148E-03
   30.450  -2.2614E-03
   30.460  -2.4951E-03
   30.470  -2.5017E-03
   30.480  -2.1142E-03
   30.490  -1.2135E-03
   30.500   0.0000E+00
   30.510   0.0000E+00
   30.520   0.0000E+00
   30.530   0.0000E+00
   30.540   0.0000E+00
   30.550   0.0000E+00
   30.560   0.0000E+00
   30.570   0.0000E+00
   30.580   0.0000E+00
   30.590   0.0000E+00
   30.600   0.0000E+00
   30.610   0.0000E+00
   30.620   0.0000E+00
   30.630   0.0000E+00
   30.640   0.0000E+00
   30.650   0.0000E+00
   30.660   0.0000E+00
   30.670   0.0000E+00
   30.680   0.0000E+00
   30.690   0.0000E+00
   30.700   0.0000E+00
   30.710   0.0000E+00
   30.720   0.0000E+00
   30.730   0.0000E+00
   30.740   0.0000E+00
   30.750   0.0000E+00
   30.760   0.0000E+00
   30.770   0.0000E+00
   30.780   0.0000E+00
   30.790   0.0000E+00
   30.800   0.0000E+00
   30.810   0.0000E+00
   30.820   0.0000E+00
   30.830   0.0000E+00
   30.840   0.0000E+00
   30.850   0.0000E+00
   30.860   0.0000E+00
   30.870   0.0000E+00
   30.880   0.0000E+00
   30.890   0.0000E+00
   30.900   0.0000E+00
   30.910   0.0000E+00
   30.920   0.0000E+00
   30.930   0.0000E+00
   30.940   0.0000E+00
   30.950   0.0000E+00
   30.960   0.0000E+00
   30.970   0.0000E+00
   30.980   0.0000E+00
   30.990   0.0000E+00
   31.000   0.0000E+00
   31.010   0.0000E+00
   31.020   0.0000E+00
   31.030   0.0000E+00
   31.040   0.0000E+00
   31.050   0.0000E+00
   31.060   0.0000E+00
   31.070   0.0000E+00
   31.080   0.0000E+00
   31.090   0.0000E+00
   31.100   0.0000E+00
   31.110   0.0000E+00
   31.120   0.0000E+00
   31.130   0.0000E+00
   31.140   0.0000E+00
   31.150   0.0000E+00
   31.160   0.0000E+00
   31.170   0.0000E+00
   31.180   0.0000E+00
   31.190   0.0000E+00
   31.200   0.0000E+00
   31.210   0.0000E+00
   31.220   0.0000E+00
   31.230   0.0000E+00
   31.240   0.0000E+00
   31.250   0.0000E+00
   31.260   0.0000E+00
   31.270   0.0000E+00
   31.280   0.0000E+00
   31.290   0.0000E+00
   31.300   0.0000E+00
   31.310   0.0000E+00
   31.320   0.0000E+00
   31.330   0.0000E+00
   31.340   0.0000E+00
   31.350   0.0000E+00
   31.360   0.0000E+00
   31.370   0.0000E+00
   31.380   0.0000E+00
   31.390   0.0000E+00
   31.400   0.0000E+00
   31.410   0.0000E+00
   31.420   0.0000E+00
   31.430   0.0000E+00
   31.440   0.0000E+00
   31.450   0.0000E+00
   31.460   0.0000E+00
   31.470   0.0000E+00
   31.480   0.0000E+00
   31.490   0.0000E+00
   31.500   0.0000E+00
   31.510   0.0000E+00
   31.520   0.0000E+00
   31.530   0.0000E+00
   31.540   0.0000E+00
   31.550   0.0000E+00
   31.560   0.0000E+00
   31.570   0.0000E+00
   31.580   0.0000E+00
   31.590   0.0000E+00
   31.600   0.0000E+00
   31.610   0.0000E+00
   31.620   0.0000E+00
   31.630   0.0000E+00
   31.640   0.0000E+00
   31.650   0.0000E+00
   31.660   0.0000E+00
   31.670   0.0000E+00
   31.680   0.0000E+00
   31.690   0.0000E+00
   31.700   0.0000E+00
   31.710   0.0000E+00
   31.720   0.0000E+00
   31.730   0.0000E+00
   31.740   0.0000E+00
   31.750   0.0000E+00
   31.760   0.0000E+00
   31.770   0.0000E+00
   31.780   0.0000E+00
   31.790   0.0000E+00
   31.800   0.0000E+00
   31.810   0.0000E+00
   31.820   0.0000E+00
   31.830   0.0000E+00
   31.840   0.0000E+00
   31.850   0.0000E+00
   31.860   0.0000E+00
   31.870   0.0000E+00
   31.880   0.0000E+00
   31.890   0.0000E+00
   31.900   0.0000E+00
   31.910   0.0000E+00
   31.920   0.0000E+00
   31.930   0.0000E+00
   31.940   0.0000E+00
   31.950   0.0000E+00
   31.960   0.0000E+00
   31.970   0.0000E+00
   31.980   0.0000E+00
   31.990   0.0000E+00
   32.000   0.0000E+00
   32.010   0.0000E+00
   32.020   0.0000E+00
   32.030   0.0000E+00
   32.040   0.0000E+00
   32.050   0.0000E+00
   32.060   0.0000E+00
   32.070   0.0000E+00
   32.080   0.0000E+00
   32.090   0.0000E+00
   32.100   0.0000E+00
   32.110   0.0000E+00
   32.120   0.0000E+00
   32.130   0.0000E+00
   32.140   0.0000E+00
   32.150   0.0000E+00
   32.160   0.0000E+00
   32.170   0.0000E+00
   32.180   0.0000E+00
   32.190   0.0000E+00
   32.200   0.0000E+00
   32.210   0.0000E+00
   32.220   0.0000E+00
   32.230   0.0000E+00
   32.240   0.0000E+00
   32.250   0.0000E+00
   32.260   0.0000E+00
   32.270   0.0000E+00
   32.280   0.0000E+00
   32.290   0.0000E+00
   32.300   0.0000E+00
   32.310   0.0000E+00
   32.320   0.0000E+00
   32.330   0.0000E+00
   32.340   0.0000E+00
   32.350   0.0000E+00
   32.360   0.0000E+00
   32.370   0.0000E+00
   32.380   0.0000E+00
   32.390   0.0000E+00
   32.400   0.0000E+00
   32.410   0.0000E+00
   32.420   0.0000E+00
   32.430   0.0000E+00
   32.440   0.0000E+00
   32.450   0.0000E+00
   32.460   0.0000E+00
   32.470   0.0000E+00
   32.480   0.0000E+00
   32.490   0.0000E+00
   32.500   0.0000E+00
   32.510   0.0000E+00
   32.520   0.0000E+00
   32.530   0.0000E+00
   32.540   0.0000E+00
   32.550   0.0000E+00
   32.560   0.0000E+00
   32.570   0.0000E+00
   32.580   0.0000E+00
   32.590   0.0000E+00
   32.600   0.0000E+00
   32.610   0.0000E+00
   32.620   0.0000E+00
   32.630   0.0000E+00
   32.640   0.0000E+00
   32.650   0.0000E+00
   32.660   0.0000E+00
   32.670   0.0000E+00
   32.680   0.0000E+00
   32.690   0.0000E+00
   32.700   0.0000E+00
   32.710   0.0000E+00
   32.720   0.0000E+00
   32.730   0.0000E+00
   32.740   0.0000E+00
   32.750   0.0000E+00
   32.760   0.0000E+00
   32.770   0.0000E+00
   32.780   0.0000E+00
   32.790   0.0000E+00
   32.800   0.0000E+00
   32.810   0.0000E+00
   32.820   0.0000E+00
   32.830   0.0000E+00
   32.840   0.0000E+00
   32.850   0.0000E+00
   32.860   0.0000E+00
   32.870   0.0000E+00
   32.880   0.0000E+00
   32.890   0.0000E+00
   32.900   0.0000E+00
   32.910   0.0000E+00
   32.920   0.0000E+00
   32.930   0.0000E+00
   32.940   0.0000E+00
   32.950   0.0000E+00
   32.960   0.0000E+00
   32.970   0.0000E+00
   32.980   0.0000E+00
   32.990   0.0000E+00
   33.000   0.0000E+00
   33.010   0.0000E+00
   33.020   0.0000E+00
   33.030   0.0000E+00
   33.040   0.0000E+00
   33.050   0.0000E+00
   33.060   0.0000E+00
   33.070   0.0000E+00
   33.080   0.0000E+00
   33.090   0.0000E+00
   33.100   0.0000E+00
   33.110   0.0000E+00
   33.120   0.0000E+00
   33.130   0.0000E+00
   33.140   0.0000E+00
   33.150   0.0000E+00
   33.160   0.0000E+00
   33.170   0.0000E+00
   33.180   0.0000E+00
   33.190   0.0000E+00
   33.200   0.0000E+00
   33.210   0.0000E+00
   33.220   0.0000E+00
   33.230   0.0000E+00
   33.240   0.0000E+00
   33.250   0.0000E+00
   33.260   0.0000E+00
   33.270   0.0000E+00
   33.280   0.0000E+00
   33.290   0.0000E+00
   33.300   0.0000E+00
   33.310   0.0000E+00
   33.320   0.0000E+00
   33.330   0.0000E+00
   33.340   0.0000E+00
   33.350   0.0000E+00
   33.360   0.0000E+00
   33.370   0.0000E+00
   33.380   0.0000E+00
   33.390   0.0000E+00
   33.400   0.0000E+00
   33.410   0.0000E+00
   33.420   0.0000E+00
   33.430   0.0000E+00
   33.440   0.0000E+00
   33.450   0.0000E+00
   33.460   0.0000E+00
   33.470   0.0000E+00
   33.480   0.0000E+00
   33.490   0.0000E+00
   33.500   0.0000E+00
   33.510   0.0000E+00
   33.520   0.0000E+00
   33.530   0.0000E+00
   33.540   0.0000E+00
   33.550   0.0000E+00
   33.560   0.0000E+00
   33.570   0.0000E+00
   33.580   0.0000E+00
   33.590   0.0000E+00
   33.600   0.0000E+00
   33.610   0.0000E+00
   33.620   0.0000E+00
   33.630   0.0000E+00
   33.640   0.0000E+00
   33.650   0.0000E+00
   33.660   0.0000E+00
   33.670   0.0000E+00
   33.680   0.0000E+00
   33.690   0.0000E+00
   33.700   0.0000E+00
   33.710   0.0000E+00
   33.720   0.0000E+00
   33.730   0.0000E+00
   33.740   0.0000E+00
   33.750   0.0000E+00
   33.760   0.0000E+00
   33.770   0.0000E+00
   33.780   0.0000E+00
   33.790   0.0000E+00
   33.800   0.0000E+00
   33.810   0.0000E+00
   33.820   0.0000E+00
   33.830   0.0000E+00
   33.840   0.0000E+00
   33.850   0.0000E+00
   33.860   0.0000E+00
   33.870   0.0000E+00
   33.880   0.0000E+00
   33.890   0.0000E+00
   33.900   0.0000E+00
   33.910   0.0000E+00
   33.920   0.0000E+00
   33.930   0.0000E+00
   33.940   0.0000E+00
   33.950   0.0000E+00
   33.960   0.0000E+00
   33.970   0.0000E+00
   33.980   0.0000E+00
   33.990   0.0000E+00
   34.000   0.0000E+00
   34.010   0.0000E+00
   34.020   0.0000E+00
   34.030   0.0000E+00
   34.040   0.0000E+00
   34.050   0.0000E+00
   34.060   0.0000E+00
   34.070   0.0000E+00
   34.080   0.0000E+00
   34.090   0.0000E+00
   34.100   0.0000E+00
   34.110   0.0000E+00
   34.120   0.0000E+00
   34.130   0.0000E+00
   34.140   0.0000E+00
   34.150   0.0000E+00
   34.160   0.0000E+00
   34.170   0.0000E+00
   34.180   0.0000E+00
   34.190   0.0000E+00
   34.200   0.0000E+00
   34.210   0.0000E+00
   34.220   0.0000E+00
   34.230   0.0000E+00
   34.240   0.0000E+00
   34.250   0.0000E+00
   34.260   0.0000E+00
   34.270   0.0000E+00
   34.280   0.0000E+00
   34.290   0.0000E+00
   34.300   0.0000E+00
   34.310   0.0000E+00
   34.320   0.0000E+00
   34.330   0.0000E+00
   34.340   0.0000E+00
   34.350   0.0000E+00
   34.360   0.0000E+00
   34.370   0.0000E+00
   34.380   0.0000E+00
   34.390   0.0000E+00
   34.400   0.0000E+00
   34.410   0.0000E+00
   34.420   0.0000E+00
   34.430   0.0000E+00
   34.440   0.0000E+00
   34.450   0.0000E+00
   34.460   0.0000E+00
   34.470   0.0000E+00
   34.480   0.0000E+00
   34.490   0.0000E+00
   34.500   0.0000E+00
   34.510   0.0000E+00
   34.520   0.0000E+00
   34.530   0.0000E+00
   34.540   0.0000E+00
   34.550   0.0000E+00
   34.560   0.0000E+00
   34.570   0.0000E+00
   34.580   0.0000E+00
   34.590   0.0000E+00
   34.600   0.0000E+00
   34.610   0.0000E+00
   34.620   0.0000E+00
   34.630   0.0000E+00
   34.640   0.0000E+00
   34.650   0.0000E+00
   34.660   0.0000E+00
   34.670   0.0000E+00
   34.680   0.0000E+00
   34.690   0.0000E+00
   34.700   0.0000E+00
   34.710   0.0000E+00
   34.720   0.0000E+00
   34.730   0.0000E+00
   34.740   0.0000E+00
   34.750   0.0000E+00
   34.760   0.0000E+00
   34.770   0.0000E+00
   34.780   0.0000E+00
   34.790   0.0000E+00
   34.800   0.0000E+00
   34.810   0.0000E+00
   34.820   0.0000E+00
   34.830   0.0000E+00
   34.840   0.0000E+00
   34.850   0.0000E+00
   34.860   0.0000E+00
   34.870   0.0000E+00
   34.880   0.0000E+00
   34.890   0.0000E+00
   34.900   0.0000E+00
   34.910   0.0000E+00
   34.920   0.0000E+00
   34.930   0.0000E+00
   34.940   0.0000E+00
   34.950   0.0000E+00
   34.960   0.0000E+00
   34.970   0.0000E+00
   34.980   0.0000E+00
   34.990   0.0000E+00
   35.000   0.0000E+00
   35.010   0.0000E+00
   35.020   0.0000E+00
   35.030   0.0000E+00
   35.040   0.0000E+00
   35.050   0.0000E+00
   35.060   0.0000E+00
   35.070   0.0000E+00
   35.080   0.0000E+00
   35.090   0.0000E+00
   35.100   0.0000E+00
   35.110   0.0000E+00
   35.120   0.0000E+00
   35.130   0.0000E+00
   35.140   0.0000E+00
   35.150   0.0000E+00
   35.160   0.0000E+00
   35.170   0.0000E+00
   35.180   0.0000E+00
   35.190   0.0000E+00
   35.200   0.0000E+00
   35.210   0.0000E+00
   35.220   0.0000E+00
   35.230   0.0000E+00
   35.240   0.0000E+00
   35.250   0.0000E+00
   35.260   0.0000E+00
   35.270   0.0000E+00
   35.280   0.0000E+00
   35.290   0.0000E+00
   35.300   0.0000E+00
   35.310   0.0000E+00
   35.320   0.0000E+00
   35.330   0.0000E+00
   35.340   0.0000E+00
   35.350   0.0000E+00
   35.360   0.0000E+00
   35.370   0.0000E+00
   35.380   0.0000E+00
   35.390   0.0000E+00
   35.400   0.0000E+00
   35.410   0.0000E+00
   35.420   0.0000E+00
   35.430   0.0000E+00
   35.440   0.0000E+00
   35.450   0.0000E+00
   35.460   0.0000E+00
   35.470   0.0000E+00
   35.480   0.0000E+00
   35.490   0.0000E+00
   35.500   0.0000E+00
   35.510   0.0000E+00
   35.520   0.0000E+00
   35.530   0.0000E+00
   35.540   0.0000E+00
   35.550   0.0000E+00
   35.560   0.0000E+00
   35.570   0.0000E+00
   35.580   0.0000E+00
   35.590   0.0000E+00
   35.600   0.0000E+00
   35.610   0.0000E+00
   35.620   0.0000E+00
   35.630   0.0000E+00
   35.640   0.0000E+00
   35.650   0.0000E+00
   35.660   0.0000E+00
   35.670   0.0000E+00
   35.680   0.0000E+00
   35.690   0.0000E+00
   35.700   0.0000E+00
   35.710   0.0000E+00
   35.720   0.0000E+00
   35.730   0.0000E+00
   35.740   0.0000E+00
   35.750   0.0000E+00
   35.760   0.0000E+00
   35.770   0.0000E+00
   35.780   0.0000E+00
   35.790   0.0000E+00
   35.800   0.0000E+00
   35.810   0.0000E+00
   35.820   0.0000E+00
   35.830   0.0000E+00
   35.840   0.0000E+00
   35.850   0.0000E+00
   35.860   0.0000E+00
   35.870   0.0000E+00
   35.880   0.0000E+00
   35.890   0.0000E+00
   35.900   0.0000E+00
   35.910   0.0000E+00
   35.920   0.0000E+00
   35.930   0.0000E+00
   35.940   0.0000E+00
   35.950   0.0000E+00
   35.960   0.0000E+00
   35.970   0.0000E+00
   35.980   0.0000E+00
   35.990   0.0000E+00
   36.000   0.0000E+00
   36.010   0.0000E+00
   36.020   0.0000E+00
   36.030   0.0000E+00
   36.040   0.0000E+00
   36.050   0.0000E+00
   36.060   0.0000E+00
   36.070   0.0000E+00
   36.080   0.0000E+00
   36.090   0.0000E+00
   36.100   0.0000E+00
   36.110   0.0000E+00
   36.120   0.0000E+00
   36.130   0.0000E+00
   36.140   0.0000E+00
   36.150   0.0000E+00
   36.160   0.0000E+00
   36.170   0.0000E+00
   36.180   0.0000E+00
   36.190   0.0000E+00
   36.200   0.0000E+00
   36.210   0.0000E+00
   36.220   0.0000E+00
   36.230   0.0000E+00
   36.240   0.0000E+00
   36.250   0.0000E+00
   36.260   0.0000E+00
   36.270   0.0000E+00
   36.280   0.0000E+00
   36.290   0.0000E+00
   36.300   0.0000E+00
   36.310   0.0000E+00
   36.320   0.0000E+00
   36.330   0.0000E+00
   36.340   0.0000E+00
   36.350   0.0000E+00
   36.360   0.0000E+00
   36.370   0.0000E+00
   36.380   0.0000E+00
   36.390   0.0000E+00
   36.400   0.0000E+00
   36.410   0.0000E+00
   36.420   0.0000E+00
   36.430   0.0000E+00
   36.440   0.0000E+00
   36.450   0.0000E+00
   36.460   0.0000E+00
   36.470   0.0000E+00
   36.480   0.0000E+00
   36.490   0.0000E+00
   36.500   0.0000E+00
   36.510   0.0000E+00
   36.520   0.0000E+00
   36.530   0.0000E+00
   36.540   0.0000E+00
   36.550   0.0000E+00
   36.560   0.0000E+00
   36.570   0.0000E+00
   36.580   0.0000E+00
   36.590   0.0000E+00
   36.600   0.0000E+00
   36.610   0.0000E+00
   36.620   0.0000E+00
   36.630   0.0000E+00
   36.640   0.0000E+00
   36.650   0.0000E+00
   36.660   0.0000E+00
   36.670   0.0000E+00
   36.680   0.0000E+00
   36.690   0.0000E+00
   36.700   0.0000E+00
   36.710   0.0000E+00
   36.720   0.0000E+00
   36.730   0.0000E+00
   36.740   0.0000E+00
   36.750   0.0000E+00
   36.760   0.0000E+00
   36.770   0.0000E+00
   36.780   0.0000E+00
   36.790   0.0000E+00
   36.800   0.0000E+00
   36.810   0.0000E+00
   36.820   0.0000E+00
   36.830   0.0000E+00
   36.840   0.0000E+00
   36.850   0.0000E+00
   36.860   0.0000E+00
   36.870   0.0000E+00
   36.880   0.0000E+00
   36.890   0.0000E+00
   36.900   0.0000E+00
   36.910   0.0000E+00
   36.920   0.0000E+00
   36.930   0.0000E+00
   36.940   0.0000E+00
   36.950   0.0000E+00
   36.960   0.0000E+00
   36.970   0.0000E+00
   36.980   0.0000E+00
   36.990   0.0000E+00
   37.000   0.0000E+00
   37.010   0.0000E+00
   37.020   0.0000E+00
   37.030   0.0000E+00
   37.040   0.0000E+00
   37.050   0.0000E+00
   37.060   0.0000E+00
   37.070   0.0000E+00
   37.080   0.0000E+00
   37.090   0.0000E+00
   37.100   0.0000E+00
   37.110   0.0000E+00
   37.120   0.0000E+00
   37.130   0.0000E+00
   37.140   0.0000E+00
   37.150   0.0000E+00
   37.160   0.0000E+00
   37.170   0.0000E+00
   37.180   0.0000E+00
   37.190   0.0000E+00
   37.200   0.0000E+00
   37.210   0.0000E+00
   37.220   0.0000E+00
   37.230   0.0000E+00
   37.240   0.0000E+00
   37.250   0.0000E+00
   37.260   0.0000E+00
   37.270   0.0000E+00
   37.280   0.0000E+00
   37.290   0.0000E+00
   37.300   0.0000E+00
   37.310   0.0000E+00
   37.320   0.0000E+00
   37.330   0.0000E+00
   37.340   0.0000E+00
   37.350   0.0000E+00
   37.360   0.0000E+00
   37.370   0.0000E+00
   37.380   0.0000E+00
   37.390   0.0000E+00
   37.400   0.0000E+00
   37.410   0.0000E+00
   37.420   0.0000E+00
   37.430   0.0000E+00
   37.440   0.0000E+00
   37.450   0.0000E+00
   37.460   0.0000E+00
   37.470   0.0000E+00
   37.480   0.0000E+00
   37.490   0.0000E+00
   37.500   0.0000E+00
   37.510   0.0000E+00
   37.520   0.0000E+00
   37.530   0.0000E+00
   37.540   0.0000E+00
   37.550   0.0000E+00
   37.560   0.0000E+00
   37.570   0.0000E+00
   37.580   0.0000E+00
   37.590   0.0000E+00
   37.600   0.0000E+00
   37.610   0.0000E+00
   37.620   0.0000E+00
   37.630   0.0000E+00
   37.640   0.0000E+00
   37.650   0.0000E+00
   37.660   0.0000E+00
   37.670   0.0000E+00
   37.680   0.0000E+00
   37.690   0.0000E+00
   37.700   0.0000E+00
   37.710   0.0000E+00
   37.720   0.0000E+00
   37.730   0.0000E+00
   37.740   0.0000E+00
   37.750   0.0000E+00
   37.760   0.0000E+00
   37.770   0.0000E+00
   37.780   0.0000E+00
   37.790   0.0000E+00
   37.800   0.0000E+00
   37.810   0.0000E+00
   37.820   0.0000E+00
   37.830   0.0000E+00
   37.840   0.0000E+00
   37.850   0.0000E+00
   37.860   0.0000E+00
   37.870   0.0000E+00
   37.880   0.0000E+00
   37.890   0.0000E+00
   37.900   0.0000E+00
   37.910   0.0000E+00
   37.920   0.0000E+00
   37.930   0.0000E+00
   37.940   0.0000E+00
   37.950   0.0000E+00
   37.960   0.0000E+00
   37.970   0.0000E+00
   37.980   0.0000E+00
   37.990   0.0000E+00
   38.000   0.0000E+00
   38.010   0.0000E+00
   38.020   0.0000E+00
   38.030   0.0000E+00
   38.040   0.0000E+00
   38.050   0.0000E+00
   38.060   0.0000E+00
   38.070   0.0000E+00
   38.080   0.0000E+00
   38.090   0.0000E+00
   38.100   0.0000E+00
   38.110   0.0000E+00
   38.120   0.0000E+00
   38.130   0.0000E+00
   38.140   0.0000E+00
   38.150   0.0000E+00
   38.160   0.0000E+00
   38.170   0.0000E+00
   38.180   0.0000E+00
   38.190   0.0000E+00
   38.200   0.0000E+00
   38.210   0.0000E+00
   38.220   0.0000E+00
   38.230   0.0000E+00
   38.240   0.0000E+00
   38.250   0.0000E+00
   38.260   0.0000E+00
   38.270   0.0000E+00
   38.280   0.0000E+00
   38.290   0.0000E+00
   38.300   0.0000E+00
   38.310   0.0000E+00
   38.320   0.0000E+00
   38.330   0.0000E+00
   38.340   0.0000E+00
   38.350   0.0000E+00
   38.360   0.0000E+00
   38.370   0.0000E+00
   38.380   0.0000E+00
   38.390   0.0000E+00
   38.400   0.0000E+00
   38.410   0.0000E+00
   38.420   0.0000E+00
   38.430   0.0000E+00
   38.440   0.0000E+00
   38.450   0.0000E+00
   38.460   0.0000E+00
   38.470   0.0000E+00
   38.480   0.0000E+00
   38.490   0.0000E+00
   38.500   0.0000E+00
   38.510   0.0000E+00
   38.520   0.0000E+00
   38.530   0.0000E+00
   38.540   0.0000E+00
   38.550   0.0000E+00
   38.560   0.0000E+00
   38.570   0.0000E+00
   38.580   0.0000E+00
   38.590   0.0000E+00
   38.600   0.0000E+00
   38.610   0.0000E+00
   38.620   0.0000E+00
   38.630   0.0000E+00
   38.640   0.0000E+00
   38.650   0.0000E+00
   38.660   0.0000E+00
   38.670   0.0000E+00
   38.680   0.0000E+00
   38.690   0.0000E+00
   38.700   0.0000E+00
   38.710   0.0000E+00
   38.720   0.0000E+00
   38.730   0.0000E+00
   38.740   0.0000E+00
   38.750   0.0000E+00
   38.760   0.0000E+00
   38.770   0.0000E+00
   38.780   0.0000E+00
   38.790   0.0000E+00
   38.800   0.0000E+00
   38.810   0.0000E+00
   38.820   0.0000E+00
   38.830   0.0000E+00
   38.840   0.0000E+00
   38.850   0.0000E+00
   38.860   0.0000E+00
   38.870   0.0000E+00
   38.880   0.0000E+00
   38.890   0.0000E+00
   38.900   0.0000E+00
   38.910   0.0000E+00
   38.920   0.0000E+00
   38.930   0.0000E+00
   38.940   0.0000E+00
   38.950   0.0000E+00
   38.960   0.0000E+00
   38.970   0.0000E+00
   38.980   0.0000E+00
   38.990   0.0000E+00
   39.000   0.0000E+00
   39.010   0.0000E+00
   39.020   0.0000E+00
   39.030   0.0000E+00
   39.040   0.0000E+00
   39.050   0.0000E+00
   39.060   0.0000E+00
   39.070   0.0000E+00
   39.080   0.0000E+00
   39.090   0.0000E+00
   39.100   0.0000E+00
   39.110   0.0000E+00
   39.120   0.0000E+00
   39.130   0.0000E+00
   39.140   0.0000E+00
   39.150   0.0000E+00
   39.160   0.0000E+00
   39.170   0.0000E+00
   39.180   0.0000E+00
   39.190   0.0000E+00
   39.200   0.0000E+00
   39.210   0.0000E+00
   39.220   0.0000E+00
   39.230   0.0000E+00
   39.240   0.0000E+00
   39.250   0.0000E+00
   39.260   0.0000E+00
   39.270   0.0000E+00
   39.280   0.0000E+00
   39.290   0.0000E+00
   39.300   0.0000E+00
   39.310   0.0000E+00
   39.320   0.0000E+00
   39.330   0.0000E+00
   39.340   0.0000E+00
   39.350   0.0000E+00
   39.360   0.0000E+00
   39.370   0.0000E+00
   39.380   0.0000E+00
   39.390   0.0000E+00
   39.400   0.0000E+00
   39.410   0.0000E+00
   39.420   0.0000E+00
   39.430   0.0000E+00
   39.440   0.0000E+00
   39.450   0.0000E+00
   39.460   0.0000E+00
   39.470   0.0000E+00
   39.480   0.0000E+00
   39.490   0.0000E+00
   39.500   0.0000E+00
   39.510   0.0000E+00
   39.520   0.0000E+00
   39.530   0.0000E+00
   39.540   0.0000E+00
   39.550   0.0000E+00
   39.560   0.0000E+00
   39.570   0.0000E+00
   39.580   0.0000E+00
   39.590   0.0000E+00
   39.600   0.0000E+00
   39.610   0.0000E+00
   39.620   0.0000E+00
   39.630   0.0000E+00
   39.640   0.0000E+00
   39.650   0.0000E+00
   39.660   0.0000E+00
   39.670   0.0000E+00
   39.680   0.0000E+00
   39.690   0.0000E+00
   39.700   0.0000E+00
   39.710   0.0000E+00
   39.720   0.0000E+00
   39.730   0.0000E+00
   39.740   0.0000E+00
   39.750   0.0000E+00
   39.760   0.0000E+00
   39.770   0.0000E+00
   39.780   0.0000E+00
   39.790   0.0000E+00
   39.800   0.0000E+00
   39.810   0.0000E+00
   39.820   0.0000E+00
   39.830   0.0000E+00
   39.840   0.0000E+00
   39.850   0.0000E+00
   39.860   0.0000E+00
   39.870   0.0000E+00
   39.880   0.0000E+00
   39.890   0.0000E+00
   39.900   0.0000E+00
   39.910   0.0000E+00
   39.920   0.0000E+00
   39.930   0.0000E+00
   39.940   0.0000E+00
   39.950   0.0000E+00
   39.960   0.0000E+00
   39.970   0.0000E+00
   39.980   0.0000E+00
   39.990   0.0000E+00
   40.000   0.0000E+00
   40.010   0.0000E+00
   40.020   0.0000E+00
   40.030   0.0000E+00
   40.040   0.0000E+00
   40.050   0.0000E+00
   40.060   0.0000E+00
   40.070   0.0000E+00
   40.080   0.0000E+00
   40.090   0.0000E+00
   40.100   0.0000E+00
   40.110   0.0000E+00
   40.120   0.0000E+00
   40.130   0.0000E+00
   40.140   0.0000E+00
   40.150   0.0000E+00
   40.160   0.0000E+00
   40.170   0.0000E+00
   40.180   0.0000E+00
   40.190   0.0000E+00
   40.200   0.0000E+00
   40.210   0.0000E+00
   40.220   0.0000E+00
   40.230   0.0000E+00
   40.240   0.0000E+00
   40.250   0.0000E+00
   40.260   0.0000E+00
   40.270   0.0000E+00
   40.280   0.0000E+00
   40.290   0.0000E+00
   40.300   0.0000E+00
   40.310   0.0000E+00
   40.320   0.0000E+00
   40.330   0.0000E+00
   40.340   0.0000E+00
   40.350   0.0000E+00
   40.360   0.0000E+00
   40.370   0.0000E+00
   40.380   0.0000E+00
   40.390   0.0000E+00
   40.400   0.0000E+00
   40.410   0.0000E+00
   40.420   0.0000E+00
   40.430   0.0000E+00
   40.440   0.0000E+00
   40.450   0.0000E+00
   40.460   0.0000E+00
   40.470   0.0000E+00
   40.480   0.0000E+00
   40.490   0.0000E+00
   40.500   0.0000E+00
   40.510   0.0000E+00
   40.520   0.0000E+00
   40.530   0.0000E+00
   40.540   0.0000E+00
   40.550   0.0000E+00
   40.560   0.0000E+00
   40.570   0.0000E+00
   40.580   0.0000E+00
   40.590   0.0000E+00
   40.600   0.0000E+00
   40.610   0.0000E+00
   40.620   0.0000E+00
   40.630   0.0000E+00
   40.640   0.0000E+00
   40.650   0.0000E+00
   40.660   0.0000E+00
   40.670   0.0000E+00
   40.680   0.0000E+00
   40.690   0.0000E+00
   40.700   0.0000E+00
   40.710   0.0000E+00
   40.720   0.0000E+00
   40.730   0.0000E+00
   40.740   0.0000E+00
   40.750   0.0000E+00
   40.760   0.0000E+00
   40.770   0.0000E+00
   40.780   0.0000E+00
   40.790   0.0000E+00
   40.800   0.0000E+00
   40.810   0.0000E+00
   40.820   0.0000E+00
   40.830   0.0000E+00
   40.840   0.0000E+00
   40.850   0.0000E+00
   40.860   0.0000E+00
   40.870   0.0000E+00
   40.880   0.0000E+00
   40.890   0.0000E+00
   40.900   0.0000E+00
   40.910   0.0000E+00
   40.920   0.0000E+00
   40.930   0.0000E+00
   40.940   0.0000E+00
   40.950   0.0000E+00
