**********************************************
*******  Acceleration Time Series ************
*** Site #   1
*** trial   19
Input Parameters file =  aqk_0604__parameters.out                                                                                                
  4096 samples
dt:  0.010 sec
data format: (1x,f8.3,1p,2x,e11.4)
maximum absolute acceleration: 346.60
fault Dis.(km)=    5.06
Hypo  Dis.(km)=   11.45
  time(s) acc(cm/s**2)
    0.000   0.0000E+00
    0.010   0.0000E+00
    0.020   0.0000E+00
    0.030   0.0000E+00
    0.040   0.0000E+00
    0.050   0.0000E+00
    0.060   0.0000E+00
    0.070   4.1672E-01
    0.080   4.1128E-01
    0.090   4.1169E-01
    0.100   4.2887E-01
    0.110   4.6288E-01
    0.120   5.0642E-01
    0.130   5.4947E-01
    0.140   5.8130E-01
    0.150   5.9374E-01
    0.160   5.8858E-01
    0.170   5.8217E-01
    0.180   5.9552E-01
    0.190   6.3394E-01
    0.200   6.7691E-01
    0.210   6.9265E-01
    0.220   6.6369E-01
    0.230   5.9709E-01
    0.240   5.1235E-01
    0.250   4.2615E-01
    0.260   3.5041E-01
    0.270   2.9690E-01
    0.280   2.7385E-01
    0.290   2.7736E-01
    0.300   2.9263E-01
    0.310   3.0737E-01
    0.320   3.2272E-01
    0.330   3.4974E-01
    0.340   3.9594E-01
    0.350   4.5403E-01
    0.360   5.0045E-01
    0.370   5.0582E-01
    0.380   4.5393E-01
    0.390   3.5707E-01
    0.400   2.5350E-01
    0.410   1.8742E-01
    0.420   1.8834E-01
    0.430   2.6270E-01
    0.440   3.9419E-01
    0.450   5.4557E-01
    0.460   6.6687E-01
    0.470   7.1614E-01
    0.480   6.8108E-01
    0.490  -3.8372E-01
    0.500   2.7454E-01
    0.510   2.5335E-01
    0.520   2.0683E-01
    0.530   1.2939E-01
    0.540   1.2802E-02
    0.550  -1.4690E-01
    0.560  -3.4218E-01
    0.570  -5.5449E-01
    0.580  -7.6162E-01
    0.590  -9.4426E-01
    0.600  -1.0901E+00
    0.610  -1.1963E+00
    0.620  -1.2653E+00
    0.630  -1.2960E+00
    0.640  -1.2796E+00
    0.650  -1.2148E+00
    0.660  -1.1268E+00
    0.670  -4.6043E-01
    0.680  -3.7927E-01
    0.690  -4.0393E-01
    0.700  -4.6577E-01
    0.710  -4.7773E-01
    0.720  -3.7648E-01
    0.730  -1.4035E-01
    0.740   2.1335E-01
    0.750   6.3792E-01
    0.760   1.0668E+00
    0.770   1.5326E+00
    0.780   1.8020E+00
    0.790   1.9052E+00
    0.800   1.8605E+00
    0.810   1.7188E+00
    0.820   1.5363E+00
    0.830   1.3612E+00
    0.840   1.2352E+00
    0.850   1.1930E+00
    0.860   2.6934E+00
    0.870   2.8546E+00
    0.880   3.0558E+00
    0.890   3.2462E+00
    0.900   3.3738E+00
    0.910   2.9201E+00
    0.920   2.9663E+00
    0.930   2.9170E+00
    0.940   2.2129E+00
    0.950   1.9328E+00
    0.960   1.6501E+00
    0.970   1.3277E+00
    0.980   9.3328E-01
    0.990   4.7325E-01
    1.000  -1.2547E-02
    1.010  -5.7203E-01
    1.020  -1.1271E+00
    1.030  -1.6488E+00
    1.040  -2.1473E+00
    1.050  -2.6274E+00
    1.060  -3.0739E+00
    1.070  -3.4454E+00
    1.080  -5.6826E+00
    1.090  -5.6653E+00
    1.100  -5.4589E+00
    1.110  -5.0845E+00
    1.120  -4.5963E+00
    1.130  -4.0698E+00
    1.140  -3.3467E+00
    1.150  -2.8849E+00
    1.160  -2.4463E+00
    1.170  -1.9813E+00
    1.180  -1.4702E+00
    1.190  -2.7782E-01
    1.200   2.6233E-01
    1.210   7.1955E-01
    1.220   1.0574E+00
    1.230   1.2490E+00
    1.240   1.3082E+00
    1.250   1.2243E+00
    1.260   7.5246E-01
    1.270   5.9801E-01
    1.280   3.3795E-01
    1.290   1.7525E-02
    1.300   9.9823E-01
    1.310   7.4844E-01
    1.320   4.3559E-01
    1.330  -1.7130E+00
    1.340  -1.6729E+00
    1.350  -1.5413E+00
    1.360  -1.2312E+00
    1.370  -8.0218E-01
    1.380  -1.4880E-01
    1.390   6.8615E-01
    1.400   1.7497E+00
    1.410   2.7169E+00
    1.420   3.2263E+00
    1.430   3.4538E+00
    1.440   3.3920E+00
    1.450   3.1193E+00
    1.460   2.8071E+00
    1.470   2.6327E+00
    1.480   2.6667E+00
    1.490   2.8446E+00
    1.500   3.0358E+00
    1.510   3.1230E+00
    1.520   3.0305E+00
    1.530   2.7189E+00
    1.540   2.1859E+00
    1.550   6.2724E-01
    1.560  -4.0095E-01
    1.570  -1.0163E+00
    1.580  -2.6508E+00
    1.590  -3.2360E+00
    1.600  -3.1836E+00
    1.610  -3.0337E+00
    1.620  -2.8922E+00
    1.630  -2.8197E+00
    1.640  -2.8801E+00
    1.650  -3.1754E+00
    1.660  -3.7782E+00
    1.670  -4.6215E+00
    1.680  -5.5003E+00
    1.690  -6.1854E+00
    1.700  -6.6313E+00
    1.710  -6.8382E+00
    1.720  -6.7243E+00
    1.730  -6.4615E+00
    1.740  -5.9064E+00
    1.750  -5.1123E+00
    1.760  -3.1896E+00
    1.770  -2.0894E+00
    1.780  -2.7505E+00
    1.790  -1.6201E+00
    1.800  -4.2816E-01
    1.810   3.4863E-01
    1.820   2.0506E+00
    1.830   2.7990E+00
    1.840   4.4871E+00
    1.850   5.7282E+00
    1.860   6.8783E+00
    1.870   7.9246E+00
    1.880   9.5454E+00
    1.890   1.0362E+01
    1.900   1.0899E+01
    1.910   1.1066E+01
    1.920   1.0778E+01
    1.930   1.0073E+01
    1.940   9.1200E+00
    1.950   8.0979E+00
    1.960   7.0709E+00
    1.970   5.9649E+00
    1.980   4.6335E+00
    1.990   2.3082E+00
    2.000   3.2292E-01
    2.010  -2.1460E+00
    2.020  -4.9508E+00
    2.030  -7.8197E+00
    2.040  -1.0433E+01
    2.050  -1.1068E+01
    2.060  -1.2549E+01
    2.070  -1.3631E+01
    2.080  -1.4563E+01
    2.090  -1.5494E+01
    2.100  -1.6457E+01
    2.110  -1.6807E+01
    2.120  -1.7832E+01
    2.130  -2.0349E+01
    2.140  -2.1473E+01
    2.150  -2.2538E+01
    2.160  -2.3187E+01
    2.170  -2.3393E+01
    2.180  -2.3173E+01
    2.190  -2.1572E+01
    2.200  -2.0432E+01
    2.210  -1.8638E+01
    2.220  -1.6552E+01
    2.230  -1.4736E+01
    2.240  -1.1836E+01
    2.250  -8.3141E+00
    2.260  -4.7268E+00
    2.270  -1.3178E+00
    2.280   1.6568E+00
    2.290   4.0612E+00
    2.300   5.9839E+00
    2.310   7.6368E+00
    2.320   1.0548E+01
    2.330   1.2603E+01
    2.340   1.4677E+01
    2.350   1.6538E+01
    2.360   1.7939E+01
    2.370   1.9264E+01
    2.380   1.6895E+01
    2.390   1.6429E+01
    2.400   1.4545E+01
    2.410   1.3348E+01
    2.420   1.1691E+01
    2.430   9.3131E+00
    2.440   7.0141E+00
    2.450   4.7410E+00
    2.460   2.7571E+00
    2.470   1.2355E+00
    2.480   1.5981E-01
    2.490  -7.0664E-01
    2.500  -1.6764E+00
    2.510  -2.9049E+00
    2.520  -4.3090E+00
    2.530  -6.1178E+00
    2.540  -6.8322E+00
    2.550  -6.9490E+00
    2.560  -6.4265E+00
    2.570  -5.3949E+00
    2.580  -4.1060E+00
    2.590  -2.7853E+00
    2.600  -1.4998E+00
    2.610  -1.8360E-01
    2.620   1.2948E+00
    2.630   2.5369E+00
    2.640   3.3843E+00
    2.650   3.3836E+00
    2.660   2.8877E+00
    2.670   3.1059E+00
    2.680   4.6849E+00
    2.690   4.8744E+00
    2.700   5.3763E+00
    2.710   5.6842E+00
    2.720   6.4393E+00
    2.730   6.9469E+00
    2.740   7.0354E+00
    2.750   6.7592E+00
    2.760   6.0365E+00
    2.770   5.0100E+00
    2.780   4.3754E+00
    2.790   4.1840E+00
    2.800   3.6796E+00
    2.810   4.6270E+00
    2.820   5.7837E+00
    2.830   6.7071E+00
    2.840   7.3762E+00
    2.850   7.4343E+00
    2.860   7.0226E+00
    2.870   6.4858E+00
    2.880   6.0533E+00
    2.890   5.6809E+00
    2.900   5.2641E+00
    2.910   4.9209E+00
    2.920   4.8455E+00
    2.930   5.3154E+00
    2.940   6.0793E+00
    2.950   6.9092E+00
    2.960   7.7166E+00
    2.970   8.4656E+00
    2.980   9.0101E+00
    2.990   9.1186E+00
    3.000   8.8482E+00
    3.010   7.9482E+00
    3.020   6.6901E+00
    3.030   5.2867E+00
    3.040   3.9826E+00
    3.050   2.9474E+00
    3.060   2.6212E+00
    3.070   2.1408E+00
    3.080   1.9040E+00
    3.090   1.8438E+00
    3.100   1.6948E+00
    3.110   1.0220E+00
    3.120  -6.1487E-01
    3.130  -2.5934E+00
    3.140  -4.0288E+00
    3.150  -6.6981E+00
    3.160  -9.2260E+00
    3.170  -1.1286E+01
    3.180  -1.1234E+01
    3.190  -1.0471E+01
    3.200  -8.6076E+00
    3.210  -6.1139E+00
    3.220  -3.6751E+00
    3.230  -3.6646E-01
    3.240   1.8484E+00
    3.250   3.9978E+00
    3.260   6.1526E+00
    3.270   7.6298E+00
    3.280   9.4057E+00
    3.290   1.0949E+01
    3.300   1.2114E+01
    3.310   1.2751E+01
    3.320   1.3090E+01
    3.330   1.2658E+01
    3.340   1.2013E+01
    3.350   1.1363E+01
    3.360   1.0811E+01
    3.370   1.0629E+01
    3.380   1.0998E+01
    3.390   1.1952E+01
    3.400   1.3181E+01
    3.410   1.5205E+01
    3.420   1.5827E+01
    3.430   1.5497E+01
    3.440   1.5226E+01
    3.450   1.4872E+01
    3.460   1.4177E+01
    3.470   1.2489E+01
    3.480   9.7614E+00
    3.490   6.2602E+00
    3.500   2.0043E+00
    3.510  -1.6066E+00
    3.520  -4.8578E+00
    3.530  -7.5755E+00
    3.540  -9.6086E+00
    3.550  -1.0763E+01
    3.560  -1.1462E+01
    3.570  -1.2026E+01
    3.580  -1.2905E+01
    3.590  -1.4558E+01
    3.600  -1.7240E+01
    3.610  -2.0793E+01
    3.620  -2.4492E+01
    3.630  -2.7553E+01
    3.640  -3.0715E+01
    3.650  -3.1576E+01
    3.660  -3.0759E+01
    3.670  -2.8432E+01
    3.680  -2.5004E+01
    3.690  -2.0486E+01
    3.700  -1.5636E+01
    3.710  -1.0923E+01
    3.720  -6.8578E+00
    3.730  -3.8375E+00
    3.740  -1.9793E+00
    3.750  -3.3924E+00
    3.760  -3.1818E+00
    3.770  -3.0277E+00
    3.780  -3.1811E+00
    3.790  -3.2841E+00
    3.800  -4.0085E+00
    3.810  -5.4554E+00
    3.820  -7.2681E+00
    3.830  -1.0162E+01
    3.840  -1.2490E+01
    3.850  -1.4347E+01
    3.860  -1.5615E+01
    3.870  -1.6718E+01
    3.880  -1.8118E+01
    3.890  -1.9681E+01
    3.900  -2.0492E+01
    3.910  -1.9721E+01
    3.920  -1.7398E+01
    3.930  -1.4367E+01
    3.940  -1.1591E+01
    3.950  -9.5956E+00
    3.960  -8.0518E+00
    3.970  -7.4109E+00
    3.980  -6.9878E+00
    3.990  -6.4300E+00
    4.000  -5.6665E+00
    4.010  -4.9884E+00
    4.020  -3.5562E+00
    4.030  -2.2572E+00
    4.040  -1.5550E+00
    4.050  -1.9978E+00
    4.060  -3.9189E+00
    4.070  -7.0620E+00
    4.080  -1.0846E+01
    4.090  -1.4243E+01
    4.100  -1.6712E+01
    4.110  -1.7476E+01
    4.120  -1.7016E+01
    4.130  -1.6386E+01
    4.140  -1.6145E+01
    4.150  -1.6183E+01
    4.160  -1.5821E+01
    4.170  -1.4603E+01
    4.180  -1.2949E+01
    4.190  -1.1734E+01
    4.200  -1.1064E+01
    4.210  -1.0992E+01
    4.220  -1.1099E+01
    4.230  -1.1234E+01
    4.240  -7.7509E+00
    4.250  -5.9286E+00
    4.260  -3.4214E+00
    4.270  -2.8127E-01
    4.280   3.0155E+00
    4.290   5.4167E+00
    4.300   6.0565E+00
    4.310   4.9289E+00
    4.320   2.9749E+00
    4.330   9.9999E-01
    4.340  -5.8434E-01
    4.350  -2.2080E+00
    4.360  -2.7510E+00
    4.370  -1.5654E+00
    4.380   1.2939E+00
    4.390   5.8443E+00
    4.400   1.1436E+01
    4.410   1.7367E+01
    4.420   2.2923E+01
    4.430   2.7138E+01
    4.440   2.8898E+01
    4.450   2.7594E+01
    4.460   2.3427E+01
    4.470   1.9292E+01
    4.480   1.3897E+01
    4.490   8.7507E+00
    4.500   4.3945E+00
    4.510   9.7295E-02
    4.520  -5.1688E+00
    4.530  -8.4233E+00
    4.540  -1.1367E+01
    4.550  -1.3139E+01
    4.560  -1.3368E+01
    4.570  -1.3244E+01
    4.580  -1.3012E+01
    4.590  -1.2538E+01
    4.600  -1.1846E+01
    4.610  -1.1364E+01
    4.620  -1.1789E+01
    4.630  -1.3384E+01
    4.640  -1.6854E+01
    4.650  -2.0974E+01
    4.660  -2.4047E+01
    4.670  -2.4214E+01
    4.680  -1.9743E+01
    4.690  -1.3249E+01
    4.700  -4.9033E+00
    4.710   2.8143E+00
    4.720   9.1685E+00
    4.730   1.4682E+01
    4.740   2.0407E+01
    4.750   2.6645E+01
    4.760   3.2515E+01
    4.770   3.6807E+01
    4.780   3.8857E+01
    4.790   3.7840E+01
    4.800   3.5328E+01
    4.810   3.1248E+01
    4.820   2.6804E+01
    4.830   2.3451E+01
    4.840   2.2573E+01
    4.850   2.3997E+01
    4.860   2.7987E+01
    4.870   3.3529E+01
    4.880   3.9057E+01
    4.890   4.2556E+01
    4.900   4.3545E+01
    4.910   4.2806E+01
    4.920   3.9119E+01
    4.930   3.5317E+01
    4.940   3.0043E+01
    4.950   2.1250E+01
    4.960   1.2005E+01
    4.970   3.8846E+00
    4.980  -2.7400E+00
    4.990  -8.1051E+00
    5.000  -1.2343E+01
    5.010  -1.3915E+01
    5.020  -1.2882E+01
    5.030  -1.0150E+01
    5.040  -6.9999E+00
    5.050  -4.1055E+00
    5.060  -9.8382E-01
    5.070   2.9675E+00
    5.080   8.9349E+00
    5.090   1.7648E+01
    5.100   2.5795E+01
    5.110   3.1332E+01
    5.120   3.4807E+01
    5.130   3.7882E+01
    5.140   4.4750E+01
    5.150   5.5435E+01
    5.160   6.3406E+01
    5.170   6.3844E+01
    5.180   5.7742E+01
    5.190   4.9398E+01
    5.200   4.1230E+01
    5.210   3.2056E+01
    5.220   2.3212E+01
    5.230   1.5985E+01
    5.240   1.1075E+01
    5.250   5.9198E+00
    5.260  -4.5111E-01
    5.270  -5.3393E+00
    5.280  -7.8941E+00
    5.290  -8.0842E+00
    5.300  -6.6262E+00
    5.310  -3.9903E+00
    5.320   1.8456E+00
    5.330   1.1921E+01
    5.340   2.3812E+01
    5.350   3.4928E+01
    5.360   4.2364E+01
    5.370   4.4897E+01
    5.380   4.4824E+01
    5.390   4.5233E+01
    5.400   4.7418E+01
    5.410   4.9523E+01
    5.420   4.8408E+01
    5.430   4.1343E+01
    5.440   2.9128E+01
    5.450   1.8240E+01
    5.460   1.2624E+01
    5.470   9.8490E+00
    5.480   6.3853E+00
    5.490  -6.4906E-01
    5.500  -1.0770E+01
    5.510  -2.2645E+01
    5.520  -3.3655E+01
    5.530  -4.2373E+01
    5.540  -4.9551E+01
    5.550  -5.3572E+01
    5.560  -5.1672E+01
    5.570  -4.5376E+01
    5.580  -3.6230E+01
    5.590  -2.5865E+01
    5.600  -1.5988E+01
    5.610  -4.9858E+00
    5.620   6.6047E+00
    5.630   1.5689E+01
    5.640   1.5510E+01
    5.650   3.1290E+00
    5.660  -1.3935E+01
    5.670  -3.0746E+01
    5.680  -4.7624E+01
    5.690  -6.1205E+01
    5.700  -6.6450E+01
    5.710  -6.2942E+01
    5.720  -5.3305E+01
    5.730  -4.1296E+01
    5.740  -2.9680E+01
    5.750  -2.2987E+01
    5.760  -2.0208E+01
    5.770  -1.2107E+01
    5.780   5.3699E+00
    5.790   2.5090E+01
    5.800   4.1970E+01
    5.810   5.3671E+01
    5.820   6.0401E+01
    5.830   6.2829E+01
    5.840   6.2947E+01
    5.850   6.5719E+01
    5.860   7.0426E+01
    5.870   7.7175E+01
    5.880   8.5485E+01
    5.890   9.5271E+01
    5.900   1.0860E+02
    5.910   1.2380E+02
    5.920   1.3704E+02
    5.930   1.3791E+02
    5.940   1.2064E+02
    5.950   9.1231E+01
    5.960   5.5680E+01
    5.970   2.4255E+01
    5.980   5.7328E+00
    5.990  -2.3471E+00
    6.000  -7.0730E+00
    6.010  -1.6304E+01
    6.020  -3.0241E+01
    6.030  -3.9338E+01
    6.040  -3.6437E+01
    6.050  -2.5436E+01
    6.060  -9.7273E+00
    6.070   9.7194E+00
    6.080   2.2910E+01
    6.090   2.4834E+01
    6.100   1.8385E+01
    6.110   4.4163E+00
    6.120  -1.7260E+01
    6.130  -4.3361E+01
    6.140  -6.5888E+01
    6.150  -7.5328E+01
    6.160  -7.3591E+01
    6.170  -7.1093E+01
    6.180  -6.7212E+01
    6.190  -5.6880E+01
    6.200  -3.6781E+01
    6.210  -7.2082E+00
    6.220   2.7393E+01
    6.230   5.9140E+01
    6.240   8.1172E+01
    6.250   9.6931E+01
    6.260   1.0391E+02
    6.270   9.8253E+01
    6.280   8.4953E+01
    6.290   7.0614E+01
    6.300   5.7296E+01
    6.310   4.6117E+01
    6.320   3.5369E+01
    6.330   2.4054E+01
    6.340   1.0867E+01
    6.350  -1.0141E+01
    6.360  -3.8265E+01
    6.370  -6.5569E+01
    6.380  -8.5612E+01
    6.390  -1.0170E+02
    6.400  -1.1695E+02
    6.410  -1.3145E+02
    6.420  -1.3633E+02
    6.430  -1.1869E+02
    6.440  -8.4613E+01
    6.450  -5.1712E+01
    6.460  -3.2366E+01
    6.470  -2.2252E+01
    6.480  -7.6018E+00
    6.490   1.4795E+01
    6.500   3.5515E+01
    6.510   4.7796E+01
    6.520   5.3224E+01
    6.530   5.3081E+01
    6.540   5.1972E+01
    6.550   5.7822E+01
    6.560   6.8223E+01
    6.570   7.3105E+01
    6.580   6.3968E+01
    6.590   3.7245E+01
    6.600  -9.5440E-01
    6.610  -4.3569E+01
    6.620  -8.4597E+01
    6.630  -1.0772E+02
    6.640  -1.0598E+02
    6.650  -9.2696E+01
    6.660  -8.4861E+01
    6.670  -8.9483E+01
    6.680  -9.6727E+01
    6.690  -9.3165E+01
    6.700  -8.3204E+01
    6.710  -7.8865E+01
    6.720  -7.8755E+01
    6.730  -7.3480E+01
    6.740  -5.4744E+01
    6.750  -2.1219E+01
    6.760   1.2935E+01
    6.770   3.9655E+01
    6.780   5.5346E+01
    6.790   5.3163E+01
    6.800   4.8729E+01
    6.810   4.5644E+01
    6.820   3.5730E+01
    6.830   2.0716E+01
    6.840  -1.0706E-01
    6.850  -2.5119E+01
    6.860  -4.6347E+01
    6.870  -5.6910E+01
    6.880  -6.1536E+01
    6.890  -5.4626E+01
    6.900  -3.7703E+01
    6.910  -1.9133E+01
    6.920  -3.3308E+00
    6.930   1.6755E+01
    6.940   4.4049E+01
    6.950   7.5210E+01
    6.960   1.0242E+02
    6.970   1.0189E+02
    6.980   6.3707E+01
    6.990   3.0225E+00
    7.000  -4.6360E+01
    7.010  -6.2216E+01
    7.020  -5.7632E+01
    7.030  -6.4176E+01
    7.040  -9.2815E+01
    7.050  -1.2830E+02
    7.060  -1.5777E+02
    7.070  -1.7330E+02
    7.080  -1.8113E+02
    7.090  -1.8685E+02
    7.100  -1.8917E+02
    7.110  -1.8668E+02
    7.120  -1.8898E+02
    7.130  -2.1182E+02
    7.140  -2.4975E+02
    7.150  -2.9045E+02
    7.160  -3.2265E+02
    7.170  -3.4003E+02
    7.180  -3.4660E+02
    7.190  -3.4402E+02
    7.200  -3.2343E+02
    7.210  -2.8458E+02
    7.220  -2.4536E+02
    7.230  -2.1363E+02
    7.240  -1.8215E+02
    7.250  -1.5002E+02
    7.260  -1.1747E+02
    7.270  -8.6013E+01
    7.280  -5.6839E+01
    7.290  -3.1238E+01
    7.300  -1.5558E+00
    7.310   2.8998E+01
    7.320   5.1045E+01
    7.330   6.6457E+01
    7.340   7.4854E+01
    7.350   6.9338E+01
    7.360   5.6566E+01
    7.370   5.9319E+01
    7.380   8.6286E+01
    7.390   1.2597E+02
    7.400   1.5510E+02
    7.410   1.5530E+02
    7.420   1.4686E+02
    7.430   1.5007E+02
    7.440   1.5947E+02
    7.450   1.6151E+02
    7.460   1.4473E+02
    7.470   9.5003E+01
    7.480   2.3816E+01
    7.490  -4.3674E+01
    7.500  -1.0258E+02
    7.510  -1.4897E+02
    7.520  -1.7280E+02
    7.530  -1.7432E+02
    7.540  -1.6476E+02
    7.550  -1.4894E+02
    7.560  -1.2903E+02
    7.570  -1.0272E+02
    7.580  -7.6508E+01
    7.590  -5.7478E+01
    7.600  -3.7825E+01
    7.610  -6.3783E+00
    7.620   2.7823E+01
    7.630   5.2850E+01
    7.640   8.2628E+01
    7.650   1.2155E+02
    7.660   1.6087E+02
    7.670   1.9663E+02
    7.680   2.1048E+02
    7.690   1.9268E+02
    7.700   1.5855E+02
    7.710   1.3150E+02
    7.720   1.0629E+02
    7.730   8.2117E+01
    7.740   7.0819E+01
    7.750   7.5252E+01
    7.760   9.2030E+01
    7.770   1.0740E+02
    7.780   1.2149E+02
    7.790   1.3737E+02
    7.800   1.5096E+02
    7.810   1.5646E+02
    7.820   1.5083E+02
    7.830   1.4867E+02
    7.840   1.5742E+02
    7.850   1.7093E+02
    7.860   1.7695E+02
    7.870   1.7956E+02
    7.880   1.7731E+02
    7.890   1.6149E+02
    7.900   1.4298E+02
    7.910   1.3757E+02
    7.920   1.5713E+02
    7.930   1.9118E+02
    7.940   2.2512E+02
    7.950   2.3441E+02
    7.960   2.0568E+02
    7.970   1.6893E+02
    7.980   1.5456E+02
    7.990   1.5426E+02
    8.000   1.4760E+02
    8.010   1.2535E+02
    8.020   9.1013E+01
    8.030   5.9032E+01
    8.040   4.2664E+01
    8.050   4.3446E+01
    8.060   4.9427E+01
    8.070   4.3377E+01
    8.080   1.7458E+01
    8.090  -1.4748E+01
    8.100  -3.6923E+01
    8.110  -3.6039E+01
    8.120  -1.8797E+01
    8.130   4.4938E+00
    8.140   3.8659E+01
    8.150   7.2694E+01
    8.160   9.9139E+01
    8.170   1.1991E+02
    8.180   1.4233E+02
    8.190   1.5549E+02
    8.200   1.3695E+02
    8.210   8.9978E+01
    8.220   3.2231E+01
    8.230  -1.1293E+01
    8.240  -3.0537E+01
    8.250  -2.7438E+01
    8.260  -1.6346E+01
    8.270  -1.4383E+01
    8.280  -2.6930E+01
    8.290  -5.6455E+01
    8.300  -1.0422E+02
    8.310  -1.5953E+02
    8.320  -2.0741E+02
    8.330  -2.3899E+02
    8.340  -2.3947E+02
    8.350  -2.0882E+02
    8.360  -1.6616E+02
    8.370  -1.3394E+02
    8.380  -1.2140E+02
    8.390  -1.0331E+02
    8.400  -6.6718E+01
    8.410  -1.9027E+01
    8.420   1.6954E+01
    8.430   2.2987E+01
    8.440   5.0475E+00
    8.450  -2.4415E+01
    8.460  -7.3040E+01
    8.470  -1.2860E+02
    8.480  -1.7052E+02
    8.490  -1.9046E+02
    8.500  -1.8317E+02
    8.510  -1.3567E+02
    8.520  -5.5434E+01
    8.530   2.6165E+01
    8.540   8.1075E+01
    8.550   8.5361E+01
    8.560   4.5917E+01
    8.570   3.7989E+00
    8.580  -2.5729E+00
    8.590   2.1486E+01
    8.600   5.6240E+01
    8.610   8.7813E+01
    8.620   1.0649E+02
    8.630   1.1278E+02
    8.640   9.7841E+01
    8.650   5.4909E+01
    8.660  -8.9642E+00
    8.670  -7.2792E+01
    8.680  -1.1613E+02
    8.690  -1.4214E+02
    8.700  -1.6050E+02
    8.710  -1.5373E+02
    8.720  -1.1969E+02
    8.730  -8.7481E+01
    8.740  -6.2474E+01
    8.750  -3.2886E+01
    8.760   4.5724E+00
    8.770   3.5941E+01
    8.780   5.2077E+01
    8.790   5.7629E+01
    8.800   5.9540E+01
    8.810   4.6610E+01
    8.820   3.8059E+00
    8.830  -6.5295E+01
    8.840  -1.3861E+02
    8.850  -1.8842E+02
    8.860  -2.0746E+02
    8.870  -1.9791E+02
    8.880  -1.7925E+02
    8.890  -1.5967E+02
    8.900  -1.3599E+02
    8.910  -1.2518E+02
    8.920  -1.2540E+02
    8.930  -1.1446E+02
    8.940  -9.7059E+01
    8.950  -8.9555E+01
    8.960  -8.0359E+01
    8.970  -6.0821E+01
    8.980  -4.2285E+01
    8.990  -3.8799E+01
    9.000  -4.3462E+01
    9.010  -3.7201E+01
    9.020  -1.3952E+01
    9.030   2.0801E+01
    9.040   5.0641E+01
    9.050   7.4404E+01
    9.060   8.9922E+01
    9.070   8.7530E+01
    9.080   7.1687E+01
    9.090   4.5382E+01
    9.100   9.2802E-01
    9.110  -4.9164E+01
    9.120  -8.3132E+01
    9.130  -9.4389E+01
    9.140  -8.4831E+01
    9.150  -7.0146E+01
    9.160  -6.3286E+01
    9.170  -7.3031E+01
    9.180  -1.0102E+02
    9.190  -1.4466E+02
    9.200  -1.9529E+02
    9.210  -2.3074E+02
    9.220  -2.2829E+02
    9.230  -1.8740E+02
    9.240  -1.2770E+02
    9.250  -6.9860E+01
    9.260  -2.1049E+01
    9.270   2.3113E+01
    9.280   6.4725E+01
    9.290   1.0558E+02
    9.300   1.4016E+02
    9.310   1.5917E+02
    9.320   1.6976E+02
    9.330   1.7335E+02
    9.340   1.6597E+02
    9.350   1.5587E+02
    9.360   1.5176E+02
    9.370   1.5709E+02
    9.380   1.5981E+02
    9.390   1.6350E+02
    9.400   1.7465E+02
    9.410   1.7370E+02
    9.420   1.4389E+02
    9.430   9.6717E+01
    9.440   6.0983E+01
    9.450   6.0545E+01
    9.460   1.0068E+02
    9.470   1.7314E+02
    9.480   2.4453E+02
    9.490   2.8863E+02
    9.500   2.9410E+02
    9.510   2.6732E+02
    9.520   2.2539E+02
    9.530   1.9643E+02
    9.540   1.9304E+02
    9.550   2.0902E+02
    9.560   2.3613E+02
    9.570   2.5000E+02
    9.580   2.3789E+02
    9.590   2.0494E+02
    9.600   1.5992E+02
    9.610   1.0315E+02
    9.620   4.0307E+01
    9.630  -1.0897E+01
    9.640  -3.4416E+01
    9.650  -3.2796E+01
    9.660  -6.1266E+00
    9.670   2.7923E+01
    9.680   3.4689E+01
    9.690   1.3309E+01
    9.700  -1.3140E+01
    9.710  -2.3557E+01
    9.720  -1.0705E+01
    9.730   2.6352E+01
    9.740   8.4040E+01
    9.750   1.4556E+02
    9.760   1.9108E+02
    9.770   2.0348E+02
    9.780   1.8730E+02
    9.790   1.5322E+02
    9.800   1.1378E+02
    9.810   7.7429E+01
    9.820   5.2737E+01
    9.830   3.3057E+01
    9.840   9.2735E+00
    9.850  -1.7600E+01
    9.860  -4.6348E+01
    9.870  -8.0619E+01
    9.880  -1.2029E+02
    9.890  -1.5080E+02
    9.900  -1.4963E+02
    9.910  -1.2179E+02
    9.920  -8.7184E+01
    9.930  -6.2989E+01
    9.940  -6.3153E+01
    9.950  -7.6188E+01
    9.960  -9.3467E+01
    9.970  -1.0747E+02
    9.980  -1.1021E+02
    9.990  -1.0436E+02
   10.000  -9.2364E+01
   10.010  -8.2569E+01
   10.020  -9.0778E+01
   10.030  -1.0524E+02
   10.040  -1.1949E+02
   10.050  -1.3629E+02
   10.060  -1.5105E+02
   10.070  -1.5698E+02
   10.080  -1.3909E+02
   10.090  -1.0316E+02
   10.100  -6.9432E+01
   10.110  -2.5924E+01
   10.120   3.8489E+01
   10.130   1.0641E+02
   10.140   1.6383E+02
   10.150   2.0566E+02
   10.160   2.1625E+02
   10.170   1.8866E+02
   10.180   1.3756E+02
   10.190   7.8512E+01
   10.200   2.4830E+01
   10.210  -8.5251E+00
   10.220  -2.0387E+01
   10.230  -1.2574E+01
   10.240   1.3551E+01
   10.250   3.7134E+01
   10.260   6.0181E+01
   10.270   9.0218E+01
   10.280   1.1753E+02
   10.290   1.2254E+02
   10.300   1.0680E+02
   10.310   7.8179E+01
   10.320   4.5637E+01
   10.330   3.1644E+01
   10.340   4.2621E+01
   10.350   6.1353E+01
   10.360   7.1986E+01
   10.370   6.4913E+01
   10.380   4.1791E+01
   10.390   9.8080E+00
   10.400  -2.2478E+01
   10.410  -4.1341E+01
   10.420  -4.3960E+01
   10.430  -3.1585E+01
   10.440  -1.8032E+01
   10.450  -1.0102E+01
   10.460  -4.7571E+00
   10.470  -2.4650E+00
   10.480  -4.6644E+00
   10.490  -1.5305E+01
   10.500  -4.3819E+01
   10.510  -7.4035E+01
   10.520  -9.2240E+01
   10.530  -1.0685E+02
   10.540  -1.1450E+02
   10.550  -1.1721E+02
   10.560  -1.2635E+02
   10.570  -1.4220E+02
   10.580  -1.6153E+02
   10.590  -1.7821E+02
   10.600  -1.8233E+02
   10.610  -1.6556E+02
   10.620  -1.3555E+02
   10.630  -9.9844E+01
   10.640  -5.2540E+01
   10.650  -8.9040E+00
   10.660   1.6591E+01
   10.670   3.4980E+01
   10.680   5.7116E+01
   10.690   7.8207E+01
   10.700   9.1808E+01
   10.710   9.1103E+01
   10.720   6.7252E+01
   10.730   1.9858E+01
   10.740  -3.7088E+01
   10.750  -9.2090E+01
   10.760  -1.3851E+02
   10.770  -1.7041E+02
   10.780  -1.9830E+02
   10.790  -2.2811E+02
   10.800  -2.5890E+02
   10.810  -2.7775E+02
   10.820  -2.6835E+02
   10.830  -2.4051E+02
   10.840  -2.0838E+02
   10.850  -1.7490E+02
   10.860  -1.3878E+02
   10.870  -9.4805E+01
   10.880  -3.3914E+01
   10.890   3.3373E+01
   10.900   8.5460E+01
   10.910   1.1067E+02
   10.920   1.0609E+02
   10.930   8.7905E+01
   10.940   7.8479E+01
   10.950   8.5096E+01
   10.960   9.6804E+01
   10.970   1.0792E+02
   10.980   1.1573E+02
   10.990   1.1149E+02
   11.000   1.0346E+02
   11.010   9.6914E+01
   11.020   9.1714E+01
   11.030   9.6321E+01
   11.040   1.0280E+02
   11.050   1.0078E+02
   11.060   8.9746E+01
   11.070   7.5686E+01
   11.080   5.0280E+01
   11.090   7.1985E+00
   11.100  -4.3638E+01
   11.110  -8.8026E+01
   11.120  -1.1070E+02
   11.130  -1.0299E+02
   11.140  -8.0266E+01
   11.150  -5.6865E+01
   11.160  -3.1641E+01
   11.170  -1.4693E+01
   11.180  -9.6926E+00
   11.190  -9.4875E+00
   11.200  -5.9983E+00
   11.210  -7.2363E+00
   11.220  -1.7750E+01
   11.230  -3.0680E+01
   11.240  -4.0256E+01
   11.250  -4.2350E+01
   11.260  -3.8445E+01
   11.270  -2.2999E+01
   11.280   6.1051E+00
   11.290   3.2106E+01
   11.300   4.8121E+01
   11.310   5.4722E+01
   11.320   4.3768E+01
   11.330   2.1101E+01
   11.340  -9.0204E+00
   11.350  -3.8993E+01
   11.360  -5.0920E+01
   11.370  -5.2763E+01
   11.380  -6.4668E+01
   11.390  -8.9114E+01
   11.400  -1.1858E+02
   11.410  -1.3152E+02
   11.420  -1.2199E+02
   11.430  -1.0001E+02
   11.440  -7.2023E+01
   11.450  -4.5950E+01
   11.460  -2.0082E+01
   11.470   8.6821E-01
   11.480   7.1001E+00
   11.490   4.2692E+00
   11.500  -5.1245E-01
   11.510  -4.9181E+00
   11.520   1.1051E-01
   11.530   5.6702E+00
   11.540  -1.2303E+01
   11.550  -4.5918E+01
   11.560  -7.8441E+01
   11.570  -9.4944E+01
   11.580  -8.8031E+01
   11.590  -7.0844E+01
   11.600  -4.7838E+01
   11.610  -3.1405E+01
   11.620  -3.3681E+01
   11.630  -4.0488E+01
   11.640  -4.4429E+01
   11.650  -4.6564E+01
   11.660  -4.4430E+01
   11.670  -3.7293E+01
   11.680  -3.0040E+01
   11.690  -3.4878E+01
   11.700  -5.0615E+01
   11.710  -7.0071E+01
   11.720  -8.7473E+01
   11.730  -9.6544E+01
   11.740  -9.0915E+01
   11.750  -7.0764E+01
   11.760  -3.8596E+01
   11.770   2.9667E+00
   11.780   4.1044E+01
   11.790   7.1708E+01
   11.800   9.9062E+01
   11.810   1.1492E+02
   11.820   1.2232E+02
   11.830   1.3213E+02
   11.840   1.4386E+02
   11.850   1.4656E+02
   11.860   1.2982E+02
   11.870   9.6871E+01
   11.880   4.9636E+01
   11.890  -6.2545E+00
   11.900  -5.9677E+01
   11.910  -1.0412E+02
   11.920  -1.3011E+02
   11.930  -1.3127E+02
   11.940  -1.1405E+02
   11.950  -9.6948E+01
   11.960  -8.4125E+01
   11.970  -7.1555E+01
   11.980  -5.3485E+01
   11.990  -2.4840E+01
   12.000   1.0605E+01
   12.010   4.2955E+01
   12.020   5.6595E+01
   12.030   5.5346E+01
   12.040   5.3373E+01
   12.050   4.8486E+01
   12.060   4.0587E+01
   12.070   3.6580E+01
   12.080   3.6732E+01
   12.090   3.5206E+01
   12.100   2.9597E+01
   12.110   1.5895E+01
   12.120  -4.6667E+00
   12.130  -2.8388E+01
   12.140  -5.8580E+01
   12.150  -9.4071E+01
   12.160  -1.1783E+02
   12.170  -1.2858E+02
   12.180  -1.3573E+02
   12.190  -1.4080E+02
   12.200  -1.4195E+02
   12.210  -1.3996E+02
   12.220  -1.4221E+02
   12.230  -1.4308E+02
   12.240  -1.3158E+02
   12.250  -1.1058E+02
   12.260  -8.7555E+01
   12.270  -6.4526E+01
   12.280  -3.8027E+01
   12.290  -6.6807E+00
   12.300   2.9891E+01
   12.310   6.8014E+01
   12.320   9.4228E+01
   12.330   1.0531E+02
   12.340   1.0911E+02
   12.350   1.0748E+02
   12.360   9.5628E+01
   12.370   7.3649E+01
   12.380   5.0906E+01
   12.390   3.2082E+01
   12.400   1.4653E+01
   12.410   2.3628E+00
   12.420   4.5113E+00
   12.430   2.3792E+01
   12.440   5.2931E+01
   12.450   8.3180E+01
   12.460   1.0815E+02
   12.470   1.1996E+02
   12.480   1.1795E+02
   12.490   1.0687E+02
   12.500   8.9656E+01
   12.510   6.9925E+01
   12.520   5.3404E+01
   12.530   4.3925E+01
   12.540   4.2309E+01
   12.550   4.4431E+01
   12.560   4.0341E+01
   12.570   2.5957E+01
   12.580   9.9755E+00
   12.590   1.4257E+00
   12.600  -7.4397E-01
   12.610   1.0600E+00
   12.620   9.5732E+00
   12.630   2.8160E+01
   12.640   5.3872E+01
   12.650   8.6384E+01
   12.660   1.1941E+02
   12.670   1.3808E+02
   12.680   1.3928E+02
   12.690   1.3055E+02
   12.700   1.0833E+02
   12.710   7.5102E+01
   12.720   4.6737E+01
   12.730   3.3005E+01
   12.740   3.5664E+01
   12.750   4.8681E+01
   12.760   6.3600E+01
   12.770   7.5025E+01
   12.780   8.0055E+01
   12.790   8.0522E+01
   12.800   8.2814E+01
   12.810   9.4445E+01
   12.820   1.0960E+02
   12.830   1.1647E+02
   12.840   1.1466E+02
   12.850   1.0631E+02
   12.860   9.5767E+01
   12.870   8.3469E+01
   12.880   6.8838E+01
   12.890   5.4425E+01
   12.900   4.2175E+01
   12.910   3.0863E+01
   12.920   1.9406E+01
   12.930   9.6637E+00
   12.940   4.0313E+00
   12.950   3.3652E+00
   12.960   9.4395E+00
   12.970   2.1401E+01
   12.980   3.9697E+01
   12.990   6.1859E+01
   13.000   8.5491E+01
   13.010   1.0092E+02
   13.020   9.9081E+01
   13.030   8.2173E+01
   13.040   5.7479E+01
   13.050   3.0665E+01
   13.060   7.5951E+00
   13.070  -6.7887E+00
   13.080  -1.3734E+01
   13.090  -1.7203E+01
   13.100  -1.9157E+01
   13.110  -2.0607E+01
   13.120  -1.8258E+01
   13.130  -9.3032E+00
   13.140   2.3891E+00
   13.150   1.2439E+01
   13.160   2.0222E+01
   13.170   2.7080E+01
   13.180   3.0780E+01
   13.190   3.1684E+01
   13.200   3.1045E+01
   13.210   3.3482E+01
   13.220   3.1366E+01
   13.230   1.5764E+01
   13.240  -8.3482E+00
   13.250  -3.1149E+01
   13.260  -4.9223E+01
   13.270  -6.4781E+01
   13.280  -8.0919E+01
   13.290  -9.5545E+01
   13.300  -1.0473E+02
   13.310  -1.0837E+02
   13.320  -1.0816E+02
   13.330  -1.0465E+02
   13.340  -1.0027E+02
   13.350  -9.3789E+01
   13.360  -8.2844E+01
   13.370  -6.6588E+01
   13.380  -4.5635E+01
   13.390  -2.6692E+01
   13.400  -1.4540E+01
   13.410  -4.4753E+00
   13.420   9.6707E+00
   13.430   2.7639E+01
   13.440   4.2874E+01
   13.450   4.9196E+01
   13.460   4.4777E+01
   13.470   3.4723E+01
   13.480   2.8262E+01
   13.490   2.8970E+01
   13.500   3.1959E+01
   13.510   3.5238E+01
   13.520   3.9406E+01
   13.530   3.9423E+01
   13.540   3.4173E+01
   13.550   2.6114E+01
   13.560   1.3945E+01
   13.570  -2.6959E+00
   13.580  -1.8886E+01
   13.590  -3.2283E+01
   13.600  -4.2418E+01
   13.610  -4.7487E+01
   13.620  -4.8208E+01
   13.630  -4.8938E+01
   13.640  -5.0409E+01
   13.650  -5.0473E+01
   13.660  -5.1572E+01
   13.670  -5.2918E+01
   13.680  -5.3326E+01
   13.690  -5.4969E+01
   13.700  -5.9968E+01
   13.710  -6.7155E+01
   13.720  -7.4972E+01
   13.730  -8.5254E+01
   13.740  -9.4044E+01
   13.750  -9.5957E+01
   13.760  -9.1645E+01
   13.770  -8.4030E+01
   13.780  -7.5719E+01
   13.790  -7.0512E+01
   13.800  -6.6873E+01
   13.810  -6.2439E+01
   13.820  -5.3989E+01
   13.830  -3.8808E+01
   13.840  -2.2378E+01
   13.850  -1.1889E+01
   13.860  -8.1139E+00
   13.870  -9.6828E+00
   13.880  -1.3746E+01
   13.890  -1.7915E+01
   13.900  -2.3766E+01
   13.910  -3.0522E+01
   13.920  -3.5487E+01
   13.930  -3.7043E+01
   13.940  -3.6109E+01
   13.950  -3.3186E+01
   13.960  -2.6113E+01
   13.970  -1.6536E+01
   13.980  -9.1595E+00
   13.990  -6.8576E+00
   14.000  -9.7915E+00
   14.010  -1.5986E+01
   14.020  -2.2164E+01
   14.030  -2.7873E+01
   14.040  -3.4949E+01
   14.050  -4.2714E+01
   14.060  -4.7946E+01
   14.070  -4.9687E+01
   14.080  -4.9148E+01
   14.090  -4.8421E+01
   14.100  -4.6913E+01
   14.110  -4.5082E+01
   14.120  -4.4516E+01
   14.130  -4.1503E+01
   14.140  -3.4276E+01
   14.150  -2.6277E+01
   14.160  -1.9398E+01
   14.170  -1.1995E+01
   14.180  -3.3356E+00
   14.190   5.7074E+00
   14.200   1.1828E+01
   14.210   1.2944E+01
   14.220   8.9577E+00
   14.230   1.8684E+00
   14.240  -5.1951E+00
   14.250  -1.1030E+01
   14.260  -1.5172E+01
   14.270  -1.4827E+01
   14.280  -9.3569E+00
   14.290  -1.5080E+00
   14.300   7.8448E+00
   14.310   1.8293E+01
   14.320   2.6674E+01
   14.330   3.1946E+01
   14.340   3.4013E+01
   14.350   3.0434E+01
   14.360   2.2640E+01
   14.370   1.5729E+01
   14.380   9.3144E+00
   14.390   1.1977E+00
   14.400  -5.7611E+00
   14.410  -1.0395E+01
   14.420  -1.0563E+01
   14.430  -5.6956E+00
   14.440   9.4954E-01
   14.450   5.8485E+00
   14.460   6.8603E+00
   14.470   4.6800E+00
   14.480   3.8225E+00
   14.490   7.2175E+00
   14.500   1.3664E+01
   14.510   2.1416E+01
   14.520   2.9687E+01
   14.530   3.7469E+01
   14.540   4.4268E+01
   14.550   4.9157E+01
   14.560   5.0195E+01
   14.570   4.6911E+01
   14.580   4.1512E+01
   14.590   3.6956E+01
   14.600   3.6100E+01
   14.610   3.8914E+01
   14.620   4.2622E+01
   14.630   4.5691E+01
   14.640   4.6262E+01
   14.650   4.3427E+01
   14.660   3.8416E+01
   14.670   3.1280E+01
   14.680   2.3178E+01
   14.690   1.4706E+01
   14.700   7.6047E+00
   14.710   4.1481E+00
   14.720   3.4085E+00
   14.730   3.3864E+00
   14.740   3.9248E+00
   14.750   5.1014E+00
   14.760   5.4905E+00
   14.770   4.6146E+00
   14.780   4.7103E+00
   14.790   6.5911E+00
   14.800   8.5202E+00
   14.810   1.0107E+01
   14.820   1.2424E+01
   14.830   1.5548E+01
   14.840   1.9456E+01
   14.850   2.3382E+01
   14.860   2.5647E+01
   14.870   2.6011E+01
   14.880   2.4998E+01
   14.890   2.3921E+01
   14.900   2.3063E+01
   14.910   2.2853E+01
   14.920   2.2963E+01
   14.930   2.2417E+01
   14.940   1.9964E+01
   14.950   1.5939E+01
   14.960   1.3038E+01
   14.970   1.2591E+01
   14.980   1.4411E+01
   14.990   1.6672E+01
   15.000   1.8745E+01
   15.010   2.0195E+01
   15.020   2.1514E+01
   15.030   2.4229E+01
   15.040   2.6818E+01
   15.050   2.7110E+01
   15.060   2.3898E+01
   15.070   1.7707E+01
   15.080   9.6999E+00
   15.090   1.0048E+00
   15.100  -6.3013E+00
   15.110  -1.1324E+01
   15.120  -1.3110E+01
   15.130  -1.1014E+01
   15.140  -6.3437E+00
   15.150  -4.4238E-01
   15.160   6.3358E+00
   15.170   1.2782E+01
   15.180   1.8184E+01
   15.190   2.1738E+01
   15.200   2.2611E+01
   15.210   2.0117E+01
   15.220   1.3972E+01
   15.230   5.8126E+00
   15.240  -4.6746E-01
   15.250  -2.0598E+00
   15.260   8.8978E-02
   15.270   2.9880E+00
   15.280   5.1049E+00
   15.290   7.8050E+00
   15.300   1.1379E+01
   15.310   1.4322E+01
   15.320   1.4832E+01
   15.330   1.3551E+01
   15.340   1.2430E+01
   15.350   1.1500E+01
   15.360   9.8246E+00
   15.370   7.1435E+00
   15.380   2.8559E+00
   15.390  -2.1056E+00
   15.400  -4.9914E+00
   15.410  -4.5823E+00
   15.420  -3.6798E+00
   15.430  -4.4209E+00
   15.440  -6.9688E+00
   15.450  -1.0352E+01
   15.460  -1.2562E+01
   15.470  -1.2161E+01
   15.480  -9.8263E+00
   15.490  -7.0053E+00
   15.500  -4.5126E+00
   15.510  -2.6305E+00
   15.520  -2.5285E+00
   15.530  -4.0377E+00
   15.540  -5.9534E+00
   15.550  -7.2178E+00
   15.560  -7.3936E+00
   15.570  -6.3849E+00
   15.580  -4.8585E+00
   15.590  -3.5480E+00
   15.600  -2.5868E+00
   15.610  -1.7943E+00
   15.620  -1.0740E+00
   15.630  -8.2090E-01
   15.640  -3.8490E-01
   15.650   1.1680E+00
   15.660   3.2243E+00
   15.670   4.1042E+00
   15.680   2.8664E+00
   15.690   5.8750E-02
   15.700  -2.5744E+00
   15.710  -3.5674E+00
   15.720  -2.4776E+00
   15.730  -4.3373E-01
   15.740   8.3301E-01
   15.750   2.8274E-01
   15.760  -1.8055E+00
   15.770  -5.5838E+00
   15.780  -1.0746E+01
   15.790  -1.5811E+01
   15.800  -1.9612E+01
   15.810  -2.1416E+01
   15.820  -2.1204E+01
   15.830  -1.8772E+01
   15.840  -1.5096E+01
   15.850  -1.1620E+01
   15.860  -9.4853E+00
   15.870  -8.9178E+00
   15.880  -8.7475E+00
   15.890  -8.4294E+00
   15.900  -7.7532E+00
   15.910  -6.3542E+00
   15.920  -4.1050E+00
   15.930  -1.0126E+00
   15.940   2.5132E+00
   15.950   5.8218E+00
   15.960   8.2343E+00
   15.970   9.6946E+00
   15.980   1.0543E+01
   15.990   1.0694E+01
   16.000   9.9562E+00
   16.010   8.6885E+00
   16.020   7.2082E+00
   16.030   5.6646E+00
   16.040   4.4125E+00
   16.050   3.7869E+00
   16.060   3.6170E+00
   16.070   3.5012E+00
   16.080   3.2269E+00
   16.090   2.5080E+00
   16.100   1.3288E+00
   16.110   2.4484E-02
   16.120  -1.4616E+00
   16.130  -3.3651E+00
   16.140  -5.2658E+00
   16.150  -6.4241E+00
   16.160  -6.9472E+00
   16.170  -7.3292E+00
   16.180  -7.8140E+00
   16.190  -8.1749E+00
   16.200  -8.1972E+00
   16.210  -7.9333E+00
   16.220  -7.6596E+00
   16.230  -7.8212E+00
   16.240  -8.2724E+00
   16.250  -8.5222E+00
   16.260  -8.1234E+00
   16.270  -7.1830E+00
   16.280  -6.0415E+00
   16.290  -4.9747E+00
   16.300  -4.2701E+00
   16.310  -3.6181E+00
   16.320  -2.6976E+00
   16.330  -1.6134E+00
   16.340  -6.8462E-01
   16.350   1.5440E-01
   16.360   9.8071E-01
   16.370   1.5838E+00
   16.380   1.6113E+00
   16.390   9.3636E-01
   16.400  -3.0220E-01
   16.410  -1.8647E+00
   16.420  -3.5971E+00
   16.430  -5.4808E+00
   16.440  -7.3506E+00
   16.450  -8.8571E+00
   16.460  -9.5367E+00
   16.470  -9.0422E+00
   16.480  -7.4020E+00
   16.490  -5.1984E+00
   16.500  -3.3454E+00
   16.510  -2.4825E+00
   16.520  -2.6237E+00
   16.530  -3.3771E+00
   16.540  -4.4257E+00
   16.550  -5.7387E+00
   16.560  -7.1914E+00
   16.570  -8.4615E+00
   16.580  -9.1863E+00
   16.590  -9.1817E+00
   16.600  -8.5938E+00
   16.610  -7.5902E+00
   16.620  -6.1640E+00
   16.630  -4.3844E+00
   16.640  -2.6116E+00
   16.650  -1.2997E+00
   16.660  -6.7376E-01
   16.670  -7.4473E-01
   16.680  -1.2019E+00
   16.690  -1.4846E+00
   16.700  -1.1645E+00
   16.710  -2.3130E-01
   16.720   9.0501E-01
   16.730   1.6858E+00
   16.740   1.8800E+00
   16.750   1.6791E+00
   16.760   1.3647E+00
   16.770   1.1544E+00
   16.780   1.1442E+00
   16.790   1.2704E+00
   16.800   1.3873E+00
   16.810   1.4204E+00
   16.820   1.3254E+00
   16.830   1.0277E+00
   16.840   4.3714E-01
   16.850  -4.9717E-01
   16.860  -1.7552E+00
   16.870  -3.1456E+00
   16.880  -4.3392E+00
   16.890  -5.1544E+00
   16.900  -5.6707E+00
   16.910  -6.0153E+00
   16.920  -6.0595E+00
   16.930  -5.4970E+00
   16.940  -4.1677E+00
   16.950  -2.3663E+00
   16.960  -6.6793E-01
   16.970   4.9893E-01
   16.980   1.0665E+00
   16.990   1.3196E+00
   17.000   1.6184E+00
   17.010   2.1709E+00
   17.020   3.0635E+00
   17.030   4.1688E+00
   17.040   5.1501E+00
   17.050   5.7021E+00
   17.060   5.6861E+00
   17.070   5.0857E+00
   17.080   3.9864E+00
   17.090   2.6088E+00
   17.100   1.2429E+00
   17.110   1.3709E-01
   17.120  -5.9497E-01
   17.130  -9.6225E-01
   17.140  -1.1329E+00
   17.150  -1.3718E+00
   17.160  -1.8535E+00
   17.170  -2.5819E+00
   17.180  -3.5016E+00
   17.190  -4.5510E+00
   17.200  -5.6833E+00
   17.210  -6.8014E+00
   17.220  -7.7408E+00
   17.230  -8.4066E+00
   17.240  -8.7401E+00
   17.250  -8.7115E+00
   17.260  -8.4261E+00
   17.270  -8.0220E+00
   17.280  -7.5624E+00
   17.290  -6.9781E+00
   17.300  -6.1921E+00
   17.310  -5.2534E+00
   17.320  -4.2369E+00
   17.330  -3.1280E+00
   17.340  -1.8751E+00
   17.350  -4.9760E-01
   17.360   9.1686E-01
   17.370   2.3387E+00
   17.380   3.8419E+00
   17.390   5.4168E+00
   17.400   6.8736E+00
   17.410   8.0192E+00
   17.420   8.8854E+00
   17.430   9.6171E+00
   17.440   1.0241E+01
   17.450   1.0674E+01
   17.460   1.0866E+01
   17.470   1.0916E+01
   17.480   1.0949E+01
   17.490   1.0937E+01
   17.500   1.0749E+01
   17.510   1.0276E+01
   17.520   9.4543E+00
   17.530   8.2977E+00
   17.540   6.9735E+00
   17.550   5.7494E+00
   17.560   4.8006E+00
   17.570   4.1220E+00
   17.580   3.6006E+00
   17.590   3.1742E+00
   17.600   2.8903E+00
   17.610   2.7749E+00
   17.620   2.7724E+00
   17.630   2.8149E+00
   17.640   2.8601E+00
   17.650   2.8604E+00
   17.660   2.7784E+00
   17.670   2.6640E+00
   17.680   2.6652E+00
   17.690   2.9050E+00
   17.700   3.3332E+00
   17.710   3.7471E+00
   17.720   3.9365E+00
   17.730   3.8004E+00
   17.740   3.3951E+00
   17.750   2.9162E+00
   17.760   2.6117E+00
   17.770   2.6285E+00
   17.780   2.9109E+00
   17.790   3.2742E+00
   17.800   3.5825E+00
   17.810   3.8236E+00
   17.820   4.0217E+00
   17.830   4.1486E+00
   17.840   4.1622E+00
   17.850   4.0741E+00
   17.860   3.9039E+00
   17.870   3.5866E+00
   17.880   3.0084E+00
   17.890   2.1680E+00
   17.900   1.2645E+00
   17.910   5.9926E-01
   17.920   3.9848E-01
   17.930   6.9960E-01
   17.940   1.3270E+00
   17.950   1.9356E+00
   17.960   2.1523E+00
   17.970   1.7898E+00
   17.980   9.6453E-01
   17.990  -1.4745E-02
   18.000  -8.8394E-01
   18.010  -1.5469E+00
   18.020  -2.0108E+00
   18.030  -2.2826E+00
   18.040  -2.3551E+00
   18.050  -2.2372E+00
   18.060  -1.9462E+00
   18.070  -1.4830E+00
   18.080  -8.4493E-01
   18.090  -5.0075E-02
   18.100   8.7169E-01
   18.110   1.8842E+00
   18.120   2.9082E+00
   18.130   3.8052E+00
   18.140   4.4531E+00
   18.150   4.8371E+00
   18.160   5.0157E+00
   18.170   4.9805E+00
   18.180   4.5968E+00
   18.190   3.7190E+00
   18.200   2.3504E+00
   18.210   6.8432E-01
   18.220  -9.7903E-01
   18.230  -2.3448E+00
   18.240  -3.2278E+00
   18.250  -3.6389E+00
   18.260  -3.7823E+00
   18.270  -3.9140E+00
   18.280  -4.1591E+00
   18.290  -4.4516E+00
   18.300  -4.6292E+00
   18.310  -4.5520E+00
   18.320  -4.1508E+00
   18.330  -3.4302E+00
   18.340  -2.4716E+00
   18.350  -1.4219E+00
   18.360  -4.5002E-01
   18.370   2.9677E-01
   18.380   7.2593E-01
   18.390   8.4640E-01
   18.400   8.1039E-01
   18.410   8.6491E-01
   18.420   1.1984E+00
   18.430   1.8090E+00
   18.440   2.5252E+00
   18.450   3.1446E+00
   18.460   3.5473E+00
   18.470   3.7078E+00
   18.480   3.6472E+00
   18.490   3.3885E+00
   18.500   2.9381E+00
   18.510   2.2970E+00
   18.520   1.4948E+00
   18.530   6.1173E-01
   18.540  -2.4235E-01
   18.550  -9.8224E-01
   18.560  -1.5867E+00
   18.570  -2.0981E+00
   18.580  -2.5863E+00
   18.590  -3.0960E+00
   18.600  -3.6129E+00
   18.610  -4.0936E+00
   18.620  -4.5340E+00
   18.630  -4.9890E+00
   18.640  -5.5001E+00
   18.650  -6.0255E+00
   18.660  -6.4818E+00
   18.670  -6.8528E+00
   18.680  -7.2138E+00
   18.690  -7.6288E+00
   18.700  -8.0521E+00
   18.710  -8.3550E+00
   18.720  -8.4377E+00
   18.730  -8.3008E+00
   18.740  -8.0150E+00
   18.750  -7.6306E+00
   18.760  -7.1099E+00
   18.770  -6.3432E+00
   18.780  -5.2484E+00
   18.790  -3.8758E+00
   18.800  -2.4098E+00
   18.810  -1.0596E+00
   18.820   5.5651E-02
   18.830   9.1848E-01
   18.840   1.5381E+00
   18.850   1.8913E+00
   18.860   1.9460E+00
   18.870   1.7369E+00
   18.880   1.4129E+00
   18.890   1.1960E+00
   18.900   1.2631E+00
   18.910   1.6351E+00
   18.920   2.1645E+00
   18.930   2.6303E+00
   18.940   2.8574E+00
   18.950   2.7754E+00
   18.960   2.4095E+00
   18.970   1.8505E+00
   18.980   1.2223E+00
   18.990   6.3384E-01
   19.000   1.1865E-01
   19.010  -3.8218E-01
   19.020  -9.5768E-01
   19.030  -1.6278E+00
   19.040  -2.3074E+00
   19.050  -2.8745E+00
   19.060  -3.2655E+00
   19.070  -3.4876E+00
   19.080  -3.5591E+00
   19.090  -3.4836E+00
   19.100  -3.2974E+00
   19.110  -3.0892E+00
   19.120  -2.9213E+00
   19.130  -2.7516E+00
   19.140  -2.4927E+00
   19.150  -2.1588E+00
   19.160  -1.9040E+00
   19.170  -1.8875E+00
   19.180  -2.1212E+00
   19.190  -2.4564E+00
   19.200  -2.6874E+00
   19.210  -2.6529E+00
   19.220  -2.2906E+00
   19.230  -1.6571E+00
   19.240  -8.9678E-01
   19.250  -1.5258E-01
   19.260   5.1309E-01
   19.270   1.1101E+00
   19.280   1.6538E+00
   19.290   2.1338E+00
   19.300   2.5399E+00
   19.310   2.8723E+00
   19.320   3.0973E+00
   19.330   3.1049E+00
   19.340   2.7497E+00
   19.350   1.9642E+00
   19.360   8.4211E-01
   19.370  -3.9635E-01
   19.380  -1.5336E+00
   19.390  -2.4506E+00
   19.400  -3.1038E+00
   19.410  -3.4465E+00
   19.420  -3.4235E+00
   19.430  -3.0423E+00
   19.440  -2.3943E+00
   19.450  -1.5740E+00
   19.460  -6.1784E-01
   19.470   4.2803E-01
   19.480   1.4018E+00
   19.490   2.0617E+00
   19.500   2.2609E+00
   19.510   2.0678E+00
   19.520   1.7041E+00
   19.530   1.3830E+00
   19.540   1.2051E+00
   19.550   1.1642E+00
   19.560   1.2053E+00
   19.570   1.2688E+00
   19.580   1.3032E+00
   19.590   1.2551E+00
   19.600   1.0695E+00
   19.610   7.1943E-01
   19.620   2.3622E-01
   19.630  -3.1043E-01
   19.640  -8.7761E-01
   19.650  -1.4810E+00
   19.660  -2.1412E+00
   19.670  -2.7990E+00
   19.680  -3.3063E+00
   19.690  -3.5175E+00
   19.700  -3.3969E+00
   19.710  -3.0369E+00
   19.720  -2.5728E+00
   19.730  -2.0792E+00
   19.740  -1.5367E+00
   19.750  -8.8186E-01
   19.760  -7.9725E-02
   19.770   8.4209E-01
   19.780   1.8090E+00
   19.790   2.7391E+00
   19.800   3.5724E+00
   19.810   4.2649E+00
   19.820   4.7573E+00
   19.830   4.9662E+00
   19.840   4.8335E+00
   19.850   4.3950E+00
   19.860   3.7962E+00
   19.870   3.2379E+00
   19.880   2.9092E+00
   19.890   2.9400E+00
   19.900   3.3564E+00
   19.910   4.0565E+00
   19.920   4.8686E+00
   19.930   5.6704E+00
   19.940   6.4309E+00
   19.950   7.1015E+00
   19.960   7.5016E+00
   19.970   7.3866E+00
   19.980   6.6536E+00
   19.990   5.4466E+00
   20.000   4.0454E+00
   20.010   2.6733E+00
   20.020   1.4112E+00
   20.030   2.4919E-01
   20.040  -8.2425E-01
   20.050  -1.7720E+00
   20.060  -2.5226E+00
   20.070  -3.0324E+00
   20.080  -3.3410E+00
   20.090  -3.5492E+00
   20.100  -3.7365E+00
   20.110  -3.9137E+00
   20.120  -4.0651E+00
   20.130  -4.2092E+00
   20.140  -4.3918E+00
   20.150  -4.6309E+00
   20.160  -4.8880E+00
   20.170  -5.0813E+00
   20.180  -5.1075E+00
   20.190  -4.8703E+00
   20.200  -4.3333E+00
   20.210  -3.5671E+00
   20.220  -2.7213E+00
   20.230  -1.9306E+00
   20.240  -1.2421E+00
   20.250  -6.2472E-01
   20.260  -2.0171E-02
   20.270   6.3043E-01
   20.280   1.3784E+00
   20.290   2.2316E+00
   20.300   3.1014E+00
   20.310   3.8067E+00
   20.320   4.1682E+00
   20.330   4.1214E+00
   20.340   3.7511E+00
   20.350   3.2308E+00
   20.360   2.7406E+00
   20.370   2.4111E+00
   20.380   2.2906E+00
   20.390   2.3348E+00
   20.400   2.4535E+00
   20.410   2.6028E+00
   20.420   2.8252E+00
   20.430   3.1772E+00
   20.440   3.6168E+00
   20.450   3.9790E+00
   20.460   4.0576E+00
   20.470   3.7043E+00
   20.480   2.8842E+00
   20.490   1.6957E+00
   20.500   3.5016E-01
   20.510  -9.1526E-01
   20.520  -1.9441E+00
   20.530  -2.6875E+00
   20.540  -3.1395E+00
   20.550  -3.7088E+00
   20.560  -3.5864E+00
   20.570  -3.3081E+00
   20.580  -3.0174E+00
   20.590  -2.7734E+00
   20.600  -2.5310E+00
   20.610  -2.2132E+00
   20.620  -1.7833E+00
   20.630  -1.2637E+00
   20.640  -7.1920E-01
   20.650  -2.2741E-01
   20.660   1.5804E-01
   20.670   4.2280E-01
   20.680   5.5560E-01
   20.690   5.0340E-01
   20.700   1.9549E-01
   20.710  -3.6721E-01
   20.720  -1.0569E+00
   20.730  -1.6689E+00
   20.740  -2.0319E+00
   20.750  -2.0789E+00
   20.760  -1.8384E+00
   20.770  -1.3859E+00
   20.780  -8.1769E-01
   20.790  -2.5834E-01
   20.800   1.4241E-01
   20.810   2.6819E-01
   20.820   1.2213E-01
   20.830  -1.4858E-01
   20.840  -3.3206E-01
   20.850  -2.7144E-01
   20.860   7.2329E-02
   20.870   6.3377E-01
   20.880   1.2896E+00
   20.890   1.9157E+00
   20.900   2.4551E+00
   20.910   2.9510E+00
   20.920   3.4806E+00
   20.930   4.0207E+00
   20.940   4.3884E+00
   20.950   4.3462E+00
   20.960   3.7851E+00
   20.970   3.7728E+00
   20.980   1.8129E+00
   20.990   5.1588E-01
   21.000  -7.0001E-01
   21.010  -1.8382E+00
   21.020  -2.8755E+00
   21.030  -3.7317E+00
   21.040  -4.3353E+00
   21.050  -4.7021E+00
   21.060  -4.9309E+00
   21.070  -5.1112E+00
   21.080  -5.2372E+00
   21.090  -5.2256E+00
   21.100  -5.0247E+00
   21.110  -4.6969E+00
   21.120  -4.3756E+00
   21.130  -4.1382E+00
   21.140  -3.9377E+00
   21.150  -4.2766E+00
   21.160  -3.9967E+00
   21.170  -3.6486E+00
   21.180  -3.3615E+00
   21.190  -3.2073E+00
   21.200  -3.1516E+00
   21.210  -3.0659E+00
   21.220  -2.7742E+00
   21.230  -2.1351E+00
   21.240  -1.1345E+00
   21.250  -1.6612E-02
   21.260   1.1857E+00
   21.270   2.2699E+00
   21.280   3.2008E+00
   21.290   4.0079E+00
   21.300   4.7188E+00
   21.310   5.3337E+00
   21.320   5.8521E+00
   21.330   6.3128E+00
   21.340   5.3559E+00
   21.350   5.9222E+00
   21.360   6.5812E+00
   21.370   7.2267E+00
   21.380   7.7442E+00
   21.390   8.5774E+00
   21.400   8.6690E+00
   21.410   8.6511E+00
   21.420   9.0486E+00
   21.430   8.6698E+00
   21.440   7.8067E+00
   21.450   6.4150E+00
   21.460   4.5563E+00
   21.470   2.3861E+00
   21.480   1.2961E-01
   21.490  -1.8633E+00
   21.500  -3.4080E+00
   21.510  -4.3823E+00
   21.520  -4.7951E+00
   21.530  -4.8264E+00
   21.540  -4.7314E+00
   21.550  -4.6816E+00
   21.560  -2.6790E+00
   21.570  -2.6864E+00
   21.580  -2.5437E+00
   21.590  -2.2789E+00
   21.600  -1.9777E+00
   21.610  -1.6924E+00
   21.620  -1.6409E+00
   21.630  -1.3633E+00
   21.640  -1.0678E+00
   21.650  -7.8498E-01
   21.660  -5.5776E-01
   21.670  -1.0870E+00
   21.680  -1.1039E+00
   21.690  -1.1814E+00
   21.700  -1.2054E+00
   21.710  -1.0317E+00
   21.720  -5.8109E-01
   21.730   1.9152E-01
   21.740   1.5051E+00
   21.750   2.5712E+00
   21.760   3.6778E+00
   21.770   4.6281E+00
   21.780   3.9562E+00
   21.790   4.1747E+00
   21.800   4.1601E+00
   21.810   5.7499E+00
   21.820   5.0038E+00
   21.830   4.1444E+00
   21.840   3.2265E+00
   21.850   2.3890E+00
   21.860   1.4898E+00
   21.870   4.6234E-01
   21.880  -8.1942E-01
   21.890  -2.0219E+00
   21.900  -2.7279E+00
   21.910  -3.1075E+00
   21.920  -3.2407E+00
   21.930  -3.3207E+00
   21.940  -3.5350E+00
   21.950  -3.9263E+00
   21.960  -4.3709E+00
   21.970  -4.7045E+00
   21.980  -4.8569E+00
   21.990  -4.8572E+00
   22.000  -4.7465E+00
   22.010  -4.5207E+00
   22.020  -4.1488E+00
   22.030  -2.7649E+00
   22.040  -1.8504E+00
   22.050  -1.2294E+00
   22.060   5.3618E-01
   22.070   1.3155E+00
   22.080   1.4189E+00
   22.090   1.3088E+00
   22.100   1.0912E+00
   22.110   8.9169E-01
   22.120   8.0989E-01
   22.130   8.6864E-01
   22.140   9.8860E-01
   22.150   1.0317E+00
   22.160   8.8683E-01
   22.170   4.8629E-01
   22.180  -1.3447E-01
   22.190  -9.6065E-01
   22.200  -1.9605E+00
   22.210  -2.6794E+00
   22.220  -2.9727E+00
   22.230  -2.7317E+00
   22.240  -3.0805E+00
   22.250  -2.4291E+00
   22.260  -1.2571E-01
   22.270   1.4086E-01
   22.280   7.5314E-02
   22.290   1.7873E-01
   22.300  -8.3309E-01
   22.310  -9.8359E-01
   22.320  -2.0377E+00
   22.330  -2.5150E+00
   22.340  -2.7897E+00
   22.350  -2.9772E+00
   22.360  -3.8938E+00
   22.370  -4.2127E+00
   22.380  -4.4516E+00
   22.390  -4.5499E+00
   22.400  -4.5239E+00
   22.410  -4.4698E+00
   22.420  -4.4733E+00
   22.430  -4.5238E+00
   22.440  -4.5193E+00
   22.450  -4.3269E+00
   22.460  -3.8212E+00
   22.470  -2.2786E+00
   22.480  -1.0888E+00
   22.490   5.0622E-01
   22.500   2.3352E+00
   22.510   4.2136E+00
   22.520   6.0025E+00
   22.530   6.1183E+00
   22.540   7.3365E+00
   22.550   8.1767E+00
   22.560   8.6281E+00
   22.570   8.7481E+00
   22.580   8.6653E+00
   22.590   7.8814E+00
   22.600   7.7348E+00
   22.610   8.9918E+00
   22.620   8.7463E+00
   22.630   8.4452E+00
   22.640   7.9407E+00
   22.650   7.3707E+00
   22.660   6.7762E+00
   22.670   5.1321E+00
   22.680   4.2673E+00
   22.690   3.1894E+00
   22.700   2.4510E+00
   22.710   2.7312E+00
   22.720   2.6530E+00
   22.730   2.5174E+00
   22.740   2.5771E+00
   22.750   2.6211E+00
   22.760   2.4305E+00
   22.770   1.9049E+00
   22.780   1.1137E+00
   22.790   2.6002E-01
   22.800  -1.8120E+00
   22.810  -2.8465E+00
   22.820  -3.7891E+00
   22.830  -4.5937E+00
   22.840  -5.2115E+00
   22.850  -6.1431E+00
   22.860  -3.7475E+00
   22.870  -3.5382E+00
   22.880  -2.1923E+00
   22.890  -1.9248E+00
   22.900  -1.6821E+00
   22.910  -1.1731E+00
   22.920  -1.0541E+00
   22.930  -1.0545E+00
   22.940  -1.1557E+00
   22.950  -1.2615E+00
   22.960  -1.2721E+00
   22.970  -1.1296E+00
   22.980  -7.9867E-01
   22.990  -2.6309E-01
   23.000   4.4349E-01
   23.010   1.6685E+00
   23.020   2.0231E+00
   23.030   2.1195E+00
   23.040   2.0029E+00
   23.050   1.7641E+00
   23.060   1.4852E+00
   23.070   1.2329E+00
   23.080   1.0413E+00
   23.090   8.9090E-01
   23.100   6.4886E-01
   23.110   6.1559E-01
   23.120   8.1002E-01
   23.130   1.5865E+00
   23.140   2.5827E+00
   23.150   2.6637E+00
   23.160   1.2772E+00
   23.170   1.2164E+00
   23.180   7.6668E-01
   23.190   4.2847E-01
   23.200  -4.0221E-01
   23.210  -9.9134E-01
   23.220  -1.1784E+00
   23.230  -1.0654E+00
   23.240  -5.7904E-01
   23.250   2.2962E-01
   23.260   8.5149E-01
   23.270   1.4322E+00
   23.280   2.8091E+00
   23.290   3.0978E+00
   23.300   3.2409E+00
   23.310   3.3222E+00
   23.320   3.1142E+00
   23.330   2.9838E+00
   23.340   3.0756E+00
   23.350   3.4101E+00
   23.360   3.9022E+00
   23.370   4.4283E+00
   23.380   4.8612E+00
   23.390   5.0764E+00
   23.400   5.0610E+00
   23.410   4.6292E+00
   23.420   3.9433E+00
   23.430   3.1584E+00
   23.440   2.4457E+00
   23.450   1.9244E+00
   23.460   1.6188E+00
   23.470   1.4792E+00
   23.480   1.2192E+00
   23.490   1.0314E+00
   23.500   7.5427E-01
   23.510   4.3211E-01
   23.520   1.4962E-01
   23.530  -4.6666E-02
   23.540  -6.2107E-01
   23.550  -8.6933E-01
   23.560  -1.3003E+00
   23.570  -1.9246E+00
   23.580  -2.6650E+00
   23.590  -3.3488E+00
   23.600  -3.6373E+00
   23.610  -3.9790E+00
   23.620  -4.9585E+00
   23.630  -4.5469E+00
   23.640  -3.8979E+00
   23.650  -3.0591E+00
   23.660  -3.3853E+00
   23.670  -3.3298E+00
   23.680  -3.3827E+00
   23.690  -3.3898E+00
   23.700  -3.0821E+00
   23.710  -3.7370E+00
   23.720  -3.5482E+00
   23.730  -3.5105E+00
   23.740  -3.5961E+00
   23.750  -3.0719E+00
   23.760  -2.9434E+00
   23.770  -2.7998E+00
   23.780  -2.7129E+00
   23.790  -2.7358E+00
   23.800  -3.0933E+00
   23.810  -3.0283E+00
   23.820  -2.7118E+00
   23.830  -2.1015E+00
   23.840  -1.1981E+00
   23.850  -1.6916E-01
   23.860   9.2390E-01
   23.870   1.9741E+00
   23.880   2.8431E+00
   23.890   2.3210E+00
   23.900   2.1071E+00
   23.910   1.7822E+00
   23.920   7.9755E-01
   23.930  -2.7593E-01
   23.940  -1.1424E+00
   23.950  -1.4056E+00
   23.960  -1.1861E+00
   23.970  -6.3517E-01
   23.980   4.6535E-01
   23.990   8.9080E-01
   24.000   1.0690E+00
   24.010   1.0291E+00
   24.020   8.1295E-01
   24.030   2.6210E-01
   24.040  -3.4423E-01
   24.050  -9.4898E-01
   24.060  -1.4882E+00
   24.070  -1.9649E+00
   24.080  -2.3902E+00
   24.090  -2.6630E+00
   24.100  -2.7480E+00
   24.110  -2.6163E+00
   24.120  -1.0817E+00
   24.130  -4.8808E-01
   24.140  -2.9816E-01
   24.150  -4.1277E-01
   24.160  -5.2331E-01
   24.170  -8.3501E-01
   24.180  -9.5650E-01
   24.190  -9.1269E-01
   24.200  -7.3804E-01
   24.210  -4.7937E-01
   24.220  -1.8036E-01
   24.230   2.4482E+00
   24.240   2.8845E+00
   24.250   3.1192E+00
   24.260   3.4876E+00
   24.270   3.5239E+00
   24.280   3.7433E+00
   24.290   4.1426E+00
   24.300   4.3576E+00
   24.310   5.2678E+00
   24.320   5.6121E+00
   24.330   5.9067E+00
   24.340   6.0783E+00
   24.350   6.0527E+00
   24.360   5.7292E+00
   24.370   5.0828E+00
   24.380   4.1002E+00
   24.390   2.9095E+00
   24.400   1.7085E+00
   24.410   6.6381E-01
   24.420  -1.3768E-01
   24.430  -6.6978E-01
   24.440  -1.3308E+00
   24.450  -1.5337E+00
   24.460  -1.7663E+00
   24.470  -2.1874E+00
   24.480  -2.7621E+00
   24.490  -3.2178E+00
   24.500  -4.4732E+00
   24.510  -5.7599E+00
   24.520  -6.8741E+00
   24.530  -7.6830E+00
   24.540  -8.1581E+00
   24.550  -8.3972E+00
   24.560  -8.2940E+00
   24.570  -7.9623E+00
   24.580  -7.2241E+00
   24.590  -6.6610E+00
   24.600  -6.2247E+00
   24.610  -5.6726E+00
   24.620  -5.0270E+00
   24.630  -4.2559E+00
   24.640  -3.3671E+00
   24.650  -2.4346E+00
   24.660  -1.4924E+00
   24.670  -5.7213E-01
   24.680  -6.8168E-02
   24.690   3.6219E-01
   24.700   9.4672E-01
   24.710   1.9396E+00
   24.720  -2.6046E-01
   24.730  -3.7115E-01
   24.740  -5.9035E-01
   24.750  -8.1945E-01
   24.760  -1.0387E+00
   24.770  -1.1540E+00
   24.780  -1.1456E+00
   24.790  -1.0209E+00
   24.800  -8.6036E-01
   24.810  -4.9191E-01
   24.820   6.1176E-02
   24.830   1.1719E+00
   24.840   1.8932E+00
   24.850   2.1770E+00
   24.860   2.5549E+00
   24.870   2.8504E+00
   24.880   3.0663E+00
   24.890   3.1971E+00
   24.900   3.2527E+00
   24.910   3.2883E+00
   24.920   3.3859E+00
   24.930   3.5149E+00
   24.940   3.7084E+00
   24.950   2.1977E+00
   24.960   1.7526E+00
   24.970   1.8589E+00
   24.980   1.9347E+00
   24.990   1.9885E+00
   25.000   2.6858E+00
   25.010   1.6634E+00
   25.020   1.6450E+00
   25.030   2.1321E+00
   25.040   2.1960E+00
   25.050   2.2747E+00
   25.060   2.3313E+00
   25.070   2.3008E+00
   25.080   2.1344E+00
   25.090   1.8371E+00
   25.100   1.4657E+00
   25.110   7.2670E-01
   25.120   2.8469E-01
   25.130  -1.8909E-01
   25.140  -6.3759E-01
   25.150  -1.0800E+00
   25.160  -2.3411E+00
   25.170  -2.3680E+00
   25.180  -2.7389E+00
   25.190  -2.9080E+00
   25.200  -3.0888E+00
   25.210  -3.3331E+00
   25.220  -3.6286E+00
   25.230  -3.9388E+00
   25.240  -4.1914E+00
   25.250  -4.3247E+00
   25.260  -4.3120E+00
   25.270  -3.4290E+00
   25.280  -3.0860E+00
   25.290  -2.6413E+00
   25.300  -2.1233E+00
   25.310  -1.5872E+00
   25.320  -1.4262E+00
   25.330  -1.0504E+00
   25.340  -8.3016E-01
   25.350  -6.6157E-01
   25.360  -7.8896E-01
   25.370  -9.5526E-01
   25.380  -1.0973E+00
   25.390  -1.1746E+00
   25.400   5.5228E-01
   25.410   5.6384E-01
   25.420  -6.4896E-01
   25.430  -5.3057E-01
   25.440  -3.6389E-01
   25.450  -2.0704E-01
   25.460  -1.3086E-01
   25.470  -1.2462E-01
   25.480   2.4609E-01
   25.490   2.2489E-01
   25.500   1.0255E-01
   25.510  -3.1037E-02
   25.520  -1.7707E-01
   25.530  -3.3864E-01
   25.540  -7.0829E-01
   25.550  -8.8251E-01
   25.560  -1.0788E+00
   25.570  -1.9048E+00
   25.580  -2.1997E+00
   25.590  -2.3194E+00
   25.600  -2.3430E+00
   25.610  -2.2692E+00
   25.620  -2.1243E+00
   25.630  -1.9385E+00
   25.640  -1.7258E+00
   25.650  -1.4883E+00
   25.660  -1.2382E+00
   25.670  -1.1592E+00
   25.680  -9.3658E-01
   25.690  -7.9322E-01
   25.700  -1.1493E+00
   25.710  -1.1695E+00
   25.720  -1.0050E+00
   25.730  -1.0224E+00
   25.740  -1.0053E+00
   25.750  -9.5896E-01
   25.760  -8.8577E-01
   25.770  -7.7097E-01
   25.780  -6.0332E-01
   25.790  -3.8984E-01
   25.800  -1.5541E-01
   25.810   7.5527E-02
   25.820   2.9023E-01
   25.830   5.0266E-01
   25.840   6.6817E-01
   25.850   8.1922E-01
   25.860   9.5903E-01
   25.870   1.0803E+00
   25.880   1.1257E+00
   25.890   1.2271E+00
   25.900   1.2692E+00
   25.910   1.2799E+00
   25.920   1.2129E+00
   25.930   1.1447E+00
   25.940   1.0894E+00
   25.950   1.0699E+00
   25.960   7.1200E-01
   25.970   7.6391E-01
   25.980   8.2902E-01
   25.990   9.1104E-01
   26.000   1.0124E+00
   26.010   1.1218E+00
   26.020   1.2210E+00
   26.030   1.2970E+00
   26.040   1.3409E+00
   26.050   1.3423E+00
   26.060   1.2954E+00
   26.070   1.2077E+00
   26.080   1.0920E+00
   26.090   9.4590E-01
   26.100   7.7110E-01
   26.110   5.7451E-01
   26.120   3.2148E-01
   26.130   1.8534E-01
   26.140   9.5265E-02
   26.150   3.5235E-01
   26.160   2.0416E-01
   26.170   5.2755E-02
   26.180  -8.6304E-02
   26.190  -2.0084E-01
   26.200  -2.7558E-01
   26.210  -3.3285E-01
   26.220  -3.7850E-01
   26.230  -4.2524E-01
   26.240  -4.8080E-01
   26.250  -5.9701E-01
   26.260  -6.4673E-01
   26.270  -6.0970E-01
   26.280  -5.8430E-01
   26.290  -3.6230E-01
   26.300  -3.6165E-01
   26.310  -3.0559E-01
   26.320  -2.0297E-01
   26.330  -7.3460E-02
   26.340   5.1401E-02
   26.350   1.3977E-01
   26.360   1.7839E-01
   26.370   1.8116E-01
   26.380   1.7933E-01
   26.390   2.0429E-01
   26.400   2.7602E-01
   26.410   3.9860E-01
   26.420   5.5819E-01
   26.430   7.2619E-01
   26.440   6.6380E-01
   26.450   7.7957E-01
   26.460   7.8548E-01
   26.470   8.3896E-01
   26.480   8.5175E-01
   26.490   7.6645E-01
   26.500   6.6766E-01
   26.510   4.0737E-01
   26.520   2.4515E-01
   26.530   9.9089E-02
   26.540   2.7585E-01
   26.550   2.8812E-01
   26.560   2.5042E-01
   26.570   3.0193E-01
   26.580   5.5352E-01
   26.590   5.8992E-01
   26.600   6.0735E-01
   26.610   6.0498E-01
   26.620   5.8873E-01
   26.630   5.7033E-01
   26.640   5.3456E-01
   26.650   5.3622E-01
   26.660   5.5441E-01
   26.670   5.8551E-01
   26.680   6.1935E-01
   26.690   6.4253E-01
   26.700   6.4719E-01
   26.710   6.3451E-01
   26.720   6.0772E-01
   26.730   5.6538E-01
   26.740   5.0300E-01
   26.750   4.2384E-01
   26.760   3.0460E-01
   26.770   2.2677E-01
   26.780   1.5979E-01
   26.790   3.1511E-01
   26.800   2.9558E-01
   26.810   3.0552E-01
   26.820   3.2036E-01
   26.830   3.3457E-01
   26.840   3.2835E-01
   26.850   2.7686E-01
   26.860   1.7065E-01
   26.870   2.1418E-02
   26.880  -1.5284E-02
   26.890  -1.8575E-01
   26.900  -3.4196E-01
   26.910  -4.6577E-01
   26.920  -5.6084E-01
   26.930  -6.3499E-01
   26.940  -6.9855E-01
   26.950  -7.5488E-01
   26.960  -7.4819E-01
   26.970  -7.6816E-01
   26.980  -7.7195E-01
   26.990  -7.6802E-01
   27.000  -7.6373E-01
   27.010  -8.5002E-01
   27.020  -8.5018E-01
   27.030  -8.4336E-01
   27.040  -8.2182E-01
   27.050  -7.8099E-01
   27.060  -7.1838E-01
   27.070  -6.3715E-01
   27.080  -5.4453E-01
   27.090  -4.4626E-01
   27.100  -3.4133E-01
   27.110  -2.7735E-01
   27.120  -1.4434E-01
   27.130   1.3073E-02
   27.140   1.8078E-01
   27.150   3.6383E-01
   27.160   4.9844E-01
   27.170   6.0190E-01
   27.180   6.7938E-01
   27.190   7.4009E-01
   27.200   7.9134E-01
   27.210   8.3416E-01
   27.220   7.4807E-01
   27.230   7.2435E-01
   27.240   6.7079E-01
   27.250   5.8643E-01
   27.260   4.8169E-01
   27.270   3.7572E-01
   27.280   2.8663E-01
   27.290   2.2099E-01
   27.300   1.9939E-01
   27.310   1.4161E-01
   27.320   5.7855E-02
   27.330  -6.1737E-02
   27.340  -2.1240E-01
   27.350   3.2328E-02
   27.360  -9.6350E-03
   27.370  -3.9293E-02
   27.380  -5.5576E-02
   27.390  -6.0848E-02
   27.400  -5.9891E-02
   27.410  -6.2717E-03
   27.420   4.4260E-03
   27.430   1.5419E-02
   27.440   2.8367E-02
   27.450   4.1429E-02
   27.460   5.1312E-02
   27.470   5.7648E-02
   27.480   3.2333E-02
   27.490   3.2662E-02
   27.500   4.8550E-02
   27.510   8.5693E-02
   27.520   1.4289E-01
   27.530   2.1247E-01
   27.540   2.8779E-01
   27.550   3.2997E-01
   27.560   3.4580E-01
   27.570   3.3504E-01
   27.580   3.1977E-01
   27.590   2.8541E-01
   27.600   2.4997E-01
   27.610   2.2362E-01
   27.620   2.0971E-01
   27.630   2.0374E-01
   27.640   1.9769E-01
   27.650   1.8353E-01
   27.660   5.9956E-02
   27.670   2.2349E-02
   27.680  -1.2750E-02
   27.690  -3.9010E-02
   27.700  -5.8139E-02
   27.710  -7.8236E-02
   27.720  -1.0489E-01
   27.730  -1.3521E-01
   27.740  -1.6112E-01
   27.750  -1.7708E-01
   27.760  -1.8385E-01
   27.770  -1.8699E-01
   27.780  -1.9345E-01
   27.790  -2.0819E-01
   27.800  -2.3105E-01
   27.810  -2.5675E-01
   27.820  -2.7897E-01
   27.830  -2.9401E-01
   27.840  -2.9953E-01
   27.850  -2.1476E-01
   27.860  -1.8935E-01
   27.870  -1.4851E-01
   27.880  -1.0018E-01
   27.890  -5.3051E-02
   27.900  -1.2509E-02
   27.910   1.9057E-02
   27.920   2.9406E-02
   27.930   4.2298E-02
   27.940   5.1000E-02
   27.950   6.2102E-02
   27.960   1.2236E-01
   27.970   1.5116E-01
   27.980   1.7241E-01
   27.990   1.8681E-01
   28.000   1.9650E-01
   28.010   2.0443E-01
   28.020   2.1295E-01
   28.030   2.2238E-01
   28.040   2.3097E-01
   28.050   2.3642E-01
   28.060   2.3742E-01
   28.070   2.3397E-01
   28.080   2.3093E-01
   28.090   2.2521E-01
   28.100   2.1260E-01
   28.110   1.8301E-01
   28.120   1.7532E-01
   28.130   1.6148E-01
   28.140   1.4283E-01
   28.150   1.2215E-01
   28.160   1.0138E-01
   28.170   8.0360E-02
   28.180   5.7475E-02
   28.190   3.1363E-02
   28.200   2.2051E-03
   28.210  -2.8143E-02
   28.220  -5.6846E-02
   28.230  -3.4697E-02
   28.240  -5.9381E-02
   28.250  -8.0558E-02
   28.260  -9.6385E-02
   28.270  -1.1043E-01
   28.280  -1.2920E-01
   28.290  -1.5712E-01
   28.300   6.0645E-03
   28.310   6.2997E-03
   28.320   6.4987E-03
   28.330   6.2743E-03
   28.340   5.3611E-03
   28.350  -2.1272E-03
   28.360  -3.4772E-03
   28.370  -5.2317E-03
   28.380  -7.1913E-03
   28.390  -9.3930E-03
   28.400  -1.2062E-02
   28.410  -1.5368E-02
   28.420  -1.9260E-02
   28.430  -2.3492E-02
   28.440  -2.7650E-02
   28.450  -3.1139E-02
   28.460  -3.3342E-02
   28.470  -3.3973E-02
   28.480  -3.3287E-02
   28.490  -3.1882E-02
   28.500  -3.0272E-02
   28.510  -2.8652E-02
   28.520  -2.6974E-02
   28.530  -2.5124E-02
   28.540  -2.3023E-02
   28.550  -2.0665E-02
   28.560  -1.8118E-02
   28.570  -1.5483E-02
   28.580  -1.2822E-02
   28.590  -1.0107E-02
   28.600  -7.2528E-03
   28.610  -4.1945E-03
   28.620  -9.7798E-04
   28.630   2.1861E-03
   28.640   4.9615E-03
   28.650   7.0309E-03
   28.660   8.2690E-03
   28.670   8.8119E-03
   28.680   5.8428E-03
   28.690   5.9574E-03
   28.700   6.4831E-03
   28.710   7.6168E-03
   28.720   9.3517E-03
   28.730   1.1468E-02
   28.740   1.3638E-02
   28.750   1.5647E-02
   28.760   1.7537E-02
   28.770   1.9443E-02
   28.780   2.1221E-02
   28.790   2.2298E-02
   28.800   2.1999E-02
   28.810   2.0033E-02
   28.820   1.6643E-02
   28.830   1.2378E-02
   28.840   7.8219E-03
   28.850   3.4578E-03
   28.860  -4.6032E-04
   28.870  -4.0245E-03
   28.880  -7.5530E-03
   28.890  -1.1231E-02
   28.900  -1.4885E-02
   28.910  -1.8166E-02
   28.920  -2.0893E-02
   28.930  -2.3176E-02
   28.940  -2.5244E-02
   28.950  -2.7213E-02
   28.960  -2.8958E-02
   28.970  -3.0171E-02
   28.980  -3.0585E-02
   28.990  -3.0221E-02
   29.000  -2.9372E-02
   29.010  -2.8328E-02
   29.020  -2.7141E-02
   29.030  -2.5689E-02
   29.040  -2.3840E-02
   29.050  -2.1493E-02
   29.060   3.7648E-03
   29.070   6.7868E-03
   29.080   9.2492E-03
   29.090   1.1310E-02
   29.100   9.0287E-03
   29.110   1.0657E-02
   29.120   1.2095E-02
   29.130   1.3175E-02
   29.140   1.3743E-02
   29.150   1.3663E-02
   29.160   1.2861E-02
   29.170   1.1416E-02
   29.180   1.0000E-02
   29.190   8.8337E-03
   29.200   9.3870E-03
   29.210   9.2073E-03
   29.220   8.9812E-03
   29.230   8.4182E-03
   29.240   7.3609E-03
   29.250   5.8341E-03
   29.260   4.0111E-03
   29.270   2.1245E-03
   29.280   3.7311E-04
   29.290  -1.1226E-03
   29.300  -2.3166E-03
   29.310  -3.2291E-03
   29.320  -3.9457E-03
   29.330  -4.6019E-03
   29.340  -5.3475E-03
   29.350  -6.3055E-03
   29.360  -7.5293E-03
   29.370  -8.9727E-03
   29.380  -1.0510E-02
   29.390  -1.2013E-02
   29.400  -1.3401E-02
   29.410  -1.4575E-02
   29.420  -1.5338E-02
   29.430  -1.5423E-02
   29.440  -1.4673E-02
   29.450  -1.3179E-02
   29.460  -1.1207E-02
   29.470  -8.9836E-03
   29.480  -7.1227E-04
   29.490   3.9600E-04
   29.500   1.4301E-03
   29.510   2.3244E-03
   29.520   0.0000E+00
   29.530   0.0000E+00
   29.540   0.0000E+00
   29.550   0.0000E+00
   29.560   0.0000E+00
   29.570   0.0000E+00
   29.580   0.0000E+00
   29.590   0.0000E+00
   29.600   0.0000E+00
   29.610   0.0000E+00
   29.620   0.0000E+00
   29.630   0.0000E+00
   29.640   0.0000E+00
   29.650   0.0000E+00
   29.660   0.0000E+00
   29.670   0.0000E+00
   29.680   0.0000E+00
   29.690   0.0000E+00
   29.700   0.0000E+00
   29.710   0.0000E+00
   29.720   0.0000E+00
   29.730   0.0000E+00
   29.740   0.0000E+00
   29.750   0.0000E+00
   29.760   0.0000E+00
   29.770   0.0000E+00
   29.780   0.0000E+00
   29.790   0.0000E+00
   29.800   0.0000E+00
   29.810   0.0000E+00
   29.820   0.0000E+00
   29.830   0.0000E+00
   29.840   0.0000E+00
   29.850   0.0000E+00
   29.860   0.0000E+00
   29.870   0.0000E+00
   29.880   0.0000E+00
   29.890   0.0000E+00
   29.900   0.0000E+00
   29.910   0.0000E+00
   29.920   0.0000E+00
   29.930   0.0000E+00
   29.940   0.0000E+00
   29.950   0.0000E+00
   29.960   0.0000E+00
   29.970   0.0000E+00
   29.980   0.0000E+00
   29.990   0.0000E+00
   30.000   0.0000E+00
   30.010   0.0000E+00
   30.020   0.0000E+00
   30.030   0.0000E+00
   30.040   0.0000E+00
   30.050   0.0000E+00
   30.060   0.0000E+00
   30.070   0.0000E+00
   30.080   0.0000E+00
   30.090   0.0000E+00
   30.100   0.0000E+00
   30.110   0.0000E+00
   30.120   0.0000E+00
   30.130   0.0000E+00
   30.140   0.0000E+00
   30.150   0.0000E+00
   30.160   0.0000E+00
   30.170   0.0000E+00
   30.180   0.0000E+00
   30.190   0.0000E+00
   30.200   0.0000E+00
   30.210   0.0000E+00
   30.220   0.0000E+00
   30.230   0.0000E+00
   30.240   0.0000E+00
   30.250   0.0000E+00
   30.260   0.0000E+00
   30.270   0.0000E+00
   30.280   0.0000E+00
   30.290   0.0000E+00
   30.300   0.0000E+00
   30.310   0.0000E+00
   30.320   0.0000E+00
   30.330   0.0000E+00
   30.340   0.0000E+00
   30.350   0.0000E+00
   30.360   0.0000E+00
   30.370   0.0000E+00
   30.380   0.0000E+00
   30.390   0.0000E+00
   30.400   0.0000E+00
   30.410   0.0000E+00
   30.420   0.0000E+00
   30.430   0.0000E+00
   30.440   0.0000E+00
   30.450   0.0000E+00
   30.460   0.0000E+00
   30.470   0.0000E+00
   30.480   0.0000E+00
   30.490   0.0000E+00
   30.500   0.0000E+00
   30.510   0.0000E+00
   30.520   0.0000E+00
   30.530   0.0000E+00
   30.540   0.0000E+00
   30.550   0.0000E+00
   30.560   0.0000E+00
   30.570   0.0000E+00
   30.580   0.0000E+00
   30.590   0.0000E+00
   30.600   0.0000E+00
   30.610   0.0000E+00
   30.620   0.0000E+00
   30.630   0.0000E+00
   30.640   0.0000E+00
   30.650   0.0000E+00
   30.660   0.0000E+00
   30.670   0.0000E+00
   30.680   0.0000E+00
   30.690   0.0000E+00
   30.700   0.0000E+00
   30.710   0.0000E+00
   30.720   0.0000E+00
   30.730   0.0000E+00
   30.740   0.0000E+00
   30.750   0.0000E+00
   30.760   0.0000E+00
   30.770   0.0000E+00
   30.780   0.0000E+00
   30.790   0.0000E+00
   30.800   0.0000E+00
   30.810   0.0000E+00
   30.820   0.0000E+00
   30.830   0.0000E+00
   30.840   0.0000E+00
   30.850   0.0000E+00
   30.860   0.0000E+00
   30.870   0.0000E+00
   30.880   0.0000E+00
   30.890   0.0000E+00
   30.900   0.0000E+00
   30.910   0.0000E+00
   30.920   0.0000E+00
   30.930   0.0000E+00
   30.940   0.0000E+00
   30.950   0.0000E+00
   30.960   0.0000E+00
   30.970   0.0000E+00
   30.980   0.0000E+00
   30.990   0.0000E+00
   31.000   0.0000E+00
   31.010   0.0000E+00
   31.020   0.0000E+00
   31.030   0.0000E+00
   31.040   0.0000E+00
   31.050   0.0000E+00
   31.060   0.0000E+00
   31.070   0.0000E+00
   31.080   0.0000E+00
   31.090   0.0000E+00
   31.100   0.0000E+00
   31.110   0.0000E+00
   31.120   0.0000E+00
   31.130   0.0000E+00
   31.140   0.0000E+00
   31.150   0.0000E+00
   31.160   0.0000E+00
   31.170   0.0000E+00
   31.180   0.0000E+00
   31.190   0.0000E+00
   31.200   0.0000E+00
   31.210   0.0000E+00
   31.220   0.0000E+00
   31.230   0.0000E+00
   31.240   0.0000E+00
   31.250   0.0000E+00
   31.260   0.0000E+00
   31.270   0.0000E+00
   31.280   0.0000E+00
   31.290   0.0000E+00
   31.300   0.0000E+00
   31.310   0.0000E+00
   31.320   0.0000E+00
   31.330   0.0000E+00
   31.340   0.0000E+00
   31.350   0.0000E+00
   31.360   0.0000E+00
   31.370   0.0000E+00
   31.380   0.0000E+00
   31.390   0.0000E+00
   31.400   0.0000E+00
   31.410   0.0000E+00
   31.420   0.0000E+00
   31.430   0.0000E+00
   31.440   0.0000E+00
   31.450   0.0000E+00
   31.460   0.0000E+00
   31.470   0.0000E+00
   31.480   0.0000E+00
   31.490   0.0000E+00
   31.500   0.0000E+00
   31.510   0.0000E+00
   31.520   0.0000E+00
   31.530   0.0000E+00
   31.540   0.0000E+00
   31.550   0.0000E+00
   31.560   0.0000E+00
   31.570   0.0000E+00
   31.580   0.0000E+00
   31.590   0.0000E+00
   31.600   0.0000E+00
   31.610   0.0000E+00
   31.620   0.0000E+00
   31.630   0.0000E+00
   31.640   0.0000E+00
   31.650   0.0000E+00
   31.660   0.0000E+00
   31.670   0.0000E+00
   31.680   0.0000E+00
   31.690   0.0000E+00
   31.700   0.0000E+00
   31.710   0.0000E+00
   31.720   0.0000E+00
   31.730   0.0000E+00
   31.740   0.0000E+00
   31.750   0.0000E+00
   31.760   0.0000E+00
   31.770   0.0000E+00
   31.780   0.0000E+00
   31.790   0.0000E+00
   31.800   0.0000E+00
   31.810   0.0000E+00
   31.820   0.0000E+00
   31.830   0.0000E+00
   31.840   0.0000E+00
   31.850   0.0000E+00
   31.860   0.0000E+00
   31.870   0.0000E+00
   31.880   0.0000E+00
   31.890   0.0000E+00
   31.900   0.0000E+00
   31.910   0.0000E+00
   31.920   0.0000E+00
   31.930   0.0000E+00
   31.940   0.0000E+00
   31.950   0.0000E+00
   31.960   0.0000E+00
   31.970   0.0000E+00
   31.980   0.0000E+00
   31.990   0.0000E+00
   32.000   0.0000E+00
   32.010   0.0000E+00
   32.020   0.0000E+00
   32.030   0.0000E+00
   32.040   0.0000E+00
   32.050   0.0000E+00
   32.060   0.0000E+00
   32.070   0.0000E+00
   32.080   0.0000E+00
   32.090   0.0000E+00
   32.100   0.0000E+00
   32.110   0.0000E+00
   32.120   0.0000E+00
   32.130   0.0000E+00
   32.140   0.0000E+00
   32.150   0.0000E+00
   32.160   0.0000E+00
   32.170   0.0000E+00
   32.180   0.0000E+00
   32.190   0.0000E+00
   32.200   0.0000E+00
   32.210   0.0000E+00
   32.220   0.0000E+00
   32.230   0.0000E+00
   32.240   0.0000E+00
   32.250   0.0000E+00
   32.260   0.0000E+00
   32.270   0.0000E+00
   32.280   0.0000E+00
   32.290   0.0000E+00
   32.300   0.0000E+00
   32.310   0.0000E+00
   32.320   0.0000E+00
   32.330   0.0000E+00
   32.340   0.0000E+00
   32.350   0.0000E+00
   32.360   0.0000E+00
   32.370   0.0000E+00
   32.380   0.0000E+00
   32.390   0.0000E+00
   32.400   0.0000E+00
   32.410   0.0000E+00
   32.420   0.0000E+00
   32.430   0.0000E+00
   32.440   0.0000E+00
   32.450   0.0000E+00
   32.460   0.0000E+00
   32.470   0.0000E+00
   32.480   0.0000E+00
   32.490   0.0000E+00
   32.500   0.0000E+00
   32.510   0.0000E+00
   32.520   0.0000E+00
   32.530   0.0000E+00
   32.540   0.0000E+00
   32.550   0.0000E+00
   32.560   0.0000E+00
   32.570   0.0000E+00
   32.580   0.0000E+00
   32.590   0.0000E+00
   32.600   0.0000E+00
   32.610   0.0000E+00
   32.620   0.0000E+00
   32.630   0.0000E+00
   32.640   0.0000E+00
   32.650   0.0000E+00
   32.660   0.0000E+00
   32.670   0.0000E+00
   32.680   0.0000E+00
   32.690   0.0000E+00
   32.700   0.0000E+00
   32.710   0.0000E+00
   32.720   0.0000E+00
   32.730   0.0000E+00
   32.740   0.0000E+00
   32.750   0.0000E+00
   32.760   0.0000E+00
   32.770   0.0000E+00
   32.780   0.0000E+00
   32.790   0.0000E+00
   32.800   0.0000E+00
   32.810   0.0000E+00
   32.820   0.0000E+00
   32.830   0.0000E+00
   32.840   0.0000E+00
   32.850   0.0000E+00
   32.860   0.0000E+00
   32.870   0.0000E+00
   32.880   0.0000E+00
   32.890   0.0000E+00
   32.900   0.0000E+00
   32.910   0.0000E+00
   32.920   0.0000E+00
   32.930   0.0000E+00
   32.940   0.0000E+00
   32.950   0.0000E+00
   32.960   0.0000E+00
   32.970   0.0000E+00
   32.980   0.0000E+00
   32.990   0.0000E+00
   33.000   0.0000E+00
   33.010   0.0000E+00
   33.020   0.0000E+00
   33.030   0.0000E+00
   33.040   0.0000E+00
   33.050   0.0000E+00
   33.060   0.0000E+00
   33.070   0.0000E+00
   33.080   0.0000E+00
   33.090   0.0000E+00
   33.100   0.0000E+00
   33.110   0.0000E+00
   33.120   0.0000E+00
   33.130   0.0000E+00
   33.140   0.0000E+00
   33.150   0.0000E+00
   33.160   0.0000E+00
   33.170   0.0000E+00
   33.180   0.0000E+00
   33.190   0.0000E+00
   33.200   0.0000E+00
   33.210   0.0000E+00
   33.220   0.0000E+00
   33.230   0.0000E+00
   33.240   0.0000E+00
   33.250   0.0000E+00
   33.260   0.0000E+00
   33.270   0.0000E+00
   33.280   0.0000E+00
   33.290   0.0000E+00
   33.300   0.0000E+00
   33.310   0.0000E+00
   33.320   0.0000E+00
   33.330   0.0000E+00
   33.340   0.0000E+00
   33.350   0.0000E+00
   33.360   0.0000E+00
   33.370   0.0000E+00
   33.380   0.0000E+00
   33.390   0.0000E+00
   33.400   0.0000E+00
   33.410   0.0000E+00
   33.420   0.0000E+00
   33.430   0.0000E+00
   33.440   0.0000E+00
   33.450   0.0000E+00
   33.460   0.0000E+00
   33.470   0.0000E+00
   33.480   0.0000E+00
   33.490   0.0000E+00
   33.500   0.0000E+00
   33.510   0.0000E+00
   33.520   0.0000E+00
   33.530   0.0000E+00
   33.540   0.0000E+00
   33.550   0.0000E+00
   33.560   0.0000E+00
   33.570   0.0000E+00
   33.580   0.0000E+00
   33.590   0.0000E+00
   33.600   0.0000E+00
   33.610   0.0000E+00
   33.620   0.0000E+00
   33.630   0.0000E+00
   33.640   0.0000E+00
   33.650   0.0000E+00
   33.660   0.0000E+00
   33.670   0.0000E+00
   33.680   0.0000E+00
   33.690   0.0000E+00
   33.700   0.0000E+00
   33.710   0.0000E+00
   33.720   0.0000E+00
   33.730   0.0000E+00
   33.740   0.0000E+00
   33.750   0.0000E+00
   33.760   0.0000E+00
   33.770   0.0000E+00
   33.780   0.0000E+00
   33.790   0.0000E+00
   33.800   0.0000E+00
   33.810   0.0000E+00
   33.820   0.0000E+00
   33.830   0.0000E+00
   33.840   0.0000E+00
   33.850   0.0000E+00
   33.860   0.0000E+00
   33.870   0.0000E+00
   33.880   0.0000E+00
   33.890   0.0000E+00
   33.900   0.0000E+00
   33.910   0.0000E+00
   33.920   0.0000E+00
   33.930   0.0000E+00
   33.940   0.0000E+00
   33.950   0.0000E+00
   33.960   0.0000E+00
   33.970   0.0000E+00
   33.980   0.0000E+00
   33.990   0.0000E+00
   34.000   0.0000E+00
   34.010   0.0000E+00
   34.020   0.0000E+00
   34.030   0.0000E+00
   34.040   0.0000E+00
   34.050   0.0000E+00
   34.060   0.0000E+00
   34.070   0.0000E+00
   34.080   0.0000E+00
   34.090   0.0000E+00
   34.100   0.0000E+00
   34.110   0.0000E+00
   34.120   0.0000E+00
   34.130   0.0000E+00
   34.140   0.0000E+00
   34.150   0.0000E+00
   34.160   0.0000E+00
   34.170   0.0000E+00
   34.180   0.0000E+00
   34.190   0.0000E+00
   34.200   0.0000E+00
   34.210   0.0000E+00
   34.220   0.0000E+00
   34.230   0.0000E+00
   34.240   0.0000E+00
   34.250   0.0000E+00
   34.260   0.0000E+00
   34.270   0.0000E+00
   34.280   0.0000E+00
   34.290   0.0000E+00
   34.300   0.0000E+00
   34.310   0.0000E+00
   34.320   0.0000E+00
   34.330   0.0000E+00
   34.340   0.0000E+00
   34.350   0.0000E+00
   34.360   0.0000E+00
   34.370   0.0000E+00
   34.380   0.0000E+00
   34.390   0.0000E+00
   34.400   0.0000E+00
   34.410   0.0000E+00
   34.420   0.0000E+00
   34.430   0.0000E+00
   34.440   0.0000E+00
   34.450   0.0000E+00
   34.460   0.0000E+00
   34.470   0.0000E+00
   34.480   0.0000E+00
   34.490   0.0000E+00
   34.500   0.0000E+00
   34.510   0.0000E+00
   34.520   0.0000E+00
   34.530   0.0000E+00
   34.540   0.0000E+00
   34.550   0.0000E+00
   34.560   0.0000E+00
   34.570   0.0000E+00
   34.580   0.0000E+00
   34.590   0.0000E+00
   34.600   0.0000E+00
   34.610   0.0000E+00
   34.620   0.0000E+00
   34.630   0.0000E+00
   34.640   0.0000E+00
   34.650   0.0000E+00
   34.660   0.0000E+00
   34.670   0.0000E+00
   34.680   0.0000E+00
   34.690   0.0000E+00
   34.700   0.0000E+00
   34.710   0.0000E+00
   34.720   0.0000E+00
   34.730   0.0000E+00
   34.740   0.0000E+00
   34.750   0.0000E+00
   34.760   0.0000E+00
   34.770   0.0000E+00
   34.780   0.0000E+00
   34.790   0.0000E+00
   34.800   0.0000E+00
   34.810   0.0000E+00
   34.820   0.0000E+00
   34.830   0.0000E+00
   34.840   0.0000E+00
   34.850   0.0000E+00
   34.860   0.0000E+00
   34.870   0.0000E+00
   34.880   0.0000E+00
   34.890   0.0000E+00
   34.900   0.0000E+00
   34.910   0.0000E+00
   34.920   0.0000E+00
   34.930   0.0000E+00
   34.940   0.0000E+00
   34.950   0.0000E+00
   34.960   0.0000E+00
   34.970   0.0000E+00
   34.980   0.0000E+00
   34.990   0.0000E+00
   35.000   0.0000E+00
   35.010   0.0000E+00
   35.020   0.0000E+00
   35.030   0.0000E+00
   35.040   0.0000E+00
   35.050   0.0000E+00
   35.060   0.0000E+00
   35.070   0.0000E+00
   35.080   0.0000E+00
   35.090   0.0000E+00
   35.100   0.0000E+00
   35.110   0.0000E+00
   35.120   0.0000E+00
   35.130   0.0000E+00
   35.140   0.0000E+00
   35.150   0.0000E+00
   35.160   0.0000E+00
   35.170   0.0000E+00
   35.180   0.0000E+00
   35.190   0.0000E+00
   35.200   0.0000E+00
   35.210   0.0000E+00
   35.220   0.0000E+00
   35.230   0.0000E+00
   35.240   0.0000E+00
   35.250   0.0000E+00
   35.260   0.0000E+00
   35.270   0.0000E+00
   35.280   0.0000E+00
   35.290   0.0000E+00
   35.300   0.0000E+00
   35.310   0.0000E+00
   35.320   0.0000E+00
   35.330   0.0000E+00
   35.340   0.0000E+00
   35.350   0.0000E+00
   35.360   0.0000E+00
   35.370   0.0000E+00
   35.380   0.0000E+00
   35.390   0.0000E+00
   35.400   0.0000E+00
   35.410   0.0000E+00
   35.420   0.0000E+00
   35.430   0.0000E+00
   35.440   0.0000E+00
   35.450   0.0000E+00
   35.460   0.0000E+00
   35.470   0.0000E+00
   35.480   0.0000E+00
   35.490   0.0000E+00
   35.500   0.0000E+00
   35.510   0.0000E+00
   35.520   0.0000E+00
   35.530   0.0000E+00
   35.540   0.0000E+00
   35.550   0.0000E+00
   35.560   0.0000E+00
   35.570   0.0000E+00
   35.580   0.0000E+00
   35.590   0.0000E+00
   35.600   0.0000E+00
   35.610   0.0000E+00
   35.620   0.0000E+00
   35.630   0.0000E+00
   35.640   0.0000E+00
   35.650   0.0000E+00
   35.660   0.0000E+00
   35.670   0.0000E+00
   35.680   0.0000E+00
   35.690   0.0000E+00
   35.700   0.0000E+00
   35.710   0.0000E+00
   35.720   0.0000E+00
   35.730   0.0000E+00
   35.740   0.0000E+00
   35.750   0.0000E+00
   35.760   0.0000E+00
   35.770   0.0000E+00
   35.780   0.0000E+00
   35.790   0.0000E+00
   35.800   0.0000E+00
   35.810   0.0000E+00
   35.820   0.0000E+00
   35.830   0.0000E+00
   35.840   0.0000E+00
   35.850   0.0000E+00
   35.860   0.0000E+00
   35.870   0.0000E+00
   35.880   0.0000E+00
   35.890   0.0000E+00
   35.900   0.0000E+00
   35.910   0.0000E+00
   35.920   0.0000E+00
   35.930   0.0000E+00
   35.940   0.0000E+00
   35.950   0.0000E+00
   35.960   0.0000E+00
   35.970   0.0000E+00
   35.980   0.0000E+00
   35.990   0.0000E+00
   36.000   0.0000E+00
   36.010   0.0000E+00
   36.020   0.0000E+00
   36.030   0.0000E+00
   36.040   0.0000E+00
   36.050   0.0000E+00
   36.060   0.0000E+00
   36.070   0.0000E+00
   36.080   0.0000E+00
   36.090   0.0000E+00
   36.100   0.0000E+00
   36.110   0.0000E+00
   36.120   0.0000E+00
   36.130   0.0000E+00
   36.140   0.0000E+00
   36.150   0.0000E+00
   36.160   0.0000E+00
   36.170   0.0000E+00
   36.180   0.0000E+00
   36.190   0.0000E+00
   36.200   0.0000E+00
   36.210   0.0000E+00
   36.220   0.0000E+00
   36.230   0.0000E+00
   36.240   0.0000E+00
   36.250   0.0000E+00
   36.260   0.0000E+00
   36.270   0.0000E+00
   36.280   0.0000E+00
   36.290   0.0000E+00
   36.300   0.0000E+00
   36.310   0.0000E+00
   36.320   0.0000E+00
   36.330   0.0000E+00
   36.340   0.0000E+00
   36.350   0.0000E+00
   36.360   0.0000E+00
   36.370   0.0000E+00
   36.380   0.0000E+00
   36.390   0.0000E+00
   36.400   0.0000E+00
   36.410   0.0000E+00
   36.420   0.0000E+00
   36.430   0.0000E+00
   36.440   0.0000E+00
   36.450   0.0000E+00
   36.460   0.0000E+00
   36.470   0.0000E+00
   36.480   0.0000E+00
   36.490   0.0000E+00
   36.500   0.0000E+00
   36.510   0.0000E+00
   36.520   0.0000E+00
   36.530   0.0000E+00
   36.540   0.0000E+00
   36.550   0.0000E+00
   36.560   0.0000E+00
   36.570   0.0000E+00
   36.580   0.0000E+00
   36.590   0.0000E+00
   36.600   0.0000E+00
   36.610   0.0000E+00
   36.620   0.0000E+00
   36.630   0.0000E+00
   36.640   0.0000E+00
   36.650   0.0000E+00
   36.660   0.0000E+00
   36.670   0.0000E+00
   36.680   0.0000E+00
   36.690   0.0000E+00
   36.700   0.0000E+00
   36.710   0.0000E+00
   36.720   0.0000E+00
   36.730   0.0000E+00
   36.740   0.0000E+00
   36.750   0.0000E+00
   36.760   0.0000E+00
   36.770   0.0000E+00
   36.780   0.0000E+00
   36.790   0.0000E+00
   36.800   0.0000E+00
   36.810   0.0000E+00
   36.820   0.0000E+00
   36.830   0.0000E+00
   36.840   0.0000E+00
   36.850   0.0000E+00
   36.860   0.0000E+00
   36.870   0.0000E+00
   36.880   0.0000E+00
   36.890   0.0000E+00
   36.900   0.0000E+00
   36.910   0.0000E+00
   36.920   0.0000E+00
   36.930   0.0000E+00
   36.940   0.0000E+00
   36.950   0.0000E+00
   36.960   0.0000E+00
   36.970   0.0000E+00
   36.980   0.0000E+00
   36.990   0.0000E+00
   37.000   0.0000E+00
   37.010   0.0000E+00
   37.020   0.0000E+00
   37.030   0.0000E+00
   37.040   0.0000E+00
   37.050   0.0000E+00
   37.060   0.0000E+00
   37.070   0.0000E+00
   37.080   0.0000E+00
   37.090   0.0000E+00
   37.100   0.0000E+00
   37.110   0.0000E+00
   37.120   0.0000E+00
   37.130   0.0000E+00
   37.140   0.0000E+00
   37.150   0.0000E+00
   37.160   0.0000E+00
   37.170   0.0000E+00
   37.180   0.0000E+00
   37.190   0.0000E+00
   37.200   0.0000E+00
   37.210   0.0000E+00
   37.220   0.0000E+00
   37.230   0.0000E+00
   37.240   0.0000E+00
   37.250   0.0000E+00
   37.260   0.0000E+00
   37.270   0.0000E+00
   37.280   0.0000E+00
   37.290   0.0000E+00
   37.300   0.0000E+00
   37.310   0.0000E+00
   37.320   0.0000E+00
   37.330   0.0000E+00
   37.340   0.0000E+00
   37.350   0.0000E+00
   37.360   0.0000E+00
   37.370   0.0000E+00
   37.380   0.0000E+00
   37.390   0.0000E+00
   37.400   0.0000E+00
   37.410   0.0000E+00
   37.420   0.0000E+00
   37.430   0.0000E+00
   37.440   0.0000E+00
   37.450   0.0000E+00
   37.460   0.0000E+00
   37.470   0.0000E+00
   37.480   0.0000E+00
   37.490   0.0000E+00
   37.500   0.0000E+00
   37.510   0.0000E+00
   37.520   0.0000E+00
   37.530   0.0000E+00
   37.540   0.0000E+00
   37.550   0.0000E+00
   37.560   0.0000E+00
   37.570   0.0000E+00
   37.580   0.0000E+00
   37.590   0.0000E+00
   37.600   0.0000E+00
   37.610   0.0000E+00
   37.620   0.0000E+00
   37.630   0.0000E+00
   37.640   0.0000E+00
   37.650   0.0000E+00
   37.660   0.0000E+00
   37.670   0.0000E+00
   37.680   0.0000E+00
   37.690   0.0000E+00
   37.700   0.0000E+00
   37.710   0.0000E+00
   37.720   0.0000E+00
   37.730   0.0000E+00
   37.740   0.0000E+00
   37.750   0.0000E+00
   37.760   0.0000E+00
   37.770   0.0000E+00
   37.780   0.0000E+00
   37.790   0.0000E+00
   37.800   0.0000E+00
   37.810   0.0000E+00
   37.820   0.0000E+00
   37.830   0.0000E+00
   37.840   0.0000E+00
   37.850   0.0000E+00
   37.860   0.0000E+00
   37.870   0.0000E+00
   37.880   0.0000E+00
   37.890   0.0000E+00
   37.900   0.0000E+00
   37.910   0.0000E+00
   37.920   0.0000E+00
   37.930   0.0000E+00
   37.940   0.0000E+00
   37.950   0.0000E+00
   37.960   0.0000E+00
   37.970   0.0000E+00
   37.980   0.0000E+00
   37.990   0.0000E+00
   38.000   0.0000E+00
   38.010   0.0000E+00
   38.020   0.0000E+00
   38.030   0.0000E+00
   38.040   0.0000E+00
   38.050   0.0000E+00
   38.060   0.0000E+00
   38.070   0.0000E+00
   38.080   0.0000E+00
   38.090   0.0000E+00
   38.100   0.0000E+00
   38.110   0.0000E+00
   38.120   0.0000E+00
   38.130   0.0000E+00
   38.140   0.0000E+00
   38.150   0.0000E+00
   38.160   0.0000E+00
   38.170   0.0000E+00
   38.180   0.0000E+00
   38.190   0.0000E+00
   38.200   0.0000E+00
   38.210   0.0000E+00
   38.220   0.0000E+00
   38.230   0.0000E+00
   38.240   0.0000E+00
   38.250   0.0000E+00
   38.260   0.0000E+00
   38.270   0.0000E+00
   38.280   0.0000E+00
   38.290   0.0000E+00
   38.300   0.0000E+00
   38.310   0.0000E+00
   38.320   0.0000E+00
   38.330   0.0000E+00
   38.340   0.0000E+00
   38.350   0.0000E+00
   38.360   0.0000E+00
   38.370   0.0000E+00
   38.380   0.0000E+00
   38.390   0.0000E+00
   38.400   0.0000E+00
   38.410   0.0000E+00
   38.420   0.0000E+00
   38.430   0.0000E+00
   38.440   0.0000E+00
   38.450   0.0000E+00
   38.460   0.0000E+00
   38.470   0.0000E+00
   38.480   0.0000E+00
   38.490   0.0000E+00
   38.500   0.0000E+00
   38.510   0.0000E+00
   38.520   0.0000E+00
   38.530   0.0000E+00
   38.540   0.0000E+00
   38.550   0.0000E+00
   38.560   0.0000E+00
   38.570   0.0000E+00
   38.580   0.0000E+00
   38.590   0.0000E+00
   38.600   0.0000E+00
   38.610   0.0000E+00
   38.620   0.0000E+00
   38.630   0.0000E+00
   38.640   0.0000E+00
   38.650   0.0000E+00
   38.660   0.0000E+00
   38.670   0.0000E+00
   38.680   0.0000E+00
   38.690   0.0000E+00
   38.700   0.0000E+00
   38.710   0.0000E+00
   38.720   0.0000E+00
   38.730   0.0000E+00
   38.740   0.0000E+00
   38.750   0.0000E+00
   38.760   0.0000E+00
   38.770   0.0000E+00
   38.780   0.0000E+00
   38.790   0.0000E+00
   38.800   0.0000E+00
   38.810   0.0000E+00
   38.820   0.0000E+00
   38.830   0.0000E+00
   38.840   0.0000E+00
   38.850   0.0000E+00
   38.860   0.0000E+00
   38.870   0.0000E+00
   38.880   0.0000E+00
   38.890   0.0000E+00
   38.900   0.0000E+00
   38.910   0.0000E+00
   38.920   0.0000E+00
   38.930   0.0000E+00
   38.940   0.0000E+00
   38.950   0.0000E+00
   38.960   0.0000E+00
   38.970   0.0000E+00
   38.980   0.0000E+00
   38.990   0.0000E+00
   39.000   0.0000E+00
   39.010   0.0000E+00
   39.020   0.0000E+00
   39.030   0.0000E+00
   39.040   0.0000E+00
   39.050   0.0000E+00
   39.060   0.0000E+00
   39.070   0.0000E+00
   39.080   0.0000E+00
   39.090   0.0000E+00
   39.100   0.0000E+00
   39.110   0.0000E+00
   39.120   0.0000E+00
   39.130   0.0000E+00
   39.140   0.0000E+00
   39.150   0.0000E+00
   39.160   0.0000E+00
   39.170   0.0000E+00
   39.180   0.0000E+00
   39.190   0.0000E+00
   39.200   0.0000E+00
   39.210   0.0000E+00
   39.220   0.0000E+00
   39.230   0.0000E+00
   39.240   0.0000E+00
   39.250   0.0000E+00
   39.260   0.0000E+00
   39.270   0.0000E+00
   39.280   0.0000E+00
   39.290   0.0000E+00
   39.300   0.0000E+00
   39.310   0.0000E+00
   39.320   0.0000E+00
   39.330   0.0000E+00
   39.340   0.0000E+00
   39.350   0.0000E+00
   39.360   0.0000E+00
   39.370   0.0000E+00
   39.380   0.0000E+00
   39.390   0.0000E+00
   39.400   0.0000E+00
   39.410   0.0000E+00
   39.420   0.0000E+00
   39.430   0.0000E+00
   39.440   0.0000E+00
   39.450   0.0000E+00
   39.460   0.0000E+00
   39.470   0.0000E+00
   39.480   0.0000E+00
   39.490   0.0000E+00
   39.500   0.0000E+00
   39.510   0.0000E+00
   39.520   0.0000E+00
   39.530   0.0000E+00
   39.540   0.0000E+00
   39.550   0.0000E+00
   39.560   0.0000E+00
   39.570   0.0000E+00
   39.580   0.0000E+00
   39.590   0.0000E+00
   39.600   0.0000E+00
   39.610   0.0000E+00
   39.620   0.0000E+00
   39.630   0.0000E+00
   39.640   0.0000E+00
   39.650   0.0000E+00
   39.660   0.0000E+00
   39.670   0.0000E+00
   39.680   0.0000E+00
   39.690   0.0000E+00
   39.700   0.0000E+00
   39.710   0.0000E+00
   39.720   0.0000E+00
   39.730   0.0000E+00
   39.740   0.0000E+00
   39.750   0.0000E+00
   39.760   0.0000E+00
   39.770   0.0000E+00
   39.780   0.0000E+00
   39.790   0.0000E+00
   39.800   0.0000E+00
   39.810   0.0000E+00
   39.820   0.0000E+00
   39.830   0.0000E+00
   39.840   0.0000E+00
   39.850   0.0000E+00
   39.860   0.0000E+00
   39.870   0.0000E+00
   39.880   0.0000E+00
   39.890   0.0000E+00
   39.900   0.0000E+00
   39.910   0.0000E+00
   39.920   0.0000E+00
   39.930   0.0000E+00
   39.940   0.0000E+00
   39.950   0.0000E+00
   39.960   0.0000E+00
   39.970   0.0000E+00
   39.980   0.0000E+00
   39.990   0.0000E+00
   40.000   0.0000E+00
   40.010   0.0000E+00
   40.020   0.0000E+00
   40.030   0.0000E+00
   40.040   0.0000E+00
   40.050   0.0000E+00
   40.060   0.0000E+00
   40.070   0.0000E+00
   40.080   0.0000E+00
   40.090   0.0000E+00
   40.100   0.0000E+00
   40.110   0.0000E+00
   40.120   0.0000E+00
   40.130   0.0000E+00
   40.140   0.0000E+00
   40.150   0.0000E+00
   40.160   0.0000E+00
   40.170   0.0000E+00
   40.180   0.0000E+00
   40.190   0.0000E+00
   40.200   0.0000E+00
   40.210   0.0000E+00
   40.220   0.0000E+00
   40.230   0.0000E+00
   40.240   0.0000E+00
   40.250   0.0000E+00
   40.260   0.0000E+00
   40.270   0.0000E+00
   40.280   0.0000E+00
   40.290   0.0000E+00
   40.300   0.0000E+00
   40.310   0.0000E+00
   40.320   0.0000E+00
   40.330   0.0000E+00
   40.340   0.0000E+00
   40.350   0.0000E+00
   40.360   0.0000E+00
   40.370   0.0000E+00
   40.380   0.0000E+00
   40.390   0.0000E+00
   40.400   0.0000E+00
   40.410   0.0000E+00
   40.420   0.0000E+00
   40.430   0.0000E+00
   40.440   0.0000E+00
   40.450   0.0000E+00
   40.460   0.0000E+00
   40.470   0.0000E+00
   40.480   0.0000E+00
   40.490   0.0000E+00
   40.500   0.0000E+00
   40.510   0.0000E+00
   40.520   0.0000E+00
   40.530   0.0000E+00
   40.540   0.0000E+00
   40.550   0.0000E+00
   40.560   0.0000E+00
   40.570   0.0000E+00
   40.580   0.0000E+00
   40.590   0.0000E+00
   40.600   0.0000E+00
   40.610   0.0000E+00
   40.620   0.0000E+00
   40.630   0.0000E+00
   40.640   0.0000E+00
   40.650   0.0000E+00
   40.660   0.0000E+00
   40.670   0.0000E+00
   40.680   0.0000E+00
   40.690   0.0000E+00
   40.700   0.0000E+00
   40.710   0.0000E+00
   40.720   0.0000E+00
   40.730   0.0000E+00
   40.740   0.0000E+00
   40.750   0.0000E+00
   40.760   0.0000E+00
   40.770   0.0000E+00
   40.780   0.0000E+00
   40.790   0.0000E+00
   40.800   0.0000E+00
   40.810   0.0000E+00
   40.820   0.0000E+00
   40.830   0.0000E+00
   40.840   0.0000E+00
   40.850   0.0000E+00
   40.860   0.0000E+00
   40.870   0.0000E+00
   40.880   0.0000E+00
   40.890   0.0000E+00
   40.900   0.0000E+00
   40.910   0.0000E+00
   40.920   0.0000E+00
   40.930   0.0000E+00
   40.940   0.0000E+00
   40.950   0.0000E+00
