**********************************************
*******  Acceleration Time Series ************
*** Site #   1
*** trial   30
Input Parameters file =  aqk_0604__parameters.out                                                                                                
  4096 samples
dt:  0.010 sec
data format: (1x,f8.3,1p,2x,e11.4)
maximum absolute acceleration: 399.42
fault Dis.(km)=    5.06
Hypo  Dis.(km)=   11.45
  time(s) acc(cm/s**2)
    0.000   0.0000E+00
    0.010   0.0000E+00
    0.020   0.0000E+00
    0.030   0.0000E+00
    0.040   0.0000E+00
    0.050   0.0000E+00
    0.060   0.0000E+00
    0.070   0.0000E+00
    0.080   0.0000E+00
    0.090   0.0000E+00
    0.100   0.0000E+00
    0.110   0.0000E+00
    0.120   0.0000E+00
    0.130   0.0000E+00
    0.140   0.0000E+00
    0.150  -5.4882E-01
    0.160  -7.4375E-01
    0.170  -9.3405E-01
    0.180  -1.1129E+00
    0.190  -1.2775E+00
    0.200  -1.4299E+00
    0.210  -1.5742E+00
    0.220  -1.7137E+00
    0.230  -1.8495E+00
    0.240  -1.9776E+00
    0.250  -2.0848E+00
    0.260  -2.1493E+00
    0.270  -2.1505E+00
    0.280  -2.0798E+00
    0.290  -1.9451E+00
    0.300  -1.7670E+00
    0.310  -1.5712E+00
    0.320  -1.3798E+00
    0.330  -1.2027E+00
    0.340  -1.0303E+00
    0.350  -8.3711E-01
    0.360  -5.9616E-01
    0.370  -2.9653E-01
    0.380   5.0129E-02
    0.390   4.1544E-01
    0.400   7.6622E-01
    0.410   1.0757E+00
    0.420   1.3311E+00
    0.430   1.5360E+00
    0.440   1.7050E+00
    0.450   1.8552E+00
    0.460   1.9992E+00
    0.470   2.1417E+00
    0.480   2.2788E+00
    0.490   2.4000E+00
    0.500   2.4958E+00
    0.510   2.5660E+00
    0.520   2.6194E+00
    0.530   2.6609E+00
    0.540   2.6793E+00
    0.550   2.6486E+00
    0.560   2.5442E+00
    0.570   2.3585E+00
    0.580   2.1065E+00
    0.590   1.8228E+00
    0.600   1.5525E+00
    0.610   1.3362E+00
    0.620   1.1905E+00
    0.630   1.0971E+00
    0.640   1.4749E+00
    0.650   1.1308E+00
    0.660   1.7987E+00
    0.670   1.1030E+00
    0.680   4.2833E-01
    0.690  -5.7690E-02
    0.700  -5.0942E-01
    0.710  -9.0817E-01
    0.720  -1.3071E+00
    0.730  -1.7517E+00
    0.740  -2.2626E+00
    0.750  -2.8221E+00
    0.760  -3.3802E+00
    0.770  -4.5551E+00
    0.780  -4.9001E+00
    0.790  -5.0789E+00
    0.800  -5.1075E+00
    0.810  -5.2674E+00
    0.820  -5.2291E+00
    0.830  -5.1541E+00
    0.840  -5.0000E+00
    0.850  -4.8690E+00
    0.860  -4.7596E+00
    0.870  -4.7191E+00
    0.880  -4.7620E+00
    0.890  -4.8359E+00
    0.900  -4.8436E+00
    0.910  -6.1843E+00
    0.920  -5.8714E+00
    0.930  -5.3177E+00
    0.940  -4.5898E+00
    0.950  -3.8045E+00
    0.960  -3.0776E+00
    0.970  -2.4556E+00
    0.980  -1.8871E+00
    0.990  -1.2697E+00
    1.000  -5.3163E-01
    1.010   3.1746E-01
    1.020  -5.2946E-01
    1.030   3.7653E-01
    1.040   1.1755E+00
    1.050   1.8258E+00
    1.060   2.2883E+00
    1.070   2.5258E+00
    1.080   2.5430E+00
    1.090   2.4157E+00
    1.100   2.0518E+00
    1.110   1.9350E+00
    1.120   1.8490E+00
    1.130   1.8196E+00
    1.140   2.4877E-02
    1.150  -9.5610E-03
    1.160  -7.0741E-02
    1.170  -2.2835E-01
    1.180  -5.3769E-01
    1.190  -1.0124E+00
    1.200  -9.7193E-01
    1.210  -1.8386E+00
    1.220  -2.6614E+00
    1.230  -3.3358E+00
    1.240  -2.7984E+00
    1.250  -3.0192E+00
    1.260  -9.0694E-01
    1.270  -6.3563E-01
    1.280  -3.8822E-01
    1.290  -3.8613E-01
    1.300  -3.0008E-01
    1.310  -3.2060E-01
    1.320  -4.2253E-01
    1.330  -6.2141E-01
    1.340  -9.5228E-01
    1.350  -1.4203E+00
    1.360  -1.9831E+00
    1.370  -2.5714E+00
    1.380  -3.1107E+00
    1.390  -3.5218E+00
    1.400  -3.7195E+00
    1.410  -3.8673E+00
    1.420  -3.4322E+00
    1.430  -6.2015E+00
    1.440  -5.3554E+00
    1.450  -4.3819E+00
    1.460  -2.1458E+00
    1.470  -1.0959E+00
    1.480  -1.3875E-01
    1.490   7.4184E-01
    1.500   1.5659E+00
    1.510   2.6164E+00
    1.520   3.2855E+00
    1.530   3.8668E+00
    1.540   4.6441E+00
    1.550   5.1137E+00
    1.560   5.5212E+00
    1.570   5.8326E+00
    1.580   6.3143E+00
    1.590   6.4589E+00
    1.600   6.1233E+00
    1.610   5.5016E+00
    1.620   5.4099E+00
    1.630   5.0219E+00
    1.640   4.3042E+00
    1.650   3.3347E+00
    1.660   2.2895E+00
    1.670   1.3638E+00
    1.680   6.5900E-01
    1.690   1.1456E-01
    1.700  -4.5225E-01
    1.710  -1.2252E+00
    1.720  -2.2789E+00
    1.730  -3.5461E+00
    1.740  -4.8545E+00
    1.750  -6.2783E+00
    1.760  -7.2467E+00
    1.770  -7.8869E+00
    1.780  -8.2949E+00
    1.790  -1.0630E+01
    1.800  -1.0868E+01
    1.810  -1.1057E+01
    1.820  -1.0997E+01
    1.830  -1.1073E+01
    1.840  -1.0989E+01
    1.850  -1.0694E+01
    1.860  -1.0188E+01
    1.870  -9.1452E+00
    1.880  -8.2989E+00
    1.890  -7.2382E+00
    1.900  -5.8804E+00
    1.910  -5.2772E+00
    1.920  -3.4490E+00
    1.930  -3.0905E+00
    1.940  -1.2775E+00
    1.950  -3.3077E-01
    1.960   2.0978E-01
    1.970   6.2713E-01
    1.980   1.2076E+00
    1.990   2.1290E+00
    2.000   3.4322E+00
    2.010   5.0372E+00
    2.020   6.7780E+00
    2.030   8.4544E+00
    2.040   9.0250E+00
    2.050   9.9383E+00
    2.060   1.0410E+01
    2.070   1.0464E+01
    2.080   1.0230E+01
    2.090   9.5135E+00
    2.100   8.9020E+00
    2.110   8.8903E+00
    2.120   9.2628E+00
    2.130   9.9810E+00
    2.140   1.0983E+01
    2.150   1.2064E+01
    2.160   1.2931E+01
    2.170   1.3336E+01
    2.180   1.3205E+01
    2.190   1.2091E+01
    2.200   1.1331E+01
    2.210   1.0639E+01
    2.220   1.0186E+01
    2.230   1.0006E+01
    2.240   9.9855E+00
    2.250   9.9203E+00
    2.260   9.6359E+00
    2.270   9.6288E+00
    2.280   8.9100E+00
    2.290   8.2305E+00
    2.300   7.5621E+00
    2.310   6.7692E+00
    2.320   5.7854E+00
    2.330   5.0216E+00
    2.340   4.1063E+00
    2.350   3.0703E+00
    2.360   1.9566E+00
    2.370   1.2258E+00
    2.380  -4.0002E-01
    2.390  -1.4769E+00
    2.400  -2.5330E+00
    2.410  -3.5888E+00
    2.420  -4.2663E+00
    2.430  -4.3142E+00
    2.440  -3.5657E+00
    2.450  -4.0744E+00
    2.460  -2.3529E+00
    2.470  -6.3804E-01
    2.480   6.8637E-01
    2.490   2.2305E+00
    2.500   2.3643E+00
    2.510   2.0915E+00
    2.520   1.7208E+00
    2.530   1.5680E+00
    2.540   1.7671E+00
    2.550   2.2704E+00
    2.560   2.8756E+00
    2.570   3.3871E+00
    2.580   3.4377E+00
    2.590   4.0496E+00
    2.600   4.3219E+00
    2.610   5.4031E+00
    2.620   7.0865E+00
    2.630   8.3904E+00
    2.640   9.4142E+00
    2.650   1.0286E+01
    2.660   1.0911E+01
    2.670   1.1274E+01
    2.680   1.1231E+01
    2.690   1.0667E+01
    2.700   9.6154E+00
    2.710   8.2899E+00
    2.720   6.9160E+00
    2.730   1.5320E+00
    2.740   2.0757E-02
    2.750  -2.2345E+00
    2.760  -5.1265E+00
    2.770  -8.8859E+00
    2.780  -1.0009E+01
    2.790  -1.1133E+01
    2.800  -1.2683E+01
    2.810  -1.4290E+01
    2.820  -1.5829E+01
    2.830  -1.7031E+01
    2.840  -1.7818E+01
    2.850  -1.8286E+01
    2.860  -1.8414E+01
    2.870  -1.8078E+01
    2.880  -1.7102E+01
    2.890  -1.5362E+01
    2.900  -1.2877E+01
    2.910  -9.8298E+00
    2.920  -6.5174E+00
    2.930  -3.2638E+00
    2.940  -3.0284E-01
    2.950   3.5416E+00
    2.960   5.8264E+00
    2.970   8.1339E+00
    2.980   1.0572E+01
    2.990   1.2540E+01
    3.000   1.4757E+01
    3.010   1.8342E+01
    3.020   2.1454E+01
    3.030   2.2276E+01
    3.040   2.2605E+01
    3.050   2.2418E+01
    3.060   2.2042E+01
    3.070   2.1619E+01
    3.080   2.1026E+01
    3.090   1.9969E+01
    3.100   1.8437E+01
    3.110   1.8977E+01
    3.120   1.7499E+01
    3.130   1.5847E+01
    3.140   1.4246E+01
    3.150   1.2337E+01
    3.160   9.5812E+00
    3.170   5.4850E+00
    3.180  -5.2615E-03
    3.190  -6.2723E+00
    3.200  -1.2600E+01
    3.210  -1.7506E+01
    3.220  -2.1032E+01
    3.230  -2.3479E+01
    3.240  -2.5250E+01
    3.250  -2.6276E+01
    3.260  -2.7325E+01
    3.270  -2.8530E+01
    3.280  -2.9656E+01
    3.290  -3.0932E+01
    3.300  -3.1771E+01
    3.310  -3.1523E+01
    3.320  -3.0989E+01
    3.330  -2.9643E+01
    3.340  -2.7585E+01
    3.350  -2.5108E+01
    3.360  -2.4495E+01
    3.370  -2.2645E+01
    3.380  -2.1398E+01
    3.390  -2.1000E+01
    3.400  -2.1465E+01
    3.410  -2.2957E+01
    3.420  -2.4861E+01
    3.430  -2.6420E+01
    3.440  -2.6895E+01
    3.450  -2.6356E+01
    3.460  -2.5037E+01
    3.470  -2.3185E+01
    3.480  -2.1497E+01
    3.490  -1.9831E+01
    3.500  -1.8284E+01
    3.510  -1.6831E+01
    3.520  -1.5668E+01
    3.530  -1.4552E+01
    3.540  -1.3824E+01
    3.550  -1.2529E+01
    3.560  -1.0723E+01
    3.570  -8.2064E+00
    3.580  -4.5311E+00
    3.590  -7.3148E-02
    3.600   4.4691E+00
    3.610   8.6400E+00
    3.620   1.2434E+01
    3.630   1.6013E+01
    3.640   1.9379E+01
    3.650   2.2386E+01
    3.660   2.5698E+01
    3.670   2.6610E+01
    3.680   2.7404E+01
    3.690   2.6167E+01
    3.700   2.2919E+01
    3.710   1.8422E+01
    3.720   1.3763E+01
    3.730   1.0086E+01
    3.740   8.2307E+00
    3.750   7.9452E+00
    3.760   8.6926E+00
    3.770   1.0203E+01
    3.780   1.1393E+01
    3.790   1.1796E+01
    3.800   1.1027E+01
    3.810   8.9922E+00
    3.820   5.8841E+00
    3.830   1.9209E+00
    3.840  -2.6021E+00
    3.850  -8.3741E+00
    3.860  -1.3018E+01
    3.870  -1.5753E+01
    3.880  -1.6631E+01
    3.890  -1.5635E+01
    3.900  -1.3248E+01
    3.910  -9.9135E+00
    3.920  -6.1097E+00
    3.930  -2.0638E+00
    3.940   2.2686E+00
    3.950   6.7154E+00
    3.960   1.1093E+01
    3.970   1.5049E+01
    3.980   1.8293E+01
    3.990   2.1076E+01
    4.000   2.3685E+01
    4.010   2.6164E+01
    4.020   2.8325E+01
    4.030   3.0095E+01
    4.040   3.1352E+01
    4.050   3.3231E+01
    4.060   3.5429E+01
    4.070   3.7522E+01
    4.080   3.8851E+01
    4.090   3.9021E+01
    4.100   3.8211E+01
    4.110   3.6950E+01
    4.120   3.5502E+01
    4.130   3.3449E+01
    4.140   2.9924E+01
    4.150   2.4290E+01
    4.160   1.6926E+01
    4.170   9.5776E+00
    4.180   1.1941E+00
    4.190  -5.8869E+00
    4.200  -1.1094E+01
    4.210  -1.4702E+01
    4.220  -1.7562E+01
    4.230  -2.0523E+01
    4.240  -2.3924E+01
    4.250  -2.7918E+01
    4.260  -3.1708E+01
    4.270  -3.5475E+01
    4.280  -3.8088E+01
    4.290  -3.9692E+01
    4.300  -3.9757E+01
    4.310  -3.8886E+01
    4.320  -3.7879E+01
    4.330  -3.7180E+01
    4.340  -3.6196E+01
    4.350  -3.4150E+01
    4.360  -3.0835E+01
    4.370  -2.7134E+01
    4.380  -2.4910E+01
    4.390  -2.2879E+01
    4.400  -2.1533E+01
    4.410  -2.1111E+01
    4.420  -1.9582E+01
    4.430  -1.5222E+01
    4.440  -7.6788E+00
    4.450   1.6375E+00
    4.460   1.1057E+01
    4.470   1.8209E+01
    4.480   2.2726E+01
    4.490   2.5214E+01
    4.500   2.6099E+01
    4.510   2.6190E+01
    4.520   2.6108E+01
    4.530   2.6970E+01
    4.540   2.9443E+01
    4.550   3.3623E+01
    4.560   3.9265E+01
    4.570   4.5595E+01
    4.580   5.0914E+01
    4.590   5.3510E+01
    4.600   5.2951E+01
    4.610   5.0463E+01
    4.620   4.7599E+01
    4.630   4.4938E+01
    4.640   4.2518E+01
    4.650   4.1090E+01
    4.660   4.1948E+01
    4.670   4.5092E+01
    4.680   4.8695E+01
    4.690   4.9545E+01
    4.700   4.6373E+01
    4.710   4.0176E+01
    4.720   3.2873E+01
    4.730   2.5797E+01
    4.740   1.9656E+01
    4.750   1.5397E+01
    4.760   1.3759E+01
    4.770   1.4463E+01
    4.780   1.5797E+01
    4.790   1.6544E+01
    4.800   1.6717E+01
    4.810   1.6903E+01
    4.820   1.6665E+01
    4.830   1.4331E+01
    4.840   8.4747E+00
    4.850  -8.6788E-01
    4.860  -1.2358E+01
    4.870  -2.4502E+01
    4.880  -3.5958E+01
    4.890  -4.5533E+01
    4.900  -5.2447E+01
    4.910  -5.6870E+01
    4.920  -5.9208E+01
    4.930  -5.9404E+01
    4.940  -5.6638E+01
    4.950  -5.0507E+01
    4.960  -4.1381E+01
    4.970  -3.0716E+01
    4.980  -2.0611E+01
    4.990  -1.2728E+01
    5.000  -8.4829E+00
    5.010  -6.4221E+00
    5.020  -9.2466E+00
    5.030  -1.3340E+01
    5.040  -1.8407E+01
    5.050  -2.1126E+01
    5.060  -2.0169E+01
    5.070  -1.4923E+01
    5.080  -5.6958E+00
    5.090   5.4842E+00
    5.100   1.6740E+01
    5.110   2.6214E+01
    5.120   3.2436E+01
    5.130   3.4373E+01
    5.140   3.2704E+01
    5.150   2.8366E+01
    5.160   2.2921E+01
    5.170   1.7012E+01
    5.180   1.0066E+01
    5.190   2.1646E+00
    5.200  -8.3908E+00
    5.210  -2.0968E+01
    5.220  -3.1056E+01
    5.230  -3.6189E+01
    5.240  -3.6709E+01
    5.250  -3.4269E+01
    5.260  -3.1319E+01
    5.270  -3.0896E+01
    5.280  -3.4023E+01
    5.290  -3.9918E+01
    5.300  -4.9070E+01
    5.310  -5.9680E+01
    5.320  -7.0550E+01
    5.330  -7.8882E+01
    5.340  -7.9689E+01
    5.350  -7.3653E+01
    5.360  -6.5415E+01
    5.370  -5.8459E+01
    5.380  -5.4421E+01
    5.390  -5.1272E+01
    5.400  -4.4225E+01
    5.410  -2.9437E+01
    5.420  -8.8890E+00
    5.430   1.5478E+01
    5.440   4.1114E+01
    5.450   6.2516E+01
    5.460   7.6486E+01
    5.470   8.3824E+01
    5.480   8.7465E+01
    5.490   8.9545E+01
    5.500   9.2966E+01
    5.510   9.7997E+01
    5.520   1.0292E+02
    5.530   1.0761E+02
    5.540   1.1115E+02
    5.550   1.0997E+02
    5.560   1.0403E+02
    5.570   9.8288E+01
    5.580   9.5248E+01
    5.590   9.2071E+01
    5.600   8.5665E+01
    5.610   7.4906E+01
    5.620   6.0522E+01
    5.630   4.8183E+01
    5.640   4.0339E+01
    5.650   3.7963E+01
    5.660   4.0651E+01
    5.670   4.6999E+01
    5.680   5.2140E+01
    5.690   4.8601E+01
    5.700   3.2584E+01
    5.710   7.1047E+00
    5.720  -1.7974E+01
    5.730  -3.4139E+01
    5.740  -4.1887E+01
    5.750  -4.7220E+01
    5.760  -5.2021E+01
    5.770  -5.3290E+01
    5.780  -5.1801E+01
    5.790  -5.4371E+01
    5.800  -6.0451E+01
    5.810  -6.6503E+01
    5.820  -7.8733E+01
    5.830  -9.7713E+01
    5.840  -1.1594E+02
    5.850  -1.2458E+02
    5.860  -1.1998E+02
    5.870  -1.0942E+02
    5.880  -9.9337E+01
    5.890  -9.1435E+01
    5.900  -8.4052E+01
    5.910  -7.8138E+01
    5.920  -8.2736E+01
    5.930  -1.0158E+02
    5.940  -1.2568E+02
    5.950  -1.3741E+02
    5.960  -1.3035E+02
    5.970  -1.1322E+02
    5.980  -9.1929E+01
    5.990  -7.1184E+01
    6.000  -5.7212E+01
    6.010  -5.0878E+01
    6.020  -5.0072E+01
    6.030  -5.4396E+01
    6.040  -6.0240E+01
    6.050  -5.7175E+01
    6.060  -4.6980E+01
    6.070  -4.3392E+01
    6.080  -4.9107E+01
    6.090  -4.6998E+01
    6.100  -2.6984E+01
    6.110   3.5593E+00
    6.120   3.5603E+01
    6.130   6.3163E+01
    6.140   8.2394E+01
    6.150   9.1280E+01
    6.160   9.0204E+01
    6.170   8.2255E+01
    6.180   7.1579E+01
    6.190   5.9875E+01
    6.200   4.5616E+01
    6.210   2.5520E+01
    6.220  -1.0158E-01
    6.230  -3.2103E+01
    6.240  -6.7480E+01
    6.250  -9.2069E+01
    6.260  -9.8392E+01
    6.270  -8.5930E+01
    6.280  -5.4584E+01
    6.290  -1.0616E+01
    6.300   2.8770E+01
    6.310   5.0491E+01
    6.320   5.5812E+01
    6.330   4.5828E+01
    6.340   2.2288E+01
    6.350  -9.3701E+00
    6.360  -4.2955E+01
    6.370  -6.9601E+01
    6.380  -8.8637E+01
    6.390  -1.0236E+02
    6.400  -1.0639E+02
    6.410  -1.0388E+02
    6.420  -1.0041E+02
    6.430  -9.7994E+01
    6.440  -9.3001E+01
    6.450  -8.0759E+01
    6.460  -6.5380E+01
    6.470  -4.9033E+01
    6.480  -2.5887E+01
    6.490  -5.0911E+00
    6.500   9.8892E-01
    6.510  -7.0849E+00
    6.520  -2.0777E+01
    6.530  -3.1651E+01
    6.540  -3.5958E+01
    6.550  -3.7275E+01
    6.560  -2.9072E+01
    6.570  -3.2605E+00
    6.580   3.3847E+01
    6.590   7.8368E+01
    6.600   1.2196E+02
    6.610   1.4726E+02
    6.620   1.4610E+02
    6.630   1.3144E+02
    6.640   1.2287E+02
    6.650   1.1731E+02
    6.660   9.7891E+01
    6.670   6.0381E+01
    6.680   8.8858E+00
    6.690  -4.5217E+01
    6.700  -9.3988E+01
    6.710  -1.3157E+02
    6.720  -1.4867E+02
    6.730  -1.4215E+02
    6.740  -1.2517E+02
    6.750  -1.1229E+02
    6.760  -1.0520E+02
    6.770  -1.1234E+02
    6.780  -1.3938E+02
    6.790  -1.7547E+02
    6.800  -2.0888E+02
    6.810  -2.3329E+02
    6.820  -2.4049E+02
    6.830  -2.2496E+02
    6.840  -1.9649E+02
    6.850  -1.7060E+02
    6.860  -1.4460E+02
    6.870  -1.0537E+02
    6.880  -5.5483E+01
    6.890  -1.2669E+01
    6.900   1.3581E+01
    6.910   2.5141E+01
    6.920   3.0178E+01
    6.930   2.7919E+01
    6.940   2.6834E+01
    6.950   4.3788E+01
    6.960   8.0218E+01
    6.970   1.2877E+02
    6.980   1.7506E+02
    6.990   2.0943E+02
    7.000   2.1668E+02
    7.010   1.9355E+02
    7.020   1.5615E+02
    7.030   1.1890E+02
    7.040   8.0395E+01
    7.050   3.9825E+01
    7.060   1.0005E+01
    7.070   1.6311E+00
    7.080   6.7407E+00
    7.090   1.4783E+01
    7.100   2.3476E+01
    7.110   3.3833E+01
    7.120   5.3553E+01
    7.130   8.7515E+01
    7.140   1.3519E+02
    7.150   1.8747E+02
    7.160   2.3111E+02
    7.170   2.5933E+02
    7.180   2.8583E+02
    7.190   3.1902E+02
    7.200   3.3718E+02
    7.210   3.2891E+02
    7.220   3.0586E+02
    7.230   2.8343E+02
    7.240   2.6304E+02
    7.250   2.4179E+02
    7.260   2.1301E+02
    7.270   1.8000E+02
    7.280   1.5554E+02
    7.290   1.5200E+02
    7.300   1.6946E+02
    7.310   1.8479E+02
    7.320   1.7262E+02
    7.330   1.3432E+02
    7.340   9.1235E+01
    7.350   4.6036E+01
    7.360  -1.9655E+00
    7.370  -3.7848E+01
    7.380  -5.3629E+01
    7.390  -4.9813E+01
    7.400  -3.3320E+01
    7.410  -1.8811E+01
    7.420  -9.7057E+00
    7.430  -1.4782E+01
    7.440  -4.4046E+01
    7.450  -8.0050E+01
    7.460  -9.7153E+01
    7.470  -8.9634E+01
    7.480  -6.7106E+01
    7.490  -3.3162E+01
    7.500   2.0732E-01
    7.510   3.5872E+01
    7.520   7.4332E+01
    7.530   9.9461E+01
    7.540   9.8363E+01
    7.550   7.5856E+01
    7.560   5.2786E+01
    7.570   3.4592E+01
    7.580   2.1485E+01
    7.590   1.0897E+01
    7.600   8.8254E+00
    7.610   2.3490E+01
    7.620   5.7947E+01
    7.630   1.1073E+02
    7.640   1.6127E+02
    7.650   1.9734E+02
    7.660   2.1869E+02
    7.670   2.2463E+02
    7.680   2.1423E+02
    7.690   1.8915E+02
    7.700   1.4320E+02
    7.710   7.6569E+01
    7.720   5.1606E+00
    7.730  -5.7738E+01
    7.740  -1.0227E+02
    7.750  -1.2411E+02
    7.760  -1.1641E+02
    7.770  -9.4575E+01
    7.780  -7.8418E+01
    7.790  -6.9038E+01
    7.800  -5.1495E+01
    7.810  -2.1277E+01
    7.820   2.4925E+00
    7.830  -5.8132E+00
    7.840  -3.3713E+01
    7.850  -6.5340E+01
    7.860  -9.4528E+01
    7.870  -1.1712E+02
    7.880  -1.4480E+02
    7.890  -1.8360E+02
    7.900  -2.2526E+02
    7.910  -2.5175E+02
    7.920  -2.5203E+02
    7.930  -2.1805E+02
    7.940  -1.5444E+02
    7.950  -7.7651E+01
    7.960   1.3023E+00
    7.970   7.3367E+01
    7.980   1.2658E+02
    7.990   1.5594E+02
    8.000   1.5777E+02
    8.010   1.4046E+02
    8.020   1.1661E+02
    8.030   1.1677E+02
    8.040   1.5957E+02
    8.050   2.1246E+02
    8.060   2.4339E+02
    8.070   2.5704E+02
    8.080   2.6214E+02
    8.090   2.4965E+02
    8.100   2.3420E+02
    8.110   2.2991E+02
    8.120   2.1057E+02
    8.130   1.4803E+02
    8.140   5.4771E+01
    8.150  -3.4081E+01
    8.160  -9.3468E+01
    8.170  -1.1759E+02
    8.180  -1.1772E+02
    8.190  -1.0804E+02
    8.200  -9.3583E+01
    8.210  -8.7146E+01
    8.220  -9.3579E+01
    8.230  -1.1171E+02
    8.240  -1.5665E+02
    8.250  -2.1478E+02
    8.260  -2.5341E+02
    8.270  -2.6589E+02
    8.280  -2.5243E+02
    8.290  -2.1686E+02
    8.300  -1.7060E+02
    8.310  -1.2295E+02
    8.320  -9.5611E+01
    8.330  -8.7592E+01
    8.340  -7.9979E+01
    8.350  -8.1344E+01
    8.360  -9.2588E+01
    8.370  -1.1940E+02
    8.380  -1.6861E+02
    8.390  -2.2398E+02
    8.400  -2.7331E+02
    8.410  -3.1734E+02
    8.420  -3.5896E+02
    8.430  -3.8186E+02
    8.440  -3.7888E+02
    8.450  -3.4677E+02
    8.460  -3.0635E+02
    8.470  -2.6474E+02
    8.480  -2.1469E+02
    8.490  -1.7711E+02
    8.500  -1.7430E+02
    8.510  -1.8967E+02
    8.520  -2.0579E+02
    8.530  -2.2637E+02
    8.540  -2.3563E+02
    8.550  -2.2823E+02
    8.560  -2.0321E+02
    8.570  -1.5010E+02
    8.580  -7.4540E+01
    8.590  -1.8785E+00
    8.600   5.3558E+01
    8.610   1.0221E+02
    8.620   1.5144E+02
    8.630   1.9105E+02
    8.640   2.1018E+02
    8.650   1.9815E+02
    8.660   1.6171E+02
    8.670   1.3869E+02
    8.680   1.4697E+02
    8.690   1.7254E+02
    8.700   2.0138E+02
    8.710   2.1690E+02
    8.720   2.0965E+02
    8.730   1.6970E+02
    8.740   1.0148E+02
    8.750   2.8302E+01
    8.760  -4.2993E+01
    8.770  -1.0027E+02
    8.780  -1.3194E+02
    8.790  -1.4110E+02
    8.800  -1.2716E+02
    8.810  -1.0390E+02
    8.820  -8.2074E+01
    8.830  -6.2622E+01
    8.840  -5.1810E+01
    8.850  -4.0046E+01
    8.860  -1.0573E+01
    8.870   3.0961E+01
    8.880   6.2650E+01
    8.890   6.7363E+01
    8.900   3.6100E+01
    8.910  -7.2831E+00
    8.920  -2.4842E+01
    8.930  -7.3220E+00
    8.940   4.2988E+01
    8.950   9.8314E+01
    8.960   1.4073E+02
    8.970   1.7745E+02
    8.980   2.0759E+02
    8.990   2.4239E+02
    9.000   3.0278E+02
    9.010   3.6845E+02
    9.020   3.9942E+02
    9.030   3.8698E+02
    9.040   3.4896E+02
    9.050   3.0569E+02
    9.060   2.6564E+02
    9.070   2.2605E+02
    9.080   1.8719E+02
    9.090   1.6408E+02
    9.100   1.6413E+02
    9.110   1.7208E+02
    9.120   1.6390E+02
    9.130   1.3113E+02
    9.140   8.6505E+01
    9.150   5.5229E+01
    9.160   4.0362E+01
    9.170   3.2086E+01
    9.180   2.4992E+01
    9.190   2.3774E+01
    9.200   2.9070E+01
    9.210   3.0732E+01
    9.220   3.0793E+01
    9.230   3.3540E+01
    9.240   3.5053E+01
    9.250   3.4607E+01
    9.260   3.0928E+01
    9.270   1.7646E+01
    9.280  -1.8557E+01
    9.290  -9.4591E+01
    9.300  -1.8437E+02
    9.310  -2.4409E+02
    9.320  -2.5339E+02
    9.330  -2.1393E+02
    9.340  -1.4432E+02
    9.350  -6.8934E+01
    9.360  -1.1894E+01
    9.370   3.5907E+00
    9.380  -9.6829E+00
    9.390  -1.7208E+01
    9.400  -1.0883E+01
    9.410  -5.1228E+00
    9.420  -1.3152E+01
    9.430  -3.1594E+01
    9.440  -4.9900E+01
    9.450  -5.2560E+01
    9.460  -4.3614E+01
    9.470  -3.9003E+01
    9.480  -2.4467E+01
    9.490   2.3395E+01
    9.500   8.8041E+01
    9.510   1.4604E+02
    9.520   1.9389E+02
    9.530   2.1088E+02
    9.540   2.0291E+02
    9.550   1.8317E+02
    9.560   1.5265E+02
    9.570   1.1343E+02
    9.580   5.3506E+01
    9.590  -1.0352E+01
    9.600  -5.4885E+01
    9.610  -8.0132E+01
    9.620  -7.4797E+01
    9.630  -2.8265E+01
    9.640   3.9115E+01
    9.650   9.1196E+01
    9.660   1.0359E+02
    9.670   8.5329E+01
    9.680   5.6438E+01
    9.690   3.0825E+01
    9.700   2.0111E+01
    9.710   9.1879E-01
    9.720  -4.3615E+01
    9.730  -9.1871E+01
    9.740  -1.2207E+02
    9.750  -1.3613E+02
    9.760  -1.3967E+02
    9.770  -1.3856E+02
    9.780  -1.3341E+02
    9.790  -1.1350E+02
    9.800  -8.8047E+01
    9.810  -8.8999E+01
    9.820  -1.2332E+02
    9.830  -1.6883E+02
    9.840  -2.0922E+02
    9.850  -2.3444E+02
    9.860  -2.4836E+02
    9.870  -2.5591E+02
    9.880  -2.5513E+02
    9.890  -2.4666E+02
    9.900  -2.2252E+02
    9.910  -1.8495E+02
    9.920  -1.5132E+02
    9.930  -1.2965E+02
    9.940  -1.1980E+02
    9.950  -1.2749E+02
    9.960  -1.5058E+02
    9.970  -1.8296E+02
    9.980  -2.1442E+02
    9.990  -2.3744E+02
   10.000  -2.3823E+02
   10.010  -2.1030E+02
   10.020  -1.6897E+02
   10.030  -1.3553E+02
   10.040  -1.2319E+02
   10.050  -1.1774E+02
   10.060  -9.9423E+01
   10.070  -6.2378E+01
   10.080  -1.6144E+01
   10.090   1.8160E+01
   10.100   3.8616E+01
   10.110   5.6054E+01
   10.120   6.9648E+01
   10.130   7.8702E+01
   10.140   8.9287E+01
   10.150   1.1195E+02
   10.160   1.5400E+02
   10.170   2.0644E+02
   10.180   2.3380E+02
   10.190   2.2523E+02
   10.200   1.9820E+02
   10.210   1.6225E+02
   10.220   1.1433E+02
   10.230   5.1206E+01
   10.240  -1.7959E+01
   10.250  -9.7504E+01
   10.260  -1.8841E+02
   10.270  -2.6200E+02
   10.280  -2.9389E+02
   10.290  -2.8803E+02
   10.300  -2.7055E+02
   10.310  -2.5689E+02
   10.320  -2.3928E+02
   10.330  -2.1902E+02
   10.340  -2.0628E+02
   10.350  -2.0139E+02
   10.360  -2.0939E+02
   10.370  -2.2173E+02
   10.380  -2.1210E+02
   10.390  -1.6819E+02
   10.400  -1.0932E+02
   10.410  -5.6720E+01
   10.420  -1.6454E+01
   10.430   1.1660E+01
   10.440   2.7079E+01
   10.450   1.9292E+01
   10.460  -3.2545E+00
   10.470  -1.5610E+01
   10.480  -1.3579E+01
   10.490  -7.3029E+00
   10.500  -1.8686E+00
   10.510  -4.8409E+00
   10.520  -1.7294E+01
   10.530  -2.8342E+01
   10.540  -2.1922E+01
   10.550   8.7413E+00
   10.560   5.8412E+01
   10.570   1.1815E+02
   10.580   1.7824E+02
   10.590   2.3028E+02
   10.600   2.6033E+02
   10.610   2.7479E+02
   10.620   2.9039E+02
   10.630   3.1051E+02
   10.640   3.2252E+02
   10.650   3.1424E+02
   10.660   2.8440E+02
   10.670   2.4419E+02
   10.680   2.0479E+02
   10.690   1.7558E+02
   10.700   1.5569E+02
   10.710   1.3212E+02
   10.720   9.6865E+01
   10.730   6.0814E+01
   10.740   2.6494E+01
   10.750  -1.4306E+01
   10.760  -5.0348E+01
   10.770  -7.2667E+01
   10.780  -8.8525E+01
   10.790  -1.0224E+02
   10.800  -1.0976E+02
   10.810  -1.1358E+02
   10.820  -1.0423E+02
   10.830  -7.3367E+01
   10.840  -2.7855E+01
   10.850   1.4701E+01
   10.860   5.2353E+01
   10.870   7.6145E+01
   10.880   7.1541E+01
   10.890   4.6695E+01
   10.900   2.5955E+01
   10.910   1.9066E+01
   10.920   2.0446E+01
   10.930   1.9787E+01
   10.940   1.1753E+01
   10.950   1.5124E+00
   10.960  -3.9539E+00
   10.970  -7.7174E+00
   10.980  -8.2525E+00
   10.990   2.1145E+00
   11.000   1.8064E+01
   11.010   3.9887E+01
   11.020   6.9011E+01
   11.030   1.0508E+02
   11.040   1.5300E+02
   11.050   1.9673E+02
   11.060   2.1545E+02
   11.070   2.1220E+02
   11.080   2.0211E+02
   11.090   1.9163E+02
   11.100   1.8008E+02
   11.110   1.6029E+02
   11.120   1.4568E+02
   11.130   1.4541E+02
   11.140   1.5483E+02
   11.150   1.6969E+02
   11.160   1.6629E+02
   11.170   1.3210E+02
   11.180   7.5911E+01
   11.190   1.5524E+01
   11.200  -2.4661E+01
   11.210  -2.4635E+01
   11.220   1.0638E+01
   11.230   5.8203E+01
   11.240   9.9048E+01
   11.250   1.2714E+02
   11.260   1.3670E+02
   11.270   1.2117E+02
   11.280   7.0065E+01
   11.290   1.6026E-01
   11.300  -5.5972E+01
   11.310  -9.6373E+01
   11.320  -1.3237E+02
   11.330  -1.6129E+02
   11.340  -1.7586E+02
   11.350  -1.7544E+02
   11.360  -1.6894E+02
   11.370  -1.6550E+02
   11.380  -1.7577E+02
   11.390  -1.9860E+02
   11.400  -2.1692E+02
   11.410  -2.1547E+02
   11.420  -1.9587E+02
   11.430  -1.6360E+02
   11.440  -1.2659E+02
   11.450  -9.7757E+01
   11.460  -8.0799E+01
   11.470  -7.0987E+01
   11.480  -5.9760E+01
   11.490  -3.3978E+01
   11.500   1.3033E+01
   11.510   7.0452E+01
   11.520   1.1929E+02
   11.530   1.5147E+02
   11.540   1.6522E+02
   11.550   1.6565E+02
   11.560   1.6283E+02
   11.570   1.5128E+02
   11.580   1.2714E+02
   11.590   9.5836E+01
   11.600   6.6077E+01
   11.610   4.6878E+01
   11.620   4.7294E+01
   11.630   6.7963E+01
   11.640   9.5587E+01
   11.650   1.1252E+02
   11.660   1.0983E+02
   11.670   8.6039E+01
   11.680   5.1083E+01
   11.690   2.4858E+01
   11.700   8.5112E+00
   11.710  -4.0654E+00
   11.720  -7.5449E+00
   11.730   2.4559E+00
   11.740   1.3623E+01
   11.750   1.5442E+01
   11.760   7.7405E+00
   11.770   2.0306E+00
   11.780  -4.2940E-01
   11.790  -9.4755E+00
   11.800  -2.6775E+01
   11.810  -4.1400E+01
   11.820  -4.6101E+01
   11.830  -4.6553E+01
   11.840  -4.6048E+01
   11.850  -4.5650E+01
   11.860  -5.6685E+01
   11.870  -8.5812E+01
   11.880  -1.2746E+02
   11.890  -1.6855E+02
   11.900  -1.9201E+02
   11.910  -1.9253E+02
   11.920  -1.7255E+02
   11.930  -1.3902E+02
   11.940  -1.0481E+02
   11.950  -8.0717E+01
   11.960  -7.3381E+01
   11.970  -8.7788E+01
   11.980  -1.1232E+02
   11.990  -1.2023E+02
   12.000  -9.8075E+01
   12.010  -6.5859E+01
   12.020  -4.4161E+01
   12.030  -4.0753E+01
   12.040  -5.1554E+01
   12.050  -6.4985E+01
   12.060  -7.0957E+01
   12.070  -6.1606E+01
   12.080  -4.1396E+01
   12.090  -1.6605E+01
   12.100   1.1906E+01
   12.110   2.9343E+01
   12.120   1.9941E+01
   12.130  -6.2917E+00
   12.140  -2.9368E+01
   12.150  -3.3197E+01
   12.160  -1.8558E+01
   12.170   6.8565E+00
   12.180   3.7273E+01
   12.190   7.1333E+01
   12.200   1.0515E+02
   12.210   1.3017E+02
   12.220   1.4514E+02
   12.230   1.4870E+02
   12.240   1.3971E+02
   12.250   1.2704E+02
   12.260   1.2021E+02
   12.270   1.1700E+02
   12.280   1.1060E+02
   12.290   9.3458E+01
   12.300   6.2094E+01
   12.310   2.4683E+01
   12.320  -1.0100E+01
   12.330  -4.4221E+01
   12.340  -8.0342E+01
   12.350  -1.1136E+02
   12.360  -1.2251E+02
   12.370  -1.1330E+02
   12.380  -1.0002E+02
   12.390  -9.4442E+01
   12.400  -9.2850E+01
   12.410  -8.5437E+01
   12.420  -6.8961E+01
   12.430  -4.8169E+01
   12.440  -2.2803E+01
   12.450   3.0993E+00
   12.460   1.9220E+01
   12.470   2.3306E+01
   12.480   1.8305E+01
   12.490   9.5068E+00
   12.500  -2.6376E+00
   12.510  -1.9625E+01
   12.520  -3.7045E+01
   12.530  -4.5925E+01
   12.540  -3.6718E+01
   12.550  -3.9351E+00
   12.560   4.2517E+01
   12.570   8.3609E+01
   12.580   1.0904E+02
   12.590   1.2193E+02
   12.600   1.2744E+02
   12.610   1.3162E+02
   12.620   1.3582E+02
   12.630   1.3363E+02
   12.640   1.2132E+02
   12.650   1.0489E+02
   12.660   9.8396E+01
   12.670   9.7824E+01
   12.680   9.4407E+01
   12.690   8.5274E+01
   12.700   6.4424E+01
   12.710   3.6456E+01
   12.720   1.0699E+01
   12.730  -6.3548E+00
   12.740  -1.4901E+01
   12.750  -1.7713E+01
   12.760  -2.0169E+01
   12.770  -2.2104E+01
   12.780  -1.9571E+01
   12.790  -1.4057E+01
   12.800  -1.5515E+01
   12.810  -3.0212E+01
   12.820  -4.9038E+01
   12.830  -6.4692E+01
   12.840  -7.2339E+01
   12.850  -7.5914E+01
   12.860  -7.6041E+01
   12.870  -7.5289E+01
   12.880  -7.3534E+01
   12.890  -6.6409E+01
   12.900  -5.1130E+01
   12.910  -2.8849E+01
   12.920  -9.5040E+00
   12.930   3.4136E+00
   12.940   1.1306E+01
   12.950   1.4108E+01
   12.960   1.3580E+01
   12.970   1.4221E+01
   12.980   1.5112E+01
   12.990   6.6236E+00
   13.000  -7.1685E+00
   13.010  -1.9745E+01
   13.020  -2.9506E+01
   13.030  -3.9474E+01
   13.040  -5.7916E+01
   13.050  -8.0426E+01
   13.060  -9.6383E+01
   13.070  -9.8025E+01
   13.080  -8.4206E+01
   13.090  -5.8637E+01
   13.100  -2.6685E+01
   13.110   6.0295E+00
   13.120   3.4862E+01
   13.130   6.0369E+01
   13.140   8.2430E+01
   13.150   9.4541E+01
   13.160   9.7888E+01
   13.170   9.5261E+01
   13.180   9.1219E+01
   13.190   8.6778E+01
   13.200   8.4703E+01
   13.210   8.6947E+01
   13.220   8.9589E+01
   13.230   9.1124E+01
   13.240   8.6696E+01
   13.250   7.0587E+01
   13.260   4.0530E+01
   13.270   5.0565E+00
   13.280  -2.3788E+01
   13.290  -3.9317E+01
   13.300  -3.9811E+01
   13.310  -3.0768E+01
   13.320  -1.8873E+01
   13.330  -7.7682E+00
   13.340  -1.8879E+00
   13.350  -1.8071E+00
   13.360  -6.7580E+00
   13.370  -1.5101E+01
   13.380  -2.3476E+01
   13.390  -2.9649E+01
   13.400  -2.9789E+01
   13.410  -2.5922E+01
   13.420  -2.0888E+01
   13.430  -1.8177E+01
   13.440  -2.2229E+01
   13.450  -3.0474E+01
   13.460  -3.7903E+01
   13.470  -4.9036E+01
   13.480  -6.1260E+01
   13.490  -6.4465E+01
   13.500  -5.3964E+01
   13.510  -3.2694E+01
   13.520  -9.9647E+00
   13.530   7.3850E+00
   13.540   1.5155E+01
   13.550   1.5103E+01
   13.560   1.5758E+01
   13.570   1.9879E+01
   13.580   2.3468E+01
   13.590   2.6982E+01
   13.600   3.3888E+01
   13.610   4.1102E+01
   13.620   4.5247E+01
   13.630   4.4156E+01
   13.640   3.7825E+01
   13.650   3.0744E+01
   13.660   2.7022E+01
   13.670   2.2789E+01
   13.680   1.5307E+01
   13.690   4.1970E+00
   13.700  -8.4828E+00
   13.710  -1.8743E+01
   13.720  -2.6579E+01
   13.730  -3.4003E+01
   13.740  -4.0710E+01
   13.750  -4.3427E+01
   13.760  -3.7556E+01
   13.770  -2.4787E+01
   13.780  -1.2315E+01
   13.790  -3.3697E+00
   13.800  -1.1172E+00
   13.810  -8.8956E+00
   13.820  -2.4180E+01
   13.830  -4.0063E+01
   13.840  -4.8666E+01
   13.850  -4.9194E+01
   13.860  -4.5583E+01
   13.870  -4.4111E+01
   13.880  -4.8654E+01
   13.890  -5.5732E+01
   13.900  -6.2391E+01
   13.910  -7.0114E+01
   13.920  -7.6700E+01
   13.930  -7.7859E+01
   13.940  -7.2146E+01
   13.950  -5.9372E+01
   13.960  -4.2713E+01
   13.970  -2.9432E+01
   13.980  -2.0271E+01
   13.990  -1.0894E+01
   14.000   3.0013E+00
   14.010   1.7335E+01
   14.020   2.7041E+01
   14.030   3.1308E+01
   14.040   2.9689E+01
   14.050   2.4010E+01
   14.060   1.8917E+01
   14.070   1.3608E+01
   14.080   6.4992E+00
   14.090  -8.0272E-01
   14.100  -6.5324E+00
   14.110  -5.1895E+00
   14.120   3.0556E+00
   14.130   1.2283E+01
   14.140   1.9182E+01
   14.150   1.9908E+01
   14.160   1.6348E+01
   14.170   1.2822E+01
   14.180   1.1443E+01
   14.190   1.1705E+01
   14.200   1.3945E+01
   14.210   1.6242E+01
   14.220   1.5827E+01
   14.230   1.2323E+01
   14.240   1.2639E+01
   14.250   2.0694E+01
   14.260   3.0811E+01
   14.270   3.8529E+01
   14.280   4.0534E+01
   14.290   4.0597E+01
   14.300   4.4259E+01
   14.310   4.7856E+01
   14.320   4.8289E+01
   14.330   4.6154E+01
   14.340   4.3712E+01
   14.350   4.1135E+01
   14.360   3.8293E+01
   14.370   3.7689E+01
   14.380   3.8940E+01
   14.390   3.8988E+01
   14.400   3.6304E+01
   14.410   3.2526E+01
   14.420   2.8521E+01
   14.430   2.4895E+01
   14.440   2.1732E+01
   14.450   1.8231E+01
   14.460   1.5387E+01
   14.470   1.4157E+01
   14.480   1.5322E+01
   14.490   1.4833E+01
   14.500   8.7593E+00
   14.510   5.9853E-01
   14.520  -4.6129E+00
   14.530  -5.6137E+00
   14.540  -4.5584E+00
   14.550  -3.0382E+00
   14.560  -3.3091E+00
   14.570  -5.5081E+00
   14.580  -4.4335E+00
   14.590   1.8058E+00
   14.600   9.6454E+00
   14.610   1.3843E+01
   14.620   1.4295E+01
   14.630   1.2361E+01
   14.640   8.2600E+00
   14.650   2.4761E+00
   14.660  -5.2847E+00
   14.670  -1.2982E+01
   14.680  -1.7748E+01
   14.690  -1.9571E+01
   14.700  -1.8984E+01
   14.710  -1.6668E+01
   14.720  -1.3079E+01
   14.730  -8.4898E+00
   14.740  -5.9839E+00
   14.750  -7.4366E+00
   14.760  -1.3226E+01
   14.770  -2.1129E+01
   14.780  -2.8577E+01
   14.790  -3.5174E+01
   14.800  -4.1485E+01
   14.810  -4.8174E+01
   14.820  -5.5075E+01
   14.830  -6.1490E+01
   14.840  -6.5723E+01
   14.850  -6.7122E+01
   14.860  -6.6252E+01
   14.870  -6.3742E+01
   14.880  -5.9056E+01
   14.890  -5.0651E+01
   14.900  -4.0078E+01
   14.910  -2.9619E+01
   14.920  -1.9726E+01
   14.930  -1.1215E+01
   14.940  -4.1944E+00
   14.950   2.7996E-01
   14.960   2.0727E+00
   14.970   2.3163E+00
   14.980   1.3440E+00
   14.990  -6.6388E-01
   15.000  -1.7068E+00
   15.010   1.6344E+00
   15.020   9.5434E+00
   15.030   1.8419E+01
   15.040   2.3826E+01
   15.050   2.4101E+01
   15.060   2.3463E+01
   15.070   2.7323E+01
   15.080   3.4955E+01
   15.090   4.3230E+01
   15.100   4.8943E+01
   15.110   4.9227E+01
   15.120   4.4099E+01
   15.130   3.7846E+01
   15.140   3.4120E+01
   15.150   3.2133E+01
   15.160   3.0390E+01
   15.170   2.9797E+01
   15.180   3.0789E+01
   15.190   3.1526E+01
   15.200   2.9964E+01
   15.210   2.5944E+01
   15.220   2.0528E+01
   15.230   1.4286E+01
   15.240   9.0178E+00
   15.250   4.9137E+00
   15.260   4.5319E-01
   15.270  -3.3925E+00
   15.280  -5.2990E+00
   15.290  -3.7416E+00
   15.300  -5.7796E-01
   15.310   8.8730E-01
   15.320   9.1304E-01
   15.330   6.9321E-01
   15.340  -2.9202E-02
   15.350  -1.4604E+00
   15.360  -4.0203E+00
   15.370  -7.2029E+00
   15.380  -1.0455E+01
   15.390  -1.3289E+01
   15.400  -1.5892E+01
   15.410  -1.9830E+01
   15.420  -2.5074E+01
   15.430  -2.9335E+01
   15.440  -3.1151E+01
   15.450  -3.0820E+01
   15.460  -2.8633E+01
   15.470  -2.4822E+01
   15.480  -2.0503E+01
   15.490  -1.7206E+01
   15.500  -1.5336E+01
   15.510  -1.4726E+01
   15.520  -1.5112E+01
   15.530  -1.6424E+01
   15.540  -1.7864E+01
   15.550  -1.8701E+01
   15.560  -1.9107E+01
   15.570  -1.9490E+01
   15.580  -1.8953E+01
   15.590  -1.6110E+01
   15.600  -1.2287E+01
   15.610  -9.5531E+00
   15.620  -7.7762E+00
   15.630  -6.2099E+00
   15.640  -4.1338E+00
   15.650  -1.0178E+00
   15.660   3.0184E+00
   15.670   6.4976E+00
   15.680   7.8788E+00
   15.690   7.8549E+00
   15.700   7.7016E+00
   15.710   7.4867E+00
   15.720   7.1250E+00
   15.730   7.1378E+00
   15.740   7.9796E+00
   15.750   9.5881E+00
   15.760   1.1311E+01
   15.770   1.1678E+01
   15.780   1.0029E+01
   15.790   6.9608E+00
   15.800   3.8526E+00
   15.810   2.0076E+00
   15.820   1.4333E+00
   15.830   8.4786E-01
   15.840  -9.4570E-01
   15.850  -4.2137E+00
   15.860  -8.0954E+00
   15.870  -1.1111E+01
   15.880  -1.2199E+01
   15.890  -1.1537E+01
   15.900  -9.5628E+00
   15.910  -6.7233E+00
   15.920  -3.4933E+00
   15.930  -1.7895E-01
   15.940   2.5877E+00
   15.950   4.5422E+00
   15.960   5.8271E+00
   15.970   6.5715E+00
   15.980   6.7912E+00
   15.990   6.5613E+00
   16.000   6.3939E+00
   16.010   6.5887E+00
   16.020   7.4211E+00
   16.030   9.4810E+00
   16.040   1.2731E+01
   16.050   1.6753E+01
   16.060   2.1075E+01
   16.070   2.4708E+01
   16.080   2.7284E+01
   16.090   2.8890E+01
   16.100   2.9839E+01
   16.110   3.0644E+01
   16.120   3.1026E+01
   16.130   3.0135E+01
   16.140   2.7702E+01
   16.150   2.4372E+01
   16.160   2.0908E+01
   16.170   1.7814E+01
   16.180   1.5111E+01
   16.190   1.2465E+01
   16.200   9.8586E+00
   16.210   7.3637E+00
   16.220   5.0317E+00
   16.230   2.7343E+00
   16.240   3.2068E-01
   16.250  -2.3533E+00
   16.260  -5.2573E+00
   16.270  -8.4104E+00
   16.280  -1.1743E+01
   16.290  -1.4500E+01
   16.300  -1.5935E+01
   16.310  -1.6120E+01
   16.320  -1.5861E+01
   16.330  -1.6065E+01
   16.340  -1.6977E+01
   16.350  -1.8293E+01
   16.360  -1.9683E+01
   16.370  -2.0806E+01
   16.380  -2.1253E+01
   16.390  -2.0907E+01
   16.400  -1.9930E+01
   16.410  -1.8368E+01
   16.420  -1.6601E+01
   16.430  -1.5509E+01
   16.440  -1.5295E+01
   16.450  -1.5209E+01
   16.460  -1.4157E+01
   16.470  -1.1775E+01
   16.480  -8.3712E+00
   16.490  -4.9475E+00
   16.500  -2.4515E+00
   16.510  -8.3867E-01
   16.520   4.9610E-01
   16.530   1.7840E+00
   16.540   2.6752E+00
   16.550   2.7767E+00
   16.560   2.1784E+00
   16.570   1.4220E+00
   16.580   8.8149E-01
   16.590   6.1825E-01
   16.600   3.1693E-01
   16.610  -6.3287E-02
   16.620  -3.2186E-01
   16.630  -3.4071E-01
   16.640   6.2412E-02
   16.650   1.0521E+00
   16.660   2.5906E+00
   16.670   4.3681E+00
   16.680   5.9887E+00
   16.690   7.1754E+00
   16.700   7.7874E+00
   16.710   7.7650E+00
   16.720   7.1301E+00
   16.730   6.1399E+00
   16.740   5.1419E+00
   16.750   4.3973E+00
   16.760   3.9325E+00
   16.770   3.5080E+00
   16.780   2.9004E+00
   16.790   2.0916E+00
   16.800   1.2191E+00
   16.810   4.6846E-01
   16.820  -7.8497E-02
   16.830  -5.4513E-01
   16.840  -1.2687E+00
   16.850  -2.3826E+00
   16.860  -3.5708E+00
   16.870  -4.4382E+00
   16.880  -4.8198E+00
   16.890  -4.9272E+00
   16.900  -5.2021E+00
   16.910  -5.8342E+00
   16.920  -6.6381E+00
   16.930  -7.2047E+00
   16.940  -7.1296E+00
   16.950  -6.3335E+00
   16.960  -5.1565E+00
   16.970  -3.9345E+00
   16.980  -2.8684E+00
   16.990  -2.0801E+00
   17.000  -1.6809E+00
   17.010  -1.6462E+00
   17.020  -1.7364E+00
   17.030  -1.5957E+00
   17.040  -8.9911E-01
   17.050   3.2743E-01
   17.060   1.6947E+00
   17.070   2.8432E+00
   17.080   3.6530E+00
   17.090   4.3199E+00
   17.100   5.1967E+00
   17.110   6.5251E+00
   17.120   8.1047E+00
   17.130   9.4036E+00
   17.140   9.9841E+00
   17.150   9.7380E+00
   17.160   8.7925E+00
   17.170   7.3294E+00
   17.180   5.5387E+00
   17.190   3.6002E+00
   17.200   1.6922E+00
   17.210   4.1130E-02
   17.220  -1.1700E+00
   17.230  -1.8807E+00
   17.240  -2.2158E+00
   17.250  -2.4163E+00
   17.260  -2.7101E+00
   17.270  -3.2131E+00
   17.280  -3.9485E+00
   17.290  -4.9542E+00
   17.300  -6.2667E+00
   17.310  -7.8246E+00
   17.320  -9.4401E+00
   17.330  -1.0869E+01
   17.340  -1.1891E+01
   17.350  -1.2405E+01
   17.360  -1.2485E+01
   17.370  -1.2217E+01
   17.380  -1.1565E+01
   17.390  -1.0531E+01
   17.400  -9.2260E+00
   17.410  -7.8059E+00
   17.420  -6.4904E+00
   17.430  -5.4969E+00
   17.440  -4.8770E+00
   17.450  -4.5106E+00
   17.460  -4.2023E+00
   17.470  -3.7259E+00
   17.480  -2.8918E+00
   17.490  -1.6091E+00
   17.500   8.9165E-02
   17.510   2.0409E+00
   17.520   4.0371E+00
   17.530   5.9425E+00
   17.540   7.6324E+00
   17.550   8.9319E+00
   17.560   9.7678E+00
   17.570   1.0271E+01
   17.580   1.0732E+01
   17.590   1.1384E+01
   17.600   1.2238E+01
   17.610   1.3115E+01
   17.620   1.3780E+01
   17.630   1.4071E+01
   17.640   1.3886E+01
   17.650   1.3201E+01
   17.660   1.2110E+01
   17.670   1.0812E+01
   17.680   9.5418E+00
   17.690   8.4892E+00
   17.700   7.6945E+00
   17.710   6.9961E+00
   17.720   6.1047E+00
   17.730   4.8433E+00
   17.740   3.3722E+00
   17.750   2.0763E+00
   17.760   1.2174E+00
   17.770   7.6295E-01
   17.780   4.8093E-01
   17.790   2.3265E-01
   17.800   1.0226E-01
   17.810   2.1602E-01
   17.820   5.2517E-01
   17.830   8.1789E-01
   17.840   9.1294E-01
   17.850   8.3742E-01
   17.860   7.6941E-01
   17.870   8.3185E-01
   17.880   9.3818E-01
   17.890   9.0766E-01
   17.900   6.4137E-01
   17.910   1.6284E-01
   17.920  -4.8719E-01
   17.930  -1.3148E+00
   17.940  -2.3098E+00
   17.950  -3.3650E+00
   17.960  -4.2494E+00
   17.970  -4.7562E+00
   17.980  -4.8884E+00
   17.990  -4.8106E+00
   18.000  -4.6797E+00
   18.010  -4.5320E+00
   18.020  -4.3399E+00
   18.030  -4.0921E+00
   18.040  -3.7988E+00
   18.050  -3.4761E+00
   18.060  -3.1495E+00
   18.070  -2.8402E+00
   18.080  -2.5088E+00
   18.090  -2.0391E+00
   18.100  -1.3191E+00
   18.110  -3.8733E-01
   18.120   5.2945E-01
   18.130   1.1551E+00
   18.140   1.3520E+00
   18.150   1.2236E+00
   18.160   1.0142E+00
   18.170   9.1712E-01
   18.180   1.0000E+00
   18.190   1.2078E+00
   18.200   1.3964E+00
   18.210   1.4278E+00
   18.220   1.2333E+00
   18.230   8.8393E-01
   18.240   5.9219E-01
   18.250   5.9068E-01
   18.260   9.4074E-01
   18.270   1.4772E+00
   18.280   1.9250E+00
   18.290   2.0563E+00
   18.300   1.7947E+00
   18.310   1.2182E+00
   18.320   4.7808E-01
   18.330  -2.5851E-01
   18.340  -8.8055E-01
   18.350  -1.3960E+00
   18.360  -1.9132E+00
   18.370  -2.5260E+00
   18.380  -3.1963E+00
   18.390  -3.7562E+00
   18.400  -4.0355E+00
   18.410  -3.9945E+00
   18.420  -3.7060E+00
   18.430  -3.2639E+00
   18.440  -2.7176E+00
   18.450  -2.0932E+00
   18.460  -1.4499E+00
   18.470  -8.6926E-01
   18.480  -3.3882E-01
   18.490   2.2813E-01
   18.500   9.2693E-01
   18.510   1.7944E+00
   18.520   2.7648E+00
   18.530   3.6904E+00
   18.540   4.4417E+00
   18.550   4.9859E+00
   18.560   5.3561E+00
   18.570   5.5767E+00
   18.580   5.6603E+00
   18.590   5.6077E+00
   18.600   5.3927E+00
   18.610   4.9853E+00
   18.620   4.4004E+00
   18.630   3.7088E+00
   18.640   2.9877E+00
   18.650   2.2857E+00
   18.660   1.6516E+00
   18.670   1.1650E+00
   18.680   8.8407E-01
   18.690   7.6376E-01
   18.700   6.7073E-01
   18.710   5.0861E-01
   18.720   3.0791E-01
   18.730   1.6261E-01
   18.740   7.9368E-02
   18.750  -8.3529E-02
   18.760  -5.1336E-01
   18.770  -1.2801E+00
   18.780  -2.2717E+00
   18.790  -3.2728E+00
   18.800  -4.0977E+00
   18.810  -4.6688E+00
   18.820  -5.0098E+00
   18.830  -5.2025E+00
   18.840  -5.3503E+00
   18.850  -5.5542E+00
   18.860  -5.8790E+00
   18.870  -6.3106E+00
   18.880  -6.7409E+00
   18.890  -7.0161E+00
   18.900  -7.0321E+00
   18.910  -6.7964E+00
   18.920  -6.3978E+00
   18.930  -5.9199E+00
   18.940  -5.3973E+00
   18.950  -4.8379E+00
   18.960  -4.2484E+00
   18.970  -3.6196E+00
   18.980  -2.9272E+00
   18.990  -2.1931E+00
   19.000  -1.5355E+00
   19.010  -1.1000E+00
   19.020  -9.1704E-01
   19.030  -8.5455E-01
   19.040  -7.4560E-01
   19.050  -5.5478E-01
   19.060  -3.9342E-01
   19.070  -3.6615E-01
   19.080  -4.2539E-01
   19.090  -3.9614E-01
   19.100  -1.4336E-01
   19.110   3.0002E-01
   19.120   7.7630E-01
   19.130   1.1577E+00
   19.140   1.4405E+00
   19.150   1.6952E+00
   19.160   1.9584E+00
   19.170   2.1954E+00
   19.180   2.3471E+00
   19.190   2.3829E+00
   19.200   2.3090E+00
   19.210   2.1546E+00
   19.220   1.9644E+00
   19.230   1.7971E+00
   19.240   1.7235E+00
   19.250   1.8154E+00
   19.260   2.1092E+00
   19.270   2.5542E+00
   19.280   3.0015E+00
   19.290   3.2786E+00
   19.300   3.2902E+00
   19.310   3.0469E+00
   19.320   2.6057E+00
   19.330   2.0068E+00
   19.340   1.2693E+00
   19.350   4.2106E-01
   19.360  -4.7896E-01
   19.370  -1.3302E+00
   19.380  -1.9982E+00
   19.390  -2.3643E+00
   19.400  -2.4004E+00
   19.410  -2.1947E+00
   19.420  -1.8903E+00
   19.430  -1.5942E+00
   19.440  -1.3359E+00
   19.450  -1.0821E+00
   19.460  -7.7544E-01
   19.470  -3.8891E-01
   19.480   1.9199E-02
   19.490   3.1048E-01
   19.500   3.6647E-01
   19.510   2.0240E-01
   19.520  -3.9580E-02
   19.530  -2.2217E-01
   19.540  -3.1600E-01
   19.550  -3.4944E-01
   19.560  -2.8561E-01
   19.570  -1.2819E-02
   19.580   5.1499E-01
   19.590   1.1705E+00
   19.600   1.7412E+00
   19.610   2.1254E+00
   19.620   2.3949E+00
   19.630   2.6591E+00
   19.640   2.9191E+00
   19.650   3.0851E+00
   19.660   3.0900E+00
   19.670   2.9302E+00
   19.680   2.6194E+00
   19.690   2.1753E+00
   19.700   1.6596E+00
   19.710   1.1722E+00
   19.720   7.7772E-01
   19.730   4.6622E-01
   19.740   1.9308E-01
   19.750  -9.0229E-02
   19.760  -4.6351E-01
   19.770  -1.0362E+00
   19.780  -1.8591E+00
   19.790  -2.8537E+00
   19.800  -3.8704E+00
   19.810  -4.8041E+00
   19.820  -5.6186E+00
   19.830  -6.2772E+00
   19.840  -6.7071E+00
   19.850  -6.8428E+00
   19.860  -6.6701E+00
   19.870  -6.2183E+00
   19.880  -5.5458E+00
   19.890  -4.7482E+00
   19.900  -3.9475E+00
   19.910  -3.2430E+00
   19.920  -2.6707E+00
   19.930  -2.2106E+00
   19.940  -1.8084E+00
   19.950  -1.3806E+00
   19.960  -8.3693E-01
   19.970  -1.4419E-01
   19.980   6.2550E-01
   19.990   1.3415E+00
   20.000   1.9226E+00
   20.010   2.3869E+00
   20.020   2.7851E+00
   20.030   3.1071E+00
   20.040   3.2834E+00
   20.050   3.2793E+00
   20.060   3.1619E+00
   20.070   3.0602E+00
   20.080   3.0710E+00
   20.090   3.2155E+00
   20.100   3.4689E+00
   20.110   3.8035E+00
   20.120   4.2039E+00
   20.130   4.6596E+00
   20.140   5.1495E+00
   20.150   5.6184E+00
   20.160   5.9808E+00
   20.170   6.1733E+00
   20.180   6.2041E+00
   20.190   6.1189E+00
   20.200   5.9109E+00
   20.210   5.5089E+00
   20.220   4.8798E+00
   20.230   4.1145E+00
   20.240   3.3782E+00
   20.250   2.8005E+00
   20.260   2.4414E+00
   20.270   2.3184E+00
   20.280   2.3878E+00
   20.290   2.4979E+00
   20.300   2.4431E+00
   20.310   2.1210E+00
   20.320   1.6096E+00
   20.330   1.0495E+00
   20.340   4.7554E-01
   20.350  -1.8976E-01
   20.360  -9.7885E-01
   20.370  -1.7669E+00
   20.380  -2.3473E+00
   20.390  -2.6109E+00
   20.400  -2.6399E+00
   20.410  -2.6306E+00
   20.420  -2.7304E+00
   20.430  -2.9377E+00
   20.440  -3.1361E+00
   20.450  -3.2051E+00
   20.460  -3.0982E+00
   20.470  -2.8266E+00
   20.480  -2.4011E+00
   20.490  -1.8229E+00
   20.500  -1.1467E+00
   20.510  -5.3073E-01
   20.520  -1.7613E-01
   20.530  -1.7530E-01
   20.540  -4.1112E-01
   20.550  -6.2159E-01
   20.560  -5.8114E-01
   20.570  -2.3220E-01
   20.580   3.3674E-01
   20.590   1.0138E+00
   20.600   1.7567E+00
   20.610   2.5813E+00
   20.620   3.4678E+00
   20.630   4.8239E+00
   20.640   5.5018E+00
   20.650   5.6403E+00
   20.660   5.2124E+00
   20.670   4.4082E+00
   20.680   3.4998E+00
   20.690   2.6795E+00
   20.700   2.0028E+00
   20.710   1.4297E+00
   20.720   8.7812E-01
   20.730   2.6991E-01
   20.740  -4.1306E-01
   20.750  -1.1033E+00
   20.760  -1.7038E+00
   20.770  -2.1675E+00
   20.780  -2.4907E+00
   20.790  -2.6448E+00
   20.800  -2.5851E+00
   20.810  -2.3665E+00
   20.820  -2.1958E+00
   20.830  -2.2918E+00
   20.840  -2.6756E+00
   20.850  -3.1362E+00
   20.860  -3.4254E+00
   20.870  -3.4782E+00
   20.880  -3.4399E+00
   20.890  -3.4942E+00
   20.900  -3.6728E+00
   20.910  -3.8144E+00
   20.920  -3.6887E+00
   20.930  -3.1601E+00
   20.940  -2.2505E+00
   20.950  -1.0745E+00
   20.960   2.5248E-01
   20.970   1.6227E+00
   20.980   2.8762E+00
   20.990   3.8036E+00
   21.000   4.2764E+00
   21.010   4.3945E+00
   21.020   4.4649E+00
   21.030   4.7881E+00
   21.040   5.4458E+00
   21.050   6.2883E+00
   21.060   7.0971E+00
   21.070   7.7353E+00
   21.080   8.1631E+00
   21.090   8.3791E+00
   21.100   8.3787E+00
   21.110   8.1448E+00
   21.120   7.1854E+00
   21.130   6.6414E+00
   21.140   4.8387E+00
   21.150   4.3535E+00
   21.160   4.0469E+00
   21.170   3.8938E+00
   21.180   4.0199E+00
   21.190   4.2499E+00
   21.200   4.4272E+00
   21.210   4.3968E+00
   21.220   4.0552E+00
   21.230   3.3992E+00
   21.240   2.5341E+00
   21.250   2.3087E+00
   21.260   1.5059E+00
   21.270   9.6031E-01
   21.280   7.3478E-01
   21.290   9.8546E-01
   21.300   1.1357E+00
   21.310   1.1273E+00
   21.320   8.3153E-01
   21.330   3.5063E-01
   21.340  -3.4722E-01
   21.350  -1.2912E+00
   21.360  -2.4805E+00
   21.370  -3.8298E+00
   21.380  -5.1977E+00
   21.390  -4.9840E+00
   21.400  -6.1030E+00
   21.410  -7.1756E+00
   21.420  -8.1819E+00
   21.430  -8.9915E+00
   21.440  -9.4133E+00
   21.450  -9.3274E+00
   21.460  -8.7888E+00
   21.470  -8.0128E+00
   21.480  -7.2541E+00
   21.490  -6.6725E+00
   21.500  -4.5524E+00
   21.510  -4.3632E+00
   21.520  -4.2554E+00
   21.530  -4.2173E+00
   21.540  -4.2079E+00
   21.550  -4.0908E+00
   21.560  -3.7066E+00
   21.570  -3.0230E+00
   21.580  -1.9623E+00
   21.590  -1.0722E+00
   21.600  -1.3859E-01
   21.610   8.6038E-01
   21.620   3.7180E+00
   21.630   4.7350E+00
   21.640   5.4766E+00
   21.650   5.9012E+00
   21.660   6.1143E+00
   21.670   6.2590E+00
   21.680   5.7692E+00
   21.690   6.1463E+00
   21.700   6.4954E+00
   21.710   6.7204E+00
   21.720   5.6863E+00
   21.730   5.2453E+00
   21.740   2.2404E+00
   21.750   8.9902E-01
   21.760  -4.5095E-01
   21.770  -1.4361E+00
   21.780  -2.2964E+00
   21.790  -2.8442E+00
   21.800  -3.2012E+00
   21.810  -3.5089E+00
   21.820  -3.8736E+00
   21.830  -4.3307E+00
   21.840  -4.8310E+00
   21.850  -5.2707E+00
   21.860  -5.5754E+00
   21.870  -5.7837E+00
   21.880  -6.0402E+00
   21.890  -6.2206E+00
   21.900  -6.7535E+00
   21.910  -3.6230E+00
   21.920  -3.4718E+00
   21.930  -2.8444E+00
   21.940  -3.0969E+00
   21.950  -2.0376E+00
   21.960  -9.4188E-01
   21.970   7.7466E-02
   21.980   9.8262E-01
   21.990   1.5547E+00
   22.000   2.4917E+00
   22.010   3.5039E+00
   22.020   4.1895E+00
   22.030   4.9174E+00
   22.040   5.4046E+00
   22.050   5.7239E+00
   22.060   5.6351E+00
   22.070   5.6510E+00
   22.080   5.9550E+00
   22.090   6.3933E+00
   22.100   6.0601E+00
   22.110   5.5417E+00
   22.120   4.6864E+00
   22.130   3.5301E+00
   22.140   2.3057E+00
   22.150   1.2465E+00
   22.160   4.2167E-01
   22.170  -2.3141E-01
   22.180  -7.8121E-01
   22.190  -1.2710E+00
   22.200  -1.7952E+00
   22.210  -2.5302E+00
   22.220  -3.6309E+00
   22.230  -4.8037E+00
   22.240  -6.2439E+00
   22.250  -7.4803E+00
   22.260  -8.2887E+00
   22.270  -6.6312E+00
   22.280  -6.7724E+00
   22.290  -6.8435E+00
   22.300  -7.0558E+00
   22.310  -6.8988E+00
   22.320  -6.5286E+00
   22.330  -5.9762E+00
   22.340  -5.3913E+00
   22.350  -5.3253E+00
   22.360  -5.1793E+00
   22.370  -5.2673E+00
   22.380  -5.3759E+00
   22.390  -4.1896E+00
   22.400  -3.7211E+00
   22.410  -1.6451E+00
   22.420  -1.3301E+00
   22.430  -6.5643E-01
   22.440   2.7833E-02
   22.450   6.7665E-01
   22.460   1.1852E+00
   22.470   1.5000E+00
   22.480   1.7033E+00
   22.490   1.9430E+00
   22.500   2.2860E+00
   22.510   2.6703E+00
   22.520   3.8497E+00
   22.530   4.1913E+00
   22.540   4.4359E+00
   22.550   4.6480E+00
   22.560   4.8914E+00
   22.570   5.5956E+00
   22.580   6.3435E+00
   22.590   6.7143E+00
   22.600   6.9768E+00
   22.610   7.2645E+00
   22.620   7.6966E+00
   22.630   8.3390E+00
   22.640   9.1240E+00
   22.650   9.8941E+00
   22.660   1.0522E+01
   22.670   1.1530E+01
   22.680   1.1794E+01
   22.690   1.1772E+01
   22.700   1.1366E+01
   22.710   1.0556E+01
   22.720   9.4201E+00
   22.730   8.0756E+00
   22.740   6.6023E+00
   22.750   4.5167E+00
   22.760   2.9645E+00
   22.770   1.3779E+00
   22.780  -1.4748E-01
   22.790  -1.5191E+00
   22.800  -2.6990E+00
   22.810  -4.0526E+00
   22.820  -5.1607E+00
   22.830  -6.0709E+00
   22.840  -6.8670E+00
   22.850  -8.0114E+00
   22.860  -8.2178E+00
   22.870  -8.9650E+00
   22.880  -9.7242E+00
   22.890  -1.0262E+01
   22.900  -1.0495E+01
   22.910  -1.0208E+01
   22.920  -9.4408E+00
   22.930  -6.4838E+00
   22.940  -5.4344E+00
   22.950  -4.6107E+00
   22.960  -3.9398E+00
   22.970  -4.1010E+00
   22.980  -3.3618E+00
   22.990  -2.5044E+00
   23.000  -1.5615E+00
   23.010  -6.3687E-01
   23.020   1.7656E-01
   23.030   7.9894E-01
   23.040   1.2585E+00
   23.050   1.6692E+00
   23.060   2.4542E+00
   23.070   2.7150E+00
   23.080   3.4297E+00
   23.090   3.4130E+00
   23.100   2.7415E+00
   23.110   2.2542E+00
   23.120   1.7810E+00
   23.130   1.2196E+00
   23.140   7.1418E-01
   23.150   2.3460E-01
   23.160  -2.8156E-01
   23.170  -9.6200E-01
   23.180  -1.9030E+00
   23.190  -3.1024E+00
   23.200  -4.4286E+00
   23.210  -1.6484E+00
   23.220  -2.5381E+00
   23.230  -2.4575E+00
   23.240  -1.5258E+00
   23.250   3.7753E-01
   23.260  -4.6860E-01
   23.270  -1.5874E+00
   23.280  -2.4763E+00
   23.290  -3.1941E+00
   23.300  -3.5403E+00
   23.310  -3.6235E+00
   23.320  -3.5425E+00
   23.330  -3.3218E+00
   23.340  -3.0909E+00
   23.350  -2.9796E+00
   23.360  -3.0229E+00
   23.370  -3.1207E+00
   23.380  -3.1191E+00
   23.390  -2.9493E+00
   23.400  -2.6833E+00
   23.410  -2.4528E+00
   23.420  -2.3341E+00
   23.430  -3.5252E+00
   23.440  -3.3681E+00
   23.450  -3.1868E+00
   23.460  -2.9564E+00
   23.470  -2.0914E+00
   23.480  -1.4146E+00
   23.490  -2.2197E+00
   23.500  -2.9285E+00
   23.510  -1.9842E+00
   23.520  -1.2307E+00
   23.530  -3.8711E-01
   23.540   5.7018E-01
   23.550   1.5991E+00
   23.560   2.5634E+00
   23.570   3.3989E+00
   23.580   4.0253E+00
   23.590   2.1570E+00
   23.600   2.2847E+00
   23.610   2.8048E+00
   23.620   3.4150E+00
   23.630   4.0576E+00
   23.640   4.6241E+00
   23.650   5.0311E+00
   23.660   5.2491E+00
   23.670   5.3098E+00
   23.680   5.6031E+00
   23.690   5.5655E+00
   23.700   5.5091E+00
   23.710   5.4424E+00
   23.720   5.3144E+00
   23.730   4.6829E+00
   23.740   4.0067E+00
   23.750   3.1752E+00
   23.760   1.9296E+00
   23.770   8.0280E-01
   23.780  -3.1428E-01
   23.790  -1.7164E+00
   23.800  -2.4972E+00
   23.810  -3.2479E+00
   23.820  -3.9968E+00
   23.830  -4.6568E+00
   23.840  -3.2731E+00
   23.850  -3.3506E+00
   23.860  -3.4392E+00
   23.870  -3.5926E+00
   23.880  -3.9389E+00
   23.890  -4.1597E+00
   23.900  -4.3238E+00
   23.910  -4.4087E+00
   23.920  -4.5586E+00
   23.930  -4.6376E+00
   23.940  -4.7901E+00
   23.950  -5.1904E+00
   23.960  -5.3245E+00
   23.970  -5.3360E+00
   23.980  -5.1165E+00
   23.990  -4.6842E+00
   24.000  -3.7877E+00
   24.010  -2.6263E+00
   24.020  -9.1056E-01
   24.030   3.7503E-01
   24.040   1.4964E+00
   24.050   2.6369E+00
   24.060   3.4924E+00
   24.070   4.0859E+00
   24.080   4.5220E+00
   24.090   4.9120E+00
   24.100   5.3197E+00
   24.110   5.7585E+00
   24.120   6.2091E+00
   24.130   6.5971E+00
   24.140   5.9538E+00
   24.150   6.6030E+00
   24.160   5.7883E+00
   24.170   5.0189E+00
   24.180   4.3124E+00
   24.190   3.6093E+00
   24.200   3.0263E+00
   24.210   2.6132E+00
   24.220   2.1957E+00
   24.230   1.9838E+00
   24.240   1.9449E+00
   24.250   1.5756E+00
   24.260   1.2037E+00
   24.270   6.7940E-01
   24.280   2.5910E-02
   24.290  -6.6817E-01
   24.300  -1.3414E+00
   24.310  -1.9345E+00
   24.320  -2.5417E+00
   24.330  -2.1472E+00
   24.340  -2.4550E+00
   24.350  -3.3656E+00
   24.360  -4.1958E+00
   24.370  -4.9116E+00
   24.380  -5.4816E+00
   24.390  -6.0590E+00
   24.400  -6.5911E+00
   24.410  -6.9900E+00
   24.420  -7.2652E+00
   24.430  -7.2882E+00
   24.440  -7.1783E+00
   24.450  -7.0179E+00
   24.460  -6.7354E+00
   24.470  -6.3980E+00
   24.480  -5.9558E+00
   24.490  -5.3314E+00
   24.500  -4.4755E+00
   24.510  -3.4052E+00
   24.520  -1.8139E+00
   24.530  -5.5874E-01
   24.540   6.4256E-01
   24.550   1.7281E+00
   24.560   2.6700E+00
   24.570   3.4776E+00
   24.580   4.1833E+00
   24.590   4.8315E+00
   24.600   5.4726E+00
   24.610   6.1450E+00
   24.620   6.8379E+00
   24.630   7.4728E+00
   24.640   7.6823E+00
   24.650   6.5475E+00
   24.660   6.4223E+00
   24.670   6.2011E+00
   24.680   5.9250E+00
   24.690   5.6040E+00
   24.700   5.2284E+00
   24.710   4.8376E+00
   24.720   4.4472E+00
   24.730   4.2887E+00
   24.740   3.7703E+00
   24.750   3.3835E+00
   24.760   2.5548E+00
   24.770   2.0445E+00
   24.780   1.4582E+00
   24.790   7.7338E-01
   24.800  -1.1566E-01
   24.810  -1.0845E+00
   24.820  -2.1267E+00
   24.830  -3.1021E+00
   24.840  -3.9152E+00
   24.850  -4.3155E+00
   24.860  -3.5133E+00
   24.870  -3.5867E+00
   24.880  -4.1369E+00
   24.890  -4.1487E+00
   24.900  -4.0707E+00
   24.910  -3.9044E+00
   24.920  -3.3929E+00
   24.930  -2.4278E+00
   24.940  -1.8170E+00
   24.950  -1.1262E+00
   24.960  -4.3515E-01
   24.970   1.5512E-01
   24.980   7.7183E-01
   24.990   1.1279E+00
   25.000   1.4562E+00
   25.010   1.6708E+00
   25.020   1.7585E+00
   25.030   1.7570E+00
   25.040   1.6803E+00
   25.050   1.5181E+00
   25.060   1.3743E+00
   25.070   1.2458E+00
   25.080   1.1046E+00
   25.090   8.9924E-01
   25.100   6.0845E-01
   25.110   2.5215E-01
   25.120  -1.3947E-01
   25.130  -5.4178E-01
   25.140  -9.1949E-01
   25.150  -1.1435E+00
   25.160  -1.4840E+00
   25.170  -1.6588E+00
   25.180  -1.7405E+00
   25.190  -1.7031E+00
   25.200  -1.5003E+00
   25.210  -1.1233E+00
   25.220  -5.9816E-01
   25.230  -1.3027E-01
   25.240   1.6507E-01
   25.250   1.2515E-01
   25.260  -7.5465E-02
   25.270  -4.7091E-01
   25.280  -9.6813E-01
   25.290  -1.4751E+00
   25.300  -1.9114E+00
   25.310  -2.2233E+00
   25.320  -2.4064E+00
   25.330  -2.4550E+00
   25.340  -2.4529E+00
   25.350  -2.3848E+00
   25.360  -2.2476E+00
   25.370  -2.0730E+00
   25.380  -1.9627E+00
   25.390  -1.8537E+00
   25.400  -1.7671E+00
   25.410  -1.6165E+00
   25.420  -1.3916E+00
   25.430  -8.9543E-01
   25.440  -2.7789E-01
   25.450   3.1597E-01
   25.460   9.8652E-01
   25.470   1.5728E+00
   25.480   2.1791E+00
   25.490   8.5565E-01
   25.500   8.4966E-01
   25.510   4.3289E-02
   25.520   2.1905E-01
   25.530   1.9470E-01
   25.540   2.7890E-01
   25.550   4.2965E-01
   25.560   2.5939E-01
   25.570   1.6342E-01
   25.580   8.1552E-02
   25.590   4.6409E-02
   25.600   7.7430E-02
   25.610   3.8998E-01
   25.620   4.9141E-01
   25.630   4.9995E-01
   25.640   4.7251E-01
   25.650   4.3778E-01
   25.660   4.2489E-01
   25.670   4.2552E-01
   25.680   4.1575E-01
   25.690   3.9819E-01
   25.700   4.0564E-01
   25.710   4.5834E-01
   25.720   3.9612E-01
   25.730   4.1088E-01
   25.740   3.0697E-01
   25.750   7.4895E-02
   25.760  -2.2923E-01
   25.770  -5.7473E-01
   25.780  -7.5986E-01
   25.790  -8.2404E-01
   25.800  -4.0029E-01
   25.810  -2.2953E-01
   25.820  -9.7851E-02
   25.830  -3.3086E-02
   25.840  -8.9565E-02
   25.850  -1.4697E-01
   25.860  -3.0280E-01
   25.870  -5.3642E-01
   25.880  -7.2710E-01
   25.890  -9.8136E-01
   25.900  -1.1996E+00
   25.910  -1.3624E+00
   25.920  -1.4709E+00
   25.930  -1.5338E+00
   25.940  -1.5599E+00
   25.950  -1.4849E+00
   25.960  -1.3405E+00
   25.970  -1.1421E+00
   25.980  -9.3595E-01
   25.990  -7.5930E-01
   26.000  -5.9368E-01
   26.010  -4.0995E-01
   26.020  -1.6947E-01
   26.030   1.1998E-01
   26.040   3.7877E-01
   26.050   6.9977E-01
   26.060   1.0275E+00
   26.070   1.8090E+00
   26.080   2.0488E+00
   26.090   1.3957E+00
   26.100   1.5342E+00
   26.110   1.5904E+00
   26.120   1.5358E+00
   26.130   1.3726E+00
   26.140   1.1737E+00
   26.150   8.2341E-01
   26.160   6.4951E-01
   26.170   4.9682E-01
   26.180   3.7354E-01
   26.190   2.5980E-01
   26.200   1.4699E-01
   26.210   3.4460E-02
   26.220  -6.5851E-02
   26.230  -1.3739E-01
   26.240  -1.7581E-01
   26.250  -1.9475E-01
   26.260  -2.1558E-01
   26.270  -2.3398E-01
   26.280  -2.2732E-01
   26.290  -1.7102E-01
   26.300  -6.3968E-02
   26.310   6.3524E-02
   26.320   1.6569E-01
   26.330   2.0646E-01
   26.340   1.7367E-01
   26.350   7.8359E-02
   26.360  -5.0983E-02
   26.370  -1.7308E-01
   26.380  -2.4365E-01
   26.390  -2.3480E-01
   26.400  -1.5406E-01
   26.410  -1.3149E-01
   26.420  -4.8354E-02
   26.430  -2.4045E-02
   26.440  -5.8819E-02
   26.450  -1.1809E-01
   26.460  -1.6222E-01
   26.470  -1.7524E-01
   26.480  -1.6722E-01
   26.490  -1.5279E-01
   26.500  -1.3408E-01
   26.510  -1.6442E-01
   26.520  -1.2093E-01
   26.530  -7.1044E-02
   26.540  -3.9398E-02
   26.550  -1.6740E-02
   26.560   6.6734E-03
   26.570   3.3660E-02
   26.580   6.3916E-02
   26.590  -5.1574E-01
   26.600  -5.2997E-01
   26.610  -5.0096E-01
   26.620  -4.2970E-01
   26.630  -3.3258E-01
   26.640  -2.2798E-01
   26.650  -1.2850E-01
   26.660   1.9464E-01
   26.670   2.7796E-01
   26.680   3.1806E-01
   26.690   3.4214E-01
   26.700   8.0150E-01
   26.710   7.7146E-01
   26.720   7.2840E-01
   26.730   6.8240E-01
   26.740   6.4262E-01
   26.750   8.2178E-01
   26.760   8.6449E-01
   26.770   9.4602E-01
   26.780   1.0658E+00
   26.790   1.2035E+00
   26.800   1.3227E+00
   26.810   1.3874E+00
   26.820   1.3778E+00
   26.830   1.2955E+00
   26.840   1.1583E+00
   26.850   9.9052E-01
   26.860   5.9029E-01
   26.870   4.1850E-01
   26.880   2.3028E-01
   26.890   5.7813E-02
   26.900  -9.6936E-02
   26.910  -2.3097E-01
   26.920  -3.4464E-01
   26.930  -4.3133E-01
   26.940  -4.8059E-01
   26.950  -4.9431E-01
   26.960  -1.0073E+00
   26.970  -1.0227E+00
   26.980  -1.0280E+00
   26.990  -1.0126E+00
   27.000  -9.7124E-01
   27.010  -9.1903E-01
   27.020  -7.2946E-01
   27.030  -7.3501E-01
   27.040  -7.6208E-01
   27.050  -7.8447E-01
   27.060  -7.8721E-01
   27.070  -7.7414E-01
   27.080  -7.5432E-01
   27.090  -7.2564E-01
   27.100  -6.7396E-01
   27.110  -5.8535E-01
   27.120  -4.5553E-01
   27.130  -2.8968E-01
   27.140   2.8149E-01
   27.150   5.0715E-01
   27.160   7.0656E-01
   27.170   8.4678E-01
   27.180   9.2668E-01
   27.190   9.2477E-01
   27.200   8.6206E-01
   27.210   7.5597E-01
   27.220   6.2958E-01
   27.230   5.1308E-01
   27.240   4.3586E-01
   27.250   8.9725E-01
   27.260   8.9718E-01
   27.270   9.1484E-01
   27.280   9.5042E-01
   27.290   9.5587E-01
   27.300   9.3443E-01
   27.310   8.7366E-01
   27.320   7.6870E-01
   27.330   6.7173E-01
   27.340   4.9897E-01
   27.350   5.2809E-01
   27.360   3.8598E-01
   27.370   2.7434E-01
   27.380   2.0274E-01
   27.390   2.3489E-01
   27.400   2.1901E-01
   27.410   2.0854E-01
   27.420   6.3493E-02
   27.430   3.1119E-02
   27.440  -2.9246E-02
   27.450  -1.1430E-01
   27.460  -2.1040E-01
   27.470  -3.0625E-01
   27.480  -3.9774E-01
   27.490  -5.3117E-01
   27.500  -6.2989E-01
   27.510  -5.3278E-01
   27.520  -5.7157E-01
   27.530  -5.9238E-01
   27.540  -6.1063E-01
   27.550  -6.3619E-01
   27.560  -6.6890E-01
   27.570  -6.9941E-01
   27.580  -7.1456E-01
   27.590  -7.0615E-01
   27.600  -6.7660E-01
   27.610  -6.3399E-01
   27.620  -5.8107E-01
   27.630  -5.0175E-01
   27.640  -4.6236E-01
   27.650  -3.5833E-01
   27.660   2.6038E-01
   27.670   3.5170E-01
   27.680   4.2052E-01
   27.690   4.6907E-01
   27.700   5.0377E-01
   27.710   1.8315E-01
   27.720   2.1642E-01
   27.730  -5.7217E-02
   27.740  -3.0971E-02
   27.750  -9.6372E-04
   27.760   3.4016E-02
   27.770   6.9440E-02
   27.780   9.8560E-02
   27.790   1.1866E-01
   27.800   1.1126E-01
   27.810   1.1324E-01
   27.820   1.1239E-01
   27.830   1.0944E-01
   27.840   1.0322E-01
   27.850   9.5059E-02
   27.860   8.7004E-02
   27.870   8.1323E-02
   27.880   7.9594E-02
   27.890   8.1427E-02
   27.900   8.8807E-02
   27.910   9.6642E-02
   27.920   9.9739E-02
   27.930   9.7598E-02
   27.940   9.0577E-02
   27.950   7.8927E-02
   27.960   6.3236E-02
   27.970   4.5868E-02
   27.980   3.1628E-02
   27.990   2.5883E-02
   28.000   3.0757E-02
   28.010   4.2581E-02
   28.020   5.3723E-02
   28.030   5.7659E-02
   28.040   5.2690E-02
   28.050   7.4137E-02
   28.060   6.3917E-02
   28.070   5.5806E-02
   28.080   5.2744E-02
   28.090   5.5891E-02
   28.100   6.2770E-02
   28.110   6.7513E-02
   28.120   6.4311E-02
   28.130   5.0995E-02
   28.140   2.9477E-02
   28.150   3.5700E-03
   28.160  -2.2864E-02
   28.170  -4.6714E-02
   28.180  -9.4127E-02
   28.190  -5.4591E-02
   28.200  -7.5096E-02
   28.210  -1.0464E-01
   28.220  -7.8406E-02
   28.230  -1.0032E-01
   28.240  -1.1610E-01
   28.250  -1.2575E-01
   28.260  -1.3164E-01
   28.270  -1.3556E-01
   28.280  -1.3766E-01
   28.290  -1.3760E-01
   28.300  -1.3551E-01
   28.310  -1.3153E-01
   28.320  -1.2523E-01
   28.330  -1.1623E-01
   28.340  -1.0450E-01
   28.350  -8.9630E-02
   28.360  -7.0174E-02
   28.370  -4.4857E-02
   28.380  -1.4601E-02
   28.390   1.7167E-02
   28.400   9.6682E-03
   28.410   8.7119E-03
   28.420   1.0104E-02
   28.430   1.0406E-02
   28.440   9.6617E-03
   28.450   7.8412E-03
   28.460   5.0194E-03
   28.470   1.6089E-03
   28.480  -1.6773E-03
   28.490  -4.1971E-03
   28.500  -5.7546E-03
   28.510  -6.6300E-03
   28.520  -7.2968E-03
   28.530  -8.1397E-03
   28.540  -1.0506E-02
   28.550  -1.2361E-02
   28.560  -1.3839E-02
   28.570  -1.4984E-02
   28.580  -1.6208E-02
   28.590  -1.8010E-02
   28.600  -2.0491E-02
   28.610  -2.3170E-02
   28.620  -2.5318E-02
   28.630  -2.6413E-02
   28.640  -2.6227E-02
   28.650  -2.4673E-02
   28.660  -2.1818E-02
   28.670  -1.8094E-02
   28.680  -1.4313E-02
   28.690  -1.1333E-02
   28.700  -9.6898E-03
   28.710  -9.5099E-03
   28.720  -1.0627E-02
   28.730  -1.2695E-02
   28.740  -1.5310E-02
   28.750  -1.8192E-02
   28.760  -2.1271E-02
   28.770  -2.4506E-02
   28.780  -2.7570E-02
   28.790  -2.9773E-02
   28.800  -3.0391E-02
   28.810  -2.9153E-02
   28.820  -2.6454E-02
   28.830  -2.3089E-02
   28.840  -1.9727E-02
   28.850  -1.6618E-02
   28.860  -1.3695E-02
   28.870  -8.6340E-03
   28.880  -5.9874E-03
   28.890  -3.1551E-03
   28.900  -7.9272E-05
   28.910   2.9432E-03
   28.920   5.2780E-03
   28.930   6.3734E-03
   28.940   6.1952E-03
   28.950   5.2077E-03
   28.960   3.9595E-03
   28.970   2.7385E-03
   28.980   1.5739E-03
   28.990   4.3131E-04
   29.000  -6.3678E-04
   29.010  -1.4220E-03
   29.020  -1.5547E-03
   29.030  -6.8281E-04
   29.040   1.1126E-03
   29.050   2.0995E-03
   29.060   1.0405E-03
   29.070  -1.0902E-03
   29.080  -4.0755E-03
   29.090  -1.8181E-04
   29.100  -2.0394E-03
   29.110  -2.7723E-03
   29.120  -2.7655E-03
   29.130  -2.7596E-03
   29.140  -3.3163E-03
   29.150  -4.6013E-03
   29.160  -6.5062E-03
   29.170  -8.8288E-03
   29.180  -1.1407E-02
   29.190  -1.4253E-02
   29.200  -1.7585E-02
   29.210  -2.1560E-02
   29.220  -2.5894E-02
   29.230  -2.9811E-02
   29.240  -3.2508E-02
   29.250  -1.6604E-02
   29.260  -1.6152E-02
   29.270  -1.6050E-02
   29.280  -1.6248E-02
   29.290  -1.6280E-02
   29.300  -1.5769E-02
   29.310  -1.2818E-02
   29.320  -1.0964E-02
   29.330  -8.3465E-03
   29.340  -4.7952E-03
   29.350  -4.0819E-04
   29.360   4.3366E-03
   29.370   8.7875E-03
   29.380   1.2420E-02
   29.390  -7.8198E-03
   29.400  -7.9733E-03
   29.410  -8.3192E-03
   29.420  -8.8100E-03
   29.430  -9.3939E-03
   29.440  -5.0138E-03
   29.450  -5.5419E-03
   29.460  -5.5055E-03
   29.470  -4.5430E-03
   29.480  -2.4969E-03
   29.490   4.6146E-04
   29.500   3.8306E-03
   29.510   6.9727E-03
   29.520   9.4117E-03
   29.530   1.1005E-02
   29.540   1.1856E-02
   29.550   1.2091E-02
   29.560   1.3875E-02
   29.570   1.3080E-02
   29.580   1.2125E-02
   29.590   1.1195E-02
   29.600   1.0427E-02
   29.610   9.8209E-03
   29.620   9.2731E-03
   29.630   8.6977E-03
   29.640   8.1012E-03
   29.650   7.5377E-03
   29.660   6.9773E-03
   29.670   6.2385E-03
   29.680   5.1037E-03
   29.690   3.5362E-03
   29.700   1.7610E-03
   29.710   8.3781E-05
   29.720  -1.3797E-03
   29.730  -2.7779E-03
   29.740  -4.3464E-03
   29.750  -6.1920E-03
   29.760  -8.2284E-03
   29.770  -1.0238E-02
   29.780  -1.1947E-02
   29.790  -1.3100E-02
   29.800  -1.3562E-02
   29.810  -1.3389E-02
   29.820  -1.2757E-02
   29.830  -1.1813E-02
   29.840  -1.0613E-02
   29.850  -9.1917E-03
   29.860  -7.6413E-03
   29.870  -6.0769E-03
   29.880  -4.5702E-03
   29.890  -3.1550E-03
   29.900  -1.8824E-03
   29.910  -8.1692E-04
   29.920   4.1857E-05
   29.930   8.0828E-04
   29.940   1.6623E-03
   29.950   2.7468E-03
   29.960   4.0868E-03
   29.970   5.5573E-03
   29.980   6.9011E-03
   29.990   7.8190E-03
   30.000   8.1239E-03
   30.010   7.8675E-03
   30.020   7.3282E-03
   30.030   6.8509E-03
   30.040   6.6644E-03
   30.050   6.8063E-03
   30.060   7.1678E-03
   30.070   7.5729E-03
   30.080   7.8271E-03
   30.090   7.7479E-03
   30.100   7.2100E-03
   30.110   6.1902E-03
   30.120   4.7726E-03
   30.130   3.0984E-03
   30.140   1.2939E-03
   30.150  -5.7140E-04
   30.160  -2.4638E-03
   30.170  -4.3180E-03
   30.180  -5.9937E-03
   30.190  -7.3158E-03
   30.200  -8.1669E-03
   30.210  -8.5346E-03
   30.220  -8.4765E-03
   30.230  -8.0756E-03
   30.240  -7.4409E-03
   30.250  -6.7029E-03
   30.260  -5.9433E-03
   30.270  -5.1322E-03
   30.280  -4.1809E-03
   30.290  -3.0657E-03
   30.300  -1.8537E-03
   30.310  -5.9261E-04
   30.320   7.7901E-04
   30.330   2.3798E-03
   30.340   4.2798E-03
   30.350   6.4727E-03
   30.360   8.8915E-03
   30.370   1.1369E-02
   30.380   1.3593E-02
   30.390   1.5190E-02
   30.400   1.5940E-02
   30.410   0.0000E+00
   30.420   0.0000E+00
   30.430   0.0000E+00
   30.440   0.0000E+00
   30.450   0.0000E+00
   30.460   0.0000E+00
   30.470   0.0000E+00
   30.480   0.0000E+00
   30.490   0.0000E+00
   30.500   0.0000E+00
   30.510   0.0000E+00
   30.520   0.0000E+00
   30.530   0.0000E+00
   30.540   0.0000E+00
   30.550   0.0000E+00
   30.560   0.0000E+00
   30.570   0.0000E+00
   30.580   0.0000E+00
   30.590   0.0000E+00
   30.600   0.0000E+00
   30.610   0.0000E+00
   30.620   0.0000E+00
   30.630   0.0000E+00
   30.640   0.0000E+00
   30.650   0.0000E+00
   30.660   0.0000E+00
   30.670   0.0000E+00
   30.680   0.0000E+00
   30.690   0.0000E+00
   30.700   0.0000E+00
   30.710   0.0000E+00
   30.720   0.0000E+00
   30.730   0.0000E+00
   30.740   0.0000E+00
   30.750   0.0000E+00
   30.760   0.0000E+00
   30.770   0.0000E+00
   30.780   0.0000E+00
   30.790   0.0000E+00
   30.800   0.0000E+00
   30.810   0.0000E+00
   30.820   0.0000E+00
   30.830   0.0000E+00
   30.840   0.0000E+00
   30.850   0.0000E+00
   30.860   0.0000E+00
   30.870   0.0000E+00
   30.880   0.0000E+00
   30.890   0.0000E+00
   30.900   0.0000E+00
   30.910   0.0000E+00
   30.920   0.0000E+00
   30.930   0.0000E+00
   30.940   0.0000E+00
   30.950   0.0000E+00
   30.960   0.0000E+00
   30.970   0.0000E+00
   30.980   0.0000E+00
   30.990   0.0000E+00
   31.000   0.0000E+00
   31.010   0.0000E+00
   31.020   0.0000E+00
   31.030   0.0000E+00
   31.040   0.0000E+00
   31.050   0.0000E+00
   31.060   0.0000E+00
   31.070   0.0000E+00
   31.080   0.0000E+00
   31.090   0.0000E+00
   31.100   0.0000E+00
   31.110   0.0000E+00
   31.120   0.0000E+00
   31.130   0.0000E+00
   31.140   0.0000E+00
   31.150   0.0000E+00
   31.160   0.0000E+00
   31.170   0.0000E+00
   31.180   0.0000E+00
   31.190   0.0000E+00
   31.200   0.0000E+00
   31.210   0.0000E+00
   31.220   0.0000E+00
   31.230   0.0000E+00
   31.240   0.0000E+00
   31.250   0.0000E+00
   31.260   0.0000E+00
   31.270   0.0000E+00
   31.280   0.0000E+00
   31.290   0.0000E+00
   31.300   0.0000E+00
   31.310   0.0000E+00
   31.320   0.0000E+00
   31.330   0.0000E+00
   31.340   0.0000E+00
   31.350   0.0000E+00
   31.360   0.0000E+00
   31.370   0.0000E+00
   31.380   0.0000E+00
   31.390   0.0000E+00
   31.400   0.0000E+00
   31.410   0.0000E+00
   31.420   0.0000E+00
   31.430   0.0000E+00
   31.440   0.0000E+00
   31.450   0.0000E+00
   31.460   0.0000E+00
   31.470   0.0000E+00
   31.480   0.0000E+00
   31.490   0.0000E+00
   31.500   0.0000E+00
   31.510   0.0000E+00
   31.520   0.0000E+00
   31.530   0.0000E+00
   31.540   0.0000E+00
   31.550   0.0000E+00
   31.560   0.0000E+00
   31.570   0.0000E+00
   31.580   0.0000E+00
   31.590   0.0000E+00
   31.600   0.0000E+00
   31.610   0.0000E+00
   31.620   0.0000E+00
   31.630   0.0000E+00
   31.640   0.0000E+00
   31.650   0.0000E+00
   31.660   0.0000E+00
   31.670   0.0000E+00
   31.680   0.0000E+00
   31.690   0.0000E+00
   31.700   0.0000E+00
   31.710   0.0000E+00
   31.720   0.0000E+00
   31.730   0.0000E+00
   31.740   0.0000E+00
   31.750   0.0000E+00
   31.760   0.0000E+00
   31.770   0.0000E+00
   31.780   0.0000E+00
   31.790   0.0000E+00
   31.800   0.0000E+00
   31.810   0.0000E+00
   31.820   0.0000E+00
   31.830   0.0000E+00
   31.840   0.0000E+00
   31.850   0.0000E+00
   31.860   0.0000E+00
   31.870   0.0000E+00
   31.880   0.0000E+00
   31.890   0.0000E+00
   31.900   0.0000E+00
   31.910   0.0000E+00
   31.920   0.0000E+00
   31.930   0.0000E+00
   31.940   0.0000E+00
   31.950   0.0000E+00
   31.960   0.0000E+00
   31.970   0.0000E+00
   31.980   0.0000E+00
   31.990   0.0000E+00
   32.000   0.0000E+00
   32.010   0.0000E+00
   32.020   0.0000E+00
   32.030   0.0000E+00
   32.040   0.0000E+00
   32.050   0.0000E+00
   32.060   0.0000E+00
   32.070   0.0000E+00
   32.080   0.0000E+00
   32.090   0.0000E+00
   32.100   0.0000E+00
   32.110   0.0000E+00
   32.120   0.0000E+00
   32.130   0.0000E+00
   32.140   0.0000E+00
   32.150   0.0000E+00
   32.160   0.0000E+00
   32.170   0.0000E+00
   32.180   0.0000E+00
   32.190   0.0000E+00
   32.200   0.0000E+00
   32.210   0.0000E+00
   32.220   0.0000E+00
   32.230   0.0000E+00
   32.240   0.0000E+00
   32.250   0.0000E+00
   32.260   0.0000E+00
   32.270   0.0000E+00
   32.280   0.0000E+00
   32.290   0.0000E+00
   32.300   0.0000E+00
   32.310   0.0000E+00
   32.320   0.0000E+00
   32.330   0.0000E+00
   32.340   0.0000E+00
   32.350   0.0000E+00
   32.360   0.0000E+00
   32.370   0.0000E+00
   32.380   0.0000E+00
   32.390   0.0000E+00
   32.400   0.0000E+00
   32.410   0.0000E+00
   32.420   0.0000E+00
   32.430   0.0000E+00
   32.440   0.0000E+00
   32.450   0.0000E+00
   32.460   0.0000E+00
   32.470   0.0000E+00
   32.480   0.0000E+00
   32.490   0.0000E+00
   32.500   0.0000E+00
   32.510   0.0000E+00
   32.520   0.0000E+00
   32.530   0.0000E+00
   32.540   0.0000E+00
   32.550   0.0000E+00
   32.560   0.0000E+00
   32.570   0.0000E+00
   32.580   0.0000E+00
   32.590   0.0000E+00
   32.600   0.0000E+00
   32.610   0.0000E+00
   32.620   0.0000E+00
   32.630   0.0000E+00
   32.640   0.0000E+00
   32.650   0.0000E+00
   32.660   0.0000E+00
   32.670   0.0000E+00
   32.680   0.0000E+00
   32.690   0.0000E+00
   32.700   0.0000E+00
   32.710   0.0000E+00
   32.720   0.0000E+00
   32.730   0.0000E+00
   32.740   0.0000E+00
   32.750   0.0000E+00
   32.760   0.0000E+00
   32.770   0.0000E+00
   32.780   0.0000E+00
   32.790   0.0000E+00
   32.800   0.0000E+00
   32.810   0.0000E+00
   32.820   0.0000E+00
   32.830   0.0000E+00
   32.840   0.0000E+00
   32.850   0.0000E+00
   32.860   0.0000E+00
   32.870   0.0000E+00
   32.880   0.0000E+00
   32.890   0.0000E+00
   32.900   0.0000E+00
   32.910   0.0000E+00
   32.920   0.0000E+00
   32.930   0.0000E+00
   32.940   0.0000E+00
   32.950   0.0000E+00
   32.960   0.0000E+00
   32.970   0.0000E+00
   32.980   0.0000E+00
   32.990   0.0000E+00
   33.000   0.0000E+00
   33.010   0.0000E+00
   33.020   0.0000E+00
   33.030   0.0000E+00
   33.040   0.0000E+00
   33.050   0.0000E+00
   33.060   0.0000E+00
   33.070   0.0000E+00
   33.080   0.0000E+00
   33.090   0.0000E+00
   33.100   0.0000E+00
   33.110   0.0000E+00
   33.120   0.0000E+00
   33.130   0.0000E+00
   33.140   0.0000E+00
   33.150   0.0000E+00
   33.160   0.0000E+00
   33.170   0.0000E+00
   33.180   0.0000E+00
   33.190   0.0000E+00
   33.200   0.0000E+00
   33.210   0.0000E+00
   33.220   0.0000E+00
   33.230   0.0000E+00
   33.240   0.0000E+00
   33.250   0.0000E+00
   33.260   0.0000E+00
   33.270   0.0000E+00
   33.280   0.0000E+00
   33.290   0.0000E+00
   33.300   0.0000E+00
   33.310   0.0000E+00
   33.320   0.0000E+00
   33.330   0.0000E+00
   33.340   0.0000E+00
   33.350   0.0000E+00
   33.360   0.0000E+00
   33.370   0.0000E+00
   33.380   0.0000E+00
   33.390   0.0000E+00
   33.400   0.0000E+00
   33.410   0.0000E+00
   33.420   0.0000E+00
   33.430   0.0000E+00
   33.440   0.0000E+00
   33.450   0.0000E+00
   33.460   0.0000E+00
   33.470   0.0000E+00
   33.480   0.0000E+00
   33.490   0.0000E+00
   33.500   0.0000E+00
   33.510   0.0000E+00
   33.520   0.0000E+00
   33.530   0.0000E+00
   33.540   0.0000E+00
   33.550   0.0000E+00
   33.560   0.0000E+00
   33.570   0.0000E+00
   33.580   0.0000E+00
   33.590   0.0000E+00
   33.600   0.0000E+00
   33.610   0.0000E+00
   33.620   0.0000E+00
   33.630   0.0000E+00
   33.640   0.0000E+00
   33.650   0.0000E+00
   33.660   0.0000E+00
   33.670   0.0000E+00
   33.680   0.0000E+00
   33.690   0.0000E+00
   33.700   0.0000E+00
   33.710   0.0000E+00
   33.720   0.0000E+00
   33.730   0.0000E+00
   33.740   0.0000E+00
   33.750   0.0000E+00
   33.760   0.0000E+00
   33.770   0.0000E+00
   33.780   0.0000E+00
   33.790   0.0000E+00
   33.800   0.0000E+00
   33.810   0.0000E+00
   33.820   0.0000E+00
   33.830   0.0000E+00
   33.840   0.0000E+00
   33.850   0.0000E+00
   33.860   0.0000E+00
   33.870   0.0000E+00
   33.880   0.0000E+00
   33.890   0.0000E+00
   33.900   0.0000E+00
   33.910   0.0000E+00
   33.920   0.0000E+00
   33.930   0.0000E+00
   33.940   0.0000E+00
   33.950   0.0000E+00
   33.960   0.0000E+00
   33.970   0.0000E+00
   33.980   0.0000E+00
   33.990   0.0000E+00
   34.000   0.0000E+00
   34.010   0.0000E+00
   34.020   0.0000E+00
   34.030   0.0000E+00
   34.040   0.0000E+00
   34.050   0.0000E+00
   34.060   0.0000E+00
   34.070   0.0000E+00
   34.080   0.0000E+00
   34.090   0.0000E+00
   34.100   0.0000E+00
   34.110   0.0000E+00
   34.120   0.0000E+00
   34.130   0.0000E+00
   34.140   0.0000E+00
   34.150   0.0000E+00
   34.160   0.0000E+00
   34.170   0.0000E+00
   34.180   0.0000E+00
   34.190   0.0000E+00
   34.200   0.0000E+00
   34.210   0.0000E+00
   34.220   0.0000E+00
   34.230   0.0000E+00
   34.240   0.0000E+00
   34.250   0.0000E+00
   34.260   0.0000E+00
   34.270   0.0000E+00
   34.280   0.0000E+00
   34.290   0.0000E+00
   34.300   0.0000E+00
   34.310   0.0000E+00
   34.320   0.0000E+00
   34.330   0.0000E+00
   34.340   0.0000E+00
   34.350   0.0000E+00
   34.360   0.0000E+00
   34.370   0.0000E+00
   34.380   0.0000E+00
   34.390   0.0000E+00
   34.400   0.0000E+00
   34.410   0.0000E+00
   34.420   0.0000E+00
   34.430   0.0000E+00
   34.440   0.0000E+00
   34.450   0.0000E+00
   34.460   0.0000E+00
   34.470   0.0000E+00
   34.480   0.0000E+00
   34.490   0.0000E+00
   34.500   0.0000E+00
   34.510   0.0000E+00
   34.520   0.0000E+00
   34.530   0.0000E+00
   34.540   0.0000E+00
   34.550   0.0000E+00
   34.560   0.0000E+00
   34.570   0.0000E+00
   34.580   0.0000E+00
   34.590   0.0000E+00
   34.600   0.0000E+00
   34.610   0.0000E+00
   34.620   0.0000E+00
   34.630   0.0000E+00
   34.640   0.0000E+00
   34.650   0.0000E+00
   34.660   0.0000E+00
   34.670   0.0000E+00
   34.680   0.0000E+00
   34.690   0.0000E+00
   34.700   0.0000E+00
   34.710   0.0000E+00
   34.720   0.0000E+00
   34.730   0.0000E+00
   34.740   0.0000E+00
   34.750   0.0000E+00
   34.760   0.0000E+00
   34.770   0.0000E+00
   34.780   0.0000E+00
   34.790   0.0000E+00
   34.800   0.0000E+00
   34.810   0.0000E+00
   34.820   0.0000E+00
   34.830   0.0000E+00
   34.840   0.0000E+00
   34.850   0.0000E+00
   34.860   0.0000E+00
   34.870   0.0000E+00
   34.880   0.0000E+00
   34.890   0.0000E+00
   34.900   0.0000E+00
   34.910   0.0000E+00
   34.920   0.0000E+00
   34.930   0.0000E+00
   34.940   0.0000E+00
   34.950   0.0000E+00
   34.960   0.0000E+00
   34.970   0.0000E+00
   34.980   0.0000E+00
   34.990   0.0000E+00
   35.000   0.0000E+00
   35.010   0.0000E+00
   35.020   0.0000E+00
   35.030   0.0000E+00
   35.040   0.0000E+00
   35.050   0.0000E+00
   35.060   0.0000E+00
   35.070   0.0000E+00
   35.080   0.0000E+00
   35.090   0.0000E+00
   35.100   0.0000E+00
   35.110   0.0000E+00
   35.120   0.0000E+00
   35.130   0.0000E+00
   35.140   0.0000E+00
   35.150   0.0000E+00
   35.160   0.0000E+00
   35.170   0.0000E+00
   35.180   0.0000E+00
   35.190   0.0000E+00
   35.200   0.0000E+00
   35.210   0.0000E+00
   35.220   0.0000E+00
   35.230   0.0000E+00
   35.240   0.0000E+00
   35.250   0.0000E+00
   35.260   0.0000E+00
   35.270   0.0000E+00
   35.280   0.0000E+00
   35.290   0.0000E+00
   35.300   0.0000E+00
   35.310   0.0000E+00
   35.320   0.0000E+00
   35.330   0.0000E+00
   35.340   0.0000E+00
   35.350   0.0000E+00
   35.360   0.0000E+00
   35.370   0.0000E+00
   35.380   0.0000E+00
   35.390   0.0000E+00
   35.400   0.0000E+00
   35.410   0.0000E+00
   35.420   0.0000E+00
   35.430   0.0000E+00
   35.440   0.0000E+00
   35.450   0.0000E+00
   35.460   0.0000E+00
   35.470   0.0000E+00
   35.480   0.0000E+00
   35.490   0.0000E+00
   35.500   0.0000E+00
   35.510   0.0000E+00
   35.520   0.0000E+00
   35.530   0.0000E+00
   35.540   0.0000E+00
   35.550   0.0000E+00
   35.560   0.0000E+00
   35.570   0.0000E+00
   35.580   0.0000E+00
   35.590   0.0000E+00
   35.600   0.0000E+00
   35.610   0.0000E+00
   35.620   0.0000E+00
   35.630   0.0000E+00
   35.640   0.0000E+00
   35.650   0.0000E+00
   35.660   0.0000E+00
   35.670   0.0000E+00
   35.680   0.0000E+00
   35.690   0.0000E+00
   35.700   0.0000E+00
   35.710   0.0000E+00
   35.720   0.0000E+00
   35.730   0.0000E+00
   35.740   0.0000E+00
   35.750   0.0000E+00
   35.760   0.0000E+00
   35.770   0.0000E+00
   35.780   0.0000E+00
   35.790   0.0000E+00
   35.800   0.0000E+00
   35.810   0.0000E+00
   35.820   0.0000E+00
   35.830   0.0000E+00
   35.840   0.0000E+00
   35.850   0.0000E+00
   35.860   0.0000E+00
   35.870   0.0000E+00
   35.880   0.0000E+00
   35.890   0.0000E+00
   35.900   0.0000E+00
   35.910   0.0000E+00
   35.920   0.0000E+00
   35.930   0.0000E+00
   35.940   0.0000E+00
   35.950   0.0000E+00
   35.960   0.0000E+00
   35.970   0.0000E+00
   35.980   0.0000E+00
   35.990   0.0000E+00
   36.000   0.0000E+00
   36.010   0.0000E+00
   36.020   0.0000E+00
   36.030   0.0000E+00
   36.040   0.0000E+00
   36.050   0.0000E+00
   36.060   0.0000E+00
   36.070   0.0000E+00
   36.080   0.0000E+00
   36.090   0.0000E+00
   36.100   0.0000E+00
   36.110   0.0000E+00
   36.120   0.0000E+00
   36.130   0.0000E+00
   36.140   0.0000E+00
   36.150   0.0000E+00
   36.160   0.0000E+00
   36.170   0.0000E+00
   36.180   0.0000E+00
   36.190   0.0000E+00
   36.200   0.0000E+00
   36.210   0.0000E+00
   36.220   0.0000E+00
   36.230   0.0000E+00
   36.240   0.0000E+00
   36.250   0.0000E+00
   36.260   0.0000E+00
   36.270   0.0000E+00
   36.280   0.0000E+00
   36.290   0.0000E+00
   36.300   0.0000E+00
   36.310   0.0000E+00
   36.320   0.0000E+00
   36.330   0.0000E+00
   36.340   0.0000E+00
   36.350   0.0000E+00
   36.360   0.0000E+00
   36.370   0.0000E+00
   36.380   0.0000E+00
   36.390   0.0000E+00
   36.400   0.0000E+00
   36.410   0.0000E+00
   36.420   0.0000E+00
   36.430   0.0000E+00
   36.440   0.0000E+00
   36.450   0.0000E+00
   36.460   0.0000E+00
   36.470   0.0000E+00
   36.480   0.0000E+00
   36.490   0.0000E+00
   36.500   0.0000E+00
   36.510   0.0000E+00
   36.520   0.0000E+00
   36.530   0.0000E+00
   36.540   0.0000E+00
   36.550   0.0000E+00
   36.560   0.0000E+00
   36.570   0.0000E+00
   36.580   0.0000E+00
   36.590   0.0000E+00
   36.600   0.0000E+00
   36.610   0.0000E+00
   36.620   0.0000E+00
   36.630   0.0000E+00
   36.640   0.0000E+00
   36.650   0.0000E+00
   36.660   0.0000E+00
   36.670   0.0000E+00
   36.680   0.0000E+00
   36.690   0.0000E+00
   36.700   0.0000E+00
   36.710   0.0000E+00
   36.720   0.0000E+00
   36.730   0.0000E+00
   36.740   0.0000E+00
   36.750   0.0000E+00
   36.760   0.0000E+00
   36.770   0.0000E+00
   36.780   0.0000E+00
   36.790   0.0000E+00
   36.800   0.0000E+00
   36.810   0.0000E+00
   36.820   0.0000E+00
   36.830   0.0000E+00
   36.840   0.0000E+00
   36.850   0.0000E+00
   36.860   0.0000E+00
   36.870   0.0000E+00
   36.880   0.0000E+00
   36.890   0.0000E+00
   36.900   0.0000E+00
   36.910   0.0000E+00
   36.920   0.0000E+00
   36.930   0.0000E+00
   36.940   0.0000E+00
   36.950   0.0000E+00
   36.960   0.0000E+00
   36.970   0.0000E+00
   36.980   0.0000E+00
   36.990   0.0000E+00
   37.000   0.0000E+00
   37.010   0.0000E+00
   37.020   0.0000E+00
   37.030   0.0000E+00
   37.040   0.0000E+00
   37.050   0.0000E+00
   37.060   0.0000E+00
   37.070   0.0000E+00
   37.080   0.0000E+00
   37.090   0.0000E+00
   37.100   0.0000E+00
   37.110   0.0000E+00
   37.120   0.0000E+00
   37.130   0.0000E+00
   37.140   0.0000E+00
   37.150   0.0000E+00
   37.160   0.0000E+00
   37.170   0.0000E+00
   37.180   0.0000E+00
   37.190   0.0000E+00
   37.200   0.0000E+00
   37.210   0.0000E+00
   37.220   0.0000E+00
   37.230   0.0000E+00
   37.240   0.0000E+00
   37.250   0.0000E+00
   37.260   0.0000E+00
   37.270   0.0000E+00
   37.280   0.0000E+00
   37.290   0.0000E+00
   37.300   0.0000E+00
   37.310   0.0000E+00
   37.320   0.0000E+00
   37.330   0.0000E+00
   37.340   0.0000E+00
   37.350   0.0000E+00
   37.360   0.0000E+00
   37.370   0.0000E+00
   37.380   0.0000E+00
   37.390   0.0000E+00
   37.400   0.0000E+00
   37.410   0.0000E+00
   37.420   0.0000E+00
   37.430   0.0000E+00
   37.440   0.0000E+00
   37.450   0.0000E+00
   37.460   0.0000E+00
   37.470   0.0000E+00
   37.480   0.0000E+00
   37.490   0.0000E+00
   37.500   0.0000E+00
   37.510   0.0000E+00
   37.520   0.0000E+00
   37.530   0.0000E+00
   37.540   0.0000E+00
   37.550   0.0000E+00
   37.560   0.0000E+00
   37.570   0.0000E+00
   37.580   0.0000E+00
   37.590   0.0000E+00
   37.600   0.0000E+00
   37.610   0.0000E+00
   37.620   0.0000E+00
   37.630   0.0000E+00
   37.640   0.0000E+00
   37.650   0.0000E+00
   37.660   0.0000E+00
   37.670   0.0000E+00
   37.680   0.0000E+00
   37.690   0.0000E+00
   37.700   0.0000E+00
   37.710   0.0000E+00
   37.720   0.0000E+00
   37.730   0.0000E+00
   37.740   0.0000E+00
   37.750   0.0000E+00
   37.760   0.0000E+00
   37.770   0.0000E+00
   37.780   0.0000E+00
   37.790   0.0000E+00
   37.800   0.0000E+00
   37.810   0.0000E+00
   37.820   0.0000E+00
   37.830   0.0000E+00
   37.840   0.0000E+00
   37.850   0.0000E+00
   37.860   0.0000E+00
   37.870   0.0000E+00
   37.880   0.0000E+00
   37.890   0.0000E+00
   37.900   0.0000E+00
   37.910   0.0000E+00
   37.920   0.0000E+00
   37.930   0.0000E+00
   37.940   0.0000E+00
   37.950   0.0000E+00
   37.960   0.0000E+00
   37.970   0.0000E+00
   37.980   0.0000E+00
   37.990   0.0000E+00
   38.000   0.0000E+00
   38.010   0.0000E+00
   38.020   0.0000E+00
   38.030   0.0000E+00
   38.040   0.0000E+00
   38.050   0.0000E+00
   38.060   0.0000E+00
   38.070   0.0000E+00
   38.080   0.0000E+00
   38.090   0.0000E+00
   38.100   0.0000E+00
   38.110   0.0000E+00
   38.120   0.0000E+00
   38.130   0.0000E+00
   38.140   0.0000E+00
   38.150   0.0000E+00
   38.160   0.0000E+00
   38.170   0.0000E+00
   38.180   0.0000E+00
   38.190   0.0000E+00
   38.200   0.0000E+00
   38.210   0.0000E+00
   38.220   0.0000E+00
   38.230   0.0000E+00
   38.240   0.0000E+00
   38.250   0.0000E+00
   38.260   0.0000E+00
   38.270   0.0000E+00
   38.280   0.0000E+00
   38.290   0.0000E+00
   38.300   0.0000E+00
   38.310   0.0000E+00
   38.320   0.0000E+00
   38.330   0.0000E+00
   38.340   0.0000E+00
   38.350   0.0000E+00
   38.360   0.0000E+00
   38.370   0.0000E+00
   38.380   0.0000E+00
   38.390   0.0000E+00
   38.400   0.0000E+00
   38.410   0.0000E+00
   38.420   0.0000E+00
   38.430   0.0000E+00
   38.440   0.0000E+00
   38.450   0.0000E+00
   38.460   0.0000E+00
   38.470   0.0000E+00
   38.480   0.0000E+00
   38.490   0.0000E+00
   38.500   0.0000E+00
   38.510   0.0000E+00
   38.520   0.0000E+00
   38.530   0.0000E+00
   38.540   0.0000E+00
   38.550   0.0000E+00
   38.560   0.0000E+00
   38.570   0.0000E+00
   38.580   0.0000E+00
   38.590   0.0000E+00
   38.600   0.0000E+00
   38.610   0.0000E+00
   38.620   0.0000E+00
   38.630   0.0000E+00
   38.640   0.0000E+00
   38.650   0.0000E+00
   38.660   0.0000E+00
   38.670   0.0000E+00
   38.680   0.0000E+00
   38.690   0.0000E+00
   38.700   0.0000E+00
   38.710   0.0000E+00
   38.720   0.0000E+00
   38.730   0.0000E+00
   38.740   0.0000E+00
   38.750   0.0000E+00
   38.760   0.0000E+00
   38.770   0.0000E+00
   38.780   0.0000E+00
   38.790   0.0000E+00
   38.800   0.0000E+00
   38.810   0.0000E+00
   38.820   0.0000E+00
   38.830   0.0000E+00
   38.840   0.0000E+00
   38.850   0.0000E+00
   38.860   0.0000E+00
   38.870   0.0000E+00
   38.880   0.0000E+00
   38.890   0.0000E+00
   38.900   0.0000E+00
   38.910   0.0000E+00
   38.920   0.0000E+00
   38.930   0.0000E+00
   38.940   0.0000E+00
   38.950   0.0000E+00
   38.960   0.0000E+00
   38.970   0.0000E+00
   38.980   0.0000E+00
   38.990   0.0000E+00
   39.000   0.0000E+00
   39.010   0.0000E+00
   39.020   0.0000E+00
   39.030   0.0000E+00
   39.040   0.0000E+00
   39.050   0.0000E+00
   39.060   0.0000E+00
   39.070   0.0000E+00
   39.080   0.0000E+00
   39.090   0.0000E+00
   39.100   0.0000E+00
   39.110   0.0000E+00
   39.120   0.0000E+00
   39.130   0.0000E+00
   39.140   0.0000E+00
   39.150   0.0000E+00
   39.160   0.0000E+00
   39.170   0.0000E+00
   39.180   0.0000E+00
   39.190   0.0000E+00
   39.200   0.0000E+00
   39.210   0.0000E+00
   39.220   0.0000E+00
   39.230   0.0000E+00
   39.240   0.0000E+00
   39.250   0.0000E+00
   39.260   0.0000E+00
   39.270   0.0000E+00
   39.280   0.0000E+00
   39.290   0.0000E+00
   39.300   0.0000E+00
   39.310   0.0000E+00
   39.320   0.0000E+00
   39.330   0.0000E+00
   39.340   0.0000E+00
   39.350   0.0000E+00
   39.360   0.0000E+00
   39.370   0.0000E+00
   39.380   0.0000E+00
   39.390   0.0000E+00
   39.400   0.0000E+00
   39.410   0.0000E+00
   39.420   0.0000E+00
   39.430   0.0000E+00
   39.440   0.0000E+00
   39.450   0.0000E+00
   39.460   0.0000E+00
   39.470   0.0000E+00
   39.480   0.0000E+00
   39.490   0.0000E+00
   39.500   0.0000E+00
   39.510   0.0000E+00
   39.520   0.0000E+00
   39.530   0.0000E+00
   39.540   0.0000E+00
   39.550   0.0000E+00
   39.560   0.0000E+00
   39.570   0.0000E+00
   39.580   0.0000E+00
   39.590   0.0000E+00
   39.600   0.0000E+00
   39.610   0.0000E+00
   39.620   0.0000E+00
   39.630   0.0000E+00
   39.640   0.0000E+00
   39.650   0.0000E+00
   39.660   0.0000E+00
   39.670   0.0000E+00
   39.680   0.0000E+00
   39.690   0.0000E+00
   39.700   0.0000E+00
   39.710   0.0000E+00
   39.720   0.0000E+00
   39.730   0.0000E+00
   39.740   0.0000E+00
   39.750   0.0000E+00
   39.760   0.0000E+00
   39.770   0.0000E+00
   39.780   0.0000E+00
   39.790   0.0000E+00
   39.800   0.0000E+00
   39.810   0.0000E+00
   39.820   0.0000E+00
   39.830   0.0000E+00
   39.840   0.0000E+00
   39.850   0.0000E+00
   39.860   0.0000E+00
   39.870   0.0000E+00
   39.880   0.0000E+00
   39.890   0.0000E+00
   39.900   0.0000E+00
   39.910   0.0000E+00
   39.920   0.0000E+00
   39.930   0.0000E+00
   39.940   0.0000E+00
   39.950   0.0000E+00
   39.960   0.0000E+00
   39.970   0.0000E+00
   39.980   0.0000E+00
   39.990   0.0000E+00
   40.000   0.0000E+00
   40.010   0.0000E+00
   40.020   0.0000E+00
   40.030   0.0000E+00
   40.040   0.0000E+00
   40.050   0.0000E+00
   40.060   0.0000E+00
   40.070   0.0000E+00
   40.080   0.0000E+00
   40.090   0.0000E+00
   40.100   0.0000E+00
   40.110   0.0000E+00
   40.120   0.0000E+00
   40.130   0.0000E+00
   40.140   0.0000E+00
   40.150   0.0000E+00
   40.160   0.0000E+00
   40.170   0.0000E+00
   40.180   0.0000E+00
   40.190   0.0000E+00
   40.200   0.0000E+00
   40.210   0.0000E+00
   40.220   0.0000E+00
   40.230   0.0000E+00
   40.240   0.0000E+00
   40.250   0.0000E+00
   40.260   0.0000E+00
   40.270   0.0000E+00
   40.280   0.0000E+00
   40.290   0.0000E+00
   40.300   0.0000E+00
   40.310   0.0000E+00
   40.320   0.0000E+00
   40.330   0.0000E+00
   40.340   0.0000E+00
   40.350   0.0000E+00
   40.360   0.0000E+00
   40.370   0.0000E+00
   40.380   0.0000E+00
   40.390   0.0000E+00
   40.400   0.0000E+00
   40.410   0.0000E+00
   40.420   0.0000E+00
   40.430   0.0000E+00
   40.440   0.0000E+00
   40.450   0.0000E+00
   40.460   0.0000E+00
   40.470   0.0000E+00
   40.480   0.0000E+00
   40.490   0.0000E+00
   40.500   0.0000E+00
   40.510   0.0000E+00
   40.520   0.0000E+00
   40.530   0.0000E+00
   40.540   0.0000E+00
   40.550   0.0000E+00
   40.560   0.0000E+00
   40.570   0.0000E+00
   40.580   0.0000E+00
   40.590   0.0000E+00
   40.600   0.0000E+00
   40.610   0.0000E+00
   40.620   0.0000E+00
   40.630   0.0000E+00
   40.640   0.0000E+00
   40.650   0.0000E+00
   40.660   0.0000E+00
   40.670   0.0000E+00
   40.680   0.0000E+00
   40.690   0.0000E+00
   40.700   0.0000E+00
   40.710   0.0000E+00
   40.720   0.0000E+00
   40.730   0.0000E+00
   40.740   0.0000E+00
   40.750   0.0000E+00
   40.760   0.0000E+00
   40.770   0.0000E+00
   40.780   0.0000E+00
   40.790   0.0000E+00
   40.800   0.0000E+00
   40.810   0.0000E+00
   40.820   0.0000E+00
   40.830   0.0000E+00
   40.840   0.0000E+00
   40.850   0.0000E+00
   40.860   0.0000E+00
   40.870   0.0000E+00
   40.880   0.0000E+00
   40.890   0.0000E+00
   40.900   0.0000E+00
   40.910   0.0000E+00
   40.920   0.0000E+00
   40.930   0.0000E+00
   40.940   0.0000E+00
   40.950   0.0000E+00
