**********************************************
*******  Acceleration Time Series ************
*** Site #   1
*** trial   27
Input Parameters file =  aqk_0604__parameters.out                                                                                                
  4096 samples
dt:  0.010 sec
data format: (1x,f8.3,1p,2x,e11.4)
maximum absolute acceleration: 448.70
fault Dis.(km)=    5.06
Hypo  Dis.(km)=   11.45
  time(s) acc(cm/s**2)
    0.000   0.0000E+00
    0.010   0.0000E+00
    0.020   0.0000E+00
    0.030   0.0000E+00
    0.040   0.0000E+00
    0.050   0.0000E+00
    0.060   0.0000E+00
    0.070   0.0000E+00
    0.080   0.0000E+00
    0.090   0.0000E+00
    0.100   0.0000E+00
    0.110   0.0000E+00
    0.120   0.0000E+00
    0.130  -3.1950E-01
    0.140  -1.8808E-01
    0.150  -5.5645E-02
    0.160   5.5442E-02
    0.170   1.2895E-01
    0.180   1.6909E-01
    0.190   2.0066E-01
    0.200   2.5639E-01
    0.210   3.6218E-01
    0.220   5.2755E-01
    0.230   7.4340E-01
    0.240   9.8605E-01
    0.250   1.2241E+00
    0.260   1.4242E+00
    0.270   1.5561E+00
    0.280   1.6012E+00
    0.290   1.5642E+00
    0.300   1.4756E+00
    0.310   1.3772E+00
    0.320   1.2984E+00
    0.330   1.2449E+00
    0.340   1.2043E+00
    0.350   1.1597E+00
    0.360   1.0943E+00
    0.370   1.2000E+00
    0.380   1.2535E+00
    0.390   1.1836E+00
    0.400   1.0132E+00
    0.410   1.6512E+00
    0.420   1.4994E+00
    0.430   1.3326E+00
    0.440   1.2060E+00
    0.450   1.1720E+00
    0.460   1.2481E+00
    0.470   1.3964E+00
    0.480   1.5358E+00
    0.490   1.5829E+00
    0.500   1.4927E+00
    0.510   1.0387E+00
    0.520   6.7035E-01
    0.530   3.0766E-01
    0.540   6.5019E-03
    0.550  -2.0175E-01
    0.560  -3.1785E-01
    0.570  -3.7824E-01
    0.580  -4.4350E-01
    0.590  -5.6626E-01
    0.600  -7.5978E-01
    0.610  -9.9790E-01
    0.620  -1.2471E+00
    0.630  -1.4952E+00
    0.640  -1.0015E+00
    0.650  -1.3112E+00
    0.660  -1.6146E+00
    0.670  -1.8398E+00
    0.680  -1.9233E+00
    0.690  -1.8444E+00
    0.700  -1.6399E+00
    0.710  -1.3941E+00
    0.720  -1.2027E+00
    0.730  -1.1237E+00
    0.740  -1.1492E+00
    0.750  -1.2145E+00
    0.760  -1.2380E+00
    0.770  -1.1651E+00
    0.780  -9.9395E-01
    0.790  -7.7165E-01
    0.800  -5.6386E-01
    0.810  -4.1542E-01
    0.820  -3.3136E-01
    0.830  -2.9231E-01
    0.840  -2.8676E-01
    0.850  -3.2620E-01
    0.860  -4.2939E-01
    0.870  -5.9545E-01
    0.880  -7.9464E-01
    0.890  -9.8310E-01
    0.900  -1.1228E+00
    0.910  -1.1887E+00
    0.920  -1.1673E+00
    0.930  -1.0598E+00
    0.940  -8.9112E-01
    0.950  -7.0715E-01
    0.960   1.4240E+00
    0.970   1.6660E+00
    0.980   1.8110E+00
    0.990   1.8654E+00
    1.000   1.8504E+00
    1.010   1.7938E+00
    1.020   1.0673E+00
    1.030   9.1568E-01
    1.040   7.3844E-01
    1.050   5.6659E-01
    1.060   1.3388E+00
    1.070   1.3607E+00
    1.080   1.3316E+00
    1.090   1.1995E+00
    1.100   9.3611E-01
    1.110   5.4857E-01
    1.120   7.1336E-02
    1.130  -4.4285E-01
    1.140  -9.3312E-01
    1.150  -1.3534E+00
    1.160  -1.6954E+00
    1.170  -1.9856E+00
    1.180  -2.2546E+00
    1.190  -2.5100E+00
    1.200  -2.7343E+00
    1.210  -2.9003E+00
    1.220  -2.9835E+00
    1.230  -2.9672E+00
    1.240  -2.8438E+00
    1.250  -2.6151E+00
    1.260  -2.2881E+00
    1.270  -2.4152E+00
    1.280  -1.9059E+00
    1.290  -9.6733E-01
    1.300  -4.4975E-01
    1.310   4.2025E-01
    1.320   1.3399E+00
    1.330   2.2789E+00
    1.340   3.2032E+00
    1.350   4.0750E+00
    1.360   4.8568E+00
    1.370   5.5174E+00
    1.380   6.0361E+00
    1.390   6.4038E+00
    1.400   6.6319E+00
    1.410   6.7640E+00
    1.420   6.2447E+00
    1.430   7.0055E+00
    1.440   7.6502E+00
    1.450   8.3783E+00
    1.460   9.0937E+00
    1.470   9.6634E+00
    1.480   9.9531E+00
    1.490   9.8765E+00
    1.500   8.3900E+00
    1.510   7.7266E+00
    1.520   7.0868E+00
    1.530   6.5988E+00
    1.540   6.2530E+00
    1.550   5.8939E+00
    1.560   5.3015E+00
    1.570   4.3172E+00
    1.580   2.9313E+00
    1.590   1.2781E+00
    1.600  -6.9187E-01
    1.610  -2.2025E+00
    1.620  -3.6142E+00
    1.630  -4.7687E+00
    1.640  -6.7299E+00
    1.650  -7.6164E+00
    1.660  -8.3251E+00
    1.670  -8.8519E+00
    1.680  -9.1850E+00
    1.690  -9.3369E+00
    1.700  -9.3735E+00
    1.710  -9.4007E+00
    1.720  -9.4960E+00
    1.730  -9.6270E+00
    1.740  -9.6344E+00
    1.750  -9.3171E+00
    1.760  -8.5675E+00
    1.770  -7.4488E+00
    1.780  -6.1542E+00
    1.790  -4.8906E+00
    1.800  -3.7808E+00
    1.810  -2.8377E+00
    1.820  -1.2037E+00
    1.830  -1.2590E+00
    1.840  -4.8552E-01
    1.850   3.2101E-01
    1.860   8.7642E-01
    1.870   1.5936E+00
    1.880   3.6170E+00
    1.890   4.3230E+00
    1.900   5.1423E+00
    1.910   6.0958E+00
    1.920   7.1103E+00
    1.930   6.8892E+00
    1.940   7.1959E+00
    1.950   6.9205E+00
    1.960   6.3219E+00
    1.970   5.4795E+00
    1.980   4.7048E+00
    1.990   3.9452E+00
    2.000   4.4327E+00
    2.010   4.8359E+00
    2.020   5.2290E+00
    2.030   5.2437E+00
    2.040   4.6732E+00
    2.050   3.5438E+00
    2.060   2.0659E+00
    2.070   5.5148E-01
    2.080  -4.5002E+00
    2.090  -5.2183E+00
    2.100  -5.3346E+00
    2.110  -4.9102E+00
    2.120  -4.1046E+00
    2.130  -3.1366E+00
    2.140  -1.7958E+00
    2.150  -1.0512E+00
    2.160  -1.2593E+00
    2.170  -2.7706E+00
    2.180  -2.8734E+00
    2.190  -3.0081E+00
    2.200  -3.0519E+00
    2.210  -2.8545E+00
    2.220  -2.3555E+00
    2.230  -2.9521E+00
    2.240  -2.2652E+00
    2.250  -1.5236E+00
    2.260  -8.3954E-01
    2.270  -3.0729E-01
    2.280   3.5460E-02
    2.290   2.3446E-01
    2.300   8.8008E-01
    2.310   1.1632E+00
    2.320   1.6421E+00
    2.330   2.6034E+00
    2.340   3.6013E+00
    2.350   4.7141E+00
    2.360   7.9423E+00
    2.370   8.7536E+00
    2.380   9.3550E+00
    2.390   9.7387E+00
    2.400   9.8554E+00
    2.410   9.6595E+00
    2.420   9.2036E+00
    2.430   8.6657E+00
    2.440   8.2575E+00
    2.450   8.0949E+00
    2.460   8.1482E+00
    2.470   8.2950E+00
    2.480   8.3948E+00
    2.490   8.3165E+00
    2.500   7.9264E+00
    2.510   7.0270E+00
    2.520   5.7061E+00
    2.530   3.8998E+00
    2.540   1.8859E+00
    2.550  -4.5654E-01
    2.560  -1.8819E+00
    2.570  -5.5563E+00
    2.580  -7.3681E+00
    2.590  -8.9398E+00
    2.600  -1.0362E+01
    2.610  -1.1795E+01
    2.620  -1.3365E+01
    2.630  -1.4776E+01
    2.640  -1.6255E+01
    2.650  -1.7396E+01
    2.660  -1.7965E+01
    2.670  -1.8066E+01
    2.680  -1.7461E+01
    2.690  -1.6671E+01
    2.700  -1.6104E+01
    2.710  -1.5877E+01
    2.720  -1.5993E+01
    2.730  -1.6775E+01
    2.740  -1.7188E+01
    2.750  -1.7299E+01
    2.760  -1.6945E+01
    2.770  -1.6012E+01
    2.780  -1.4590E+01
    2.790  -1.2917E+01
    2.800  -1.2313E+01
    2.810  -1.0298E+01
    2.820  -7.9486E+00
    2.830  -5.2180E+00
    2.840  -1.9840E+00
    2.850   1.6133E+00
    2.860   5.3211E+00
    2.870   7.6611E+00
    2.880   1.2109E+01
    2.890   1.5378E+01
    2.900   1.8253E+01
    2.910   2.2182E+01
    2.920   2.3684E+01
    2.930   2.4239E+01
    2.940   2.4313E+01
    2.950   2.3893E+01
    2.960   2.2761E+01
    2.970   2.2174E+01
    2.980   2.1248E+01
    2.990   2.0508E+01
    3.000   1.8319E+01
    3.010   1.5811E+01
    3.020   1.1745E+01
    3.030   6.6841E+00
    3.040   1.2846E+00
    3.050  -3.5635E+00
    3.060  -7.3368E+00
    3.070  -9.9276E+00
    3.080  -1.3459E+01
    3.090  -1.4835E+01
    3.100  -1.5904E+01
    3.110  -1.6757E+01
    3.120  -1.9834E+01
    3.130  -1.9910E+01
    3.140  -1.9932E+01
    3.150  -1.9953E+01
    3.160  -2.0039E+01
    3.170  -2.0221E+01
    3.180  -2.0419E+01
    3.190  -1.8680E+01
    3.200  -1.8018E+01
    3.210  -1.6672E+01
    3.220  -1.3060E+01
    3.230  -1.0436E+01
    3.240  -7.3488E+00
    3.250  -3.0385E+00
    3.260  -4.9966E-01
    3.270   1.8456E+00
    3.280   4.5405E+00
    3.290   7.9594E+00
    3.300   1.1750E+01
    3.310   1.5965E+01
    3.320   2.0297E+01
    3.330   2.3919E+01
    3.340   2.7347E+01
    3.350   2.9639E+01
    3.360   3.0528E+01
    3.370   3.0247E+01
    3.380   2.8555E+01
    3.390   2.5179E+01
    3.400   2.1623E+01
    3.410   1.7776E+01
    3.420   1.4206E+01
    3.430   1.1318E+01
    3.440   9.2638E+00
    3.450   7.8990E+00
    3.460   6.3832E+00
    3.470   5.2741E+00
    3.480   3.7021E+00
    3.490   1.5532E+00
    3.500  -1.1795E+00
    3.510  -5.1408E+00
    3.520  -8.9996E+00
    3.530  -1.3136E+01
    3.540  -1.6584E+01
    3.550  -1.9706E+01
    3.560  -2.2151E+01
    3.570  -2.4302E+01
    3.580  -2.6296E+01
    3.590  -2.7714E+01
    3.600  -2.8601E+01
    3.610  -2.9136E+01
    3.620  -2.9217E+01
    3.630  -2.9545E+01
    3.640  -2.8081E+01
    3.650  -2.7705E+01
    3.660  -2.5416E+01
    3.670  -2.2817E+01
    3.680  -1.9940E+01
    3.690  -1.6933E+01
    3.700  -1.4143E+01
    3.710  -1.1948E+01
    3.720  -1.0421E+01
    3.730  -8.5719E+00
    3.740  -7.1243E+00
    3.750  -4.8989E+00
    3.760  -1.7830E+00
    3.770   2.0300E+00
    3.780   6.3884E+00
    3.790   1.1263E+01
    3.800   1.6658E+01
    3.810   2.2506E+01
    3.820   2.8219E+01
    3.830   3.2900E+01
    3.840   3.7071E+01
    3.850   4.0020E+01
    3.860   4.1776E+01
    3.870   4.2713E+01
    3.880   4.3297E+01
    3.890   4.3691E+01
    3.900   4.3553E+01
    3.910   4.2260E+01
    3.920   3.9355E+01
    3.930   3.4871E+01
    3.940   2.9364E+01
    3.950   2.3733E+01
    3.960   1.8922E+01
    3.970   1.5603E+01
    3.980   1.3899E+01
    3.990   1.3349E+01
    4.000   1.6093E+01
    4.010   1.6382E+01
    4.020   1.4885E+01
    4.030   1.2373E+01
    4.040   8.9461E+00
    4.050   4.8990E+00
    4.060   7.1956E-01
    4.070  -3.1895E+00
    4.080  -6.8129E+00
    4.090  -1.0492E+01
    4.100  -1.4539E+01
    4.110  -1.8918E+01
    4.120  -2.3394E+01
    4.130  -2.7688E+01
    4.140  -3.1849E+01
    4.150  -3.5816E+01
    4.160  -3.9313E+01
    4.170  -4.2136E+01
    4.180  -4.3852E+01
    4.190  -4.4049E+01
    4.200  -4.2598E+01
    4.210  -3.9700E+01
    4.220  -3.5969E+01
    4.230  -3.2281E+01
    4.240  -2.9362E+01
    4.250  -2.6649E+01
    4.260  -2.4217E+01
    4.270  -2.0153E+01
    4.280  -1.3032E+01
    4.290  -3.1299E+00
    4.300   7.5726E+00
    4.310   1.7545E+01
    4.320   2.3937E+01
    4.330   2.7885E+01
    4.340   3.0069E+01
    4.350   3.0949E+01
    4.360   2.9973E+01
    4.370   2.7591E+01
    4.380   2.4538E+01
    4.390   2.1665E+01
    4.400   1.9540E+01
    4.410   1.8487E+01
    4.420   1.7934E+01
    4.430   2.0116E+01
    4.440   2.2544E+01
    4.450   2.4807E+01
    4.460   2.5763E+01
    4.470   2.4801E+01
    4.480   2.2014E+01
    4.490   1.7937E+01
    4.500   1.3233E+01
    4.510   8.0411E+00
    4.520   2.4957E+00
    4.530  -3.4601E+00
    4.540  -9.7135E+00
    4.550  -1.6101E+01
    4.560  -2.2397E+01
    4.570  -2.8171E+01
    4.580  -3.3527E+01
    4.590  -3.7932E+01
    4.600  -4.0580E+01
    4.610  -4.1102E+01
    4.620  -3.9728E+01
    4.630  -3.7722E+01
    4.640  -3.4961E+01
    4.650  -3.1467E+01
    4.660  -2.6540E+01
    4.670  -2.0783E+01
    4.680  -1.5039E+01
    4.690  -1.0306E+01
    4.700  -7.2678E+00
    4.710  -5.8686E+00
    4.720  -8.8548E+00
    4.730  -8.4227E+00
    4.740  -7.2683E+00
    4.750  -5.2297E+00
    4.760  -1.7132E+00
    4.770   4.1836E+00
    4.780   1.2118E+01
    4.790   2.1335E+01
    4.800   3.0283E+01
    4.810   3.7902E+01
    4.820   4.3758E+01
    4.830   4.7713E+01
    4.840   4.9346E+01
    4.850   4.8835E+01
    4.860   4.7201E+01
    4.870   4.5405E+01
    4.880   4.3509E+01
    4.890   4.0788E+01
    4.900   3.7178E+01
    4.910   3.3630E+01
    4.920   3.0968E+01
    4.930   2.8763E+01
    4.940   2.6321E+01
    4.950   2.1750E+01
    4.960   1.6281E+01
    4.970   1.0558E+01
    4.980   5.8391E+00
    4.990   1.7516E+00
    5.000  -1.5757E+00
    5.010  -5.2133E+00
    5.020  -9.5327E+00
    5.030  -1.4397E+01
    5.040  -1.9606E+01
    5.050  -2.5434E+01
    5.060  -3.2458E+01
    5.070  -4.1366E+01
    5.080  -5.1330E+01
    5.090  -6.0863E+01
    5.100  -6.7573E+01
    5.110  -7.2935E+01
    5.120  -7.6461E+01
    5.130  -7.9647E+01
    5.140  -8.3430E+01
    5.150  -8.7051E+01
    5.160  -8.9263E+01
    5.170  -8.8264E+01
    5.180  -8.0261E+01
    5.190  -6.5794E+01
    5.200  -4.8421E+01
    5.210  -3.2586E+01
    5.220  -2.2964E+01
    5.230  -2.1037E+01
    5.240  -2.3408E+01
    5.250  -2.5744E+01
    5.260  -2.6787E+01
    5.270  -2.5800E+01
    5.280  -2.1799E+01
    5.290  -1.6234E+01
    5.300  -9.3933E+00
    5.310  -1.4285E+00
    5.320   5.0233E+00
    5.330   4.8837E+00
    5.340  -2.6708E-02
    5.350  -3.2834E+00
    5.360  -1.6982E+00
    5.370   3.9105E+00
    5.380   1.2047E+01
    5.390   2.2005E+01
    5.400   3.2006E+01
    5.410   4.3348E+01
    5.420   5.5861E+01
    5.430   6.8175E+01
    5.440   7.8297E+01
    5.450   8.4772E+01
    5.460   8.4777E+01
    5.470   7.7243E+01
    5.480   6.3700E+01
    5.490   4.9018E+01
    5.500   3.5298E+01
    5.510   2.9871E+01
    5.520   2.8714E+01
    5.530   2.2585E+01
    5.540   5.8475E+00
    5.550  -2.0942E+01
    5.560  -4.9420E+01
    5.570  -6.8743E+01
    5.580  -7.5694E+01
    5.590  -7.4970E+01
    5.600  -7.1935E+01
    5.610  -6.5898E+01
    5.620  -5.3831E+01
    5.630  -3.5663E+01
    5.640  -1.2959E+01
    5.650   1.0448E+01
    5.660   3.1134E+01
    5.670   4.4206E+01
    5.680   4.7191E+01
    5.690   3.9180E+01
    5.700   1.9679E+01
    5.710  -1.7452E+00
    5.720  -1.6806E+01
    5.730  -2.1507E+01
    5.740  -1.5280E+01
    5.750  -4.1590E+00
    5.760   6.4405E+00
    5.770   1.4074E+01
    5.780   1.7018E+01
    5.790   1.5670E+01
    5.800   1.3403E+01
    5.810   1.2273E+01
    5.820   1.3409E+01
    5.830   1.9286E+01
    5.840   2.8958E+01
    5.850   3.7102E+01
    5.860   4.1065E+01
    5.870   3.9444E+01
    5.880   3.4811E+01
    5.890   3.1338E+01
    5.900   2.7587E+01
    5.910   2.2761E+01
    5.920   1.4895E+01
    5.930   2.6720E+00
    5.940  -9.6834E+00
    5.950  -1.8360E+01
    5.960  -2.0487E+01
    5.970  -1.6675E+01
    5.980  -1.1129E+01
    5.990  -9.3536E+00
    6.000  -1.1493E+01
    6.010  -1.6151E+01
    6.020  -2.5247E+01
    6.030  -3.6600E+01
    6.040  -5.0949E+01
    6.050  -6.9884E+01
    6.060  -8.9665E+01
    6.070  -1.0444E+02
    6.080  -1.1547E+02
    6.090  -1.2537E+02
    6.100  -1.2488E+02
    6.110  -1.1173E+02
    6.120  -9.7991E+01
    6.130  -8.8667E+01
    6.140  -8.1522E+01
    6.150  -7.2581E+01
    6.160  -6.3019E+01
    6.170  -5.5694E+01
    6.180  -5.2533E+01
    6.190  -5.5768E+01
    6.200  -5.7987E+01
    6.210  -5.3981E+01
    6.220  -4.5436E+01
    6.230  -3.6503E+01
    6.240  -3.4882E+01
    6.250  -3.8502E+01
    6.260  -4.0278E+01
    6.270  -3.7889E+01
    6.280  -3.2539E+01
    6.290  -2.2564E+01
    6.300  -5.1479E+00
    6.310   1.3580E+01
    6.320   3.3456E+01
    6.330   6.0710E+01
    6.340   9.3466E+01
    6.350   1.2157E+02
    6.360   1.4270E+02
    6.370   1.5375E+02
    6.380   1.5484E+02
    6.390   1.5472E+02
    6.400   1.5944E+02
    6.410   1.6759E+02
    6.420   1.7177E+02
    6.430   1.7088E+02
    6.440   1.6417E+02
    6.450   1.5330E+02
    6.460   1.3779E+02
    6.470   1.2137E+02
    6.480   1.1460E+02
    6.490   1.2372E+02
    6.500   1.4962E+02
    6.510   1.7816E+02
    6.520   1.9374E+02
    6.530   1.9553E+02
    6.540   1.8123E+02
    6.550   1.5229E+02
    6.560   1.1491E+02
    6.570   7.9094E+01
    6.580   5.3332E+01
    6.590   3.7353E+01
    6.600   2.5364E+01
    6.610   1.2196E+01
    6.620  -7.6378E+00
    6.630  -3.6161E+01
    6.640  -6.4409E+01
    6.650  -8.6303E+01
    6.660  -1.0212E+02
    6.670  -1.1567E+02
    6.680  -1.2557E+02
    6.690  -1.2935E+02
    6.700  -1.2928E+02
    6.710  -1.2340E+02
    6.720  -1.1241E+02
    6.730  -9.6544E+01
    6.740  -7.8327E+01
    6.750  -6.7214E+01
    6.760  -6.5302E+01
    6.770  -6.7790E+01
    6.780  -6.4192E+01
    6.790  -4.4427E+01
    6.800  -7.6032E+00
    6.810   2.8834E+01
    6.820   5.3405E+01
    6.830   6.5130E+01
    6.840   6.6816E+01
    6.850   6.2991E+01
    6.860   5.7572E+01
    6.870   5.1534E+01
    6.880   3.7666E+01
    6.890   1.4643E+01
    6.900  -1.3826E+01
    6.910  -4.2013E+01
    6.920  -6.5759E+01
    6.930  -8.0417E+01
    6.940  -7.1298E+01
    6.950  -4.2045E+01
    6.960  -2.2598E+00
    6.970   4.8695E+01
    6.980   9.8863E+01
    6.990   1.3436E+02
    7.000   1.4633E+02
    7.010   1.2828E+02
    7.020   8.2517E+01
    7.030   2.2204E+01
    7.040  -3.6646E+01
    7.050  -8.0374E+01
    7.060  -9.9981E+01
    7.070  -9.8056E+01
    7.080  -8.9805E+01
    7.090  -8.5561E+01
    7.100  -9.1450E+01
    7.110  -1.0159E+02
    7.120  -1.0312E+02
    7.130  -8.8408E+01
    7.140  -5.9606E+01
    7.150  -3.0296E+01
    7.160  -3.3546E+00
    7.170   1.5192E+01
    7.180   2.7984E+01
    7.190   4.8879E+01
    7.200   7.1274E+01
    7.210   8.3743E+01
    7.220   8.9765E+01
    7.230   9.1598E+01
    7.240   9.4060E+01
    7.250   1.0143E+02
    7.260   1.1814E+02
    7.270   1.4072E+02
    7.280   1.5389E+02
    7.290   1.5826E+02
    7.300   1.6568E+02
    7.310   1.7722E+02
    7.320   1.9076E+02
    7.330   2.0309E+02
    7.340   2.0265E+02
    7.350   1.8912E+02
    7.360   1.6613E+02
    7.370   1.3927E+02
    7.380   1.2158E+02
    7.390   1.1555E+02
    7.400   1.2374E+02
    7.410   1.4320E+02
    7.420   1.6464E+02
    7.430   1.8003E+02
    7.440   1.8145E+02
    7.450   1.6387E+02
    7.460   1.2927E+02
    7.470   8.5037E+01
    7.480   3.2782E+01
    7.490  -1.9673E+01
    7.500  -5.6942E+01
    7.510  -7.4275E+01
    7.520  -7.1508E+01
    7.530  -5.8268E+01
    7.540  -5.1620E+01
    7.550  -5.4976E+01
    7.560  -6.2501E+01
    7.570  -7.3362E+01
    7.580  -8.8503E+01
    7.590  -1.0409E+02
    7.600  -1.2239E+02
    7.610  -1.3979E+02
    7.620  -1.5086E+02
    7.630  -1.4098E+02
    7.640  -1.0258E+02
    7.650  -4.7357E+01
    7.660  -2.3352E+00
    7.670   1.6446E+01
    7.680   8.1572E+00
    7.690  -2.4662E+01
    7.700  -6.2450E+01
    7.710  -8.0213E+01
    7.720  -7.0550E+01
    7.730  -5.5370E+01
    7.740  -5.3050E+01
    7.750  -5.6897E+01
    7.760  -6.0758E+01
    7.770  -6.0246E+01
    7.780  -6.1381E+01
    7.790  -7.5871E+01
    7.800  -9.5666E+01
    7.810  -1.0495E+02
    7.820  -9.6021E+01
    7.830  -7.5984E+01
    7.840  -5.9824E+01
    7.850  -5.2298E+01
    7.860  -4.2292E+01
    7.870  -2.8250E+01
    7.880  -1.7003E+01
    7.890  -1.7401E+01
    7.900  -1.8431E+01
    7.910  -1.2213E+00
    7.920   1.9980E+01
    7.930   3.0434E+01
    7.940   3.0493E+01
    7.950   1.9778E+01
    7.960  -2.2297E+00
    7.970  -3.1996E+01
    7.980  -6.3240E+01
    7.990  -9.7083E+01
    8.000  -1.2371E+02
    8.010  -1.2934E+02
    8.020  -1.1376E+02
    8.030  -8.9989E+01
    8.040  -7.2057E+01
    8.050  -6.9413E+01
    8.060  -8.8128E+01
    8.070  -1.3336E+02
    8.080  -1.8884E+02
    8.090  -2.3574E+02
    8.100  -2.7392E+02
    8.110  -2.9701E+02
    8.120  -2.9790E+02
    8.130  -2.8460E+02
    8.140  -2.6710E+02
    8.150  -2.4188E+02
    8.160  -2.0989E+02
    8.170  -1.8780E+02
    8.180  -1.7949E+02
    8.190  -1.7762E+02
    8.200  -1.6822E+02
    8.210  -1.4191E+02
    8.220  -1.0836E+02
    8.230  -7.4897E+01
    8.240  -4.5210E+01
    8.250  -9.4563E+00
    8.260   3.6479E+01
    8.270   9.2071E+01
    8.280   1.6722E+02
    8.290   2.5449E+02
    8.300   3.2522E+02
    8.310   3.6367E+02
    8.320   3.7268E+02
    8.330   3.6579E+02
    8.340   3.5644E+02
    8.350   3.3889E+02
    8.360   3.0267E+02
    8.370   2.5283E+02
    8.380   1.9545E+02
    8.390   1.2986E+02
    8.400   5.6947E+01
    8.410  -2.0269E+01
    8.420  -8.6417E+01
    8.430  -1.2206E+02
    8.440  -1.1472E+02
    8.450  -7.3882E+01
    8.460  -1.1367E+01
    8.470   5.1449E+01
    8.480   1.0204E+02
    8.490   1.3738E+02
    8.500   1.5782E+02
    8.510   1.5744E+02
    8.520   1.1801E+02
    8.530   4.8104E+01
    8.540  -1.3943E+01
    8.550  -5.4825E+01
    8.560  -8.9682E+01
    8.570  -1.3353E+02
    8.580  -1.8224E+02
    8.590  -2.1691E+02
    8.600  -2.4996E+02
    8.610  -2.7980E+02
    8.620  -2.9114E+02
    8.630  -2.7954E+02
    8.640  -2.4476E+02
    8.650  -2.0803E+02
    8.660  -1.8894E+02
    8.670  -1.7685E+02
    8.680  -1.6865E+02
    8.690  -1.6318E+02
    8.700  -1.6005E+02
    8.710  -1.5449E+02
    8.720  -1.3751E+02
    8.730  -1.2135E+02
    8.740  -1.1862E+02
    8.750  -1.1357E+02
    8.760  -9.2245E+01
    8.770  -5.7649E+01
    8.780  -8.2647E+00
    8.790   6.0580E+01
    8.800   1.3042E+02
    8.810   1.8503E+02
    8.820   2.1862E+02
    8.830   2.2636E+02
    8.840   2.2191E+02
    8.850   2.0691E+02
    8.860   1.7045E+02
    8.870   1.2151E+02
    8.880   9.1119E+01
    8.890   9.3556E+01
    8.900   1.0974E+02
    8.910   1.0917E+02
    8.920   9.0928E+01
    8.930   6.6873E+01
    8.940   3.3608E+01
    8.950   6.1751E+00
    8.960   5.7831E+00
    8.970   3.4667E+01
    8.980   7.8045E+01
    8.990   1.0876E+02
    9.000   1.1665E+02
    9.010   1.1016E+02
    9.020   9.6925E+01
    9.030   8.7669E+01
    9.040   8.9104E+01
    9.050   8.0430E+01
    9.060   5.9396E+01
    9.070   3.4234E+01
    9.080  -1.6197E+00
    9.090  -3.2162E+01
    9.100  -4.8443E+01
    9.110  -4.5971E+01
    9.120  -2.4559E+01
    9.130  -6.3329E+00
    9.140   2.4480E+00
    9.150   2.4015E+01
    9.160   5.8407E+01
    9.170   8.4012E+01
    9.180   8.6228E+01
    9.190   6.1809E+01
    9.200   1.3549E+01
    9.210  -3.9466E+01
    9.220  -8.8831E+01
    9.230  -1.3063E+02
    9.240  -1.5329E+02
    9.250  -1.4624E+02
    9.260  -1.1822E+02
    9.270  -9.0983E+01
    9.280  -6.5474E+01
    9.290  -3.5416E+01
    9.300  -5.1773E+00
    9.310   2.2791E+01
    9.320   5.3590E+01
    9.330   8.3168E+01
    9.340   1.0863E+02
    9.350   1.4030E+02
    9.360   1.8238E+02
    9.370   2.2469E+02
    9.380   2.5249E+02
    9.390   2.4991E+02
    9.400   2.0006E+02
    9.410   1.0268E+02
    9.420  -7.1094E+00
    9.430  -9.7402E+01
    9.440  -1.6171E+02
    9.450  -1.8484E+02
    9.460  -1.6243E+02
    9.470  -1.1467E+02
    9.480  -6.1063E+01
    9.490  -1.8248E+01
    9.500  -2.3650E-01
    9.510   5.5247E+00
    9.520   1.3874E+01
    9.530   1.5588E+01
    9.540   1.3341E+01
    9.550   4.6629E+00
    9.560  -1.1655E+01
    9.570  -4.0101E+01
    9.580  -7.8374E+01
    9.590  -1.0985E+02
    9.600  -1.3544E+02
    9.610  -1.5329E+02
    9.620  -1.6284E+02
    9.630  -1.6963E+02
    9.640  -1.6451E+02
    9.650  -1.3998E+02
    9.660  -8.5893E+01
    9.670  -1.9957E+01
    9.680   2.5622E+01
    9.690   4.5938E+01
    9.700   4.2425E+01
    9.710   2.0555E+01
    9.720   4.6512E+00
    9.730   8.7290E+00
    9.740   2.3624E+01
    9.750   2.0551E+01
    9.760  -1.6362E+01
    9.770  -5.5998E+01
    9.780  -6.6103E+01
    9.790  -4.8864E+01
    9.800  -5.4249E+00
    9.810   7.1382E+01
    9.820   1.7768E+02
    9.830   2.9237E+02
    9.840   3.8128E+02
    9.850   4.3331E+02
    9.860   4.4870E+02
    9.870   4.1479E+02
    9.880   3.3771E+02
    9.890   2.3838E+02
    9.900   1.4238E+02
    9.910   7.7012E+01
    9.920   5.1263E+01
    9.930   4.3419E+01
    9.940   2.6302E+01
    9.950  -7.2004E+00
    9.960  -3.9485E+01
    9.970  -5.9403E+01
    9.980  -6.8440E+01
    9.990  -6.3872E+01
   10.000  -5.0055E+01
   10.010  -4.8158E+01
   10.020  -6.2217E+01
   10.030  -7.3695E+01
   10.040  -6.8380E+01
   10.050  -7.0545E+01
   10.060  -9.3796E+01
   10.070  -1.1939E+02
   10.080  -1.3499E+02
   10.090  -1.4439E+02
   10.100  -1.5479E+02
   10.110  -1.6803E+02
   10.120  -1.7101E+02
   10.130  -1.5991E+02
   10.140  -1.3545E+02
   10.150  -9.8373E+01
   10.160  -5.8276E+01
   10.170  -1.1049E+01
   10.180   3.8773E+01
   10.190   7.5236E+01
   10.200   8.3277E+01
   10.210   7.9057E+01
   10.220   7.8197E+01
   10.230   7.1302E+01
   10.240   6.8647E+01
   10.250   7.8365E+01
   10.260   9.2139E+01
   10.270   9.4110E+01
   10.280   6.3592E+01
   10.290   2.3813E+00
   10.300  -6.4823E+01
   10.310  -1.2788E+02
   10.320  -1.8933E+02
   10.330  -2.2858E+02
   10.340  -2.3316E+02
   10.350  -2.2743E+02
   10.360  -2.2196E+02
   10.370  -2.1095E+02
   10.380  -1.9315E+02
   10.390  -1.7055E+02
   10.400  -1.4384E+02
   10.410  -1.3151E+02
   10.420  -1.5344E+02
   10.430  -1.9758E+02
   10.440  -2.2771E+02
   10.450  -2.2736E+02
   10.460  -1.9443E+02
   10.470  -1.3420E+02
   10.480  -7.0273E+01
   10.490  -1.3438E+01
   10.500   3.0667E+01
   10.510   5.2730E+01
   10.520   5.5919E+01
   10.530   4.7776E+01
   10.540   3.5549E+01
   10.550   3.0711E+01
   10.560   4.1929E+01
   10.570   6.8174E+01
   10.580   9.6404E+01
   10.590   1.1066E+02
   10.600   1.1099E+02
   10.610   1.0049E+02
   10.620   8.2133E+01
   10.630   5.7615E+01
   10.640   2.8201E+01
   10.650   1.3927E+00
   10.660  -1.9122E+01
   10.670  -3.4705E+01
   10.680  -4.3611E+01
   10.690  -5.0998E+01
   10.700  -5.8798E+01
   10.710  -5.6971E+01
   10.720  -4.8198E+01
   10.730  -4.4487E+01
   10.740  -4.1006E+01
   10.750  -2.2686E+01
   10.760   6.0458E+00
   10.770   2.5605E+01
   10.780   2.8014E+01
   10.790   1.9563E+01
   10.800   1.6478E+01
   10.810   2.7492E+01
   10.820   5.1113E+01
   10.830   8.0265E+01
   10.840   1.0672E+02
   10.850   1.2623E+02
   10.860   1.3562E+02
   10.870   1.3230E+02
   10.880   1.2150E+02
   10.890   1.0048E+02
   10.900   5.9901E+01
   10.910  -1.4393E+00
   10.920  -7.2962E+01
   10.930  -1.3329E+02
   10.940  -1.5213E+02
   10.950  -1.1682E+02
   10.960  -4.8549E+01
   10.970   1.6151E+01
   10.980   5.6378E+01
   10.990   6.8104E+01
   11.000   6.2827E+01
   11.010   6.9981E+01
   11.020   9.9051E+01
   11.030   1.2197E+02
   11.040   1.0684E+02
   11.050   6.1972E+01
   11.060   7.6750E+00
   11.070  -4.0436E+01
   11.080  -8.2390E+01
   11.090  -1.1712E+02
   11.100  -1.3842E+02
   11.110  -1.5287E+02
   11.120  -1.5868E+02
   11.130  -1.4465E+02
   11.140  -1.0964E+02
   11.150  -6.5297E+01
   11.160  -2.3380E+01
   11.170   1.6558E+01
   11.180   5.4700E+01
   11.190   8.2846E+01
   11.200   9.7819E+01
   11.210   1.1081E+02
   11.220   1.3519E+02
   11.230   1.6594E+02
   11.240   1.9353E+02
   11.250   1.9978E+02
   11.260   1.8290E+02
   11.270   1.6360E+02
   11.280   1.5579E+02
   11.290   1.6027E+02
   11.300   1.6218E+02
   11.310   1.4236E+02
   11.320   1.0197E+02
   11.330   5.7593E+01
   11.340   2.1508E+01
   11.350  -1.9010E+00
   11.360  -9.7260E+00
   11.370  -3.3604E+00
   11.380  -9.2291E-01
   11.390  -1.3402E+01
   11.400  -3.5439E+01
   11.410  -5.6582E+01
   11.420  -6.7675E+01
   11.430  -7.1200E+01
   11.440  -7.4682E+01
   11.450  -7.1650E+01
   11.460  -6.7494E+01
   11.470  -7.5019E+01
   11.480  -8.5819E+01
   11.490  -9.6508E+01
   11.500  -1.0913E+02
   11.510  -1.1650E+02
   11.520  -1.1258E+02
   11.530  -1.0038E+02
   11.540  -9.0511E+01
   11.550  -9.5618E+01
   11.560  -1.1058E+02
   11.570  -1.2287E+02
   11.580  -1.2351E+02
   11.590  -1.0980E+02
   11.600  -8.5404E+01
   11.610  -5.3841E+01
   11.620  -2.6923E+01
   11.630  -1.2063E+01
   11.640  -8.0359E+00
   11.650  -8.3067E+00
   11.660  -1.4126E+00
   11.670   2.0644E+01
   11.680   5.1528E+01
   11.690   8.2167E+01
   11.700   1.0476E+02
   11.710   1.0856E+02
   11.720   9.4149E+01
   11.730   7.4361E+01
   11.740   5.7768E+01
   11.750   3.9662E+01
   11.760   1.6397E+01
   11.770  -8.5569E+00
   11.780  -3.2098E+01
   11.790  -4.3574E+01
   11.800  -3.2841E+01
   11.810  -5.8235E+00
   11.820   2.2396E+01
   11.830   3.9219E+01
   11.840   3.9558E+01
   11.850   2.2644E+01
   11.860   6.5309E+00
   11.870   6.9567E+00
   11.880   1.6494E+01
   11.890   2.2451E+01
   11.900   1.9123E+01
   11.910   1.0167E+01
   11.920  -2.3266E+00
   11.930  -2.2530E+01
   11.940  -4.3081E+01
   11.950  -6.0435E+01
   11.960  -7.2337E+01
   11.970  -7.2941E+01
   11.980  -6.8334E+01
   11.990  -6.2598E+01
   12.000  -5.5084E+01
   12.010  -4.8811E+01
   12.020  -4.5762E+01
   12.030  -3.8690E+01
   12.040  -1.9147E+01
   12.050   4.6782E+00
   12.060   1.8921E+01
   12.070   2.1692E+01
   12.080   1.5138E+01
   12.090   1.6958E+00
   12.100  -1.4033E+01
   12.110  -2.7957E+01
   12.120  -4.3261E+01
   12.130  -6.2407E+01
   12.140  -8.1733E+01
   12.150  -9.9478E+01
   12.160  -1.0677E+02
   12.170  -9.2918E+01
   12.180  -5.9839E+01
   12.190  -2.0464E+01
   12.200   1.1297E+01
   12.210   3.0454E+01
   12.220   3.7362E+01
   12.230   3.8265E+01
   12.240   4.1581E+01
   12.250   4.4714E+01
   12.260   4.3957E+01
   12.270   3.6282E+01
   12.280   2.3649E+01
   12.290   1.7633E+01
   12.300   2.6034E+01
   12.310   4.6276E+01
   12.320   7.5307E+01
   12.330   1.0938E+02
   12.340   1.4514E+02
   12.350   1.7532E+02
   12.360   1.9923E+02
   12.370   2.1573E+02
   12.380   2.1957E+02
   12.390   2.0708E+02
   12.400   1.7951E+02
   12.410   1.4831E+02
   12.420   1.1782E+02
   12.430   8.3457E+01
   12.440   4.5227E+01
   12.450   1.1829E+01
   12.460  -1.1840E+00
   12.470   6.9662E+00
   12.480   2.3764E+01
   12.490   3.8274E+01
   12.500   4.0598E+01
   12.510   3.1626E+01
   12.520   2.0543E+01
   12.530   1.4562E+01
   12.540   2.2110E+01
   12.550   3.9915E+01
   12.560   5.5546E+01
   12.570   6.7606E+01
   12.580   7.8067E+01
   12.590   8.1788E+01
   12.600   8.1850E+01
   12.610   7.7533E+01
   12.620   6.1201E+01
   12.630   3.7982E+01
   12.640   2.3671E+01
   12.650   2.2789E+01
   12.660   2.7456E+01
   12.670   3.5078E+01
   12.680   4.1456E+01
   12.690   4.0883E+01
   12.700   3.3970E+01
   12.710   2.8436E+01
   12.720   2.8191E+01
   12.730   2.9126E+01
   12.740   2.4022E+01
   12.750   2.0886E+01
   12.760   2.1858E+01
   12.770   1.5991E+01
   12.780   5.5440E-01
   12.790  -1.7310E+01
   12.800  -2.9776E+01
   12.810  -3.6846E+01
   12.820  -4.0596E+01
   12.830  -4.1930E+01
   12.840  -4.0919E+01
   12.850  -3.8751E+01
   12.860  -4.1384E+01
   12.870  -5.7329E+01
   12.880  -8.3840E+01
   12.890  -1.0539E+02
   12.900  -1.1709E+02
   12.910  -1.2051E+02
   12.920  -1.1156E+02
   12.930  -9.8075E+01
   12.940  -8.9076E+01
   12.950  -8.9739E+01
   12.960  -9.4934E+01
   12.970  -8.8019E+01
   12.980  -6.9015E+01
   12.990  -4.5368E+01
   13.000  -2.1816E+01
   13.010  -3.8420E+00
   13.020   1.2318E+01
   13.030   3.0505E+01
   13.040   5.1170E+01
   13.050   7.0125E+01
   13.060   7.4528E+01
   13.070   6.0604E+01
   13.080   4.0910E+01
   13.090   2.5133E+01
   13.100   1.7168E+01
   13.110   1.7986E+01
   13.120   2.2866E+01
   13.130   2.4460E+01
   13.140   1.8793E+01
   13.150   7.3957E+00
   13.160  -7.9939E+00
   13.170  -2.0670E+01
   13.180  -2.3140E+01
   13.190  -1.4739E+01
   13.200   2.3179E+00
   13.210   1.8152E+01
   13.220   2.3826E+01
   13.230   2.4073E+01
   13.240   2.4468E+01
   13.250   2.3496E+01
   13.260   2.1108E+01
   13.270   1.4980E+01
   13.280   2.3643E+00
   13.290  -1.4982E+01
   13.300  -3.0507E+01
   13.310  -3.4660E+01
   13.320  -2.8850E+01
   13.330  -1.8719E+01
   13.340  -6.9394E+00
   13.350   5.6252E+00
   13.360   1.5981E+01
   13.370   2.2435E+01
   13.380   2.6811E+01
   13.390   3.1015E+01
   13.400   3.5437E+01
   13.410   4.0672E+01
   13.420   4.3746E+01
   13.430   4.1799E+01
   13.440   3.4676E+01
   13.450   2.1730E+01
   13.460   5.1684E+00
   13.470  -9.0734E+00
   13.480  -1.8935E+01
   13.490  -2.9997E+01
   13.500  -4.0062E+01
   13.510  -4.3650E+01
   13.520  -4.2769E+01
   13.530  -4.0045E+01
   13.540  -3.7448E+01
   13.550  -3.6490E+01
   13.560  -3.6598E+01
   13.570  -3.6983E+01
   13.580  -3.7903E+01
   13.590  -3.9848E+01
   13.600  -4.3691E+01
   13.610  -4.7913E+01
   13.620  -5.0855E+01
   13.630  -4.8681E+01
   13.640  -4.1266E+01
   13.650  -3.0315E+01
   13.660  -1.6149E+01
   13.670  -8.7806E-01
   13.680   1.2328E+01
   13.690   2.2551E+01
   13.700   2.9794E+01
   13.710   3.2219E+01
   13.720   2.7078E+01
   13.730   1.7052E+01
   13.740   6.8783E+00
   13.750   2.6072E-01
   13.760  -1.2722E+00
   13.770   1.7833E+00
   13.780   9.6464E+00
   13.790   1.8263E+01
   13.800   2.2501E+01
   13.810   2.2686E+01
   13.820   2.0651E+01
   13.830   1.8109E+01
   13.840   1.5750E+01
   13.850   1.1967E+01
   13.860   6.6266E+00
   13.870   3.8446E-01
   13.880  -3.4875E+00
   13.890  -4.0572E+00
   13.900  -3.7735E+00
   13.910  -3.5542E+00
   13.920  -3.6211E+00
   13.930  -7.3129E+00
   13.940  -1.4292E+01
   13.950  -2.0349E+01
   13.960  -2.3340E+01
   13.970  -2.3455E+01
   13.980  -2.2839E+01
   13.990  -2.2152E+01
   14.000  -2.1479E+01
   14.010  -2.2629E+01
   14.020  -2.6284E+01
   14.030  -3.0253E+01
   14.040  -3.2359E+01
   14.050  -3.3732E+01
   14.060  -3.5595E+01
   14.070  -3.8408E+01
   14.080  -4.5301E+01
   14.090  -5.4389E+01
   14.100  -6.0692E+01
   14.110  -5.9497E+01
   14.120  -4.7526E+01
   14.130  -2.6382E+01
   14.140  -8.9576E-01
   14.150   2.2503E+01
   14.160   3.9293E+01
   14.170   4.5465E+01
   14.180   4.2800E+01
   14.190   3.9267E+01
   14.200   3.9949E+01
   14.210   4.6858E+01
   14.220   5.8374E+01
   14.230   6.7326E+01
   14.240   6.6566E+01
   14.250   5.5092E+01
   14.260   3.9584E+01
   14.270   2.5389E+01
   14.280   1.2855E+01
   14.290   3.2260E-01
   14.300  -1.2215E+01
   14.310  -2.0521E+01
   14.320  -2.4444E+01
   14.330  -2.7552E+01
   14.340  -2.9554E+01
   14.350  -2.9598E+01
   14.360  -2.7458E+01
   14.370  -2.3924E+01
   14.380  -2.0984E+01
   14.390  -1.9649E+01
   14.400  -1.6666E+01
   14.410  -8.6784E+00
   14.420   2.7208E+00
   14.430   1.0890E+01
   14.440   1.2593E+01
   14.450   8.5303E+00
   14.460   1.2386E+00
   14.470  -5.5317E+00
   14.480  -1.0921E+01
   14.490  -1.6541E+01
   14.500  -2.3839E+01
   14.510  -3.2111E+01
   14.520  -3.8160E+01
   14.530  -3.8100E+01
   14.540  -3.3549E+01
   14.550  -2.6212E+01
   14.560  -1.6331E+01
   14.570  -6.6204E+00
   14.580   3.8221E-01
   14.590   3.3300E+00
   14.600   3.2151E+00
   14.610   4.5733E-01
   14.620  -6.1561E+00
   14.630  -1.4595E+01
   14.640  -1.9355E+01
   14.650  -1.9170E+01
   14.660  -1.5954E+01
   14.670  -1.2217E+01
   14.680  -9.4170E+00
   14.690  -5.9929E+00
   14.700  -6.6867E-01
   14.710   3.9706E+00
   14.720   5.6518E+00
   14.730   6.3780E+00
   14.740   8.0515E+00
   14.750   9.3143E+00
   14.760   1.0223E+01
   14.770   1.0997E+01
   14.780   1.2225E+01
   14.790   1.3330E+01
   14.800   1.4211E+01
   14.810   1.6399E+01
   14.820   1.8858E+01
   14.830   2.0437E+01
   14.840   2.1983E+01
   14.850   2.3093E+01
   14.860   2.5059E+01
   14.870   2.9073E+01
   14.880   3.2511E+01
   14.890   3.2584E+01
   14.900   2.7400E+01
   14.910   1.8239E+01
   14.920   1.0330E+01
   14.930   7.6397E+00
   14.940   8.3373E+00
   14.950   7.5958E+00
   14.960   3.0957E+00
   14.970  -4.6964E+00
   14.980  -1.3517E+01
   14.990  -2.0033E+01
   15.000  -2.3754E+01
   15.010  -2.5090E+01
   15.020  -2.4732E+01
   15.030  -2.3015E+01
   15.040  -2.1094E+01
   15.050  -1.9960E+01
   15.060  -1.8782E+01
   15.070  -1.6452E+01
   15.080  -1.5224E+01
   15.090  -1.6680E+01
   15.100  -1.9181E+01
   15.110  -2.0900E+01
   15.120  -2.0024E+01
   15.130  -1.6540E+01
   15.140  -1.2110E+01
   15.150  -7.9116E+00
   15.160  -3.6457E+00
   15.170   1.2033E+00
   15.180   6.4274E+00
   15.190   1.1840E+01
   15.200   1.7606E+01
   15.210   2.1797E+01
   15.220   2.2953E+01
   15.230   2.1591E+01
   15.240   1.8149E+01
   15.250   1.3704E+01
   15.260   7.3770E+00
   15.270  -8.7185E-01
   15.280  -8.1606E+00
   15.290  -1.2020E+01
   15.300  -1.1411E+01
   15.310  -8.3528E+00
   15.320  -3.8978E+00
   15.330   1.2089E+00
   15.340   6.0783E+00
   15.350   1.0990E+01
   15.360   1.4149E+01
   15.370   1.3970E+01
   15.380   1.0686E+01
   15.390   4.8832E+00
   15.400  -3.0549E+00
   15.410  -1.2103E+01
   15.420  -2.0643E+01
   15.430  -2.6900E+01
   15.440  -2.9643E+01
   15.450  -2.9390E+01
   15.460  -2.9228E+01
   15.470  -3.0929E+01
   15.480  -3.2866E+01
   15.490  -3.3085E+01
   15.500  -2.9865E+01
   15.510  -2.2760E+01
   15.520  -1.3789E+01
   15.530  -4.7527E+00
   15.540   3.7316E+00
   15.550   1.0275E+01
   15.560   1.3804E+01
   15.570   1.3510E+01
   15.580   1.0674E+01
   15.590   7.8394E+00
   15.600   5.3897E+00
   15.610   3.8485E+00
   15.620   3.5017E+00
   15.630   3.9136E+00
   15.640   4.1812E+00
   15.650   3.1302E+00
   15.660   4.5440E-01
   15.670  -2.6095E+00
   15.680  -4.8348E+00
   15.690  -5.0627E+00
   15.700  -2.3314E+00
   15.710   2.4511E+00
   15.720   7.8434E+00
   15.730   1.3035E+01
   15.740   1.8199E+01
   15.750   2.2864E+01
   15.760   2.6530E+01
   15.770   2.9500E+01
   15.780   3.0884E+01
   15.790   2.9940E+01
   15.800   2.7202E+01
   15.810   2.3487E+01
   15.820   1.9402E+01
   15.830   1.6115E+01
   15.840   1.3920E+01
   15.850   1.2322E+01
   15.860   1.1230E+01
   15.870   1.0710E+01
   15.880   1.0486E+01
   15.890   9.9986E+00
   15.900   8.9228E+00
   15.910   7.2652E+00
   15.920   5.4366E+00
   15.930   3.9749E+00
   15.940   2.9854E+00
   15.950   2.3122E+00
   15.960   2.1408E+00
   15.970   2.4196E+00
   15.980   2.6377E+00
   15.990   2.2398E+00
   16.000   9.2095E-01
   16.010  -1.7997E+00
   16.020  -5.7334E+00
   16.030  -1.0038E+01
   16.040  -1.4053E+01
   16.050  -1.7323E+01
   16.060  -1.9582E+01
   16.070  -2.0835E+01
   16.080  -2.1198E+01
   16.090  -2.0557E+01
   16.100  -1.8793E+01
   16.110  -1.6468E+01
   16.120  -1.4664E+01
   16.130  -1.3568E+01
   16.140  -1.2456E+01
   16.150  -1.0898E+01
   16.160  -8.8189E+00
   16.170  -6.3402E+00
   16.180  -3.7981E+00
   16.190  -1.7921E+00
   16.200  -2.9705E-01
   16.210   1.5745E+00
   16.220   4.4094E+00
   16.230   7.7529E+00
   16.240   1.0723E+01
   16.250   1.3004E+01
   16.260   1.4731E+01
   16.270   1.6010E+01
   16.280   1.6649E+01
   16.290   1.6680E+01
   16.300   1.6218E+01
   16.310   1.5547E+01
   16.320   1.4833E+01
   16.330   1.4099E+01
   16.340   1.3499E+01
   16.350   1.2652E+01
   16.360   1.1159E+01
   16.370   8.8206E+00
   16.380   5.7291E+00
   16.390   2.1612E+00
   16.400  -1.2168E+00
   16.410  -3.9132E+00
   16.420  -6.3260E+00
   16.430  -8.9283E+00
   16.440  -1.1604E+01
   16.450  -1.3904E+01
   16.460  -1.5505E+01
   16.470  -1.6097E+01
   16.480  -1.5443E+01
   16.490  -1.3774E+01
   16.500  -1.1690E+01
   16.510  -9.3051E+00
   16.520  -6.5322E+00
   16.530  -3.5264E+00
   16.540  -6.5209E-01
   16.550   1.5171E+00
   16.560   2.6676E+00
   16.570   3.0577E+00
   16.580   3.1676E+00
   16.590   3.1609E+00
   16.600   2.7621E+00
   16.610   1.9675E+00
   16.620   1.4287E+00
   16.630   1.9310E+00
   16.640   3.6682E+00
   16.650   6.2382E+00
   16.660   8.8439E+00
   16.670   1.0760E+01
   16.680   1.1794E+01
   16.690   1.2092E+01
   16.700   1.1785E+01
   16.710   1.1183E+01
   16.720   1.0776E+01
   16.730   1.0860E+01
   16.740   1.1271E+01
   16.750   1.1446E+01
   16.760   1.0870E+01
   16.770   9.2674E+00
   16.780   6.7108E+00
   16.790   3.5305E+00
   16.800   1.0713E-01
   16.810  -3.1101E+00
   16.820  -5.6732E+00
   16.830  -7.2580E+00
   16.840  -7.9947E+00
   16.850  -8.2679E+00
   16.860  -8.3876E+00
   16.870  -8.5658E+00
   16.880  -8.8846E+00
   16.890  -9.3318E+00
   16.900  -9.7468E+00
   16.910  -9.8317E+00
   16.920  -9.3987E+00
   16.930  -8.5226E+00
   16.940  -7.4968E+00
   16.950  -6.6365E+00
   16.960  -6.0730E+00
   16.970  -5.7124E+00
   16.980  -5.4305E+00
   16.990  -5.2705E+00
   17.000  -5.3151E+00
   17.010  -5.6122E+00
   17.020  -6.1891E+00
   17.030  -6.9137E+00
   17.040  -7.4981E+00
   17.050  -7.6290E+00
   17.060  -7.1781E+00
   17.070  -6.3263E+00
   17.080  -5.4149E+00
   17.090  -4.6809E+00
   17.100  -4.1791E+00
   17.110  -3.8027E+00
   17.120  -3.3904E+00
   17.130  -2.7579E+00
   17.140  -1.7905E+00
   17.150  -5.1692E-01
   17.160   8.1267E-01
   17.170   1.8271E+00
   17.180   2.3156E+00
   17.190   2.3556E+00
   17.200   2.2900E+00
   17.210   2.3606E+00
   17.220   2.5074E+00
   17.230   2.5451E+00
   17.240   2.3734E+00
   17.250   2.0872E+00
   17.260   1.8828E+00
   17.270   2.0074E+00
   17.280   2.6351E+00
   17.290   3.8028E+00
   17.300   5.3080E+00
   17.310   6.7999E+00
   17.320   8.0865E+00
   17.330   9.0782E+00
   17.340   9.6376E+00
   17.350   9.5475E+00
   17.360   8.6201E+00
   17.370   6.9988E+00
   17.380   5.1305E+00
   17.390   3.4211E+00
   17.400   2.0479E+00
   17.410   9.5475E-01
   17.420   2.6856E-02
   17.430  -8.0648E-01
   17.440  -1.4992E+00
   17.450  -1.9825E+00
   17.460  -2.3404E+00
   17.470  -2.7183E+00
   17.480  -3.2409E+00
   17.490  -3.8731E+00
   17.500  -4.3631E+00
   17.510  -4.5292E+00
   17.520  -4.4227E+00
   17.530  -4.2729E+00
   17.540  -4.2760E+00
   17.550  -4.4593E+00
   17.560  -4.7675E+00
   17.570  -5.1563E+00
   17.580  -5.6092E+00
   17.590  -5.9904E+00
   17.600  -6.0492E+00
   17.610  -5.5607E+00
   17.620  -4.4171E+00
   17.630  -2.6669E+00
   17.640  -5.0233E-01
   17.650   1.8012E+00
   17.660   3.9862E+00
   17.670   5.9100E+00
   17.680   7.5591E+00
   17.690   8.9719E+00
   17.700   1.0147E+01
   17.710   1.1017E+01
   17.720   1.1486E+01
   17.730   1.1470E+01
   17.740   1.0933E+01
   17.750   9.9089E+00
   17.760   8.5238E+00
   17.770   6.9532E+00
   17.780   5.3473E+00
   17.790   3.7847E+00
   17.800   2.2959E+00
   17.810   9.0508E-01
   17.820  -3.6535E-01
   17.830  -1.5009E+00
   17.840  -2.4533E+00
   17.850  -3.1000E+00
   17.860  -3.3249E+00
   17.870  -3.2067E+00
   17.880  -3.1025E+00
   17.890  -3.4555E+00
   17.900  -4.4525E+00
   17.910  -5.8537E+00
   17.920  -7.1624E+00
   17.930  -7.9650E+00
   17.940  -8.1429E+00
   17.950  -7.8351E+00
   17.960  -7.2668E+00
   17.970  -6.6200E+00
   17.980  -6.0047E+00
   17.990  -5.4775E+00
   18.000  -5.0473E+00
   18.010  -4.6664E+00
   18.020  -4.2414E+00
   18.030  -3.6734E+00
   18.040  -2.9012E+00
   18.050  -1.9199E+00
   18.060  -7.7855E-01
   18.070   4.2762E-01
   18.080   1.5681E+00
   18.090   2.5003E+00
   18.100   3.1056E+00
   18.110   3.3340E+00
   18.120   3.2484E+00
   18.130   3.0328E+00
   18.140   2.9221E+00
   18.150   3.0755E+00
   18.160   3.4859E+00
   18.170   4.0013E+00
   18.180   4.4199E+00
   18.190   4.5772E+00
   18.200   4.3960E+00
   18.210   3.9136E+00
   18.220   3.2622E+00
   18.230   2.5794E+00
   18.240   1.9176E+00
   18.250   1.2594E+00
   18.260   6.2391E-01
   18.270   1.2024E-01
   18.280  -1.2856E-01
   18.290  -9.9906E-02
   18.300   9.5809E-02
   18.310   2.7566E-01
   18.320   2.8195E-01
   18.330   8.1190E-02
   18.340  -1.9210E-01
   18.350  -3.2925E-01
   18.360  -2.5012E-01
   18.370  -1.1243E-01
   18.380  -1.7682E-01
   18.390  -5.5315E-01
   18.400  -1.0960E+00
   18.410  -1.5239E+00
   18.420  -1.6002E+00
   18.430  -1.2350E+00
   18.440  -5.2035E-01
   18.450   2.8541E-01
   18.460   8.8223E-01
   18.470   1.1283E+00
   18.480   1.1224E+00
   18.490   1.0575E+00
   18.500   1.0056E+00
   18.510   8.7484E-01
   18.520   5.4177E-01
   18.530  -3.6074E-02
   18.540  -8.2484E-01
   18.550  -1.7533E+00
   18.560  -2.7189E+00
   18.570  -3.6027E+00
   18.580  -4.3130E+00
   18.590  -4.7875E+00
   18.600  -4.9402E+00
   18.610  -4.6628E+00
   18.620  -3.9336E+00
   18.630  -2.8980E+00
   18.640  -1.7859E+00
   18.650  -7.5180E-01
   18.660   1.6223E-01
   18.670   9.2268E-01
   18.680   1.4392E+00
   18.690   1.6336E+00
   18.700   1.5272E+00
   18.710   1.2246E+00
   18.720   8.3793E-01
   18.730   4.5658E-01
   18.740   1.4653E-01
   18.750  -8.3158E-02
   18.760  -3.0950E-01
   18.770  -6.3563E-01
   18.780  -1.0812E+00
   18.790  -1.5526E+00
   18.800  -1.9214E+00
   18.810  -2.0955E+00
   18.820  -2.0176E+00
   18.830  -1.6560E+00
   18.840  -1.0555E+00
   18.850  -3.7865E-01
   18.860   1.5226E-01
   18.870   3.7717E-01
   18.880   2.6997E-01
   18.890  -8.1593E-02
   18.900  -5.3924E-01
   18.910  -9.7400E-01
   18.920  -1.3116E+00
   18.930  -1.5397E+00
   18.940  -1.6681E+00
   18.950  -1.6930E+00
   18.960  -1.6209E+00
   18.970  -1.5142E+00
   18.980  -1.4632E+00
   18.990  -1.4955E+00
   19.000  -1.5449E+00
   19.010  -1.5316E+00
   19.020  -1.4459E+00
   19.030  -1.3245E+00
   19.040  -1.1730E+00
   19.050  -9.5497E-01
   19.060  -6.4685E-01
   19.070  -2.4931E-01
   19.080   2.6085E-01
   19.090   9.2952E-01
   19.100   1.7261E+00
   19.110   2.4765E+00
   19.120   2.9620E+00
   19.130   3.1149E+00
   19.140   3.0949E+00
   19.150   3.1535E+00
   19.160   3.4226E+00
   19.170   3.8301E+00
   19.180   4.1852E+00
   19.190   4.3256E+00
   19.200   4.1991E+00
   19.210   3.8547E+00
   19.220   3.3781E+00
   19.230   2.8308E+00
   19.240   2.2291E+00
   19.250   1.5743E+00
   19.260   8.9920E-01
   19.270   2.7947E-01
   19.280  -2.0701E-01
   19.290  -5.2945E-01
   19.300  -7.1135E-01
   19.310  -7.8896E-01
   19.320  -7.7013E-01
   19.330  -6.3962E-01
   19.340  -4.0792E-01
   19.350  -1.4596E-01
   19.360   4.3772E-02
   19.370   1.0290E-01
   19.380   6.3047E-02
   19.390   1.4842E-02
   19.400   3.4846E-02
   19.410   1.4229E-01
   19.420   3.0433E-01
   19.430   4.5763E-01
   19.440   5.3128E-01
   19.450   4.9003E-01
   19.460   3.8045E-01
   19.470   3.2095E-01
   19.480   4.2073E-01
   19.490   7.0794E-01
   19.500   1.1401E+00
   19.510   1.6566E+00
   19.520   2.1811E+00
   19.530   2.5811E+00
   19.540   2.6871E+00
   19.550   2.4051E+00
   19.560   1.8157E+00
   19.570   1.1366E+00
   19.580   5.7317E-01
   19.590   1.9746E-01
   19.600  -5.0848E-02
   19.610  -2.7108E-01
   19.620  -5.1048E-01
   19.630  -7.3522E-01
   19.640  -8.6648E-01
   19.650  -8.4802E-01
   19.660  -7.0133E-01
   19.670  -5.2913E-01
   19.680  -4.5873E-01
   19.690  -5.5534E-01
   19.700  -7.6712E-01
   19.710  -9.5262E-01
   19.720  -9.8876E-01
   19.730  -8.7859E-01
   19.740  -7.5645E-01
   19.750  -7.6616E-01
   19.760  -9.1876E-01
   19.770  -1.0681E+00
   19.780  -1.0261E+00
   19.790  -6.9403E-01
   19.800  -9.3606E-02
   19.810   6.9177E-01
   19.820   1.5676E+00
   19.830   2.4338E+00
   19.840   3.1916E+00
   19.850   3.7777E+00
   19.860   4.1823E+00
   19.870   4.4157E+00
   19.880   4.4661E+00
   19.890   4.3072E+00
   19.900   3.9414E+00
   19.910   3.4231E+00
   19.920   2.8476E+00
   19.930   2.3300E+00
   19.940   1.9692E+00
   19.950   1.7896E+00
   19.960   1.7105E+00
   19.970   1.6081E+00
   19.980   1.4273E+00
   19.990   1.2050E+00
   20.000   9.6697E-01
   20.010   6.3881E-01
   20.020   1.0648E-01
   20.030  -6.3836E-01
   20.040  -1.4513E+00
   20.050  -2.1417E+00
   20.060  -2.6098E+00
   20.070  -2.8850E+00
   20.080  -3.0717E+00
   20.090  -3.2705E+00
   20.100  -3.5145E+00
   20.110  -3.7402E+00
   20.120  -3.8298E+00
   20.130  -3.7150E+00
   20.140  -3.4514E+00
   20.150  -3.1766E+00
   20.160  -2.9900E+00
   20.170  -2.8790E+00
   20.180  -2.7567E+00
   20.190  -2.5539E+00
   20.200  -2.2789E+00
   20.210  -2.0126E+00
   20.220  -1.8525E+00
   20.230  -1.8315E+00
   20.240  -1.8655E+00
   20.250  -1.7926E+00
   20.260  -1.4942E+00
   20.270  -9.8323E-01
   20.280  -3.5586E-01
   20.290   3.3525E-01
   20.300   1.1310E+00
   20.310   2.0853E+00
   20.320   3.1624E+00
   20.330   4.2321E+00
   20.340   5.1406E+00
   20.350   5.7745E+00
   20.360   6.1003E+00
   20.370   6.1953E+00
   20.380   6.2315E+00
   20.390   6.3672E+00
   20.400   6.6219E+00
   20.410   6.8697E+00
   20.420   6.9557E+00
   20.430   6.7996E+00
   20.440   6.3999E+00
   20.450   5.8077E+00
   20.460   5.1285E+00
   20.470   4.5008E+00
   20.480   4.0070E+00
   20.490   3.6100E+00
   20.500   3.2054E+00
   20.510   2.7219E+00
   20.520   2.1332E+00
   20.530   1.3971E+00
   20.540   4.5078E-01
   20.550  -7.1361E-01
   20.560  -2.0099E+00
   20.570  -3.3132E+00
   20.580  -4.5298E+00
   20.590  -5.6062E+00
   20.600  -6.5157E+00
   20.610  -6.9455E+00
   20.620  -7.6986E+00
   20.630  -8.3287E+00
   20.640  -8.7534E+00
   20.650  -8.8798E+00
   20.660  -8.7020E+00
   20.670  -8.3174E+00
   20.680  -7.8572E+00
   20.690  -7.4168E+00
   20.700  -7.0433E+00
   20.710  -6.7540E+00
   20.720  -6.5524E+00
   20.730  -6.4328E+00
   20.740  -6.3762E+00
   20.750  -6.3308E+00
   20.760  -6.1941E+00
   20.770  -5.8198E+00
   20.780  -5.0620E+00
   20.790  -3.8413E+00
   20.800  -2.2017E+00
   20.810  -3.1586E-01
   20.820   1.5843E+00
   20.830   3.3180E+00
   20.840   4.8220E+00
   20.850   5.9201E+00
   20.860   6.8725E+00
   20.870   7.7563E+00
   20.880   8.5160E+00
   20.890   8.1971E+00
   20.900   8.3796E+00
   20.910   8.3270E+00
   20.920   8.0699E+00
   20.930   7.6514E+00
   20.940   7.1273E+00
   20.950   6.5642E+00
   20.960   5.9976E+00
   20.970   5.3858E+00
   20.980   4.6453E+00
   20.990   3.9933E+00
   21.000   3.1179E+00
   21.010   2.2654E+00
   21.020   1.4444E+00
   21.030   5.8852E-01
   21.040  -3.5089E-01
   21.050  -1.3742E+00
   21.060  -2.4817E+00
   21.070  -3.6844E+00
   21.080  -4.9449E+00
   21.090  -6.1479E+00
   21.100  -7.1578E+00
   21.110  -7.8778E+00
   21.120  -8.9815E+00
   21.130  -8.8429E+00
   21.140  -8.2095E+00
   21.150  -7.2006E+00
   21.160  -6.0613E+00
   21.170  -5.0547E+00
   21.180  -4.3599E+00
   21.190  -4.0428E+00
   21.200  -4.0734E+00
   21.210  -4.3424E+00
   21.220  -4.6815E+00
   21.230  -4.9021E+00
   21.240  -4.8384E+00
   21.250  -4.3696E+00
   21.260  -3.4327E+00
   21.270  -2.0402E+00
   21.280  -2.9664E-01
   21.290   1.6221E+00
   21.300   3.5295E+00
   21.310   5.2854E+00
   21.320   6.8049E+00
   21.330   8.0299E+00
   21.340   8.9134E+00
   21.350   9.4354E+00
   21.360   9.6126E+00
   21.370   9.4719E+00
   21.380   9.0204E+00
   21.390   8.2647E+00
   21.400   7.2649E+00
   21.410   6.1620E+00
   21.420   5.1327E+00
   21.430   4.3020E+00
   21.440   1.6968E+00
   21.450   1.0225E+00
   21.460   3.6264E-01
   21.470  -3.0794E-01
   21.480  -9.1789E-01
   21.490  -1.4023E+00
   21.500  -1.1577E+00
   21.510  -1.5511E+00
   21.520  -2.0708E+00
   21.530  -2.7346E+00
   21.540  -4.4501E+00
   21.550  -5.5710E+00
   21.560  -6.8792E+00
   21.570  -8.3131E+00
   21.580  -9.7059E+00
   21.590  -1.0868E+01
   21.600  -1.1627E+01
   21.610  -1.1812E+01
   21.620  -1.1306E+01
   21.630  -1.0178E+01
   21.640  -8.7257E+00
   21.650  -7.3223E+00
   21.660  -6.2051E+00
   21.670  -5.4211E+00
   21.680  -4.9327E+00
   21.690  -4.7070E+00
   21.700  -4.7001E+00
   21.710  -4.8165E+00
   21.720  -4.9251E+00
   21.730  -4.8953E+00
   21.740  -4.6123E+00
   21.750  -3.4525E+00
   21.760  -2.5120E+00
   21.770  -1.6743E+00
   21.780  -2.0932E-01
   21.790   1.0072E+00
   21.800   2.1745E+00
   21.810   3.1988E+00
   21.820   4.0290E+00
   21.830   4.7287E+00
   21.840   5.4276E+00
   21.850   6.1830E+00
   21.860   6.9157E+00
   21.870   7.4877E+00
   21.880   7.8030E+00
   21.890   7.8215E+00
   21.900   8.1592E+00
   21.910   6.9830E+00
   21.920   5.8122E+00
   21.930   4.5562E+00
   21.940   3.3545E+00
   21.950   2.3030E+00
   21.960   1.4347E+00
   21.970   7.0904E-01
   21.980   1.0959E+00
   21.990   4.3158E-01
   22.000  -2.7790E-01
   22.010  -9.7039E-01
   22.020  -1.6448E+00
   22.030  -2.3733E+00
   22.040  -3.2238E+00
   22.050  -4.2122E+00
   22.060  -5.3320E+00
   22.070  -6.5689E+00
   22.080  -7.5916E+00
   22.090  -8.7964E+00
   22.100  -9.4613E+00
   22.110  -9.5498E+00
   22.120  -8.0244E+00
   22.130  -6.9281E+00
   22.140  -5.5330E+00
   22.150  -3.9745E+00
   22.160  -2.4064E+00
   22.170  -1.0171E+00
   22.180   2.3331E-02
   22.190   6.3652E-01
   22.200   8.6587E-01
   22.210   8.5819E-01
   22.220   8.3108E-01
   22.230   1.0282E+00
   22.240   1.6389E+00
   22.250   2.7071E+00
   22.260   4.1101E+00
   22.270   5.6397E+00
   22.280   7.1204E+00
   22.290   8.4707E+00
   22.300   8.8972E+00
   22.310   1.0906E+01
   22.320   1.2079E+01
   22.330   1.3211E+01
   22.340   1.4472E+01
   22.350   1.5268E+01
   22.360   1.4299E+01
   22.370   1.4100E+01
   22.380   1.3199E+01
   22.390   1.1555E+01
   22.400   9.2494E+00
   22.410   7.6479E+00
   22.420   5.1287E+00
   22.430   2.9877E+00
   22.440   1.1561E+00
   22.450  -2.7243E-01
   22.460  -1.4534E+00
   22.470  -2.2172E+00
   22.480  -3.7923E+00
   22.490  -5.0353E+00
   22.500  -6.3624E+00
   22.510  -7.7267E+00
   22.520  -9.0451E+00
   22.530  -1.0239E+01
   22.540  -1.1279E+01
   22.550  -1.2202E+01
   22.560  -9.2410E+00
   22.570  -1.0041E+01
   22.580  -1.0739E+01
   22.590  -1.1251E+01
   22.600  -1.1479E+01
   22.610  -1.1344E+01
   22.620  -1.1271E+01
   22.630  -1.0536E+01
   22.640  -8.9557E+00
   22.650  -6.2259E+00
   22.660  -5.0294E+00
   22.670  -3.8965E+00
   22.680  -2.9326E+00
   22.690  -2.2518E+00
   22.700  -1.8507E+00
   22.710  -2.5241E-01
   22.720   2.4101E-01
   22.730   8.9020E-01
   22.740   1.7490E+00
   22.750   2.8105E+00
   22.760   4.1090E+00
   22.770   5.7501E+00
   22.780   7.3001E+00
   22.790   9.5319E+00
   22.800   1.1664E+01
   22.810   1.3189E+01
   22.820   1.4456E+01
   22.830   1.5344E+01
   22.840   1.3773E+01
   22.850   1.4180E+01
   22.860   1.4282E+01
   22.870   1.3987E+01
   22.880   1.3195E+01
   22.890   1.1883E+01
   22.900   1.0180E+01
   22.910   8.3234E+00
   22.920   6.5113E+00
   22.930   4.8170E+00
   22.940   3.2238E+00
   22.950   1.7139E+00
   22.960   3.2367E-01
   22.970  -8.5632E-01
   22.980  -1.7317E+00
   22.990  -2.2087E+00
   23.000  -2.5298E+00
   23.010  -2.7375E+00
   23.020  -3.0854E+00
   23.030  -3.3332E+00
   23.040  -4.6110E+00
   23.050  -3.6603E+00
   23.060  -4.4579E+00
   23.070  -5.1994E+00
   23.080  -5.6871E+00
   23.090  -5.8310E+00
   23.100  -5.6729E+00
   23.110  -5.5987E+00
   23.120  -5.3055E+00
   23.130  -5.0126E+00
   23.140  -4.7613E+00
   23.150  -4.3300E+00
   23.160  -3.9911E+00
   23.170  -3.4755E+00
   23.180  -2.7673E+00
   23.190  -2.0744E+00
   23.200  -1.4702E+00
   23.210  -4.5861E-01
   23.220   2.1775E-01
   23.230   9.2008E-01
   23.240   1.6947E+00
   23.250   2.4698E+00
   23.260   3.1428E+00
   23.270   3.6092E+00
   23.280   4.9153E+00
   23.290   4.5759E+00
   23.300   3.9463E+00
   23.310   3.3667E+00
   23.320   2.9772E+00
   23.330   2.9073E+00
   23.340   3.1342E+00
   23.350   4.7437E+00
   23.360   3.9248E+00
   23.370   3.7633E+00
   23.380   3.3429E+00
   23.390   1.0613E+00
   23.400   2.0680E-01
   23.410  -8.3227E-01
   23.420  -2.4400E+00
   23.430  -4.2059E+00
   23.440  -5.2819E+00
   23.450  -6.3513E+00
   23.460  -6.3687E+00
   23.470  -6.2664E+00
   23.480  -5.1671E+00
   23.490  -4.8836E+00
   23.500  -4.4266E+00
   23.510  -4.0848E+00
   23.520  -3.8651E+00
   23.530  -3.8991E+00
   23.540  -4.1322E+00
   23.550  -4.4516E+00
   23.560  -2.8355E+00
   23.570  -2.5965E+00
   23.580  -2.0541E+00
   23.590  -1.2479E+00
   23.600   2.0767E+00
   23.610   2.4672E+00
   23.620   2.7299E+00
   23.630   2.9161E+00
   23.640   3.1504E+00
   23.650   3.4752E+00
   23.660   3.8011E+00
   23.670   2.2741E+00
   23.680   2.1525E+00
   23.690   1.9406E+00
   23.700   1.6245E-01
   23.710  -7.9968E-02
   23.720  -5.7554E-01
   23.730  -2.4110E+00
   23.740  -2.6910E+00
   23.750  -2.8093E+00
   23.760  -2.9980E+00
   23.770  -3.4183E+00
   23.780  -3.6947E+00
   23.790  -3.9800E+00
   23.800  -4.1453E+00
   23.810  -3.6814E+00
   23.820  -3.5922E+00
   23.830  -3.4610E+00
   23.840  -3.3767E+00
   23.850  -3.6681E+00
   23.860  -3.9753E+00
   23.870  -3.7334E+00
   23.880  -3.9911E+00
   23.890  -4.0927E+00
   23.900  -4.1326E+00
   23.910  -4.2072E+00
   23.920  -4.3151E+00
   23.930  -4.3139E+00
   23.940  -3.5796E+00
   23.950  -3.0822E+00
   23.960  -2.3881E+00
   23.970  -1.6771E+00
   23.980  -1.0829E+00
   23.990   1.5070E-02
   24.000   4.3269E-01
   24.010   8.9751E-01
   24.020   8.1306E-01
   24.030   6.9270E-01
   24.040   1.4601E-01
   24.050  -4.1533E-01
   24.060  -6.6764E-01
   24.070  -8.9098E-01
   24.080  -1.1267E+00
   24.090  -1.3327E+00
   24.100  -1.5194E+00
   24.110  -7.0532E-01
   24.120  -7.8238E-01
   24.130   9.6212E-01
   24.140   1.2199E+00
   24.150   1.4194E+00
   24.160   1.5695E+00
   24.170   1.7386E+00
   24.180   1.9864E+00
   24.190   2.3141E+00
   24.200   2.6444E+00
   24.210   2.2696E+00
   24.220   2.4969E+00
   24.230   2.6196E+00
   24.240   2.5915E+00
   24.250   2.3753E+00
   24.260   1.9383E+00
   24.270   1.3338E+00
   24.280   6.2667E-01
   24.290  -2.2046E-01
   24.300  -9.3525E-01
   24.310  -1.0372E+00
   24.320  -1.4665E+00
   24.330  -1.8080E+00
   24.340  -2.0955E+00
   24.350  -2.3382E+00
   24.360  -2.5138E+00
   24.370  -2.6083E+00
   24.380  -2.6402E+00
   24.390  -2.6585E+00
   24.400  -2.7088E+00
   24.410  -2.7899E+00
   24.420  -2.8260E+00
   24.430  -2.6799E+00
   24.440  -2.2149E+00
   24.450  -1.3763E+00
   24.460  -2.4554E-01
   24.470   9.6835E-01
   24.480  -9.1907E-01
   24.490  -1.0887E+00
   24.500  -7.0465E-01
   24.510  -6.0719E-01
   24.520  -6.7336E-01
   24.530  -7.4984E-01
   24.540  -7.4006E-01
   24.550  -5.9198E-01
   24.560  -2.9142E-01
   24.570   1.5140E-01
   24.580   7.1948E-01
   24.590   1.3847E+00
   24.600   2.1248E+00
   24.610   2.7445E+00
   24.620   3.1749E+00
   24.630   3.3026E+00
   24.640   3.0830E+00
   24.650   2.7968E+00
   24.660   2.5678E+00
   24.670   2.4745E+00
   24.680   2.6345E+00
   24.690   3.0420E+00
   24.700   3.5377E+00
   24.710   3.8760E+00
   24.720   3.8611E+00
   24.730   2.8611E+00
   24.740   2.0729E+00
   24.750   1.4336E+00
   24.760   8.6101E-01
   24.770   3.1102E-01
   24.780  -1.9030E-01
   24.790  -1.3359E+00
   24.800  -1.3441E+00
   24.810  -1.1017E+00
   24.820  -7.1290E-01
   24.830  -5.4847E-01
   24.840  -2.4963E-01
   24.850  -6.2627E-02
   24.860   4.4297E-02
   24.870   8.2544E-02
   24.880   3.6633E-02
   24.890  -9.0055E-02
   24.900   5.8035E-01
   24.910  -6.9252E-02
   24.920   4.9653E-03
   24.930   1.6949E-01
   24.940   4.0068E-01
   24.950   6.2687E-01
   24.960   7.7589E-01
   24.970   8.3237E-01
   24.980   7.5984E-01
   24.990   8.1792E-01
   25.000   9.4729E-01
   25.010   1.1301E+00
   25.020   1.3182E+00
   25.030   1.6158E+00
   25.040   2.0260E+00
   25.050   2.1502E+00
   25.060   2.2064E+00
   25.070   2.2221E+00
   25.080   2.2070E+00
   25.090   2.1420E+00
   25.100   1.7691E+00
   25.110   1.5406E+00
   25.120   1.0218E+00
   25.130   5.7915E-01
   25.140  -9.5076E-02
   25.150  -5.8326E-01
   25.160  -8.7763E-01
   25.170  -1.0545E+00
   25.180  -1.1946E+00
   25.190  -1.3848E+00
   25.200   1.8325E+00
   25.210   1.6005E+00
   25.220   1.2318E+00
   25.230   8.8091E-01
   25.240   4.4925E-01
   25.250  -2.6983E-01
   25.260  -7.8293E-01
   25.270  -1.2762E+00
   25.280  -1.6897E+00
   25.290  -1.9864E+00
   25.300  -2.0790E+00
   25.310  -2.1089E+00
   25.320  -2.0448E+00
   25.330  -1.9237E+00
   25.340  -1.7810E+00
   25.350  -1.6157E+00
   25.360  -1.5477E+00
   25.370  -1.5670E+00
   25.380  -1.6673E+00
   25.390  -1.8059E+00
   25.400  -1.9244E+00
   25.410  -1.9808E+00
   25.420  -2.5735E+00
   25.430  -2.6087E+00
   25.440  -2.8767E+00
   25.450  -2.8565E+00
   25.460  -2.9060E+00
   25.470  -2.5320E+00
   25.480  -2.4101E+00
   25.490  -2.1817E+00
   25.500  -1.8366E+00
   25.510  -1.4057E+00
   25.520  -9.6729E-01
   25.530  -5.9678E-01
   25.540  -4.0408E-01
   25.550   1.7102E-02
   25.560   4.7554E-01
   25.570   8.6500E-01
   25.580   1.7978E-01
   25.590   5.3736E-01
   25.600   8.8004E-01
   25.610   1.2795E+00
   25.620   1.6467E+00
   25.630   1.9651E+00
   25.640   2.2219E+00
   25.650   2.4024E+00
   25.660   2.5028E+00
   25.670   2.5449E+00
   25.680   2.5675E+00
   25.690   2.6002E+00
   25.700   2.4021E+00
   25.710   2.3828E+00
   25.720   2.3650E+00
   25.730   2.2884E+00
   25.740   2.2810E+00
   25.750   2.6801E+00
   25.760   2.4518E+00
   25.770   2.1484E+00
   25.780   1.7914E+00
   25.790   1.4217E+00
   25.800   7.0422E-01
   25.810   3.8247E-01
   25.820   5.5656E-02
   25.830  -3.0758E-01
   25.840  -7.2055E-01
   25.850  -1.1660E+00
   25.860  -8.7349E-01
   25.870  -1.2085E+00
   25.880  -1.1512E+00
   25.890  -1.2099E+00
   25.900  -1.1596E+00
   25.910  -1.1574E+00
   25.920  -1.1468E+00
   25.930  -1.1936E+00
   25.940  -1.3407E+00
   25.950  -1.5923E+00
   25.960  -1.6094E+00
   25.970  -1.8969E+00
   25.980  -4.7715E-01
   25.990  -4.9609E-01
   26.000  -1.9556E-01
   26.010  -1.2778E-01
   26.020  -4.0284E-02
   26.030   6.7414E-02
   26.040   1.8846E-01
   26.050   3.0592E-01
   26.060   4.0253E-01
   26.070   4.6578E-01
   26.080   4.8230E-01
   26.090   4.4896E-01
   26.100   3.2905E-01
   26.110   2.5290E-01
   26.120   6.1960E-02
   26.130  -1.2425E-01
   26.140  -2.8347E-01
   26.150  -2.8576E-01
   26.160  -3.4889E-01
   26.170  -3.5864E-01
   26.180  -3.4792E-01
   26.190  -3.4095E-01
   26.200  -3.5159E-01
   26.210  -3.8639E-01
   26.220  -4.4234E-01
   26.230  -3.0582E-01
   26.240  -3.3907E-01
   26.250  -3.5813E-01
   26.260  -3.5721E-01
   26.270  -3.5891E-01
   26.280  -3.7532E-01
   26.290  -4.0258E-01
   26.300  -4.2698E-01
   26.310  -4.3939E-01
   26.320  -4.4278E-01
   26.330  -4.4734E-01
   26.340  -4.5627E-01
   26.350  -4.5743E-01
   26.360  -4.2988E-01
   26.370  -3.5905E-01
   26.380  -2.4480E-01
   26.390  -1.5050E-01
   26.400   2.2870E-02
   26.410   1.8353E-01
   26.420   3.5855E-01
   26.430   4.9420E-01
   26.440   5.7839E-01
   26.450   6.2320E-01
   26.460   6.5075E-01
   26.470   6.7926E-01
   26.480   7.2422E-01
   26.490   8.0021E-01
   26.500   1.1708E+00
   26.510   1.3354E+00
   26.520   1.4937E+00
   26.530   1.6124E+00
   26.540   1.6724E+00
   26.550   1.5875E+00
   26.560   1.4675E+00
   26.570   1.2621E+00
   26.580   1.0418E+00
   26.590   7.9703E-01
   26.600   5.2776E-01
   26.610  -5.0549E-03
   26.620  -2.0232E-01
   26.630  -3.3334E-01
   26.640  -4.0050E-01
   26.650  -4.2860E-01
   26.660  -4.5185E-01
   26.670  -4.9963E-01
   26.680  -5.8712E-01
   26.690  -7.0972E-01
   26.700  -8.4240E-01
   26.710  -1.0423E+00
   26.720  -9.9133E-01
   26.730  -8.7001E-01
   26.740  -7.1169E-01
   26.750  -5.6056E-01
   26.760  -4.6195E-01
   26.770  -4.3205E-01
   26.780  -4.6063E-01
   26.790  -5.2624E-01
   26.800  -6.0700E-01
   26.810  -6.7825E-01
   26.820  -7.4679E-01
   26.830  -3.1501E-01
   26.840  -2.2714E-01
   26.850  -1.2071E-01
   26.860  -2.4961E-02
   26.870   4.9057E-02
   26.880   1.7163E-01
   26.890   2.1352E-01
   26.900   2.5021E-01
   26.910  -1.1939E-02
   26.920  -2.5840E-02
   26.930   2.5219E-03
   26.940  -6.7858E-02
   26.950  -1.6743E-01
   26.960  -2.7661E-01
   26.970  -3.1817E-01
   26.980  -4.3596E-01
   26.990  -5.4788E-01
   27.000  -6.4968E-01
   27.010  -7.2765E-01
   27.020  -1.2945E-01
   27.030  -1.5329E-01
   27.040  -1.7767E-01
   27.050  -2.1356E-01
   27.060  -2.7278E-01
   27.070  -3.6441E-01
   27.080  -4.8721E-01
   27.090  -6.2443E-01
   27.100  -7.4858E-01
   27.110  -8.3249E-01
   27.120  -8.5757E-01
   27.130  -8.1646E-01
   27.140  -3.3480E-01
   27.150  -3.1044E-01
   27.160  -2.7187E-01
   27.170  -2.3659E-01
   27.180  -2.1451E-01
   27.190  -2.5609E-01
   27.200  -2.8508E-01
   27.210  -2.9315E-01
   27.220  -2.7717E-01
   27.230  -2.4474E-01
   27.240  -2.0767E-01
   27.250  -1.7431E-01
   27.260  -1.4561E-01
   27.270  -1.1744E-01
   27.280  -8.7864E-02
   27.290  -6.3067E-02
   27.300  -5.5179E-02
   27.310  -7.1292E-02
   27.320  -1.0369E-01
   27.330  -1.3258E-01
   27.340  -1.4060E-01
   27.350  -1.2312E-01
   27.360  -8.9609E-02
   27.370  -4.4531E-02
   27.380   1.3789E-02
   27.390   8.4273E-02
   27.400   1.5419E-01
   27.410   1.9784E-01
   27.420   2.5717E-01
   27.430   3.0504E-01
   27.440   2.9916E-01
   27.450   2.3803E-01
   27.460   1.8468E-01
   27.470   3.1942E-01
   27.480   3.4211E-01
   27.490   3.5477E-01
   27.500   9.4591E-02
   27.510   8.5524E-02
   27.520   8.0479E-02
   27.530   8.3754E-02
   27.540   9.1110E-02
   27.550   9.8218E-02
   27.560   9.2642E-02
   27.570   7.5945E-02
   27.580   4.7439E-02
   27.590   5.0446E-02
   27.600   1.7971E-02
   27.610  -3.1220E-02
   27.620  -8.8050E-02
   27.630  -1.4090E-01
   27.640  -1.8128E-01
   27.650  -2.0552E-01
   27.660  -2.1247E-01
   27.670  -2.0842E-01
   27.680  -1.7731E-01
   27.690  -3.2729E-02
   27.700  -2.1559E-02
   27.710  -1.3568E-02
   27.720  -1.0150E-02
   27.730  -1.2017E-02
   27.740  -1.7821E-02
   27.750  -2.3295E-02
   27.760  -2.3457E-02
   27.770  -1.7061E-02
   27.780  -8.4305E-03
   27.790  -3.6969E-03
   27.800  -5.5757E-03
   27.810  -5.7464E-03
   27.820  -1.6669E-02
   27.830  -2.6002E-02
   27.840  -4.4558E-02
   27.850  -6.3330E-02
   27.860  -7.5888E-02
   27.870  -7.7865E-02
   27.880  -6.9498E-02
   27.890  -5.4745E-02
   27.900  -3.8663E-02
   27.910  -2.4994E-02
   27.920  -1.5029E-02
   27.930  -8.3086E-03
   27.940  -4.4662E-03
   27.950  -4.1256E-03
   27.960  -7.6518E-03
   27.970  -1.3442E-02
   27.980  -4.7737E-02
   27.990  -4.7502E-02
   28.000  -4.7942E-02
   28.010  -2.7470E-02
   28.020  -2.4644E-02
   28.030  -1.9154E-02
   28.040  -1.1449E-02
   28.050  -2.7797E-03
   28.060   4.4402E-03
   28.070   7.4803E-03
   28.080  -1.5123E-02
   28.090  -2.4598E-02
   28.100  -2.2752E-02
   28.110  -1.7495E-02
   28.120  -1.1975E-02
   28.130  -4.8550E-03
   28.140   4.4209E-03
   28.150   2.6475E-02
   28.160   3.6414E-02
   28.170   4.5776E-02
   28.180   5.3739E-02
   28.190   5.9804E-02
   28.200   6.3821E-02
   28.210   6.5717E-02
   28.220   6.5088E-02
   28.230   6.1488E-02
   28.240   5.5425E-02
   28.250   4.3616E-02
   28.260   3.6578E-02
   28.270   2.9582E-02
   28.280   2.1243E-02
   28.290   1.1177E-02
   28.300   2.8920E-04
   28.310  -1.1080E-02
   28.320  -2.4183E-02
   28.330  -4.0290E-02
   28.340  -5.3165E-02
   28.350   8.8820E-03
   28.360   9.4746E-03
   28.370   8.7377E-03
   28.380   7.0954E-03
   28.390   5.0567E-03
   28.400   3.1450E-03
   28.410   1.8971E-03
   28.420   1.8202E-03
   28.430   3.2147E-03
   28.440   5.9606E-03
   28.450   9.4894E-03
   28.460   1.3030E-02
   28.470   1.5970E-02
   28.480   1.8109E-02
   28.490   1.9695E-02
   28.500   2.1236E-02
   28.510   2.3174E-02
   28.520   2.5526E-02
   28.530   2.7757E-02
   28.540   2.9017E-02
   28.550   2.8620E-02
   28.560   2.6403E-02
   28.570   2.2750E-02
   28.580   1.8374E-02
   28.590   1.4057E-02
   28.600   1.0398E-02
   28.610   7.6496E-03
   28.620   5.8188E-03
   28.630   5.0175E-03
   28.640   5.5888E-03
   28.650   7.6846E-03
   28.660   1.0750E-02
   28.670   1.3681E-02
   28.680   1.5593E-02
   28.690   1.6293E-02
   28.700   1.5950E-02
   28.710   1.4631E-02
   28.720   1.2373E-02
   28.730   9.5010E-03
   28.740   6.4757E-03
   28.750   3.4521E-03
   28.760   3.0706E-04
   28.770  -2.8312E-03
   28.780  -5.3749E-03
   28.790  -6.7749E-03
   28.800  -7.0508E-03
   28.810  -2.0186E-02
   28.820  -2.2064E-02
   28.830  -2.3352E-02
   28.840  -2.4049E-02
   28.850  -2.4318E-02
   28.860  -2.4288E-02
   28.870  -1.7290E-02
   28.880  -1.5781E-02
   28.890  -1.3751E-02
   28.900  -1.1167E-02
   28.910  -8.0191E-03
   28.920  -4.4794E-03
   28.930  -9.6188E-04
   28.940   2.1281E-03
   28.950   4.7558E-03
   28.960   7.3396E-03
   28.970   1.0448E-02
   28.980   1.4396E-02
   28.990   1.9057E-02
   29.000   2.3906E-02
   29.010   2.8174E-02
   29.020   3.1019E-02
   29.030   3.6297E-03
   29.040  -1.7366E-03
   29.050  -6.9655E-03
   29.060  -1.1560E-02
   29.070  -1.5193E-02
   29.080  -1.7651E-02
   29.090  -1.8788E-02
   29.100  -1.8502E-02
   29.110  -1.6735E-02
   29.120  -1.3541E-02
   29.130  -9.2018E-03
   29.140  -4.2630E-03
   29.150   6.3422E-04
   29.160   5.0354E-03
   29.170   8.8321E-03
   29.180   1.2181E-02
   29.190   1.5276E-02
   29.200   6.2885E-03
   29.210   9.7174E-03
   29.220   1.2106E-02
   29.230   0.0000E+00
   29.240   0.0000E+00
   29.250   0.0000E+00
   29.260   0.0000E+00
   29.270   0.0000E+00
   29.280   0.0000E+00
   29.290   0.0000E+00
   29.300   0.0000E+00
   29.310   0.0000E+00
   29.320   0.0000E+00
   29.330   0.0000E+00
   29.340   0.0000E+00
   29.350   0.0000E+00
   29.360   0.0000E+00
   29.370   0.0000E+00
   29.380   0.0000E+00
   29.390   0.0000E+00
   29.400   0.0000E+00
   29.410   0.0000E+00
   29.420   0.0000E+00
   29.430   0.0000E+00
   29.440   0.0000E+00
   29.450   0.0000E+00
   29.460   0.0000E+00
   29.470   0.0000E+00
   29.480   0.0000E+00
   29.490   0.0000E+00
   29.500   0.0000E+00
   29.510   0.0000E+00
   29.520   0.0000E+00
   29.530   0.0000E+00
   29.540   0.0000E+00
   29.550   0.0000E+00
   29.560   0.0000E+00
   29.570   0.0000E+00
   29.580   0.0000E+00
   29.590   0.0000E+00
   29.600   0.0000E+00
   29.610   0.0000E+00
   29.620   0.0000E+00
   29.630   0.0000E+00
   29.640   0.0000E+00
   29.650   0.0000E+00
   29.660   0.0000E+00
   29.670   0.0000E+00
   29.680   0.0000E+00
   29.690   0.0000E+00
   29.700   0.0000E+00
   29.710   0.0000E+00
   29.720   0.0000E+00
   29.730   0.0000E+00
   29.740   0.0000E+00
   29.750   0.0000E+00
   29.760   0.0000E+00
   29.770   0.0000E+00
   29.780   0.0000E+00
   29.790   0.0000E+00
   29.800   0.0000E+00
   29.810   0.0000E+00
   29.820   0.0000E+00
   29.830   0.0000E+00
   29.840   0.0000E+00
   29.850   0.0000E+00
   29.860   0.0000E+00
   29.870   0.0000E+00
   29.880   0.0000E+00
   29.890   0.0000E+00
   29.900   0.0000E+00
   29.910   0.0000E+00
   29.920   0.0000E+00
   29.930   0.0000E+00
   29.940   0.0000E+00
   29.950   0.0000E+00
   29.960   0.0000E+00
   29.970   0.0000E+00
   29.980   0.0000E+00
   29.990   0.0000E+00
   30.000   0.0000E+00
   30.010   0.0000E+00
   30.020   0.0000E+00
   30.030   0.0000E+00
   30.040   0.0000E+00
   30.050   0.0000E+00
   30.060   0.0000E+00
   30.070   0.0000E+00
   30.080   0.0000E+00
   30.090   0.0000E+00
   30.100   0.0000E+00
   30.110   0.0000E+00
   30.120   0.0000E+00
   30.130   0.0000E+00
   30.140   0.0000E+00
   30.150   0.0000E+00
   30.160   0.0000E+00
   30.170   0.0000E+00
   30.180   0.0000E+00
   30.190   0.0000E+00
   30.200   0.0000E+00
   30.210   0.0000E+00
   30.220   0.0000E+00
   30.230   0.0000E+00
   30.240   0.0000E+00
   30.250   0.0000E+00
   30.260   0.0000E+00
   30.270   0.0000E+00
   30.280   0.0000E+00
   30.290   0.0000E+00
   30.300   0.0000E+00
   30.310   0.0000E+00
   30.320   0.0000E+00
   30.330   0.0000E+00
   30.340   0.0000E+00
   30.350   0.0000E+00
   30.360   0.0000E+00
   30.370   0.0000E+00
   30.380   0.0000E+00
   30.390   0.0000E+00
   30.400   0.0000E+00
   30.410   0.0000E+00
   30.420   0.0000E+00
   30.430   0.0000E+00
   30.440   0.0000E+00
   30.450   0.0000E+00
   30.460   0.0000E+00
   30.470   0.0000E+00
   30.480   0.0000E+00
   30.490   0.0000E+00
   30.500   0.0000E+00
   30.510   0.0000E+00
   30.520   0.0000E+00
   30.530   0.0000E+00
   30.540   0.0000E+00
   30.550   0.0000E+00
   30.560   0.0000E+00
   30.570   0.0000E+00
   30.580   0.0000E+00
   30.590   0.0000E+00
   30.600   0.0000E+00
   30.610   0.0000E+00
   30.620   0.0000E+00
   30.630   0.0000E+00
   30.640   0.0000E+00
   30.650   0.0000E+00
   30.660   0.0000E+00
   30.670   0.0000E+00
   30.680   0.0000E+00
   30.690   0.0000E+00
   30.700   0.0000E+00
   30.710   0.0000E+00
   30.720   0.0000E+00
   30.730   0.0000E+00
   30.740   0.0000E+00
   30.750   0.0000E+00
   30.760   0.0000E+00
   30.770   0.0000E+00
   30.780   0.0000E+00
   30.790   0.0000E+00
   30.800   0.0000E+00
   30.810   0.0000E+00
   30.820   0.0000E+00
   30.830   0.0000E+00
   30.840   0.0000E+00
   30.850   0.0000E+00
   30.860   0.0000E+00
   30.870   0.0000E+00
   30.880   0.0000E+00
   30.890   0.0000E+00
   30.900   0.0000E+00
   30.910   0.0000E+00
   30.920   0.0000E+00
   30.930   0.0000E+00
   30.940   0.0000E+00
   30.950   0.0000E+00
   30.960   0.0000E+00
   30.970   0.0000E+00
   30.980   0.0000E+00
   30.990   0.0000E+00
   31.000   0.0000E+00
   31.010   0.0000E+00
   31.020   0.0000E+00
   31.030   0.0000E+00
   31.040   0.0000E+00
   31.050   0.0000E+00
   31.060   0.0000E+00
   31.070   0.0000E+00
   31.080   0.0000E+00
   31.090   0.0000E+00
   31.100   0.0000E+00
   31.110   0.0000E+00
   31.120   0.0000E+00
   31.130   0.0000E+00
   31.140   0.0000E+00
   31.150   0.0000E+00
   31.160   0.0000E+00
   31.170   0.0000E+00
   31.180   0.0000E+00
   31.190   0.0000E+00
   31.200   0.0000E+00
   31.210   0.0000E+00
   31.220   0.0000E+00
   31.230   0.0000E+00
   31.240   0.0000E+00
   31.250   0.0000E+00
   31.260   0.0000E+00
   31.270   0.0000E+00
   31.280   0.0000E+00
   31.290   0.0000E+00
   31.300   0.0000E+00
   31.310   0.0000E+00
   31.320   0.0000E+00
   31.330   0.0000E+00
   31.340   0.0000E+00
   31.350   0.0000E+00
   31.360   0.0000E+00
   31.370   0.0000E+00
   31.380   0.0000E+00
   31.390   0.0000E+00
   31.400   0.0000E+00
   31.410   0.0000E+00
   31.420   0.0000E+00
   31.430   0.0000E+00
   31.440   0.0000E+00
   31.450   0.0000E+00
   31.460   0.0000E+00
   31.470   0.0000E+00
   31.480   0.0000E+00
   31.490   0.0000E+00
   31.500   0.0000E+00
   31.510   0.0000E+00
   31.520   0.0000E+00
   31.530   0.0000E+00
   31.540   0.0000E+00
   31.550   0.0000E+00
   31.560   0.0000E+00
   31.570   0.0000E+00
   31.580   0.0000E+00
   31.590   0.0000E+00
   31.600   0.0000E+00
   31.610   0.0000E+00
   31.620   0.0000E+00
   31.630   0.0000E+00
   31.640   0.0000E+00
   31.650   0.0000E+00
   31.660   0.0000E+00
   31.670   0.0000E+00
   31.680   0.0000E+00
   31.690   0.0000E+00
   31.700   0.0000E+00
   31.710   0.0000E+00
   31.720   0.0000E+00
   31.730   0.0000E+00
   31.740   0.0000E+00
   31.750   0.0000E+00
   31.760   0.0000E+00
   31.770   0.0000E+00
   31.780   0.0000E+00
   31.790   0.0000E+00
   31.800   0.0000E+00
   31.810   0.0000E+00
   31.820   0.0000E+00
   31.830   0.0000E+00
   31.840   0.0000E+00
   31.850   0.0000E+00
   31.860   0.0000E+00
   31.870   0.0000E+00
   31.880   0.0000E+00
   31.890   0.0000E+00
   31.900   0.0000E+00
   31.910   0.0000E+00
   31.920   0.0000E+00
   31.930   0.0000E+00
   31.940   0.0000E+00
   31.950   0.0000E+00
   31.960   0.0000E+00
   31.970   0.0000E+00
   31.980   0.0000E+00
   31.990   0.0000E+00
   32.000   0.0000E+00
   32.010   0.0000E+00
   32.020   0.0000E+00
   32.030   0.0000E+00
   32.040   0.0000E+00
   32.050   0.0000E+00
   32.060   0.0000E+00
   32.070   0.0000E+00
   32.080   0.0000E+00
   32.090   0.0000E+00
   32.100   0.0000E+00
   32.110   0.0000E+00
   32.120   0.0000E+00
   32.130   0.0000E+00
   32.140   0.0000E+00
   32.150   0.0000E+00
   32.160   0.0000E+00
   32.170   0.0000E+00
   32.180   0.0000E+00
   32.190   0.0000E+00
   32.200   0.0000E+00
   32.210   0.0000E+00
   32.220   0.0000E+00
   32.230   0.0000E+00
   32.240   0.0000E+00
   32.250   0.0000E+00
   32.260   0.0000E+00
   32.270   0.0000E+00
   32.280   0.0000E+00
   32.290   0.0000E+00
   32.300   0.0000E+00
   32.310   0.0000E+00
   32.320   0.0000E+00
   32.330   0.0000E+00
   32.340   0.0000E+00
   32.350   0.0000E+00
   32.360   0.0000E+00
   32.370   0.0000E+00
   32.380   0.0000E+00
   32.390   0.0000E+00
   32.400   0.0000E+00
   32.410   0.0000E+00
   32.420   0.0000E+00
   32.430   0.0000E+00
   32.440   0.0000E+00
   32.450   0.0000E+00
   32.460   0.0000E+00
   32.470   0.0000E+00
   32.480   0.0000E+00
   32.490   0.0000E+00
   32.500   0.0000E+00
   32.510   0.0000E+00
   32.520   0.0000E+00
   32.530   0.0000E+00
   32.540   0.0000E+00
   32.550   0.0000E+00
   32.560   0.0000E+00
   32.570   0.0000E+00
   32.580   0.0000E+00
   32.590   0.0000E+00
   32.600   0.0000E+00
   32.610   0.0000E+00
   32.620   0.0000E+00
   32.630   0.0000E+00
   32.640   0.0000E+00
   32.650   0.0000E+00
   32.660   0.0000E+00
   32.670   0.0000E+00
   32.680   0.0000E+00
   32.690   0.0000E+00
   32.700   0.0000E+00
   32.710   0.0000E+00
   32.720   0.0000E+00
   32.730   0.0000E+00
   32.740   0.0000E+00
   32.750   0.0000E+00
   32.760   0.0000E+00
   32.770   0.0000E+00
   32.780   0.0000E+00
   32.790   0.0000E+00
   32.800   0.0000E+00
   32.810   0.0000E+00
   32.820   0.0000E+00
   32.830   0.0000E+00
   32.840   0.0000E+00
   32.850   0.0000E+00
   32.860   0.0000E+00
   32.870   0.0000E+00
   32.880   0.0000E+00
   32.890   0.0000E+00
   32.900   0.0000E+00
   32.910   0.0000E+00
   32.920   0.0000E+00
   32.930   0.0000E+00
   32.940   0.0000E+00
   32.950   0.0000E+00
   32.960   0.0000E+00
   32.970   0.0000E+00
   32.980   0.0000E+00
   32.990   0.0000E+00
   33.000   0.0000E+00
   33.010   0.0000E+00
   33.020   0.0000E+00
   33.030   0.0000E+00
   33.040   0.0000E+00
   33.050   0.0000E+00
   33.060   0.0000E+00
   33.070   0.0000E+00
   33.080   0.0000E+00
   33.090   0.0000E+00
   33.100   0.0000E+00
   33.110   0.0000E+00
   33.120   0.0000E+00
   33.130   0.0000E+00
   33.140   0.0000E+00
   33.150   0.0000E+00
   33.160   0.0000E+00
   33.170   0.0000E+00
   33.180   0.0000E+00
   33.190   0.0000E+00
   33.200   0.0000E+00
   33.210   0.0000E+00
   33.220   0.0000E+00
   33.230   0.0000E+00
   33.240   0.0000E+00
   33.250   0.0000E+00
   33.260   0.0000E+00
   33.270   0.0000E+00
   33.280   0.0000E+00
   33.290   0.0000E+00
   33.300   0.0000E+00
   33.310   0.0000E+00
   33.320   0.0000E+00
   33.330   0.0000E+00
   33.340   0.0000E+00
   33.350   0.0000E+00
   33.360   0.0000E+00
   33.370   0.0000E+00
   33.380   0.0000E+00
   33.390   0.0000E+00
   33.400   0.0000E+00
   33.410   0.0000E+00
   33.420   0.0000E+00
   33.430   0.0000E+00
   33.440   0.0000E+00
   33.450   0.0000E+00
   33.460   0.0000E+00
   33.470   0.0000E+00
   33.480   0.0000E+00
   33.490   0.0000E+00
   33.500   0.0000E+00
   33.510   0.0000E+00
   33.520   0.0000E+00
   33.530   0.0000E+00
   33.540   0.0000E+00
   33.550   0.0000E+00
   33.560   0.0000E+00
   33.570   0.0000E+00
   33.580   0.0000E+00
   33.590   0.0000E+00
   33.600   0.0000E+00
   33.610   0.0000E+00
   33.620   0.0000E+00
   33.630   0.0000E+00
   33.640   0.0000E+00
   33.650   0.0000E+00
   33.660   0.0000E+00
   33.670   0.0000E+00
   33.680   0.0000E+00
   33.690   0.0000E+00
   33.700   0.0000E+00
   33.710   0.0000E+00
   33.720   0.0000E+00
   33.730   0.0000E+00
   33.740   0.0000E+00
   33.750   0.0000E+00
   33.760   0.0000E+00
   33.770   0.0000E+00
   33.780   0.0000E+00
   33.790   0.0000E+00
   33.800   0.0000E+00
   33.810   0.0000E+00
   33.820   0.0000E+00
   33.830   0.0000E+00
   33.840   0.0000E+00
   33.850   0.0000E+00
   33.860   0.0000E+00
   33.870   0.0000E+00
   33.880   0.0000E+00
   33.890   0.0000E+00
   33.900   0.0000E+00
   33.910   0.0000E+00
   33.920   0.0000E+00
   33.930   0.0000E+00
   33.940   0.0000E+00
   33.950   0.0000E+00
   33.960   0.0000E+00
   33.970   0.0000E+00
   33.980   0.0000E+00
   33.990   0.0000E+00
   34.000   0.0000E+00
   34.010   0.0000E+00
   34.020   0.0000E+00
   34.030   0.0000E+00
   34.040   0.0000E+00
   34.050   0.0000E+00
   34.060   0.0000E+00
   34.070   0.0000E+00
   34.080   0.0000E+00
   34.090   0.0000E+00
   34.100   0.0000E+00
   34.110   0.0000E+00
   34.120   0.0000E+00
   34.130   0.0000E+00
   34.140   0.0000E+00
   34.150   0.0000E+00
   34.160   0.0000E+00
   34.170   0.0000E+00
   34.180   0.0000E+00
   34.190   0.0000E+00
   34.200   0.0000E+00
   34.210   0.0000E+00
   34.220   0.0000E+00
   34.230   0.0000E+00
   34.240   0.0000E+00
   34.250   0.0000E+00
   34.260   0.0000E+00
   34.270   0.0000E+00
   34.280   0.0000E+00
   34.290   0.0000E+00
   34.300   0.0000E+00
   34.310   0.0000E+00
   34.320   0.0000E+00
   34.330   0.0000E+00
   34.340   0.0000E+00
   34.350   0.0000E+00
   34.360   0.0000E+00
   34.370   0.0000E+00
   34.380   0.0000E+00
   34.390   0.0000E+00
   34.400   0.0000E+00
   34.410   0.0000E+00
   34.420   0.0000E+00
   34.430   0.0000E+00
   34.440   0.0000E+00
   34.450   0.0000E+00
   34.460   0.0000E+00
   34.470   0.0000E+00
   34.480   0.0000E+00
   34.490   0.0000E+00
   34.500   0.0000E+00
   34.510   0.0000E+00
   34.520   0.0000E+00
   34.530   0.0000E+00
   34.540   0.0000E+00
   34.550   0.0000E+00
   34.560   0.0000E+00
   34.570   0.0000E+00
   34.580   0.0000E+00
   34.590   0.0000E+00
   34.600   0.0000E+00
   34.610   0.0000E+00
   34.620   0.0000E+00
   34.630   0.0000E+00
   34.640   0.0000E+00
   34.650   0.0000E+00
   34.660   0.0000E+00
   34.670   0.0000E+00
   34.680   0.0000E+00
   34.690   0.0000E+00
   34.700   0.0000E+00
   34.710   0.0000E+00
   34.720   0.0000E+00
   34.730   0.0000E+00
   34.740   0.0000E+00
   34.750   0.0000E+00
   34.760   0.0000E+00
   34.770   0.0000E+00
   34.780   0.0000E+00
   34.790   0.0000E+00
   34.800   0.0000E+00
   34.810   0.0000E+00
   34.820   0.0000E+00
   34.830   0.0000E+00
   34.840   0.0000E+00
   34.850   0.0000E+00
   34.860   0.0000E+00
   34.870   0.0000E+00
   34.880   0.0000E+00
   34.890   0.0000E+00
   34.900   0.0000E+00
   34.910   0.0000E+00
   34.920   0.0000E+00
   34.930   0.0000E+00
   34.940   0.0000E+00
   34.950   0.0000E+00
   34.960   0.0000E+00
   34.970   0.0000E+00
   34.980   0.0000E+00
   34.990   0.0000E+00
   35.000   0.0000E+00
   35.010   0.0000E+00
   35.020   0.0000E+00
   35.030   0.0000E+00
   35.040   0.0000E+00
   35.050   0.0000E+00
   35.060   0.0000E+00
   35.070   0.0000E+00
   35.080   0.0000E+00
   35.090   0.0000E+00
   35.100   0.0000E+00
   35.110   0.0000E+00
   35.120   0.0000E+00
   35.130   0.0000E+00
   35.140   0.0000E+00
   35.150   0.0000E+00
   35.160   0.0000E+00
   35.170   0.0000E+00
   35.180   0.0000E+00
   35.190   0.0000E+00
   35.200   0.0000E+00
   35.210   0.0000E+00
   35.220   0.0000E+00
   35.230   0.0000E+00
   35.240   0.0000E+00
   35.250   0.0000E+00
   35.260   0.0000E+00
   35.270   0.0000E+00
   35.280   0.0000E+00
   35.290   0.0000E+00
   35.300   0.0000E+00
   35.310   0.0000E+00
   35.320   0.0000E+00
   35.330   0.0000E+00
   35.340   0.0000E+00
   35.350   0.0000E+00
   35.360   0.0000E+00
   35.370   0.0000E+00
   35.380   0.0000E+00
   35.390   0.0000E+00
   35.400   0.0000E+00
   35.410   0.0000E+00
   35.420   0.0000E+00
   35.430   0.0000E+00
   35.440   0.0000E+00
   35.450   0.0000E+00
   35.460   0.0000E+00
   35.470   0.0000E+00
   35.480   0.0000E+00
   35.490   0.0000E+00
   35.500   0.0000E+00
   35.510   0.0000E+00
   35.520   0.0000E+00
   35.530   0.0000E+00
   35.540   0.0000E+00
   35.550   0.0000E+00
   35.560   0.0000E+00
   35.570   0.0000E+00
   35.580   0.0000E+00
   35.590   0.0000E+00
   35.600   0.0000E+00
   35.610   0.0000E+00
   35.620   0.0000E+00
   35.630   0.0000E+00
   35.640   0.0000E+00
   35.650   0.0000E+00
   35.660   0.0000E+00
   35.670   0.0000E+00
   35.680   0.0000E+00
   35.690   0.0000E+00
   35.700   0.0000E+00
   35.710   0.0000E+00
   35.720   0.0000E+00
   35.730   0.0000E+00
   35.740   0.0000E+00
   35.750   0.0000E+00
   35.760   0.0000E+00
   35.770   0.0000E+00
   35.780   0.0000E+00
   35.790   0.0000E+00
   35.800   0.0000E+00
   35.810   0.0000E+00
   35.820   0.0000E+00
   35.830   0.0000E+00
   35.840   0.0000E+00
   35.850   0.0000E+00
   35.860   0.0000E+00
   35.870   0.0000E+00
   35.880   0.0000E+00
   35.890   0.0000E+00
   35.900   0.0000E+00
   35.910   0.0000E+00
   35.920   0.0000E+00
   35.930   0.0000E+00
   35.940   0.0000E+00
   35.950   0.0000E+00
   35.960   0.0000E+00
   35.970   0.0000E+00
   35.980   0.0000E+00
   35.990   0.0000E+00
   36.000   0.0000E+00
   36.010   0.0000E+00
   36.020   0.0000E+00
   36.030   0.0000E+00
   36.040   0.0000E+00
   36.050   0.0000E+00
   36.060   0.0000E+00
   36.070   0.0000E+00
   36.080   0.0000E+00
   36.090   0.0000E+00
   36.100   0.0000E+00
   36.110   0.0000E+00
   36.120   0.0000E+00
   36.130   0.0000E+00
   36.140   0.0000E+00
   36.150   0.0000E+00
   36.160   0.0000E+00
   36.170   0.0000E+00
   36.180   0.0000E+00
   36.190   0.0000E+00
   36.200   0.0000E+00
   36.210   0.0000E+00
   36.220   0.0000E+00
   36.230   0.0000E+00
   36.240   0.0000E+00
   36.250   0.0000E+00
   36.260   0.0000E+00
   36.270   0.0000E+00
   36.280   0.0000E+00
   36.290   0.0000E+00
   36.300   0.0000E+00
   36.310   0.0000E+00
   36.320   0.0000E+00
   36.330   0.0000E+00
   36.340   0.0000E+00
   36.350   0.0000E+00
   36.360   0.0000E+00
   36.370   0.0000E+00
   36.380   0.0000E+00
   36.390   0.0000E+00
   36.400   0.0000E+00
   36.410   0.0000E+00
   36.420   0.0000E+00
   36.430   0.0000E+00
   36.440   0.0000E+00
   36.450   0.0000E+00
   36.460   0.0000E+00
   36.470   0.0000E+00
   36.480   0.0000E+00
   36.490   0.0000E+00
   36.500   0.0000E+00
   36.510   0.0000E+00
   36.520   0.0000E+00
   36.530   0.0000E+00
   36.540   0.0000E+00
   36.550   0.0000E+00
   36.560   0.0000E+00
   36.570   0.0000E+00
   36.580   0.0000E+00
   36.590   0.0000E+00
   36.600   0.0000E+00
   36.610   0.0000E+00
   36.620   0.0000E+00
   36.630   0.0000E+00
   36.640   0.0000E+00
   36.650   0.0000E+00
   36.660   0.0000E+00
   36.670   0.0000E+00
   36.680   0.0000E+00
   36.690   0.0000E+00
   36.700   0.0000E+00
   36.710   0.0000E+00
   36.720   0.0000E+00
   36.730   0.0000E+00
   36.740   0.0000E+00
   36.750   0.0000E+00
   36.760   0.0000E+00
   36.770   0.0000E+00
   36.780   0.0000E+00
   36.790   0.0000E+00
   36.800   0.0000E+00
   36.810   0.0000E+00
   36.820   0.0000E+00
   36.830   0.0000E+00
   36.840   0.0000E+00
   36.850   0.0000E+00
   36.860   0.0000E+00
   36.870   0.0000E+00
   36.880   0.0000E+00
   36.890   0.0000E+00
   36.900   0.0000E+00
   36.910   0.0000E+00
   36.920   0.0000E+00
   36.930   0.0000E+00
   36.940   0.0000E+00
   36.950   0.0000E+00
   36.960   0.0000E+00
   36.970   0.0000E+00
   36.980   0.0000E+00
   36.990   0.0000E+00
   37.000   0.0000E+00
   37.010   0.0000E+00
   37.020   0.0000E+00
   37.030   0.0000E+00
   37.040   0.0000E+00
   37.050   0.0000E+00
   37.060   0.0000E+00
   37.070   0.0000E+00
   37.080   0.0000E+00
   37.090   0.0000E+00
   37.100   0.0000E+00
   37.110   0.0000E+00
   37.120   0.0000E+00
   37.130   0.0000E+00
   37.140   0.0000E+00
   37.150   0.0000E+00
   37.160   0.0000E+00
   37.170   0.0000E+00
   37.180   0.0000E+00
   37.190   0.0000E+00
   37.200   0.0000E+00
   37.210   0.0000E+00
   37.220   0.0000E+00
   37.230   0.0000E+00
   37.240   0.0000E+00
   37.250   0.0000E+00
   37.260   0.0000E+00
   37.270   0.0000E+00
   37.280   0.0000E+00
   37.290   0.0000E+00
   37.300   0.0000E+00
   37.310   0.0000E+00
   37.320   0.0000E+00
   37.330   0.0000E+00
   37.340   0.0000E+00
   37.350   0.0000E+00
   37.360   0.0000E+00
   37.370   0.0000E+00
   37.380   0.0000E+00
   37.390   0.0000E+00
   37.400   0.0000E+00
   37.410   0.0000E+00
   37.420   0.0000E+00
   37.430   0.0000E+00
   37.440   0.0000E+00
   37.450   0.0000E+00
   37.460   0.0000E+00
   37.470   0.0000E+00
   37.480   0.0000E+00
   37.490   0.0000E+00
   37.500   0.0000E+00
   37.510   0.0000E+00
   37.520   0.0000E+00
   37.530   0.0000E+00
   37.540   0.0000E+00
   37.550   0.0000E+00
   37.560   0.0000E+00
   37.570   0.0000E+00
   37.580   0.0000E+00
   37.590   0.0000E+00
   37.600   0.0000E+00
   37.610   0.0000E+00
   37.620   0.0000E+00
   37.630   0.0000E+00
   37.640   0.0000E+00
   37.650   0.0000E+00
   37.660   0.0000E+00
   37.670   0.0000E+00
   37.680   0.0000E+00
   37.690   0.0000E+00
   37.700   0.0000E+00
   37.710   0.0000E+00
   37.720   0.0000E+00
   37.730   0.0000E+00
   37.740   0.0000E+00
   37.750   0.0000E+00
   37.760   0.0000E+00
   37.770   0.0000E+00
   37.780   0.0000E+00
   37.790   0.0000E+00
   37.800   0.0000E+00
   37.810   0.0000E+00
   37.820   0.0000E+00
   37.830   0.0000E+00
   37.840   0.0000E+00
   37.850   0.0000E+00
   37.860   0.0000E+00
   37.870   0.0000E+00
   37.880   0.0000E+00
   37.890   0.0000E+00
   37.900   0.0000E+00
   37.910   0.0000E+00
   37.920   0.0000E+00
   37.930   0.0000E+00
   37.940   0.0000E+00
   37.950   0.0000E+00
   37.960   0.0000E+00
   37.970   0.0000E+00
   37.980   0.0000E+00
   37.990   0.0000E+00
   38.000   0.0000E+00
   38.010   0.0000E+00
   38.020   0.0000E+00
   38.030   0.0000E+00
   38.040   0.0000E+00
   38.050   0.0000E+00
   38.060   0.0000E+00
   38.070   0.0000E+00
   38.080   0.0000E+00
   38.090   0.0000E+00
   38.100   0.0000E+00
   38.110   0.0000E+00
   38.120   0.0000E+00
   38.130   0.0000E+00
   38.140   0.0000E+00
   38.150   0.0000E+00
   38.160   0.0000E+00
   38.170   0.0000E+00
   38.180   0.0000E+00
   38.190   0.0000E+00
   38.200   0.0000E+00
   38.210   0.0000E+00
   38.220   0.0000E+00
   38.230   0.0000E+00
   38.240   0.0000E+00
   38.250   0.0000E+00
   38.260   0.0000E+00
   38.270   0.0000E+00
   38.280   0.0000E+00
   38.290   0.0000E+00
   38.300   0.0000E+00
   38.310   0.0000E+00
   38.320   0.0000E+00
   38.330   0.0000E+00
   38.340   0.0000E+00
   38.350   0.0000E+00
   38.360   0.0000E+00
   38.370   0.0000E+00
   38.380   0.0000E+00
   38.390   0.0000E+00
   38.400   0.0000E+00
   38.410   0.0000E+00
   38.420   0.0000E+00
   38.430   0.0000E+00
   38.440   0.0000E+00
   38.450   0.0000E+00
   38.460   0.0000E+00
   38.470   0.0000E+00
   38.480   0.0000E+00
   38.490   0.0000E+00
   38.500   0.0000E+00
   38.510   0.0000E+00
   38.520   0.0000E+00
   38.530   0.0000E+00
   38.540   0.0000E+00
   38.550   0.0000E+00
   38.560   0.0000E+00
   38.570   0.0000E+00
   38.580   0.0000E+00
   38.590   0.0000E+00
   38.600   0.0000E+00
   38.610   0.0000E+00
   38.620   0.0000E+00
   38.630   0.0000E+00
   38.640   0.0000E+00
   38.650   0.0000E+00
   38.660   0.0000E+00
   38.670   0.0000E+00
   38.680   0.0000E+00
   38.690   0.0000E+00
   38.700   0.0000E+00
   38.710   0.0000E+00
   38.720   0.0000E+00
   38.730   0.0000E+00
   38.740   0.0000E+00
   38.750   0.0000E+00
   38.760   0.0000E+00
   38.770   0.0000E+00
   38.780   0.0000E+00
   38.790   0.0000E+00
   38.800   0.0000E+00
   38.810   0.0000E+00
   38.820   0.0000E+00
   38.830   0.0000E+00
   38.840   0.0000E+00
   38.850   0.0000E+00
   38.860   0.0000E+00
   38.870   0.0000E+00
   38.880   0.0000E+00
   38.890   0.0000E+00
   38.900   0.0000E+00
   38.910   0.0000E+00
   38.920   0.0000E+00
   38.930   0.0000E+00
   38.940   0.0000E+00
   38.950   0.0000E+00
   38.960   0.0000E+00
   38.970   0.0000E+00
   38.980   0.0000E+00
   38.990   0.0000E+00
   39.000   0.0000E+00
   39.010   0.0000E+00
   39.020   0.0000E+00
   39.030   0.0000E+00
   39.040   0.0000E+00
   39.050   0.0000E+00
   39.060   0.0000E+00
   39.070   0.0000E+00
   39.080   0.0000E+00
   39.090   0.0000E+00
   39.100   0.0000E+00
   39.110   0.0000E+00
   39.120   0.0000E+00
   39.130   0.0000E+00
   39.140   0.0000E+00
   39.150   0.0000E+00
   39.160   0.0000E+00
   39.170   0.0000E+00
   39.180   0.0000E+00
   39.190   0.0000E+00
   39.200   0.0000E+00
   39.210   0.0000E+00
   39.220   0.0000E+00
   39.230   0.0000E+00
   39.240   0.0000E+00
   39.250   0.0000E+00
   39.260   0.0000E+00
   39.270   0.0000E+00
   39.280   0.0000E+00
   39.290   0.0000E+00
   39.300   0.0000E+00
   39.310   0.0000E+00
   39.320   0.0000E+00
   39.330   0.0000E+00
   39.340   0.0000E+00
   39.350   0.0000E+00
   39.360   0.0000E+00
   39.370   0.0000E+00
   39.380   0.0000E+00
   39.390   0.0000E+00
   39.400   0.0000E+00
   39.410   0.0000E+00
   39.420   0.0000E+00
   39.430   0.0000E+00
   39.440   0.0000E+00
   39.450   0.0000E+00
   39.460   0.0000E+00
   39.470   0.0000E+00
   39.480   0.0000E+00
   39.490   0.0000E+00
   39.500   0.0000E+00
   39.510   0.0000E+00
   39.520   0.0000E+00
   39.530   0.0000E+00
   39.540   0.0000E+00
   39.550   0.0000E+00
   39.560   0.0000E+00
   39.570   0.0000E+00
   39.580   0.0000E+00
   39.590   0.0000E+00
   39.600   0.0000E+00
   39.610   0.0000E+00
   39.620   0.0000E+00
   39.630   0.0000E+00
   39.640   0.0000E+00
   39.650   0.0000E+00
   39.660   0.0000E+00
   39.670   0.0000E+00
   39.680   0.0000E+00
   39.690   0.0000E+00
   39.700   0.0000E+00
   39.710   0.0000E+00
   39.720   0.0000E+00
   39.730   0.0000E+00
   39.740   0.0000E+00
   39.750   0.0000E+00
   39.760   0.0000E+00
   39.770   0.0000E+00
   39.780   0.0000E+00
   39.790   0.0000E+00
   39.800   0.0000E+00
   39.810   0.0000E+00
   39.820   0.0000E+00
   39.830   0.0000E+00
   39.840   0.0000E+00
   39.850   0.0000E+00
   39.860   0.0000E+00
   39.870   0.0000E+00
   39.880   0.0000E+00
   39.890   0.0000E+00
   39.900   0.0000E+00
   39.910   0.0000E+00
   39.920   0.0000E+00
   39.930   0.0000E+00
   39.940   0.0000E+00
   39.950   0.0000E+00
   39.960   0.0000E+00
   39.970   0.0000E+00
   39.980   0.0000E+00
   39.990   0.0000E+00
   40.000   0.0000E+00
   40.010   0.0000E+00
   40.020   0.0000E+00
   40.030   0.0000E+00
   40.040   0.0000E+00
   40.050   0.0000E+00
   40.060   0.0000E+00
   40.070   0.0000E+00
   40.080   0.0000E+00
   40.090   0.0000E+00
   40.100   0.0000E+00
   40.110   0.0000E+00
   40.120   0.0000E+00
   40.130   0.0000E+00
   40.140   0.0000E+00
   40.150   0.0000E+00
   40.160   0.0000E+00
   40.170   0.0000E+00
   40.180   0.0000E+00
   40.190   0.0000E+00
   40.200   0.0000E+00
   40.210   0.0000E+00
   40.220   0.0000E+00
   40.230   0.0000E+00
   40.240   0.0000E+00
   40.250   0.0000E+00
   40.260   0.0000E+00
   40.270   0.0000E+00
   40.280   0.0000E+00
   40.290   0.0000E+00
   40.300   0.0000E+00
   40.310   0.0000E+00
   40.320   0.0000E+00
   40.330   0.0000E+00
   40.340   0.0000E+00
   40.350   0.0000E+00
   40.360   0.0000E+00
   40.370   0.0000E+00
   40.380   0.0000E+00
   40.390   0.0000E+00
   40.400   0.0000E+00
   40.410   0.0000E+00
   40.420   0.0000E+00
   40.430   0.0000E+00
   40.440   0.0000E+00
   40.450   0.0000E+00
   40.460   0.0000E+00
   40.470   0.0000E+00
   40.480   0.0000E+00
   40.490   0.0000E+00
   40.500   0.0000E+00
   40.510   0.0000E+00
   40.520   0.0000E+00
   40.530   0.0000E+00
   40.540   0.0000E+00
   40.550   0.0000E+00
   40.560   0.0000E+00
   40.570   0.0000E+00
   40.580   0.0000E+00
   40.590   0.0000E+00
   40.600   0.0000E+00
   40.610   0.0000E+00
   40.620   0.0000E+00
   40.630   0.0000E+00
   40.640   0.0000E+00
   40.650   0.0000E+00
   40.660   0.0000E+00
   40.670   0.0000E+00
   40.680   0.0000E+00
   40.690   0.0000E+00
   40.700   0.0000E+00
   40.710   0.0000E+00
   40.720   0.0000E+00
   40.730   0.0000E+00
   40.740   0.0000E+00
   40.750   0.0000E+00
   40.760   0.0000E+00
   40.770   0.0000E+00
   40.780   0.0000E+00
   40.790   0.0000E+00
   40.800   0.0000E+00
   40.810   0.0000E+00
   40.820   0.0000E+00
   40.830   0.0000E+00
   40.840   0.0000E+00
   40.850   0.0000E+00
   40.860   0.0000E+00
   40.870   0.0000E+00
   40.880   0.0000E+00
   40.890   0.0000E+00
   40.900   0.0000E+00
   40.910   0.0000E+00
   40.920   0.0000E+00
   40.930   0.0000E+00
   40.940   0.0000E+00
   40.950   0.0000E+00
